Year,Month,Longitude,Latitude,S-S1,S-Median,S-S5,S-Mean,S-Observation number,S-Standard deviation,S-Mean day of the month,S-Fraction of daylight observations,A-S1,A-Median,A-S5,A-Mean,A-Observation number,A-Standard deviation,A-Mean day of the month,A-Fraction of daylight observations,Q-S1,Q-Median,Q-S5,Q-Mean,Q-Observation number,Q-Standard deviation,Q-Mean day of the month,Q-Fraction of daylight observations,R-S1_x,R-Median_x,R-S5_x,R-Mean_x,R-Observation number_x,R-Standard deviation_x,R-Mean day of the month_x,R-Fraction of daylight observations_x,R-Mean Longitude_x,R-Mean Latitude_x,W-S1,W-Median,W-S5,W-Mean,W-Observation number,W-Standard deviation,W-Mean day of the month,W-Fraction of daylight observations,U-S1,U-Median,U-S5,U-Mean,U-Observation number,U-Standard deviation,U-Mean day of the month,U-Fraction of daylight observations,V-S1,V-Median,V-S5,V-Mean,V-Observation number,V-Standard deviation,V-Mean day of the month,V-Fraction of daylight observations,P-S1,P-Median,P-S5,P-Mean,P-Observation number,P-Standard deviation,P-Mean day of the month,P-Fraction of daylight observations,C-S1,C-Median,C-S5,C-Mean,C-Observation number,C-Standard deviation,C-Mean day of the month,C-Fraction of daylight observations,R-S1_y,R-Median_y,R-S5_y,R-Mean_y,R-Observation number_y,R-Standard deviation_y,R-Mean day of the month_y,R-Fraction of daylight observations_y,R-Mean Longitude_y,R-Mean Latitude_y,X=W*U-S1,X=W*U-Median,X=W*U-S5,X=W*U-Mean,X=W*U-Observation number,X=W*U-Standard deviation,X=W*U-Mean day of the month,X=W*U-Fraction of daylight observations,Y=W*V-S1,Y=W*V-Median,Y=W*V-S5,Y=W*V-Mean,Y=W*V-Observation number,Y=W*V-Standard deviation,Y=W*V-Mean day of the month,Y=W*V-Fraction of daylight observations,D=S-A-S1,D=S-A-Median,D=S-A-S5,D=S-A-Mean,D=S-A-Observation number,D=S-A-Standard deviation,D=S-A-Mean day of the month,D=S-A-Fraction of daylight observations,E=(S-A)*W-S1,E=(S-A)*W-Median,E=(S-A)*W-S5,E=(S-A)*W-Mean,E=(S-A)*W-Observation number,E=(S-A)*W-Standard deviation,E=(S-A)*W-Mean day of the month,E=(S-A)*W-Fraction of daylight observations,F=QS-Q-S1,F=QS-Q-Median,F=QS-Q-S5,F=QS-Q-Mean,F=QS-Q-Observation number,F=QS-Q-Standard deviation,F=QS-Q-Mean day of the month,F=QS-Q-Fraction of daylight observations,G=(QS-Q)*W-S1,G=(QS-Q)*W-Median,G=(QS-Q)*W-S5,G=(QS-Q)*W-Mean,G=(QS-Q)*W-Observation number,G=(QS-Q)*W-Standard deviation,G=(QS-Q)*W-Mean day of the month,G=(QS-Q)*W-Fraction of daylight observations,I=U*A-S1,I=U*A-Median,I=U*A-S5,I=U*A-Mean,I=U*A-Observation number,I=U*A-Standard deviation,I=U*A-Mean day of the month,I=U*A-Fraction of daylight observations,J=V*A-S1,J=V*A-Median,J=V*A-S5,J=V*A-Mean,J=V*A-Observation number,J=V*A-Standard deviation,J=V*A-Mean day of the month,J=V*A-Fraction of daylight observations,K=U*Q-S1,K=U*Q-Median,K=U*Q-S5,K=U*Q-Mean,K=U*Q-Observation number,K=U*Q-Standard deviation,K=U*Q-Mean day of the month,K=U*Q-Fraction of daylight observations,L=V*Q-S1,L=V*Q-Median,L=V*Q-S5,L=V*Q-Mean,L=V*Q-Observation number,L=V*Q-Standard deviation,L=V*Q-Mean day of the month,L=V*Q-Fraction of daylight observations,M=(QS-Q)*U-S1,M=(QS-Q)*U-Median,M=(QS-Q)*U-S5,M=(QS-Q)*U-Mean,M=(QS-Q)*U-Observation number,M=(QS-Q)*U-Standard deviation,M=(QS-Q)*U-Mean day of the month,M=(QS-Q)*U-Fraction of daylight observations,N=(QS-Q)*V-S1,N=(QS-Q)*V-Median,N=(QS-Q)*V-S5,N=(QS-Q)*V-Mean,N=(QS-Q)*V-Observation number,N=(QS-Q)*V-Standard deviation,N=(QS-Q)*V-Mean day of the month,N=(QS-Q)*V-Fraction of daylight observations,B1=W*W*W-S1,B1=W*W*W-Median,B1=W*W*W-S5,B1=W*W*W-Mean,B1=W*W*W-Observation number,B1=W*W*W-Standard deviation,B1=W*W*W-Mean day of the month,B1=W*W*W-Fraction of daylight observations,B2=W*W*W-S1,B2=W*W*W-Median,B2=W*W*W-S5,B2=W*W*W-Mean,B2=W*W*W-Observation number,B2=W*W*W-Standard deviation,B2=W*W*W-Mean day of the month,B2=W*W*W-Fraction of daylight observations
1907,7,0.4,-41.7,,,,,,,,,,,,,,,,,,,,,,,,,,,,,,,,,,,6.7,9.5,13.92,10.28,4.0,4.32,12.0,0.8,6.17,8.74,12.82,9.46,4.0,3.97,12.0,0.8,-5.44,-3.71,-2.62,-4.01,4.0,1.69,12.0,0.8,1017.45,1021.0,1024.71,1021.08,4.0,4.35,12.0,0.8,,,,,,,,,,,,,,,,,,,,,,,,,,,,,,,,,,,,,,,,,,,,,,,,,,,,,,,,,,,,,,,,,,,,,,,,,,,,,,,,,,,,,,,,,,,,,,,,,,,,,,,,,,,,,,,,,,,,,,,,,,,,,,,,,,
1907,7,0.4,-15.7,,,,,,,,,,,,,,,,,,,,,,,,,,,,,,,,,,,1.94,4.6,6.7,4.15,11.0,2.12,20.0,0.5,-3.66,-2.51,-0.86,-2.37,11.0,1.42,20.0,0.5,1.44,3.25,5.35,3.24,11.0,1.94,20.0,0.5,1020.5,1020.7,1020.9,1020.7,3.0,0.3,30.0,1.0,,,,,,,,,,,,,,,,,,,,,,,,,,,,,,,,,,,,,,,,,,,,,,,,,,,,,,,,,,,,,,,,,,,,,,,,,,,,,,,,,,,,,,,,,,,,,,,,,,,,,,,,,,,,,,,,,,,,,,,,,,,,,,,,,,
1907,7,0.4,-13.7,,,,,,,,,,,,,,,,,,,,,,,,,,,,,,,,,,,2.45,4.6,4.6,3.58,13.0,1.43,18.0,0.5,-3.35,-1.84,-0.92,-2.27,13.0,1.38,18.0,0.5,1.71,2.41,3.35,2.59,13.0,1.11,18.0,0.5,1019.43,1019.5,1019.64,1019.53,3.0,0.15,30.0,0.0,,,,,,,,,,,,,,,,,,,,,,,,,,,,,,,,,,,,,,,,,,,,,,,,,,,,,,,,,,,,,,,,,,,,,,,,,,,,,,,,,,,,,,,,,,,,,,,,,,,,,,,,,,,,,,,,,,,,,,,,,,,,,,,,,,
1907,7,0.4,-11.7,,,,,,,,,,,,,,,,,,,,,,,,,,,,,,,,,,,4.14,7.45,10.76,7.45,2.0,6.86,22.0,1.0,-7.03,-3.43,0.17,-3.43,2.0,7.45,22.0,1.0,2.93,5.27,7.61,5.27,2.0,4.85,22.0,1.0,1015.1,1015.1,1015.1,1015.1,1.0,0.0,24.0,1.0,,,,,,,,,,,,,,,,,,,,,,,,,,,,,,,,,,,,,,,,,,,,,,,,,,,,,,,,,,,,,,,,,,,,,,,,,,,,,,,,,,,,,,,,,,,,,,,,,,,,,,,,,,,,,,,,,,,,,,,,,,,,,,,,,,
1907,7,0.4,-9.7,,,,,,,,,,,,,,,,,,,,,,,,,,,,,,,,,,,2.6,4.6,12.3,5.94,7.0,4.43,14.0,0.4,-8.7,-1.84,1.87,-2.82,7.0,4.52,14.0,0.4,1.75,3.25,8.7,4.08,7.0,3.42,14.0,0.4,1017.46,1017.6,1017.74,1017.6,2.0,0.28,24.0,0.0,,,,,,,,,,,,,,,,,,,,,,,,,,,,,,,,,,,,,,,,,,,,,,,,,,,,,,,,,,,,,,,,,,,,,,,,,,,,,,,,,,,,,,,,,,,,,,,,,,,,,,,,,,,,,,,,,,,,,,,,,,,,,,,,,,
1907,7,0.4,-7.7,,,,,,,,,,,,,,,,,,,,,,,,,,,,,,,,,,,5.27,6.7,6.7,6.0,3.0,1.21,8.0,0.3,-3.05,-2.62,-2.62,-2.83,3.0,0.37,8.0,0.3,4.18,6.17,6.17,5.2,3.0,1.68,8.0,0.3,1016.23,1016.3,1016.37,1016.3,2.0,0.14,10.0,0.0,,,,,,,,,,,,,,,,,,,,,,,,,,,,,,,,,,,,,,,,,,,,,,,,,,,,,,,,,,,,,,,,,,,,,,,,,,,,,,,,,,,,,,,,,,,,,,,,,,,,,,,,,,,,,,,,,,,,,,,,,,,,,,,,,,
1907,7,0.4,-5.7,,,,,,,,,,,,,,,,,,,,,,,,,,,,,,,,,,,9.3,9.3,9.3,9.3,1.0,0.0,10.0,1.0,-3.63,-3.63,-3.63,-3.63,1.0,0.0,10.0,1.0,8.56,8.56,8.56,8.56,1.0,0.0,10.0,1.0,1014.7,1014.7,1014.7,1014.7,1.0,0.0,10.0,1.0,,,,,,,,,,,,,,,,,,,,,,,,,,,,,,,,,,,,,,,,,,,,,,,,,,,,,,,,,,,,,,,,,,,,,,,,,,,,,,,,,,,,,,,,,,,,,,,,,,,,,,,,,,,,,,,,,,,,,,,,,,,,,,,,,,
1907,7,0.4,0.3,,,,,,,,,,,,,,,,,,,,,,,,,,,,,,,,,,,2.6,2.6,2.6,2.6,2.0,0.0,30.0,1.0,1.02,1.02,1.02,1.02,2.0,0.0,30.0,1.0,2.39,2.39,2.39,2.39,2.0,0.0,30.0,1.0,1016.9,1017.1,1017.3,1017.1,2.0,0.42,30.0,1.0,,,,,,,,,,,,,,,,,,,,,,,,,,,,,,,,,,,,,,,,,,,,,,,,,,,,,,,,,,,,,,,,,,,,,,,,,,,,,,,,,,,,,,,,,,,,,,,,,,,,,,,,,,,,,,,,,,,,,,,,,,,,,,,,,,
1907,7,0.4,4.3,,,,,,,,,,,,,,,,,,,,,,,,,,,,,,,,,,,3.23,4.6,6.03,4.63,3.0,2.05,10.0,0.0,2.05,4.27,5.93,3.99,3.0,2.85,10.0,0.0,0.55,1.72,2.18,1.37,3.0,1.23,10.0,0.0,1013.73,1014.0,1014.27,1014.0,2.0,0.57,16.0,0.0,,,,,,,,,,,,,,,,,,,,,,,,,,,,,,,,,,,,,,,,,,,,,,,,,,,,,,,,,,,,,,,,,,,,,,,,,,,,,,,,,,,,,,,,,,,,,,,,,,,,,,,,,,,,,,,,,,,,,,,,,,,,,,,,,,
1907,7,0.4,36.3,,,,,,,,,,,,,,,,,,,,,,,,,,,,,,,,,,,2.6,4.6,9.3,5.22,106.0,3.49,16.0,0.4,-6.7,-2.41,1.76,-2.66,106.0,5.04,16.0,0.4,-3.53,0.0,1.84,-0.55,106.0,2.61,16.0,0.4,1016.0,1019.3,1022.5,1018.9,21.0,3.72,12.0,0.6,,,,,,,,,,,,,,,,,,,,,,,,,,,,,,,,,,,,,,,,,,,,,,,,,,,,,,,,,,,,,,,,,,,,,,,,,,,,,,,,,,,,,,,,,,,,,,,,,,,,,,,,,,,,,,,,,,,,,,,,,,,,,,,,,,
1907,7,0.4,38.3,,,,,,,,,,,,,,,,,,,,,,,,,,,,,,,,,,,1.0,2.6,4.6,3.3,103.0,2.28,16.0,0.5,-2.49,0.0,2.56,-0.23,103.0,2.67,16.0,0.5,-1.83,0.97,3.25,0.78,103.0,2.9,16.0,0.5,1009.37,1014.05,1020.93,1015.08,56.0,5.32,16.0,0.5,,,,,,,,,,,,,,,,,,,,,,,,,,,,,,,,,,,,,,,,,,,,,,,,,,,,,,,,,,,,,,,,,,,,,,,,,,,,,,,,,,,,,,,,,,,,,,,,,,,,,,,,,,,,,,,,,,,,,,,,,,,,,,,,,,
1907,7,0.4,40.3,,,,,,,,,,,,,,,,,,,,,,,,,,,,,,,,,,,1.0,2.6,4.25,2.33,21.0,1.74,16.0,0.5,-2.3,0.0,1.7,-0.17,21.0,1.93,16.0,0.5,-1.01,0.0,1.84,0.39,21.0,2.19,16.0,0.5,1012.62,1015.05,1019.59,1016.52,6.0,6.09,22.0,0.7,,,,,,,,,,,,,,,,,,,,,,,,,,,,,,,,,,,,,,,,,,,,,,,,,,,,,,,,,,,,,,,,,,,,,,,,,,,,,,,,,,,,,,,,,,,,,,,,,,,,,,,,,,,,,,,,,,,,,,,,,,,,,,,,,,
1907,7,0.4,48.3,,,,,,,,,,,,,,,,,,,,,,,,,,,,,,,,,,,2.6,4.6,9.59,5.42,13.0,3.8,16.0,0.3,-0.74,1.84,2.8,0.99,13.0,3.76,16.0,0.3,-6.78,-1.8,2.12,-1.9,13.0,5.22,16.0,0.3,1017.44,1026.0,1027.62,1022.88,5.0,6.37,18.0,0.6,,,,,,,,,,,,,,,,,,,,,,,,,,,,,,,,,,,,,,,,,,,,,,,,,,,,,,,,,,,,,,,,,,,,,,,,,,,,,,,,,,,,,,,,,,,,,,,,,,,,,,,,,,,,,,,,,,,,,,,,,,,,,,,,,,
1907,7,0.4,50.3,13.0,14.0,15.0,14.01,445.0,1.02,16.0,0.5,12.76,14.0,15.94,14.19,408.0,1.59,16.0,0.5,10.06,10.06,10.43,10.24,3.0,0.31,28.0,1.0,85.7,89.1,89.1,87.4,3.0,2.8,28.0,1.0,0.5,0.4,2.6,4.6,6.7,4.72,463.0,3.0,16.0,0.5,-3.25,0.37,4.74,0.9,463.0,4.11,16.0,0.5,-3.25,0.0,3.25,-0.01,463.0,3.69,16.0,0.5,1014.0,1019.1,1027.0,1020.04,103.0,6.59,16.0,0.5,2.0,6.0,8.0,4.9,449.0,2.7,16.0,0.5,85.7,89.1,89.1,87.4,3.0,2.8,28.0,1.0,0.5,0.4,-15.0,0.4,33.1,8.6,463.0,34.5,16.0,0.5,-16.8,0.0,16.8,1.3,463.0,32.4,16.0,0.5,-1.37,0.0,0.9,-0.21,381.0,1.24,16.0,0.5,-5.2,0.0,3.6,-1.1,373.0,7.0,16.0,0.5,1.14,1.69,1.9,1.52,3.0,0.58,28.0,1.0,2.1,2.3,3.7,2.9,3.0,1.3,28.0,1.0,-46.7,11.4,75.6,13.9,400.0,57.6,16.0,0.5,-50.1,0.0,48.5,0.6,400.0,51.8,16.0,0.5,5.7,8.1,8.7,7.2,3.0,2.3,28.0,1.0,12.5,24.6,25.4,19.0,3.0,10.6,28.0,1.0,0.7,1.5,1.5,1.1,3.0,0.6,28.0,1.0,1.6,2.3,3.5,2.6,3.0,1.4,28.0,1.0,17.5,97.5,301.0,251.5,463.0,436.0,16.0,0.5,20.0,95.0,300.0,250.0,463.0,435.0,16.0,0.5
1907,7,0.4,52.3,11.8,13.0,14.0,13.04,65.0,1.35,16.0,0.8,11.94,13.5,16.3,14.06,62.0,2.51,16.0,0.8,12.1,12.1,12.1,12.1,1.0,0.0,28.0,0.0,80.3,80.3,80.3,80.3,1.0,0.0,28.0,0.0,0.8,0.0,1.0,2.6,6.7,3.64,70.0,2.59,16.0,0.9,-0.72,0.97,4.74,1.64,70.0,2.79,16.0,0.9,-4.27,-1.82,0.93,-1.48,70.0,2.73,16.0,0.9,1017.84,1023.65,1027.92,1022.6,6.0,6.09,14.0,0.8,1.0,4.0,8.0,4.7,64.0,3.0,16.0,0.9,80.3,80.3,80.3,80.3,1.0,0.0,28.0,0.0,0.8,0.0,-0.7,2.5,31.7,10.8,70.0,19.8,16.0,0.9,-31.7,-5.5,0.9,-8.8,70.0,17.1,16.0,0.9,,,,,,,,,,,,,,,,,,,,,,,,,,,,,,,,,-11.9,20.3,68.1,24.4,61.0,40.0,16.0,0.8,-57.6,-14.2,14.4,-18.3,61.0,39.8,16.0,0.8,31.5,31.5,31.5,31.5,1.0,0.0,28.0,0.0,0.0,0.0,0.0,0.0,1.0,0.0,28.0,0.0,,,,,,,,,,,,,,,,,,,,,,,,,,,,,,,,
1907,7,0.4,54.3,,,,,,,,,,,,,,,,,,,,,,,,,,,,,,,,,,,2.6,4.6,6.7,4.74,97.0,2.73,16.0,0.8,-1.84,0.0,4.6,0.76,97.0,3.18,16.0,0.8,-5.83,-0.71,3.25,-1.15,97.0,4.26,16.0,0.8,1012.76,1020.35,1027.31,1020.05,4.0,8.4,20.0,0.8,,,,,,,,,,,,,,,,,,,,,,,,,,,,,,,,,,,,,,,,,,,,,,,,,,,,,,,,,,,,,,,,,,,,,,,,,,,,,,,,,,,,,,,,,,,,,,,,,,,,,,,,,,,,,,,,,,,,,,,,,,,,,,,,,,
1907,7,0.4,58.3,,,,,,,,,,,,,,,,,,,,,,,,,,,,,,,,,,,2.6,6.7,9.3,5.95,13.0,3.08,22.0,0.8,-2.68,0.0,1.17,-0.95,13.0,3.2,22.0,0.8,-6.47,-1.84,4.61,-1.85,13.0,5.73,22.0,0.8,1020.32,1021.0,1021.68,1021.0,3.0,1.0,20.0,1.0,,,,,,,,,,,,,,,,,,,,,,,,,,,,,,,,,,,,,,,,,,,,,,,,,,,,,,,,,,,,,,,,,,,,,,,,,,,,,,,,,,,,,,,,,,,,,,,,,,,,,,,,,,,,,,,,,,,,,,,,,,,,,,,,,,
1907,7,2.4,-41.7,,,,,,,,,,,,,,,,,,,,,,,,,,,,,,,,,,,4.6,6.7,21.85,12.34,5.0,10.06,14.0,0.4,-2.1,0.0,20.26,7.61,5.0,12.73,14.0,0.4,-5.17,-4.23,8.18,0.43,5.0,7.54,14.0,0.4,1017.0,1023.5,1026.32,1022.0,6.0,4.96,12.0,0.3,,,,,,,,,,,,,,,,,,,,,,,,,,,,,,,,,,,,,,,,,,,,,,,,,,,,,,,,,,,,,,,,,,,,,,,,,,,,,,,,,,,,,,,,,,,,,,,,,,,,,,,,,,,,,,,,,,,,,,,,,,,,,,,,,,
1907,7,2.4,-17.7,,,,,,,,,,,,,,,,,,,,,,,,,,,,,,,,,,,4.6,4.6,5.47,4.98,11.0,0.85,22.0,0.4,-3.25,-1.72,-1.72,-2.48,11.0,1.37,22.0,0.4,3.25,4.27,4.27,4.11,11.0,0.91,22.0,0.4,1016.62,1019.7,1020.63,1018.68,4.0,3.21,26.0,0.5,,,,,,,,,,,,,,,,,,,,,,,,,,,,,,,,,,,,,,,,,,,,,,,,,,,,,,,,,,,,,,,,,,,,,,,,,,,,,,,,,,,,,,,,,,,,,,,,,,,,,,,,,,,,,,,,,,,,,,,,,,,,,,,,,,
1907,7,2.4,-15.7,,,,,,,,,,,,,,,,,,,,,,,,,,,,,,,,,,,2.6,4.6,5.8,4.22,10.0,1.61,14.0,0.4,-2.93,-1.84,-1.29,-2.06,10.0,0.81,14.0,0.4,2.08,3.25,5.38,3.6,10.0,1.63,14.0,0.4,1012.09,1012.3,1015.96,1014.1,5.0,3.93,18.0,0.2,,,,,,,,,,,,,,,,,,,,,,,,,,,,,,,,,,,,,,,,,,,,,,,,,,,,,,,,,,,,,,,,,,,,,,,,,,,,,,,,,,,,,,,,,,,,,,,,,,,,,,,,,,,,,,,,,,,,,,,,,,,,,,,,,,
1907,7,2.4,-13.7,,,,,,,,,,,,,,,,,,,,,,,,,,,,,,,,,,,8.76,15.4,15.4,12.22,5.0,5.54,20.0,0.4,-10.89,-10.89,-4.64,-7.79,5.0,5.78,20.0,0.4,5.88,10.89,10.89,8.47,5.0,4.3,20.0,0.4,1017.2,1017.2,1017.2,1017.2,1.0,0.0,24.0,0.0,,,,,,,,,,,,,,,,,,,,,,,,,,,,,,,,,,,,,,,,,,,,,,,,,,,,,,,,,,,,,,,,,,,,,,,,,,,,,,,,,,,,,,,,,,,,,,,,,,,,,,,,,,,,,,,,,,,,,,,,,,,,,,,,,,
1907,7,2.4,-11.7,,,,,,,,,,,,,,,,,,,,,,,,,,,,,,,,,,,2.6,4.6,15.4,8.66,7.0,6.36,16.0,0.7,-10.89,0.0,1.91,-3.94,7.0,6.6,16.0,0.7,2.56,4.6,10.89,6.42,7.0,4.26,16.0,0.7,1017.57,1018.15,1018.73,1018.15,2.0,1.2,24.0,1.0,,,,,,,,,,,,,,,,,,,,,,,,,,,,,,,,,,,,,,,,,,,,,,,,,,,,,,,,,,,,,,,,,,,,,,,,,,,,,,,,,,,,,,,,,,,,,,,,,,,,,,,,,,,,,,,,,,,,,,,,,,,,,,,,,,
1907,7,2.4,-9.7,,,,,,,,,,,,,,,,,,,,,,,,,,,,,,,,,,,3.55,4.6,4.6,4.1,4.0,1.0,8.0,0.5,-1.7,0.0,1.36,-0.16,4.0,2.4,8.0,0.5,1.55,3.93,4.6,3.11,4.0,2.17,8.0,0.5,1017.44,1017.95,1018.46,1017.95,2.0,1.06,10.0,1.0,,,,,,,,,,,,,,,,,,,,,,,,,,,,,,,,,,,,,,,,,,,,,,,,,,,,,,,,,,,,,,,,,,,,,,,,,,,,,,,,,,,,,,,,,,,,,,,,,,,,,,,,,,,,,,,,,,,,,,,,,,,,,,,,,,
1907,7,2.4,-7.7,,,,,,,,,,,,,,,,,,,,,,,,,,,,,,,,,,,9.3,9.3,9.3,9.3,1.0,0.0,10.0,0.0,-3.63,-3.63,-3.63,-3.63,1.0,0.0,10.0,0.0,8.56,8.56,8.56,8.56,1.0,0.0,10.0,0.0,1016.6,1016.6,1016.6,1016.6,1.0,0.0,10.0,0.0,,,,,,,,,,,,,,,,,,,,,,,,,,,,,,,,,,,,,,,,,,,,,,,,,,,,,,,,,,,,,,,,,,,,,,,,,,,,,,,,,,,,,,,,,,,,,,,,,,,,,,,,,,,,,,,,,,,,,,,,,,,,,,,,,,
1907,7,2.4,0.3,,,,,,,,,,,,,,,,,,,,,,,,,,,,,,,,,,,1.51,2.6,2.6,2.07,3.0,0.92,30.0,0.0,1.07,1.84,1.84,1.46,3.0,0.65,30.0,0.0,1.07,1.84,1.84,1.46,3.0,0.65,30.0,0.0,1015.14,1016.1,1016.44,1015.8,3.0,0.98,30.0,0.0,,,,,,,,,,,,,,,,,,,,,,,,,,,,,,,,,,,,,,,,,,,,,,,,,,,,,,,,,,,,,,,,,,,,,,,,,,,,,,,,,,,,,,,,,,,,,,,,,,,,,,,,,,,,,,,,,,,,,,,,,,,,,,,,,,
1907,7,2.4,36.3,,,,,,,,,,,,,,,,,,,,,,,,,,,,,,,,,,,1.0,4.6,7.57,4.6,106.0,3.67,16.0,0.4,-6.7,-2.39,0.0,-3.16,106.0,4.56,16.0,0.4,-2.62,0.0,1.0,-0.43,106.0,1.94,16.0,0.4,1015.43,1019.8,1022.43,1019.11,19.0,3.45,16.0,0.2,,,,,,,,,,,,,,,,,,,,,,,,,,,,,,,,,,,,,,,,,,,,,,,,,,,,,,,,,,,,,,,,,,,,,,,,,,,,,,,,,,,,,,,,,,,,,,,,,,,,,,,,,,,,,,,,,,,,,,,,,,,,,,,,,,
1907,7,2.4,38.3,,,,,,,,,,,,,,,,,,,,,,,,,,,,,,,,,,,1.0,2.6,2.6,2.23,9.0,1.94,18.0,0.2,-2.24,-0.71,0.98,-0.87,9.0,2.5,18.0,0.2,-2.24,0.0,0.9,-0.41,9.0,1.44,18.0,0.2,1012.23,1016.15,1020.08,1016.15,2.0,8.13,14.0,0.0,,,,,,,,,,,,,,,,,,,,,,,,,,,,,,,,,,,,,,,,,,,,,,,,,,,,,,,,,,,,,,,,,,,,,,,,,,,,,,,,,,,,,,,,,,,,,,,,,,,,,,,,,,,,,,,,,,,,,,,,,,,,,,,,,,
1907,7,2.4,40.3,,,,,,,,,,,,,,,,,,,,,,,,,,,,,,,,,,,1.0,2.6,4.6,2.61,103.0,2.14,16.0,0.5,-2.6,0.0,1.84,-0.23,103.0,2.34,16.0,0.5,-2.39,0.0,1.57,-0.46,103.0,2.4,16.0,0.5,1011.99,1015.4,1022.55,1016.77,48.0,4.79,16.0,0.5,,,,,,,,,,,,,,,,,,,,,,,,,,,,,,,,,,,,,,,,,,,,,,,,,,,,,,,,,,,,,,,,,,,,,,,,,,,,,,,,,,,,,,,,,,,,,,,,,,,,,,,,,,,,,,,,,,,,,,,,,,,,,,,,,,
1907,7,2.4,42.3,,,,,,,,,,,,,,,,,,,,,,,,,,,,,,,,,,,1.94,2.6,7.77,4.17,11.0,3.11,14.0,0.6,-1.34,0.39,3.48,0.71,11.0,3.05,14.0,0.6,-5.72,0.0,2.48,-1.48,11.0,4.07,14.0,0.6,1013.81,1015.95,1023.4,1017.77,6.0,5.14,20.0,0.5,,,,,,,,,,,,,,,,,,,,,,,,,,,,,,,,,,,,,,,,,,,,,,,,,,,,,,,,,,,,,,,,,,,,,,,,,,,,,,,,,,,,,,,,,,,,,,,,,,,,,,,,,,,,,,,,,,,,,,,,,,,,,,,,,,
1907,7,2.4,50.3,,,,,,,,,,,,,,,,,,,,,,,,,,,,,,,,,,,1.0,4.6,6.7,4.59,432.0,2.85,16.0,0.7,-2.47,0.37,4.74,1.11,432.0,3.58,16.0,0.7,-4.6,-0.71,2.6,-1.09,432.0,3.74,16.0,0.7,1012.91,1016.1,1025.7,1018.15,235.0,6.15,16.0,0.7,,,,,,,,,,,,,,,,,,,,,,,,,,,,,,,,,,,,,,,,,,,,,,,,,,,,,,,,,,,,,,,,,,,,,,,,,,,,,,,,,,,,,,,,,,,,,,,,,,,,,,,,,,,,,,,,,,,,,,,,,,,,,,,,,,
1907,7,2.4,52.3,,,,,,,,,,,,,,,,,,,,,,,,,,,,,,,,,,,2.6,4.6,6.7,5.19,304.0,3.04,16.0,0.7,-1.8,1.72,4.74,1.75,304.0,3.57,16.0,0.7,-6.17,-1.84,3.25,-1.22,304.0,4.36,16.0,0.7,1012.55,1017.2,1026.0,1018.65,60.0,6.51,16.0,0.6,,,,,,,,,,,,,,,,,,,,,,,,,,,,,,,,,,,,,,,,,,,,,,,,,,,,,,,,,,,,,,,,,,,,,,,,,,,,,,,,,,,,,,,,,,,,,,,,,,,,,,,,,,,,,,,,,,,,,,,,,,,,,,,,,,
1907,7,2.4,54.3,,,,,,,,,,,,,,,,,,,,,,,,,,,,,,,,,,,1.0,6.7,9.3,5.78,84.0,3.72,16.0,0.8,-1.0,0.55,4.74,1.52,84.0,3.31,16.0,0.8,-6.51,-1.36,4.74,-1.84,84.0,5.56,16.0,0.8,1013.46,1013.8,1023.42,1018.33,3.0,8.29,22.0,1.0,,,,,,,,,,,,,,,,,,,,,,,,,,,,,,,,,,,,,,,,,,,,,,,,,,,,,,,,,,,,,,,,,,,,,,,,,,,,,,,,,,,,,,,,,,,,,,,,,,,,,,,,,,,,,,,,,,,,,,,,,,,,,,,,,,
1907,7,2.4,56.3,,,,,,,,,,,,,,,,,,,,,,,,,,,,,,,,,,,2.6,6.7,10.78,6.96,42.0,4.06,18.0,0.8,-1.84,0.0,4.6,1.59,42.0,3.99,18.0,0.8,-9.3,-1.84,5.01,-2.51,42.0,6.42,18.0,0.8,1014.98,1015.8,1016.62,1015.8,2.0,1.7,22.0,0.5,,,,,,,,,,,,,,,,,,,,,,,,,,,,,,,,,,,,,,,,,,,,,,,,,,,,,,,,,,,,,,,,,,,,,,,,,,,,,,,,,,,,,,,,,,,,,,,,,,,,,,,,,,,,,,,,,,,,,,,,,,,,,,,,,,
1907,7,2.4,58.3,,,,,,,,,,,,,,,,,,,,,,,,,,,,,,,,,,,4.6,6.7,11.49,7.6,9.0,3.44,18.0,0.7,0.0,0.0,6.08,2.16,9.0,3.21,18.0,0.7,-10.13,0.0,6.08,-0.84,9.0,7.78,18.0,0.7,1019.2,1019.2,1019.2,1019.2,1.0,0.0,20.0,0.0,,,,,,,,,,,,,,,,,,,,,,,,,,,,,,,,,,,,,,,,,,,,,,,,,,,,,,,,,,,,,,,,,,,,,,,,,,,,,,,,,,,,,,,,,,,,,,,,,,,,,,,,,,,,,,,,,,,,,,,,,,,,,,,,,,
1907,7,4.4,-41.7,,,,,,,,,,,,,,,,,,,,,,,,,,,,,,,,,,,12.3,12.3,12.3,12.3,3.0,0.0,22.0,0.7,-4.81,-4.81,-1.53,-3.2,3.0,2.77,22.0,0.7,-11.99,-11.32,-11.32,-11.65,3.0,0.56,22.0,0.7,1024.79,1025.2,1025.2,1025.0,3.0,0.35,22.0,0.7,,,,,,,,,,,,,,,,,,,,,,,,,,,,,,,,,,,,,,,,,,,,,,,,,,,,,,,,,,,,,,,,,,,,,,,,,,,,,,,,,,,,,,,,,,,,,,,,,,,,,,,,,,,,,,,,,,,,,,,,,,,,,,,,,,
1907,7,4.4,-39.7,,,,,,,,,,,,,,,,,,,,,,,,,,,,,,,,,,,19.57,20.8,22.03,20.8,2.0,2.55,2.0,0.5,7.65,8.13,8.61,8.13,2.0,0.99,2.0,0.5,18.02,19.15,20.28,19.15,2.0,2.34,2.0,0.5,1026.07,1027.5,1028.93,1027.5,2.0,2.97,2.0,0.5,,,,,,,,,,,,,,,,,,,,,,,,,,,,,,,,,,,,,,,,,,,,,,,,,,,,,,,,,,,,,,,,,,,,,,,,,,,,,,,,,,,,,,,,,,,,,,,,,,,,,,,,,,,,,,,,,,,,,,,,,,,,,,,,,,
1907,7,4.4,-23.7,,,,,,,,,,,,,,,,,,,,,,,,,,,,,,,,,,,6.7,6.7,6.7,6.7,1.0,0.0,30.0,1.0,0.0,0.0,0.0,0.0,1.0,0.0,30.0,1.0,6.7,6.7,6.7,6.7,1.0,0.0,30.0,1.0,1020.3,1020.3,1020.3,1020.3,1.0,0.0,30.0,1.0,,,,,,,,,,,,,,,,,,,,,,,,,,,,,,,,,,,,,,,,,,,,,,,,,,,,,,,,,,,,,,,,,,,,,,,,,,,,,,,,,,,,,,,,,,,,,,,,,,,,,,,,,,,,,,,,,,,,,,,,,,,,,,,,,,
1907,7,4.4,-21.7,,,,,,,,,,,,,,,,,,,,,,,,,,,,,,,,,,,5.27,6.7,6.7,6.0,3.0,1.21,28.0,0.0,-2.51,-2.51,-1.97,-2.25,3.0,0.45,28.0,0.0,4.88,6.21,6.21,5.56,3.0,1.12,28.0,0.0,1019.0,1019.0,1019.0,1019.0,1.0,0.0,30.0,0.0,,,,,,,,,,,,,,,,,,,,,,,,,,,,,,,,,,,,,,,,,,,,,,,,,,,,,,,,,,,,,,,,,,,,,,,,,,,,,,,,,,,,,,,,,,,,,,,,,,,,,,,,,,,,,,,,,,,,,,,,,,,,,,,,,,
1907,7,4.4,-19.7,,,,,,,,,,,,,,,,,,,,,,,,,,,,,,,,,,,2.6,4.6,4.8,4.34,13.0,1.55,22.0,0.7,-3.25,-1.72,-1.65,-2.07,13.0,0.83,22.0,0.7,2.36,4.27,4.45,3.73,13.0,1.55,22.0,0.7,1016.36,1018.3,1019.01,1017.58,5.0,2.33,28.0,0.4,,,,,,,,,,,,,,,,,,,,,,,,,,,,,,,,,,,,,,,,,,,,,,,,,,,,,,,,,,,,,,,,,,,,,,,,,,,,,,,,,,,,,,,,,,,,,,,,,,,,,,,,,,,,,,,,,,,,,,,,,,,,,,,,,,
1907,7,4.4,-17.7,,,,,,,,,,,,,,,,,,,,,,,,,,,,,,,,,,,4.6,4.6,4.7,4.9,7.0,0.79,14.0,0.4,-3.3,-2.51,-1.72,-2.63,7.0,0.99,14.0,0.4,3.18,4.27,4.36,3.9,7.0,1.35,14.0,0.4,1013.11,1014.0,1014.27,1013.7,3.0,0.89,16.0,0.3,,,,,,,,,,,,,,,,,,,,,,,,,,,,,,,,,,,,,,,,,,,,,,,,,,,,,,,,,,,,,,,,,,,,,,,,,,,,,,,,,,,,,,,,,,,,,,,,,,,,,,,,,,,,,,,,,,,,,,,,,,,,,,,,,,
1907,7,4.4,-15.7,,,,,,,,,,,,,,,,,,,,,,,,,,,,,,,,,,,10.71,13.85,15.4,12.57,6.0,4.19,22.0,0.5,-10.89,-7.75,-3.29,-6.68,6.0,5.17,22.0,0.5,9.52,10.89,11.4,9.95,6.0,2.81,22.0,0.5,1017.7,1017.7,1017.7,1017.7,1.0,0.0,22.0,1.0,,,,,,,,,,,,,,,,,,,,,,,,,,,,,,,,,,,,,,,,,,,,,,,,,,,,,,,,,,,,,,,,,,,,,,,,,,,,,,,,,,,,,,,,,,,,,,,,,,,,,,,,,,,,,,,,,,,,,,,,,,,,,,,,,,
1907,7,4.4,-13.7,,,,,,,,,,,,,,,,,,,,,,,,,,,,,,,,,,,4.5,6.7,7.12,6.76,7.0,4.11,8.0,0.4,-5.03,-4.74,3.25,-2.51,7.0,5.23,8.0,0.4,3.21,4.74,5.03,4.86,7.0,2.82,8.0,0.4,1018.79,1019.2,1019.27,1019.03,3.0,0.38,24.0,0.0,,,,,,,,,,,,,,,,,,,,,,,,,,,,,,,,,,,,,,,,,,,,,,,,,,,,,,,,,,,,,,,,,,,,,,,,,,,,,,,,,,,,,,,,,,,,,,,,,,,,,,,,,,,,,,,,,,,,,,,,,,,,,,,,,,
1907,7,4.4,-11.7,,,,,,,,,,,,,,,,,,,,,,,,,,,,,,,,,,,3.55,4.6,5.7,4.63,4.0,1.67,10.0,0.3,-1.86,-0.51,1.7,-0.1,4.0,2.48,10.0,0.3,2.8,3.93,5.42,4.1,4.0,1.65,10.0,0.3,1017.33,1017.6,1017.67,1017.5,3.0,0.26,10.0,0.0,,,,,,,,,,,,,,,,,,,,,,,,,,,,,,,,,,,,,,,,,,,,,,,,,,,,,,,,,,,,,,,,,,,,,,,,,,,,,,,,,,,,,,,,,,,,,,,,,,,,,,,,,,,,,,,,,,,,,,,,,,,,,,,,,,
1907,7,4.4,-9.7,,,,,,,,,,,,,,,,,,,,,,,,,,,,,,,,,,,4.6,4.6,4.6,4.6,1.0,0.0,10.0,1.0,-3.25,-3.25,-3.25,-3.25,1.0,0.0,10.0,1.0,3.25,3.25,3.25,3.25,1.0,0.0,10.0,1.0,1016.0,1016.0,1016.0,1016.0,1.0,0.0,10.0,1.0,,,,,,,,,,,,,,,,,,,,,,,,,,,,,,,,,,,,,,,,,,,,,,,,,,,,,,,,,,,,,,,,,,,,,,,,,,,,,,,,,,,,,,,,,,,,,,,,,,,,,,,,,,,,,,,,,,,,,,,,,,,,,,,,,,
1907,7,4.4,0.3,,,,,,,,,,,,,,,,,,,,,,,,,,,,,,,,,,,3.23,4.6,4.6,3.93,3.0,1.15,30.0,1.0,1.26,1.8,1.8,1.54,3.0,0.45,30.0,1.0,2.98,4.23,4.23,3.62,3.0,1.06,30.0,1.0,1015.59,1016.2,1016.88,1016.23,3.0,0.95,30.0,1.0,,,,,,,,,,,,,,,,,,,,,,,,,,,,,,,,,,,,,,,,,,,,,,,,,,,,,,,,,,,,,,,,,,,,,,,,,,,,,,,,,,,,,,,,,,,,,,,,,,,,,,,,,,,,,,,,,,,,,,,,,,,,,,,,,,
1907,7,4.4,4.3,,,,,,,,,,,,,,,,,,,,,,,,,,,,,,,,,,,4.6,4.6,4.6,4.6,5.0,0.0,24.0,0.6,3.25,3.25,3.25,3.25,5.0,0.0,24.0,0.6,3.25,3.25,3.25,3.25,5.0,0.0,24.0,0.6,1014.91,1015.8,1016.14,1015.53,3.0,0.93,30.0,0.7,,,,,,,,,,,,,,,,,,,,,,,,,,,,,,,,,,,,,,,,,,,,,,,,,,,,,,,,,,,,,,,,,,,,,,,,,,,,,,,,,,,,,,,,,,,,,,,,,,,,,,,,,,,,,,,,,,,,,,,,,,,,,,,,,,
1907,7,4.4,36.3,,,,,,,,,,,,,,,,,,,,,,,,,,,,,,,,,,,1.0,2.6,6.7,3.33,70.0,2.6,16.0,0.4,-4.74,-1.0,1.87,-1.52,70.0,3.46,16.0,0.4,-2.6,-0.37,0.0,-1.02,70.0,1.62,16.0,0.4,1015.08,1020.2,1024.84,1020.14,17.0,4.57,18.0,0.5,,,,,,,,,,,,,,,,,,,,,,,,,,,,,,,,,,,,,,,,,,,,,,,,,,,,,,,,,,,,,,,,,,,,,,,,,,,,,,,,,,,,,,,,,,,,,,,,,,,,,,,,,,,,,,,,,,,,,,,,,,,,,,,,,,
1907,7,4.4,40.3,,,,,,,,,,,,,,,,,,,,,,,,,,,,,,,,,,,2.6,2.6,9.3,4.69,20.0,3.98,16.0,0.6,-0.96,1.0,3.24,0.97,20.0,2.32,16.0,0.6,-9.29,-1.01,2.4,-2.35,20.0,5.17,16.0,0.6,1010.5,1013.1,1017.54,1014.13,7.0,4.58,16.0,0.7,,,,,,,,,,,,,,,,,,,,,,,,,,,,,,,,,,,,,,,,,,,,,,,,,,,,,,,,,,,,,,,,,,,,,,,,,,,,,,,,,,,,,,,,,,,,,,,,,,,,,,,,,,,,,,,,,,,,,,,,,,,,,,,,,,
1907,7,4.4,42.3,,,,,,,,,,,,,,,,,,,,,,,,,,,,,,,,,,,1.0,4.6,9.3,5.66,93.0,4.45,14.0,0.5,-0.28,1.84,6.58,2.84,93.0,3.85,14.0,0.5,-7.72,0.0,2.4,-2.21,93.0,4.93,14.0,0.5,1012.47,1014.7,1020.03,1015.63,43.0,4.44,16.0,0.4,,,,,,,,,,,,,,,,,,,,,,,,,,,,,,,,,,,,,,,,,,,,,,,,,,,,,,,,,,,,,,,,,,,,,,,,,,,,,,,,,,,,,,,,,,,,,,,,,,,,,,,,,,,,,,,,,,,,,,,,,,,,,,,,,,
1907,7,4.4,52.3,,,,,,,,,,,,,,,,,,,,,,,,,,,,,,,,,,,2.6,4.6,9.3,5.77,530.0,3.22,16.0,0.6,-0.71,2.4,5.77,2.38,530.0,3.37,16.0,0.6,-6.21,-2.51,3.25,-1.92,530.0,4.8,16.0,0.6,1011.34,1016.8,1025.2,1017.66,93.0,6.72,14.0,0.6,,,,,,,,,,,,,,,,,,,,,,,,,,,,,,,,,,,,,,,,,,,,,,,,,,,,,,,,,,,,,,,,,,,,,,,,,,,,,,,,,,,,,,,,,,,,,,,,,,,,,,,,,,,,,,,,,,,,,,,,,,,,,,,,,,
1907,7,4.4,54.3,,,,,,,,,,,,,,,,,,,,,,,,,,,,,,,,,,,2.6,6.7,9.3,6.3,101.0,3.58,14.0,0.7,0.0,3.25,5.82,3.07,101.0,3.07,14.0,0.7,-6.7,-2.62,4.62,-2.03,101.0,5.46,14.0,0.7,1027.15,1027.9,1028.65,1027.9,2.0,1.56,12.0,1.0,,,,,,,,,,,,,,,,,,,,,,,,,,,,,,,,,,,,,,,,,,,,,,,,,,,,,,,,,,,,,,,,,,,,,,,,,,,,,,,,,,,,,,,,,,,,,,,,,,,,,,,,,,,,,,,,,,,,,,,,,,,,,,,,,,
1907,7,4.4,56.3,,,,,,,,,,,,,,,,,,,,,,,,,,,,,,,,,,,2.6,6.7,13.05,7.21,94.0,4.71,20.0,0.9,0.0,1.84,6.7,3.13,94.0,4.2,20.0,0.9,-8.84,-2.51,0.09,-3.16,94.0,6.09,20.0,0.9,1014.19,1014.5,1015.33,1014.75,4.0,0.87,22.0,1.0,,,,,,,,,,,,,,,,,,,,,,,,,,,,,,,,,,,,,,,,,,,,,,,,,,,,,,,,,,,,,,,,,,,,,,,,,,,,,,,,,,,,,,,,,,,,,,,,,,,,,,,,,,,,,,,,,,,,,,,,,,,,,,,,,,
1907,7,4.4,58.3,,,,,,,,,,,,,,,,,,,,,,,,,,,,,,,,,,,2.57,4.6,9.3,5.82,45.0,4.13,18.0,0.9,0.0,0.71,4.3,1.28,45.0,3.56,18.0,0.9,-6.58,-2.41,2.63,-2.26,45.0,5.67,18.0,0.9,1010.16,1010.5,1010.84,1010.5,2.0,0.71,18.0,1.0,,,,,,,,,,,,,,,,,,,,,,,,,,,,,,,,,,,,,,,,,,,,,,,,,,,,,,,,,,,,,,,,,,,,,,,,,,,,,,,,,,,,,,,,,,,,,,,,,,,,,,,,,,,,,,,,,,,,,,,,,,,,,,,,,,
1907,7,4.4,60.3,,,,,,,,,,,,,,,,,,,,,,,,,,,,,,,,,,,1.0,4.6,9.3,5.57,51.0,4.23,18.0,0.8,-1.88,0.0,1.84,-0.38,51.0,3.08,18.0,0.8,-8.7,-1.0,4.26,-2.03,51.0,5.97,18.0,0.8,1016.72,1018.7,1020.82,1018.77,3.0,3.0,20.0,1.0,,,,,,,,,,,,,,,,,,,,,,,,,,,,,,,,,,,,,,,,,,,,,,,,,,,,,,,,,,,,,,,,,,,,,,,,,,,,,,,,,,,,,,,,,,,,,,,,,,,,,,,,,,,,,,,,,,,,,,,,,,,,,,,,,,
1907,7,6.4,-41.7,,,,,,,,,,,,,,,,,,,,,,,,,,,,,,,,,,,12.3,12.3,12.3,12.3,2.0,0.0,24.0,0.0,-4.81,-4.81,-4.81,-4.81,2.0,0.0,24.0,0.0,-11.32,-11.32,-11.32,-11.32,2.0,0.0,24.0,0.0,1024.4,1024.4,1024.4,1024.4,2.0,0.0,24.0,0.0,,,,,,,,,,,,,,,,,,,,,,,,,,,,,,,,,,,,,,,,,,,,,,,,,,,,,,,,,,,,,,,,,,,,,,,,,,,,,,,,,,,,,,,,,,,,,,,,,,,,,,,,,,,,,,,,,,,,,,,,,,,,,,,,,,
1907,7,6.4,-39.7,,,,,,,,,,,,,,,,,,,,,,,,,,,,,,,,,,,12.3,12.3,14.42,13.33,3.0,1.79,2.0,0.7,4.81,4.81,5.63,5.21,3.0,0.7,2.0,0.7,11.32,11.32,13.27,12.27,3.0,1.65,2.0,0.7,1030.7,1030.7,1031.04,1030.87,3.0,0.29,2.0,0.7,,,,,,,,,,,,,,,,,,,,,,,,,,,,,,,,,,,,,,,,,,,,,,,,,,,,,,,,,,,,,,,,,,,,,,,,,,,,,,,,,,,,,,,,,,,,,,,,,,,,,,,,,,,,,,,,,,,,,,,,,,,,,,,,,,
1907,7,6.4,-25.7,,,,,,,,,,,,,,,,,,,,,,,,,,,,,,,,,,,9.3,9.3,9.3,9.3,1.0,0.0,30.0,1.0,0.0,0.0,0.0,0.0,1.0,0.0,30.0,1.0,9.3,9.3,9.3,9.3,1.0,0.0,30.0,1.0,1022.9,1022.9,1022.9,1022.9,1.0,0.0,30.0,1.0,,,,,,,,,,,,,,,,,,,,,,,,,,,,,,,,,,,,,,,,,,,,,,,,,,,,,,,,,,,,,,,,,,,,,,,,,,,,,,,,,,,,,,,,,,,,,,,,,,,,,,,,,,,,,,,,,,,,,,,,,,,,,,,,,,
1907,7,6.4,-23.7,,,,,,,,,,,,,,,,,,,,,,,,,,,,,,,,,,,7.53,9.3,9.3,8.43,3.0,1.5,28.0,0.7,-3.48,-3.48,-1.11,-2.32,3.0,2.01,28.0,0.7,7.31,8.62,8.62,7.98,3.0,1.11,28.0,0.7,1018.0,1018.0,1018.0,1018.0,1.0,0.0,30.0,0.0,,,,,,,,,,,,,,,,,,,,,,,,,,,,,,,,,,,,,,,,,,,,,,,,,,,,,,,,,,,,,,,,,,,,,,,,,,,,,,,,,,,,,,,,,,,,,,,,,,,,,,,,,,,,,,,,,,,,,,,,,,,,,,,,,,
1907,7,6.4,-21.7,,,,,,,,,,,,,,,,,,,,,,,,,,,,,,,,,,,2.6,4.6,6.7,4.53,15.0,2.48,20.0,0.7,-3.25,-2.51,0.95,-1.15,15.0,2.42,20.0,0.7,0.22,3.25,6.21,3.5,15.0,2.77,20.0,0.7,1014.5,1015.45,1017.35,1015.88,6.0,1.76,24.0,0.7,,,,,,,,,,,,,,,,,,,,,,,,,,,,,,,,,,,,,,,,,,,,,,,,,,,,,,,,,,,,,,,,,,,,,,,,,,,,,,,,,,,,,,,,,,,,,,,,,,,,,,,,,,,,,,,,,,,,,,,,,,,,,,,,,,
1907,7,6.4,-19.7,,,,,,,,,,,,,,,,,,,,,,,,,,,,,,,,,,,2.92,6.7,6.7,4.94,5.0,2.91,14.0,0.4,-2.51,-2.51,-1.09,-1.85,5.0,1.09,14.0,0.4,2.71,6.21,6.21,4.58,5.0,2.7,14.0,0.4,1015.11,1015.35,1015.59,1015.35,2.0,0.5,16.0,1.0,,,,,,,,,,,,,,,,,,,,,,,,,,,,,,,,,,,,,,,,,,,,,,,,,,,,,,,,,,,,,,,,,,,,,,,,,,,,,,,,,,,,,,,,,,,,,,,,,,,,,,,,,,,,,,,,,,,,,,,,,,,,,,,,,,
1907,7,6.4,-17.7,,,,,,,,,,,,,,,,,,,,,,,,,,,,,,,,,,,6.7,6.7,9.3,7.74,5.0,1.42,22.0,0.2,-3.48,-2.51,0.68,-1.16,5.0,4.15,22.0,0.2,4.86,6.21,8.62,6.44,5.0,2.5,22.0,0.2,1018.3,1018.3,1018.3,1018.3,1.0,0.0,22.0,0.0,,,,,,,,,,,,,,,,,,,,,,,,,,,,,,,,,,,,,,,,,,,,,,,,,,,,,,,,,,,,,,,,,,,,,,,,,,,,,,,,,,,,,,,,,,,,,,,,,,,,,,,,,,,,,,,,,,,,,,,,,,,,,,,,,,
1907,7,6.4,-15.7,,,,,,,,,,,,,,,,,,,,,,,,,,,,,,,,,,,4.6,4.6,6.13,5.47,9.0,2.76,10.0,0.6,-3.25,0.0,3.25,-0.6,9.0,4.34,10.0,0.6,3.25,3.25,4.6,4.06,9.0,1.85,10.0,0.6,1016.95,1019.0,1019.55,1018.27,3.0,2.0,18.0,0.7,,,,,,,,,,,,,,,,,,,,,,,,,,,,,,,,,,,,,,,,,,,,,,,,,,,,,,,,,,,,,,,,,,,,,,,,,,,,,,,,,,,,,,,,,,,,,,,,,,,,,,,,,,,,,,,,,,,,,,,,,,,,,,,,,,
1907,7,6.4,-13.7,,,,,,,,,,,,,,,,,,,,,,,,,,,,,,,,,,,3.55,4.6,5.7,4.63,4.0,1.67,6.0,0.8,-2.48,0.0,0.96,-0.72,4.0,2.81,6.0,0.8,3.15,4.6,4.67,3.94,4.0,1.41,6.0,0.8,1016.7,1017.35,1018.0,1017.35,2.0,1.34,12.0,1.0,,,,,,,,,,,,,,,,,,,,,,,,,,,,,,,,,,,,,,,,,,,,,,,,,,,,,,,,,,,,,,,,,,,,,,,,,,,,,,,,,,,,,,,,,,,,,,,,,,,,,,,,,,,,,,,,,,,,,,,,,,,,,,,,,,
1907,7,6.4,0.3,,,,,,,,,,,,,,,,,,,,,,,,,,,,,,,,,,,4.6,4.6,4.6,4.6,2.0,0.0,30.0,0.0,3.25,3.25,3.25,3.25,2.0,0.0,30.0,0.0,3.25,3.25,3.25,3.25,2.0,0.0,30.0,0.0,1015.19,1015.8,1016.41,1015.8,2.0,1.27,30.0,0.0,,,,,,,,,,,,,,,,,,,,,,,,,,,,,,,,,,,,,,,,,,,,,,,,,,,,,,,,,,,,,,,,,,,,,,,,,,,,,,,,,,,,,,,,,,,,,,,,,,,,,,,,,,,,,,,,,,,,,,,,,,,,,,,,,,
1907,7,6.4,2.3,,,,,,,,,,,,,,,,,,,,,,,,,,,,,,,,,,,4.6,4.6,4.6,4.6,3.0,0.0,30.0,0.0,3.25,3.25,3.25,3.25,3.0,0.0,30.0,0.0,3.25,3.25,3.25,3.25,3.0,0.0,30.0,0.0,1014.6,1014.8,1015.0,1014.8,2.0,0.42,30.0,0.0,,,,,,,,,,,,,,,,,,,,,,,,,,,,,,,,,,,,,,,,,,,,,,,,,,,,,,,,,,,,,,,,,,,,,,,,,,,,,,,,,,,,,,,,,,,,,,,,,,,,,,,,,,,,,,,,,,,,,,,,,,,,,,,,,,
1907,7,6.4,4.3,,,,,,,,,,,,,,,,,,,,,,,,,,,,,,,,,,,4.6,9.3,9.3,7.29,7.0,2.51,26.0,0.7,1.8,6.58,6.58,4.74,7.0,2.35,26.0,0.7,4.19,6.58,6.58,5.43,7.0,1.46,26.0,0.7,1014.1,1014.1,1014.1,1014.1,1.0,0.0,30.0,1.0,,,,,,,,,,,,,,,,,,,,,,,,,,,,,,,,,,,,,,,,,,,,,,,,,,,,,,,,,,,,,,,,,,,,,,,,,,,,,,,,,,,,,,,,,,,,,,,,,,,,,,,,,,,,,,,,,,,,,,,,,,,,,,,,,,
1907,7,6.4,36.3,,,,,,,,,,,,,,,,,,,,,,,,,,,,,,,,,,,1.0,2.6,6.7,3.6,34.0,2.7,20.0,0.4,-2.58,0.0,4.74,0.45,34.0,3.57,20.0,0.4,-3.25,-0.19,0.78,-1.02,34.0,2.58,20.0,0.4,1012.12,1018.2,1024.84,1017.9,7.0,5.82,24.0,0.6,,,,,,,,,,,,,,,,,,,,,,,,,,,,,,,,,,,,,,,,,,,,,,,,,,,,,,,,,,,,,,,,,,,,,,,,,,,,,,,,,,,,,,,,,,,,,,,,,,,,,,,,,,,,,,,,,,,,,,,,,,,,,,,,,,
1907,7,6.4,40.3,,,,,,,,,,,,,,,,,,,,,,,,,,,,,,,,,,,1.69,3.6,6.7,4.17,10.0,2.73,16.0,0.7,0.0,2.1,3.5,1.86,10.0,1.76,16.0,0.7,-5.58,-0.7,1.9,-1.47,10.0,4.17,16.0,0.7,1013.15,1015.2,1015.4,1014.3,3.0,1.82,16.0,1.0,,,,,,,,,,,,,,,,,,,,,,,,,,,,,,,,,,,,,,,,,,,,,,,,,,,,,,,,,,,,,,,,,,,,,,,,,,,,,,,,,,,,,,,,,,,,,,,,,,,,,,,,,,,,,,,,,,,,,,,,,,,,,,,,,,
1907,7,6.4,42.3,,,,,,,,,,,,,,,,,,,,,,,,,,,,,,,,,,,1.0,2.6,6.7,3.8,99.0,3.28,14.0,0.3,-0.95,1.8,6.21,2.32,99.0,3.91,14.0,0.3,-0.84,0.0,2.4,0.39,99.0,2.13,14.0,0.3,1008.6,1014.3,1018.76,1014.18,44.0,5.28,14.0,0.4,,,,,,,,,,,,,,,,,,,,,,,,,,,,,,,,,,,,,,,,,,,,,,,,,,,,,,,,,,,,,,,,,,,,,,,,,,,,,,,,,,,,,,,,,,,,,,,,,,,,,,,,,,,,,,,,,,,,,,,,,,,,,,,,,,
1907,7,6.4,52.3,,,,,,,,,,,,,,,,,,,,,,,,,,,,,,,,,,,2.6,4.6,9.3,6.28,348.0,3.5,16.0,0.7,0.0,2.6,5.7,2.55,348.0,3.41,16.0,0.7,-8.45,-3.25,3.25,-2.75,348.0,5.11,16.0,0.7,1008.57,1013.15,1023.62,1015.48,68.0,6.42,16.0,0.6,,,,,,,,,,,,,,,,,,,,,,,,,,,,,,,,,,,,,,,,,,,,,,,,,,,,,,,,,,,,,,,,,,,,,,,,,,,,,,,,,,,,,,,,,,,,,,,,,,,,,,,,,,,,,,,,,,,,,,,,,,,,,,,,,,
1907,7,6.4,54.3,,,,,,,,,,,,,,,,,,,,,,,,,,,,,,,,,,,2.6,6.7,9.74,6.82,90.0,4.07,14.0,0.7,0.0,3.25,4.8,3.47,90.0,3.47,14.0,0.7,-8.69,-2.51,3.25,-2.31,90.0,5.83,14.0,0.7,1012.08,1017.0,1023.35,1017.1,5.0,7.39,12.0,0.6,,,,,,,,,,,,,,,,,,,,,,,,,,,,,,,,,,,,,,,,,,,,,,,,,,,,,,,,,,,,,,,,,,,,,,,,,,,,,,,,,,,,,,,,,,,,,,,,,,,,,,,,,,,,,,,,,,,,,,,,,,,,,,,,,,
1907,7,6.4,56.3,,,,,,,,,,,,,,,,,,,,,,,,,,,,,,,,,,,4.6,9.3,12.3,8.51,83.0,4.11,20.0,0.9,1.72,5.77,9.3,5.85,83.0,3.96,20.0,0.9,-8.62,-3.63,2.5,-2.95,83.0,5.58,20.0,0.9,1010.95,1012.6,1015.0,1012.8,7.0,1.95,20.0,1.0,,,,,,,,,,,,,,,,,,,,,,,,,,,,,,,,,,,,,,,,,,,,,,,,,,,,,,,,,,,,,,,,,,,,,,,,,,,,,,,,,,,,,,,,,,,,,,,,,,,,,,,,,,,,,,,,,,,,,,,,,,,,,,,,,,
1907,7,6.4,58.3,,,,,,,,,,,,,,,,,,,,,,,,,,,,,,,,,,,1.51,2.6,3.97,2.73,3.0,1.8,16.0,1.0,1.27,1.84,3.47,2.36,3.0,1.68,16.0,1.0,-1.83,-1.8,-0.57,-1.21,3.0,1.05,16.0,1.0,1004.9,1004.9,1004.9,1004.9,1.0,0.0,4.0,1.0,,,,,,,,,,,,,,,,,,,,,,,,,,,,,,,,,,,,,,,,,,,,,,,,,,,,,,,,,,,,,,,,,,,,,,,,,,,,,,,,,,,,,,,,,,,,,,,,,,,,,,,,,,,,,,,,,,,,,,,,,,,,,,,,,,
1907,7,6.4,62.3,,,,,,,,,,,,,,,,,,,,,,,,,,,,,,,,,,,0.0,2.6,7.2,4.04,25.0,3.51,20.0,0.8,-4.27,0.0,0.71,-1.31,25.0,2.5,20.0,0.8,-6.6,-1.84,0.0,-3.12,25.0,3.33,20.0,0.8,997.16,997.5,997.84,997.5,2.0,0.71,30.0,1.0,,,,,,,,,,,,,,,,,,,,,,,,,,,,,,,,,,,,,,,,,,,,,,,,,,,,,,,,,,,,,,,,,,,,,,,,,,,,,,,,,,,,,,,,,,,,,,,,,,,,,,,,,,,,,,,,,,,,,,,,,,,,,,,,,,
1907,7,8.4,-41.7,,,,,,,,,,,,,,,,,,,,,,,,,,,,,,,,,,,12.3,12.3,12.3,12.3,2.0,0.0,24.0,1.0,-4.81,-4.81,-4.81,-4.81,2.0,0.0,24.0,1.0,-11.32,-11.32,-11.32,-11.32,2.0,0.0,24.0,1.0,1026.2,1026.85,1027.5,1026.85,2.0,1.34,24.0,1.0,,,,,,,,,,,,,,,,,,,,,,,,,,,,,,,,,,,,,,,,,,,,,,,,,,,,,,,,,,,,,,,,,,,,,,,,,,,,,,,,,,,,,,,,,,,,,,,,,,,,,,,,,,,,,,,,,,,,,,,,,,,,,,,,,,
1907,7,8.4,-39.7,,,,,,,,,,,,,,,,,,,,,,,,,,,,,,,,,,,9.78,10.8,11.82,10.8,2.0,2.12,2.0,0.0,4.87,7.52,10.17,7.52,2.0,5.49,2.0,0.0,5.24,6.58,7.93,6.58,2.0,2.8,2.0,0.0,1030.63,1030.7,1030.77,1030.7,2.0,0.14,2.0,0.0,,,,,,,,,,,,,,,,,,,,,,,,,,,,,,,,,,,,,,,,,,,,,,,,,,,,,,,,,,,,,,,,,,,,,,,,,,,,,,,,,,,,,,,,,,,,,,,,,,,,,,,,,,,,,,,,,,,,,,,,,,,,,,,,,,
1907,7,8.4,-27.7,,,,,,,,,,,,,,,,,,,,,,,,,,,,,,,,,,,6.7,6.7,6.7,6.7,1.0,0.0,30.0,1.0,-2.51,-2.51,-2.51,-2.51,1.0,0.0,30.0,1.0,6.21,6.21,6.21,6.21,1.0,0.0,30.0,1.0,1023.7,1023.7,1023.7,1023.7,1.0,0.0,30.0,1.0,,,,,,,,,,,,,,,,,,,,,,,,,,,,,,,,,,,,,,,,,,,,,,,,,,,,,,,,,,,,,,,,,,,,,,,,,,,,,,,,,,,,,,,,,,,,,,,,,,,,,,,,,,,,,,,,,,,,,,,,,,,,,,,,,,
1907,7,8.4,-23.7,,,,,,,,,,,,,,,,,,,,,,,,,,,,,,,,,,,2.6,5.65,9.3,5.85,14.0,3.77,18.0,0.4,-4.19,-2.06,1.72,-1.64,14.0,3.84,18.0,0.4,0.06,4.5,8.62,4.39,14.0,3.56,18.0,0.4,1013.62,1014.1,1016.97,1015.27,3.0,2.65,22.0,0.7,,,,,,,,,,,,,,,,,,,,,,,,,,,,,,,,,,,,,,,,,,,,,,,,,,,,,,,,,,,,,,,,,,,,,,,,,,,,,,,,,,,,,,,,,,,,,,,,,,,,,,,,,,,,,,,,,,,,,,,,,,,,,,,,,,
1907,7,8.4,-21.7,,,,,,,,,,,,,,,,,,,,,,,,,,,,,,,,,,,2.6,2.6,2.6,2.6,1.0,0.0,18.0,0.0,1.02,1.02,1.02,1.02,1.0,0.0,18.0,0.0,2.39,2.39,2.39,2.39,1.0,0.0,18.0,0.0,1013.7,1013.7,1013.7,1013.7,1.0,0.0,18.0,0.0,,,,,,,,,,,,,,,,,,,,,,,,,,,,,,,,,,,,,,,,,,,,,,,,,,,,,,,,,,,,,,,,,,,,,,,,,,,,,,,,,,,,,,,,,,,,,,,,,,,,,,,,,,,,,,,,,,,,,,,,,,,,,,,,,,
1907,7,8.4,-17.7,,,,,,,,,,,,,,,,,,,,,,,,,,,,,,,,,,,4.6,4.6,6.7,5.13,9.0,1.87,12.0,0.6,-4.14,0.0,2.86,-0.24,9.0,3.41,12.0,0.6,3.52,4.27,4.74,4.16,9.0,1.42,12.0,0.6,1018.05,1019.8,1020.54,1019.32,5.0,1.48,20.0,0.4,,,,,,,,,,,,,,,,,,,,,,,,,,,,,,,,,,,,,,,,,,,,,,,,,,,,,,,,,,,,,,,,,,,,,,,,,,,,,,,,,,,,,,,,,,,,,,,,,,,,,,,,,,,,,,,,,,,,,,,,,,,,,,,,,,
1907,7,8.4,-15.7,,,,,,,,,,,,,,,,,,,,,,,,,,,,,,,,,,,1.76,2.6,4.75,3.23,4.0,2.44,8.0,0.3,-2.19,-0.92,0.0,-1.09,4.0,1.28,8.0,0.3,1.4,2.22,4.49,2.91,4.0,2.29,8.0,0.3,1017.0,1017.0,1017.0,1017.0,1.0,0.0,12.0,0.0,,,,,,,,,,,,,,,,,,,,,,,,,,,,,,,,,,,,,,,,,,,,,,,,,,,,,,,,,,,,,,,,,,,,,,,,,,,,,,,,,,,,,,,,,,,,,,,,,,,,,,,,,,,,,,,,,,,,,,,,,,,,,,,,,,
1907,7,8.4,-3.7,,,,,,,,,,,,,,,,,,,,,,,,,,,,,,,,,,,1.24,2.6,3.65,2.45,4.0,1.89,16.0,0.8,0.0,0.0,1.36,0.65,4.0,1.3,16.0,0.8,0.0,1.3,3.65,1.8,4.0,2.23,16.0,0.8,1016.21,1017.1,1017.71,1016.97,3.0,1.11,18.0,1.0,,,,,,,,,,,,,,,,,,,,,,,,,,,,,,,,,,,,,,,,,,,,,,,,,,,,,,,,,,,,,,,,,,,,,,,,,,,,,,,,,,,,,,,,,,,,,,,,,,,,,,,,,,,,,,,,,,,,,,,,,,,,,,,,,,
1907,7,8.4,-1.7,,,,,,,,,,,,,,,,,,,,,,,,,,,,,,,,,,,1.0,1.8,4.6,2.22,12.0,1.65,18.0,0.7,0.0,0.85,1.42,0.88,12.0,1.07,18.0,0.7,0.0,0.85,3.6,1.6,12.0,1.82,18.0,0.7,1015.4,1016.2,1016.57,1015.93,9.0,0.79,20.0,0.7,,,,,,,,,,,,,,,,,,,,,,,,,,,,,,,,,,,,,,,,,,,,,,,,,,,,,,,,,,,,,,,,,,,,,,,,,,,,,,,,,,,,,,,,,,,,,,,,,,,,,,,,,,,,,,,,,,,,,,,,,,,,,,,,,,
1907,7,8.4,0.3,,,,,,,,,,,,,,,,,,,,,,,,,,,,,,,,,,,2.92,3.6,4.28,3.6,2.0,1.41,28.0,0.5,2.06,2.55,3.03,2.55,2.0,1.0,28.0,0.5,2.06,2.55,3.03,2.55,2.0,1.0,28.0,0.5,1014.27,1015.05,1015.84,1015.05,2.0,1.63,28.0,0.5,,,,,,,,,,,,,,,,,,,,,,,,,,,,,,,,,,,,,,,,,,,,,,,,,,,,,,,,,,,,,,,,,,,,,,,,,,,,,,,,,,,,,,,,,,,,,,,,,,,,,,,,,,,,,,,,,,,,,,,,,,,,,,,,,,
1907,7,8.4,2.3,,,,,,,,,,,,,,,,,,,,,,,,,,,,,,,,,,,4.5,4.6,6.82,5.29,7.0,2.13,24.0,0.3,2.58,3.25,3.27,3.01,7.0,0.6,24.0,0.3,3.19,3.25,6.28,4.23,7.0,2.31,24.0,0.3,1012.22,1012.9,1013.58,1012.9,2.0,1.41,30.0,0.5,,,,,,,,,,,,,,,,,,,,,,,,,,,,,,,,,,,,,,,,,,,,,,,,,,,,,,,,,,,,,,,,,,,,,,,,,,,,,,,,,,,,,,,,,,,,,,,,,,,,,,,,,,,,,,,,,,,,,,,,,,,,,,,,,,
1907,7,8.4,36.3,,,,,,,,,,,,,,,,,,,,,,,,,,,,,,,,,,,1.0,2.6,6.7,3.79,59.0,2.42,16.0,0.5,-0.92,2.6,6.6,2.39,59.0,3.32,16.0,0.5,-3.12,0.0,0.0,-0.81,59.0,1.72,16.0,0.5,1013.65,1018.3,1022.79,1018.42,11.0,4.46,20.0,0.3,,,,,,,,,,,,,,,,,,,,,,,,,,,,,,,,,,,,,,,,,,,,,,,,,,,,,,,,,,,,,,,,,,,,,,,,,,,,,,,,,,,,,,,,,,,,,,,,,,,,,,,,,,,,,,,,,,,,,,,,,,,,,,,,,,
1907,7,8.4,40.3,20.1,21.25,22.3,21.07,46.0,1.33,16.0,0.5,19.88,21.65,22.8,21.4,44.0,1.37,16.0,0.5,11.86,12.33,12.49,12.18,3.0,0.48,20.0,0.3,76.3,85.0,88.3,82.4,3.0,9.1,20.0,0.3,0.5,0.6,0.98,2.6,4.6,3.13,45.0,2.3,16.0,0.5,0.0,1.84,4.6,1.84,45.0,2.95,16.0,0.5,-1.8,0.0,0.71,-0.35,45.0,1.74,16.0,0.5,1013.77,1014.5,1017.44,1015.65,24.0,3.36,14.0,0.5,0.0,1.0,4.0,2.0,37.0,2.4,16.0,0.4,76.3,85.0,88.3,82.4,3.0,9.1,20.0,0.3,0.5,0.6,0.0,4.8,21.2,8.9,45.0,19.6,16.0,0.5,-7.2,0.0,0.7,-2.0,45.0,8.7,16.0,0.5,-1.32,-0.2,0.7,-0.29,44.0,1.09,16.0,0.5,-5.1,-0.2,2.8,-1.3,43.0,3.9,16.0,0.5,2.59,2.75,3.22,2.9,3.0,0.48,20.0,0.3,8.5,12.7,14.8,11.7,3.0,4.7,20.0,0.3,0.0,38.6,101.6,40.3,43.0,63.4,16.0,0.5,-40.5,0.0,16.0,-7.0,43.0,38.1,16.0,0.5,28.0,34.4,35.8,32.0,3.0,6.1,20.0,0.3,-42.7,-41.0,1.3,-21.2,3.0,36.5,20.0,0.3,6.0,8.1,9.5,7.8,3.0,2.6,20.0,0.3,-11.4,-9.7,-0.2,-5.9,3.0,8.8,20.0,0.3,1.0,17.5,97.5,84.5,45.0,143.5,16.0,0.5,0.0,20.0,95.0,85.0,45.0,145.0,16.0,0.5
1907,7,8.4,42.3,,,,,,,,,,,,,,,,,,,,,,,,,,,,,,,,,,,1.0,2.6,4.6,3.13,33.0,2.31,16.0,0.6,-1.64,0.0,3.25,1.16,33.0,2.72,16.0,0.6,-0.71,1.0,4.16,1.06,33.0,2.34,16.0,0.6,1008.55,1013.9,1018.99,1013.73,14.0,4.47,14.0,0.4,,,,,,,,,,,,,,,,,,,,,,,,,,,,,,,,,,,,,,,,,,,,,,,,,,,,,,,,,,,,,,,,,,,,,,,,,,,,,,,,,,,,,,,,,,,,,,,,,,,,,,,,,,,,,,,,,,,,,,,,,,,,,,,,,,
1907,7,8.4,52.3,,,,,,,,,,,,,,,,,,,,,,,,,,,,,,,,,,,4.6,4.6,6.7,5.6,9.0,1.95,12.0,0.9,0.0,2.62,4.34,2.31,9.0,2.32,12.0,0.9,-5.74,-2.41,4.7,-0.62,9.0,5.22,12.0,0.9,1025.0,1025.0,1025.0,1025.0,1.0,0.0,16.0,1.0,,,,,,,,,,,,,,,,,,,,,,,,,,,,,,,,,,,,,,,,,,,,,,,,,,,,,,,,,,,,,,,,,,,,,,,,,,,,,,,,,,,,,,,,,,,,,,,,,,,,,,,,,,,,,,,,,,,,,,,,,,,,,,,,,,
1907,7,8.4,54.3,,,,,,,,,,,,,,,,,,,,,,,,,,,,,,,,,,,4.6,5.65,9.3,6.68,16.0,3.98,20.0,0.6,-1.11,3.48,6.58,3.55,16.0,5.27,20.0,0.6,-6.58,-2.98,0.0,-2.82,16.0,3.7,20.0,0.6,1004.6,1004.6,1004.6,1004.6,1.0,0.0,30.0,1.0,,,,,,,,,,,,,,,,,,,,,,,,,,,,,,,,,,,,,,,,,,,,,,,,,,,,,,,,,,,,,,,,,,,,,,,,,,,,,,,,,,,,,,,,,,,,,,,,,,,,,,,,,,,,,,,,,,,,,,,,,,,,,,,,,,
1907,7,8.4,56.3,,,,,,,,,,,,,,,,,,,,,,,,,,,,,,,,,,,2.6,6.7,12.3,7.17,92.0,4.57,18.0,0.8,0.31,4.74,9.3,5.23,92.0,4.95,18.0,0.8,-4.78,-0.2,2.97,-1.08,92.0,4.42,18.0,0.8,1011.96,1012.15,1015.21,1013.18,6.0,1.83,24.0,0.5,,,,,,,,,,,,,,,,,,,,,,,,,,,,,,,,,,,,,,,,,,,,,,,,,,,,,,,,,,,,,,,,,,,,,,,,,,,,,,,,,,,,,,,,,,,,,,,,,,,,,,,,,,,,,,,,,,,,,,,,,,,,,,,,,,
1907,7,8.4,64.3,,,,,,,,,,,,,,,,,,,,,,,,,,,,,,,,,,,1.0,4.6,9.3,4.58,32.0,3.64,18.0,0.8,-3.28,0.0,3.64,-0.34,32.0,3.56,18.0,0.8,-6.58,-0.54,0.26,-1.41,32.0,4.48,18.0,0.8,999.0,999.0,999.0,999.0,1.0,0.0,30.0,1.0,,,,,,,,,,,,,,,,,,,,,,,,,,,,,,,,,,,,,,,,,,,,,,,,,,,,,,,,,,,,,,,,,,,,,,,,,,,,,,,,,,,,,,,,,,,,,,,,,,,,,,,,,,,,,,,,,,,,,,,,,,,,,,,,,,
1907,7,10.4,-41.7,,,,,,,,,,,,,,,,,,,,,,,,,,,,,,,,,,,10.25,12.3,12.3,11.3,3.0,1.73,16.0,0.7,-4.81,-4.81,4.36,-0.33,3.0,7.75,16.0,0.7,-11.32,-11.32,-1.22,-6.39,3.0,8.55,16.0,0.7,1024.8,1027.6,1030.6,1027.7,3.0,4.25,16.0,0.7,,,,,,,,,,,,,,,,,,,,,,,,,,,,,,,,,,,,,,,,,,,,,,,,,,,,,,,,,,,,,,,,,,,,,,,,,,,,,,,,,,,,,,,,,,,,,,,,,,,,,,,,,,,,,,,,,,,,,,,,,,,,,,,,,,
1907,7,10.4,-39.7,,,,,,,,,,,,,,,,,,,,,,,,,,,,,,,,,,,9.3,9.3,9.3,9.3,2.0,0.0,4.0,1.0,8.62,8.62,8.62,8.62,2.0,0.0,4.0,1.0,3.48,3.48,3.48,3.48,2.0,0.0,4.0,1.0,1032.19,1032.6,1033.01,1032.6,2.0,0.85,4.0,1.0,,,,,,,,,,,,,,,,,,,,,,,,,,,,,,,,,,,,,,,,,,,,,,,,,,,,,,,,,,,,,,,,,,,,,,,,,,,,,,,,,,,,,,,,,,,,,,,,,,,,,,,,,,,,,,,,,,,,,,,,,,,,,,,,,,
1907,7,10.4,-29.7,,,,,,,,,,,,,,,,,,,,,,,,,,,,,,,,,,,6.7,6.7,6.7,6.7,1.0,0.0,28.0,1.0,-4.74,-4.74,-4.74,-4.74,1.0,0.0,28.0,1.0,4.74,4.74,4.74,4.74,1.0,0.0,28.0,1.0,1024.8,1024.8,1024.8,1024.8,1.0,0.0,28.0,1.0,,,,,,,,,,,,,,,,,,,,,,,,,,,,,,,,,,,,,,,,,,,,,,,,,,,,,,,,,,,,,,,,,,,,,,,,,,,,,,,,,,,,,,,,,,,,,,,,,,,,,,,,,,,,,,,,,,,,,,,,,,,,,,,,,,
1907,7,10.4,-27.7,,,,,,,,,,,,,,,,,,,,,,,,,,,,,,,,,,,6.7,9.3,11.49,8.64,9.0,3.01,22.0,0.6,-6.58,-4.74,-0.65,-4.46,9.0,3.07,22.0,0.6,5.23,6.58,9.14,6.84,9.0,2.93,22.0,0.6,1017.94,1018.25,1018.56,1018.25,2.0,0.64,18.0,1.0,,,,,,,,,,,,,,,,,,,,,,,,,,,,,,,,,,,,,,,,,,,,,,,,,,,,,,,,,,,,,,,,,,,,,,,,,,,,,,,,,,,,,,,,,,,,,,,,,,,,,,,,,,,,,,,,,,,,,,,,,,,,,,,,,,
1907,7,10.4,-25.7,,,,,,,,,,,,,,,,,,,,,,,,,,,,,,,,,,,2.6,9.3,10.06,8.13,12.0,3.52,18.0,0.4,-6.58,-2.94,0.0,-2.84,12.0,3.95,18.0,0.4,1.02,7.6,9.3,6.56,12.0,3.62,18.0,0.4,1015.06,1015.4,1015.47,1015.27,3.0,0.32,18.0,0.0,,,,,,,,,,,,,,,,,,,,,,,,,,,,,,,,,,,,,,,,,,,,,,,,,,,,,,,,,,,,,,,,,,,,,,,,,,,,,,,,,,,,,,,,,,,,,,,,,,,,,,,,,,,,,,,,,,,,,,,,,,,,,,,,,,
1907,7,10.4,-21.7,,,,,,,,,,,,,,,,,,,,,,,,,,,,,,,,,,,8.76,9.3,9.3,8.87,6.0,1.06,20.0,0.7,-3.48,-3.48,-1.24,-2.14,6.0,2.85,20.0,0.7,8.08,8.62,8.62,8.21,6.0,0.98,20.0,0.7,1018.6,1018.6,1018.6,1018.6,1.0,0.0,22.0,0.0,,,,,,,,,,,,,,,,,,,,,,,,,,,,,,,,,,,,,,,,,,,,,,,,,,,,,,,,,,,,,,,,,,,,,,,,,,,,,,,,,,,,,,,,,,,,,,,,,,,,,,,,,,,,,,,,,,,,,,,,,,,,,,,,,,
1907,7,10.4,-19.7,,,,,,,,,,,,,,,,,,,,,,,,,,,,,,,,,,,2.6,6.7,7.77,5.44,11.0,2.89,8.0,0.4,-3.35,-2.51,1.08,-1.71,11.0,2.77,8.0,0.4,0.0,6.17,6.63,4.18,11.0,3.28,8.0,0.4,1015.76,1018.0,1020.08,1017.78,5.0,2.72,16.0,0.6,,,,,,,,,,,,,,,,,,,,,,,,,,,,,,,,,,,,,,,,,,,,,,,,,,,,,,,,,,,,,,,,,,,,,,,,,,,,,,,,,,,,,,,,,,,,,,,,,,,,,,,,,,,,,,,,,,,,,,,,,,,,,,,,,,
1907,7,10.4,-17.7,,,,,,,,,,,,,,,,,,,,,,,,,,,,,,,,,,,1.69,4.6,4.6,3.85,10.0,2.55,8.0,0.6,-3.25,-1.72,1.01,-1.23,10.0,2.18,8.0,0.6,0.42,3.25,4.27,3.03,10.0,2.53,8.0,0.6,1015.47,1017.75,1018.51,1017.03,4.0,2.18,14.0,0.8,,,,,,,,,,,,,,,,,,,,,,,,,,,,,,,,,,,,,,,,,,,,,,,,,,,,,,,,,,,,,,,,,,,,,,,,,,,,,,,,,,,,,,,,,,,,,,,,,,,,,,,,,,,,,,,,,,,,,,,,,,,,,,,,,,
1907,7,10.4,-15.7,,,,,,,,,,,,,,,,,,,,,,,,,,,,,,,,,,,2.06,2.6,3.01,2.5,6.0,1.46,10.0,0.2,0.0,1.84,2.6,1.48,6.0,1.2,10.0,0.2,0.0,0.92,2.41,1.38,6.0,1.82,10.0,0.2,1012.23,1012.3,1016.12,1014.13,3.0,3.26,16.0,0.0,,,,,,,,,,,,,,,,,,,,,,,,,,,,,,,,,,,,,,,,,,,,,,,,,,,,,,,,,,,,,,,,,,,,,,,,,,,,,,,,,,,,,,,,,,,,,,,,,,,,,,,,,,,,,,,,,,,,,,,,,,,,,,,,,,
1907,7,10.4,-13.7,,,,,,,,,,,,,,,,,,,,,,,,,,,,,,,,,,,1.0,3.6,5.03,3.42,6.0,2.28,10.0,0.8,-0.08,1.25,2.73,1.33,6.0,1.46,10.0,0.8,0.56,2.09,4.74,2.64,6.0,2.57,10.0,0.8,1016.59,1017.2,1018.36,1017.47,3.0,1.32,16.0,1.0,,,,,,,,,,,,,,,,,,,,,,,,,,,,,,,,,,,,,,,,,,,,,,,,,,,,,,,,,,,,,,,,,,,,,,,,,,,,,,,,,,,,,,,,,,,,,,,,,,,,,,,,,,,,,,,,,,,,,,,,,,,,,,,,,,
1907,7,10.4,-11.7,,,,,,,,,,,,,,,,,,,,,,,,,,,,,,,,,,,1.0,2.8,6.7,3.5,6.0,2.84,10.0,0.2,0.0,0.85,3.56,1.62,6.0,1.94,10.0,0.2,0.56,2.13,5.14,2.73,6.0,2.63,10.0,0.2,1016.77,1018.0,1018.27,1017.53,3.0,1.17,16.0,0.0,,,,,,,,,,,,,,,,,,,,,,,,,,,,,,,,,,,,,,,,,,,,,,,,,,,,,,,,,,,,,,,,,,,,,,,,,,,,,,,,,,,,,,,,,,,,,,,,,,,,,,,,,,,,,,,,,,,,,,,,,,,,,,,,,,
1907,7,10.4,-9.7,,,,,,,,,,,,,,,,,,,,,,,,,,,,,,,,,,,1.0,1.0,4.89,2.9,3.0,3.29,10.0,0.7,0.0,0.0,0.0,0.0,3.0,0.0,10.0,0.7,1.0,1.0,4.89,2.9,3.0,3.29,10.0,0.7,1017.2,1017.2,1017.2,1017.2,1.0,0.0,18.0,1.0,,,,,,,,,,,,,,,,,,,,,,,,,,,,,,,,,,,,,,,,,,,,,,,,,,,,,,,,,,,,,,,,,,,,,,,,,,,,,,,,,,,,,,,,,,,,,,,,,,,,,,,,,,,,,,,,,,,,,,,,,,,,,,,,,,
1907,7,10.4,-5.7,,,,,,,,,,,,,,,,,,,,,,,,,,,,,,,,,,,1.0,2.6,2.6,1.91,7.0,0.86,12.0,0.3,-0.04,1.0,1.06,0.71,7.0,0.9,12.0,0.3,-0.44,0.0,2.4,0.74,7.0,1.73,12.0,0.3,1014.93,1016.35,1018.29,1016.6,4.0,2.05,16.0,0.3,,,,,,,,,,,,,,,,,,,,,,,,,,,,,,,,,,,,,,,,,,,,,,,,,,,,,,,,,,,,,,,,,,,,,,,,,,,,,,,,,,,,,,,,,,,,,,,,,,,,,,,,,,,,,,,,,,,,,,,,,,,,,,,,,,
1907,7,10.4,-3.7,,,,,,,,,,,,,,,,,,,,,,,,,,,,,,,,,,,0.48,1.8,3.65,2.05,4.0,2.01,14.0,0.0,0.0,0.5,1.84,0.9,4.0,1.23,14.0,0.0,0.0,0.0,2.41,1.15,4.0,2.3,14.0,0.0,1014.77,1016.2,1016.34,1015.57,3.0,1.27,16.0,0.0,,,,,,,,,,,,,,,,,,,,,,,,,,,,,,,,,,,,,,,,,,,,,,,,,,,,,,,,,,,,,,,,,,,,,,,,,,,,,,,,,,,,,,,,,,,,,,,,,,,,,,,,,,,,,,,,,,,,,,,,,,,,,,,,,,
1907,7,10.4,36.3,,,,,,,,,,,,,,,,,,,,,,,,,,,,,,,,,,,2.6,4.6,6.7,4.57,43.0,2.62,18.0,0.5,0.0,3.25,4.74,2.85,43.0,2.95,18.0,0.5,-4.74,-2.62,0.0,-2.38,43.0,2.33,18.0,0.5,1015.03,1016.4,1022.0,1017.84,10.0,3.51,22.0,0.7,,,,,,,,,,,,,,,,,,,,,,,,,,,,,,,,,,,,,,,,,,,,,,,,,,,,,,,,,,,,,,,,,,,,,,,,,,,,,,,,,,,,,,,,,,,,,,,,,,,,,,,,,,,,,,,,,,,,,,,,,,,,,,,,,,
1907,7,10.4,38.3,,,,,,,,,,,,,,,,,,,,,,,,,,,,,,,,,,,0.0,1.8,4.6,2.12,38.0,1.95,22.0,0.5,-0.74,0.0,1.11,0.35,38.0,1.71,22.0,0.5,-1.0,0.0,2.6,0.54,38.0,2.25,22.0,0.5,1015.0,1016.0,1018.05,1016.5,4.0,1.91,18.0,0.5,,,,,,,,,,,,,,,,,,,,,,,,,,,,,,,,,,,,,,,,,,,,,,,,,,,,,,,,,,,,,,,,,,,,,,,,,,,,,,,,,,,,,,,,,,,,,,,,,,,,,,,,,,,,,,,,,,,,,,,,,,,,,,,,,,
1907,7,10.4,40.3,20.6,22.0,23.4,21.91,58.0,1.57,16.0,0.6,20.8,22.6,24.22,22.51,54.0,1.63,16.0,0.6,12.25,12.42,12.58,12.42,2.0,0.34,20.0,1.0,74.6,77.4,80.1,77.4,2.0,5.8,20.0,1.0,0.4,0.3,1.0,2.6,4.6,2.63,54.0,1.84,14.0,0.6,-1.84,0.35,2.98,0.71,54.0,2.31,14.0,0.6,-1.0,0.71,2.39,0.74,54.0,1.99,14.0,0.6,1012.38,1015.1,1017.73,1014.91,31.0,4.7,14.0,0.5,0.0,1.0,5.0,1.9,57.0,2.5,16.0,0.6,74.6,77.4,80.1,77.4,2.0,5.8,20.0,1.0,0.4,0.3,-4.8,0.4,12.2,3.4,54.0,11.0,14.0,0.6,-1.0,0.7,6.2,3.2,54.0,10.6,14.0,0.6,-1.76,-0.6,0.26,-0.7,54.0,1.12,16.0,0.6,-5.2,-1.3,0.3,-2.8,50.0,4.8,14.0,0.6,2.91,2.91,2.91,2.91,2.0,0.0,20.0,1.0,7.6,7.6,7.6,7.6,2.0,0.0,20.0,1.0,-26.1,16.0,80.1,20.2,50.0,50.8,14.0,0.6,-24.3,15.5,57.1,17.4,50.0,46.4,14.0,0.6,12.5,16.0,19.5,16.0,2.0,7.3,20.0,1.0,-29.0,-27.5,-25.9,-27.5,2.0,3.2,20.0,1.0,3.0,3.7,4.5,3.7,2.0,1.6,20.0,1.0,-6.9,-6.5,-6.0,-6.5,2.0,0.9,20.0,1.0,1.0,17.5,97.5,47.5,54.0,80.0,14.0,0.6,0.0,20.0,95.0,50.0,54.0,80.0,14.0,0.6
1907,7,10.4,42.3,,,,,,,,,,,,,,,,,,,,,,,,,,,,,,,,,,,1.0,2.6,5.64,3.26,42.0,2.25,16.0,0.3,-2.54,0.0,2.61,0.36,42.0,2.8,16.0,0.3,-3.25,0.0,2.4,-0.24,42.0,2.82,16.0,0.3,1010.17,1013.8,1017.13,1013.31,19.0,3.63,16.0,0.2,,,,,,,,,,,,,,,,,,,,,,,,,,,,,,,,,,,,,,,,,,,,,,,,,,,,,,,,,,,,,,,,,,,,,,,,,,,,,,,,,,,,,,,,,,,,,,,,,,,,,,,,,,,,,,,,,,,,,,,,,,,,,,,,,,
1907,7,10.4,56.3,,,,,,,,,,,,,,,,,,,,,,,,,,,,,,,,,,,2.6,6.7,9.3,5.73,140.0,3.55,18.0,0.8,-0.71,1.41,6.7,2.54,140.0,4.33,18.0,0.8,-6.17,-1.01,2.51,-1.59,140.0,4.23,18.0,0.8,1009.03,1011.4,1015.83,1012.45,11.0,3.38,22.0,0.8,,,,,,,,,,,,,,,,,,,,,,,,,,,,,,,,,,,,,,,,,,,,,,,,,,,,,,,,,,,,,,,,,,,,,,,,,,,,,,,,,,,,,,,,,,,,,,,,,,,,,,,,,,,,,,,,,,,,,,,,,,,,,,,,,,
1907,7,10.4,64.3,,,,,,,,,,,,,,,,,,,,,,,,,,,,,,,,,,,4.19,4.6,5.57,5.05,6.0,2.23,16.0,0.8,-4.36,-3.25,-1.64,-3.52,6.0,2.69,16.0,0.8,-3.7,-3.25,-2.96,-3.27,6.0,0.85,16.0,0.8,1001.9,1001.9,1001.9,1001.9,1.0,0.0,30.0,1.0,,,,,,,,,,,,,,,,,,,,,,,,,,,,,,,,,,,,,,,,,,,,,,,,,,,,,,,,,,,,,,,,,,,,,,,,,,,,,,,,,,,,,,,,,,,,,,,,,,,,,,,,,,,,,,,,,,,,,,,,,,,,,,,,,,
1907,7,10.4,66.3,,,,,,,,,,,,,,,,,,,,,,,,,,,,,,,,,,,1.0,2.6,7.61,4.33,24.0,3.59,20.0,0.8,-5.38,-0.5,0.97,-1.58,24.0,3.35,20.0,0.8,-6.58,-2.41,0.0,-2.87,24.0,3.16,20.0,0.8,1003.42,1006.25,1009.08,1006.25,2.0,5.87,30.0,0.5,,,,,,,,,,,,,,,,,,,,,,,,,,,,,,,,,,,,,,,,,,,,,,,,,,,,,,,,,,,,,,,,,,,,,,,,,,,,,,,,,,,,,,,,,,,,,,,,,,,,,,,,,,,,,,,,,,,,,,,,,,,,,,,,,,
1907,7,12.4,-41.7,,,,,,,,,,,,,,,,,,,,,,,,,,,,,,,,,,,8.76,10.8,12.3,10.37,6.0,2.32,14.0,0.2,-4.81,0.7,8.62,1.51,6.0,6.97,14.0,0.2,-11.32,-4.41,3.48,-4.08,6.0,7.94,14.0,0.2,1022.51,1025.8,1028.77,1025.78,6.0,3.22,14.0,0.2,,,,,,,,,,,,,,,,,,,,,,,,,,,,,,,,,,,,,,,,,,,,,,,,,,,,,,,,,,,,,,,,,,,,,,,,,,,,,,,,,,,,,,,,,,,,,,,,,,,,,,,,,,,,,,,,,,,,,,,,,,,,,,,,,,
1907,7,12.4,-31.7,,,,,,,,,,,,,,,,,,,,,,,,,,,,,,,,,,,6.7,6.7,6.7,6.7,1.0,0.0,28.0,1.0,0.0,0.0,0.0,0.0,1.0,0.0,28.0,1.0,6.7,6.7,6.7,6.7,1.0,0.0,28.0,1.0,1025.1,1025.1,1025.1,1025.1,1.0,0.0,28.0,1.0,,,,,,,,,,,,,,,,,,,,,,,,,,,,,,,,,,,,,,,,,,,,,,,,,,,,,,,,,,,,,,,,,,,,,,,,,,,,,,,,,,,,,,,,,,,,,,,,,,,,,,,,,,,,,,,,,,,,,,,,,,,,,,,,,,
1907,7,12.4,-29.7,,,,,,,,,,,,,,,,,,,,,,,,,,,,,,,,,,,5.25,8.0,9.3,7.05,12.0,3.08,20.0,0.6,-5.21,-3.48,-0.92,-3.33,12.0,2.11,20.0,0.6,3.63,6.39,8.62,5.92,12.0,2.99,20.0,0.6,1021.85,1022.6,1024.31,1023.07,3.0,1.84,18.0,0.3,,,,,,,,,,,,,,,,,,,,,,,,,,,,,,,,,,,,,,,,,,,,,,,,,,,,,,,,,,,,,,,,,,,,,,,,,,,,,,,,,,,,,,,,,,,,,,,,,,,,,,,,,,,,,,,,,,,,,,,,,,,,,,,,,,
1907,7,12.4,-27.7,,,,,,,,,,,,,,,,,,,,,,,,,,,,,,,,,,,2.82,8.0,9.3,6.71,8.0,3.05,12.0,0.4,-6.13,-2.39,0.0,-2.56,8.0,2.72,12.0,0.4,1.41,6.39,9.0,5.57,8.0,3.22,12.0,0.4,1019.42,1020.1,1020.78,1020.1,2.0,1.41,18.0,0.5,,,,,,,,,,,,,,,,,,,,,,,,,,,,,,,,,,,,,,,,,,,,,,,,,,,,,,,,,,,,,,,,,,,,,,,,,,,,,,,,,,,,,,,,,,,,,,,,,,,,,,,,,,,,,,,,,,,,,,,,,,,,,,,,,,
1907,7,12.4,-23.7,,,,,,,,,,,,,,,,,,,,,,,,,,,,,,,,,,,0.9,2.6,9.3,4.48,13.0,3.8,14.0,0.3,-3.48,-0.71,0.0,-1.26,13.0,1.66,14.0,0.3,0.0,1.84,8.62,3.28,13.0,4.47,14.0,0.3,1016.39,1016.75,1019.0,1017.65,4.0,2.25,16.0,0.3,,,,,,,,,,,,,,,,,,,,,,,,,,,,,,,,,,,,,,,,,,,,,,,,,,,,,,,,,,,,,,,,,,,,,,,,,,,,,,,,,,,,,,,,,,,,,,,,,,,,,,,,,,,,,,,,,,,,,,,,,,,,,,,,,,
1907,7,12.4,-21.7,,,,,,,,,,,,,,,,,,,,,,,,,,,,,,,,,,,1.86,2.6,9.3,4.74,17.0,3.2,10.0,0.6,-3.54,-0.71,2.51,-0.44,17.0,3.28,10.0,0.6,-1.37,1.84,6.58,2.54,17.0,4.03,10.0,0.6,1015.32,1016.8,1019.24,1017.29,9.0,1.97,16.0,0.7,,,,,,,,,,,,,,,,,,,,,,,,,,,,,,,,,,,,,,,,,,,,,,,,,,,,,,,,,,,,,,,,,,,,,,,,,,,,,,,,,,,,,,,,,,,,,,,,,,,,,,,,,,,,,,,,,,,,,,,,,,,,,,,,,,
1907,7,12.4,-19.7,,,,,,,,,,,,,,,,,,,,,,,,,,,,,,,,,,,2.06,2.6,3.98,3.28,6.0,3.13,10.0,0.3,-2.82,0.0,0.0,-1.4,6.0,2.64,10.0,0.3,-2.6,-1.3,2.82,0.1,6.0,3.66,10.0,0.3,1016.54,1018.2,1018.55,1017.58,4.0,1.55,14.0,0.0,,,,,,,,,,,,,,,,,,,,,,,,,,,,,,,,,,,,,,,,,,,,,,,,,,,,,,,,,,,,,,,,,,,,,,,,,,,,,,,,,,,,,,,,,,,,,,,,,,,,,,,,,,,,,,,,,,,,,,,,,,,,,,,,,,
1907,7,12.4,-13.7,,,,,,,,,,,,,,,,,,,,,,,,,,,,,,,,,,,1.0,1.0,1.0,1.0,4.0,0.0,2.0,0.3,0.71,0.71,0.71,0.71,4.0,0.0,2.0,0.3,0.71,0.71,0.71,0.71,4.0,0.0,2.0,0.3,1016.59,1016.95,1017.26,1016.93,4.0,0.49,2.0,0.3,,,,,,,,,,,,,,,,,,,,,,,,,,,,,,,,,,,,,,,,,,,,,,,,,,,,,,,,,,,,,,,,,,,,,,,,,,,,,,,,,,,,,,,,,,,,,,,,,,,,,,,,,,,,,,,,,,,,,,,,,,,,,,,,,,
1907,7,12.4,-11.7,,,,,,,,,,,,,,,,,,,,,,,,,,,,,,,,,,,1.0,1.0,1.0,1.0,3.0,0.0,2.0,0.7,0.8,1.0,1.0,0.9,3.0,0.17,2.0,0.7,0.0,0.0,0.48,0.24,3.0,0.41,2.0,0.7,1013.68,1014.7,1015.72,1014.7,3.0,1.5,2.0,0.7,,,,,,,,,,,,,,,,,,,,,,,,,,,,,,,,,,,,,,,,,,,,,,,,,,,,,,,,,,,,,,,,,,,,,,,,,,,,,,,,,,,,,,,,,,,,,,,,,,,,,,,,,,,,,,,,,,,,,,,,,,,,,,,,,,
1907,7,12.4,-9.7,,,,,,,,,,,,,,,,,,,,,,,,,,,,,,,,,,,0.32,1.0,3.46,1.87,3.0,2.42,6.0,0.3,0.32,1.0,2.54,1.42,3.0,1.67,6.0,0.3,0.0,0.0,2.22,1.08,3.0,1.88,6.0,0.3,1015.93,1016.2,1016.81,1016.37,3.0,0.67,6.0,0.3,,,,,,,,,,,,,,,,,,,,,,,,,,,,,,,,,,,,,,,,,,,,,,,,,,,,,,,,,,,,,,,,,,,,,,,,,,,,,,,,,,,,,,,,,,,,,,,,,,,,,,,,,,,,,,,,,,,,,,,,,,,,,,,,,,
1907,7,12.4,-7.7,,,,,,,,,,,,,,,,,,,,,,,,,,,,,,,,,,,2.48,2.6,4.6,3.09,7.0,1.69,14.0,0.4,-0.16,1.84,3.25,1.36,7.0,2.32,14.0,0.4,0.0,1.84,3.25,1.92,7.0,1.46,14.0,0.4,1015.69,1016.8,1017.15,1016.37,7.0,1.46,14.0,0.4,,,,,,,,,,,,,,,,,,,,,,,,,,,,,,,,,,,,,,,,,,,,,,,,,,,,,,,,,,,,,,,,,,,,,,,,,,,,,,,,,,,,,,,,,,,,,,,,,,,,,,,,,,,,,,,,,,,,,,,,,,,,,,,,,,
1907,7,12.4,-5.7,,,,,,,,,,,,,,,,,,,,,,,,,,,,,,,,,,,1.0,1.0,3.46,2.2,3.0,2.08,12.0,1.0,0.22,0.71,0.91,0.57,3.0,0.51,12.0,1.0,0.22,0.71,3.36,1.77,3.0,2.48,12.0,1.0,1013.88,1014.9,1014.97,1014.43,3.0,0.9,12.0,1.0,,,,,,,,,,,,,,,,,,,,,,,,,,,,,,,,,,,,,,,,,,,,,,,,,,,,,,,,,,,,,,,,,,,,,,,,,,,,,,,,,,,,,,,,,,,,,,,,,,,,,,,,,,,,,,,,,,,,,,,,,,,,,,,,,,
1907,7,12.4,36.3,,,,,,,,,,,,,,,,,,,,,,,,,,,,,,,,,,,0.0,2.6,6.7,3.1,41.0,2.68,18.0,0.5,-1.44,0.0,2.99,0.45,41.0,2.43,18.0,0.5,-4.69,-0.71,0.46,-1.58,41.0,2.89,18.0,0.5,1014.59,1016.25,1018.84,1016.56,10.0,2.58,22.0,0.5,,,,,,,,,,,,,,,,,,,,,,,,,,,,,,,,,,,,,,,,,,,,,,,,,,,,,,,,,,,,,,,,,,,,,,,,,,,,,,,,,,,,,,,,,,,,,,,,,,,,,,,,,,,,,,,,,,,,,,,,,,,,,,,,,,
1907,7,12.4,38.3,22.2,23.9,24.7,23.61,63.0,1.31,20.0,0.5,22.18,23.5,24.83,23.48,63.0,1.49,20.0,0.5,12.78,13.01,13.24,13.01,2.0,0.48,20.0,0.5,82.1,83.5,85.0,83.5,2.0,3.0,20.0,0.5,0.5,0.8,0.0,2.6,4.6,2.63,63.0,2.16,20.0,0.5,-1.84,0.0,2.7,0.37,63.0,2.37,20.0,0.5,-3.25,0.0,0.98,-0.82,63.0,2.28,20.0,0.5,1013.31,1016.15,1017.69,1016.1,20.0,3.05,16.0,0.6,0.0,0.0,2.0,1.2,58.0,1.8,20.0,0.4,82.1,83.5,85.0,83.5,2.0,3.0,20.0,0.5,0.5,0.8,-4.8,0.0,9.3,1.6,63.0,13.1,20.0,0.5,-15.0,0.0,1.2,-3.9,63.0,12.1,20.0,0.5,-0.96,0.1,1.16,0.15,60.0,1.23,18.0,0.5,-1.4,0.0,3.9,0.6,56.0,5.1,18.0,0.5,1.04,1.8,2.56,1.8,2.0,1.57,20.0,0.5,5.1,6.1,7.1,6.1,2.0,2.1,20.0,0.5,-43.3,0.0,59.0,6.0,59.0,54.6,18.0,0.5,-73.6,0.0,23.3,-14.3,59.0,52.9,18.0,0.5,26.9,39.3,51.7,39.3,2.0,25.7,20.0,0.5,-61.6,-46.9,-32.1,-46.9,2.0,30.6,20.0,0.5,3.3,3.9,4.6,3.9,2.0,1.3,20.0,0.5,-5.4,-4.7,-3.9,-4.7,2.0,1.6,20.0,0.5,0.0,17.5,97.5,58.5,63.0,93.5,20.0,0.5,0.0,20.0,95.0,60.0,63.0,95.0,20.0,0.5
1907,7,12.4,40.3,,,,,,,,,,,,,,,,,,,,,,,,,,,,,,,,,,,0.01,2.6,4.6,2.91,83.0,2.41,16.0,0.6,-1.84,0.0,3.67,0.59,83.0,2.57,16.0,0.6,-1.84,0.0,1.84,-0.27,83.0,2.72,16.0,0.6,1011.59,1015.0,1016.94,1014.39,31.0,4.01,14.0,0.7,,,,,,,,,,,,,,,,,,,,,,,,,,,,,,,,,,,,,,,,,,,,,,,,,,,,,,,,,,,,,,,,,,,,,,,,,,,,,,,,,,,,,,,,,,,,,,,,,,,,,,,,,,,,,,,,,,,,,,,,,,,,,,,,,,
1907,7,12.4,54.3,,,,,,,,,,,,,,,,,,,,,,,,,,,,,,,,,,,1.0,4.6,9.3,5.04,207.0,3.4,16.0,0.8,-0.79,1.72,4.74,2.02,207.0,3.65,16.0,0.8,-5.24,-1.72,1.84,-1.85,207.0,4.03,16.0,0.8,1011.2,1011.2,1011.2,1011.2,1.0,0.0,18.0,0.0,,,,,,,,,,,,,,,,,,,,,,,,,,,,,,,,,,,,,,,,,,,,,,,,,,,,,,,,,,,,,,,,,,,,,,,,,,,,,,,,,,,,,,,,,,,,,,,,,,,,,,,,,,,,,,,,,,,,,,,,,,,,,,,,,,
1907,7,12.4,66.3,,,,,,,,,,,,,,,,,,,,,,,,,,,,,,,,,,,1.0,4.6,6.7,4.31,34.0,3.57,18.0,0.7,-3.78,0.0,0.97,-1.07,34.0,3.12,18.0,0.7,-6.57,-2.55,0.0,-3.06,34.0,3.36,18.0,0.7,1005.08,1006.55,1008.02,1006.55,2.0,3.04,30.0,0.5,,,,,,,,,,,,,,,,,,,,,,,,,,,,,,,,,,,,,,,,,,,,,,,,,,,,,,,,,,,,,,,,,,,,,,,,,,,,,,,,,,,,,,,,,,,,,,,,,,,,,,,,,,,,,,,,,,,,,,,,,,,,,,,,,,
1907,7,12.4,68.3,,,,,,,,,,,,,,,,,,,,,,,,,,,,,,,,,,,1.0,4.6,4.6,3.16,5.0,1.97,24.0,1.0,-1.68,0.71,1.82,0.07,5.0,2.88,24.0,1.0,-3.74,-0.71,0.0,-1.71,5.0,2.1,24.0,1.0,1007.19,1010.4,1011.36,1009.3,3.0,3.2,30.0,1.0,,,,,,,,,,,,,,,,,,,,,,,,,,,,,,,,,,,,,,,,,,,,,,,,,,,,,,,,,,,,,,,,,,,,,,,,,,,,,,,,,,,,,,,,,,,,,,,,,,,,,,,,,,,,,,,,,,,,,,,,,,,,,,,,,,
1907,7,14.4,-41.7,,,,,,,,,,,,,,,,,,,,,,,,,,,,,,,,,,,6.7,9.3,12.94,9.95,6.0,3.38,14.0,0.8,-2.83,1.98,9.15,2.88,6.0,6.55,14.0,0.8,-9.15,-7.57,-6.17,-7.84,6.0,1.88,14.0,0.8,1019.16,1020.45,1021.37,1020.48,6.0,1.38,14.0,0.8,,,,,,,,,,,,,,,,,,,,,,,,,,,,,,,,,,,,,,,,,,,,,,,,,,,,,,,,,,,,,,,,,,,,,,,,,,,,,,,,,,,,,,,,,,,,,,,,,,,,,,,,,,,,,,,,,,,,,,,,,,,,,,,,,,
1907,7,14.4,-33.7,,,,,,,,,,,,,,,,,,,,,,,,,,,,,,,,,,,5.35,6.95,8.55,6.95,2.0,3.32,16.0,0.5,0.0,0.0,0.0,0.0,2.0,0.0,16.0,0.5,-2.39,2.35,7.09,2.35,2.0,9.83,16.0,0.5,1023.5,1023.5,1023.5,1023.5,1.0,0.0,26.0,1.0,,,,,,,,,,,,,,,,,,,,,,,,,,,,,,,,,,,,,,,,,,,,,,,,,,,,,,,,,,,,,,,,,,,,,,,,,,,,,,,,,,,,,,,,,,,,,,,,,,,,,,,,,,,,,,,,,,,,,,,,,,,,,,,,,,
1907,7,14.4,-31.7,,,,,,,,,,,,,,,,,,,,,,,,,,,,,,,,,,,1.35,4.6,6.7,4.62,15.0,2.43,20.0,0.3,-4.74,-1.72,-0.93,-2.54,15.0,1.85,20.0,0.3,1.26,4.27,4.74,3.73,15.0,1.87,20.0,0.3,1025.22,1025.85,1026.11,1025.68,4.0,0.68,20.0,0.3,,,,,,,,,,,,,,,,,,,,,,,,,,,,,,,,,,,,,,,,,,,,,,,,,,,,,,,,,,,,,,,,,,,,,,,,,,,,,,,,,,,,,,,,,,,,,,,,,,,,,,,,,,,,,,,,,,,,,,,,,,,,,,,,,,
1907,7,14.4,-29.7,,,,,,,,,,,,,,,,,,,,,,,,,,,,,,,,,,,3.77,6.7,7.77,6.0,11.0,2.72,12.0,0.5,-4.0,-2.51,-1.01,-2.41,11.0,1.56,12.0,0.5,2.5,6.21,7.21,4.97,11.0,3.32,12.0,0.5,1020.24,1023.05,1024.76,1022.53,4.0,3.33,18.0,0.5,,,,,,,,,,,,,,,,,,,,,,,,,,,,,,,,,,,,,,,,,,,,,,,,,,,,,,,,,,,,,,,,,,,,,,,,,,,,,,,,,,,,,,,,,,,,,,,,,,,,,,,,,,,,,,,,,,,,,,,,,,,,,,,,,,
1907,7,14.4,-27.7,,,,,,,,,,,,,,,,,,,,,,,,,,,,,,,,,,,2.6,2.6,9.3,5.49,8.0,4.09,18.0,0.6,-3.39,-0.92,1.84,-0.8,8.0,4.52,18.0,0.6,-1.63,2.22,8.4,3.08,8.0,4.38,18.0,0.6,1016.35,1017.8,1022.3,1019.07,7.0,3.02,16.0,0.6,,,,,,,,,,,,,,,,,,,,,,,,,,,,,,,,,,,,,,,,,,,,,,,,,,,,,,,,,,,,,,,,,,,,,,,,,,,,,,,,,,,,,,,,,,,,,,,,,,,,,,,,,,,,,,,,,,,,,,,,,,,,,,,,,,
1907,7,14.4,-25.7,,,,,,,,,,,,,,,,,,,,,,,,,,,,,,,,,,,0.9,4.6,9.3,4.95,13.0,3.9,14.0,0.4,-0.1,0.0,0.25,0.52,13.0,2.77,14.0,0.4,-0.25,2.6,8.63,3.24,13.0,4.74,14.0,0.4,1015.8,1016.6,1021.62,1017.9,7.0,2.71,16.0,0.4,,,,,,,,,,,,,,,,,,,,,,,,,,,,,,,,,,,,,,,,,,,,,,,,,,,,,,,,,,,,,,,,,,,,,,,,,,,,,,,,,,,,,,,,,,,,,,,,,,,,,,,,,,,,,,,,,,,,,,,,,,,,,,,,,,
1907,7,14.4,-23.7,,,,,,,,,,,,,,,,,,,,,,,,,,,,,,,,,,,0.95,4.6,6.82,4.11,7.0,3.24,10.0,0.4,-0.08,0.0,2.7,0.9,7.0,2.12,10.0,0.4,-0.22,0.71,4.96,2.06,7.0,4.46,10.0,0.4,1013.87,1015.05,1018.22,1016.0,4.0,3.27,16.0,0.5,,,,,,,,,,,,,,,,,,,,,,,,,,,,,,,,,,,,,,,,,,,,,,,,,,,,,,,,,,,,,,,,,,,,,,,,,,,,,,,,,,,,,,,,,,,,,,,,,,,,,,,,,,,,,,,,,,,,,,,,,,,,,,,,,,
1907,7,14.4,34.3,,,,,,,,,,,,,,,,,,,,,,,,,,,,,,,,,,,1.86,2.6,5.57,3.34,17.0,2.02,20.0,0.3,-1.84,0.0,2.6,0.34,17.0,2.23,20.0,0.3,-3.72,0.0,2.19,-0.6,17.0,3.23,20.0,0.3,1012.13,1014.55,1016.5,1014.33,4.0,2.82,18.0,0.5,,,,,,,,,,,,,,,,,,,,,,,,,,,,,,,,,,,,,,,,,,,,,,,,,,,,,,,,,,,,,,,,,,,,,,,,,,,,,,,,,,,,,,,,,,,,,,,,,,,,,,,,,,,,,,,,,,,,,,,,,,,,,,,,,,
1907,7,14.4,36.3,,,,,,,,,,,,,,,,,,,,,,,,,,,,,,,,,,,0.76,2.6,3.08,2.35,31.0,1.9,16.0,0.4,-1.84,0.0,2.02,0.17,31.0,2.09,16.0,0.4,-2.76,0.0,1.18,-0.87,31.0,2.03,16.0,0.4,1014.31,1015.1,1018.01,1015.78,13.0,2.49,14.0,0.4,,,,,,,,,,,,,,,,,,,,,,,,,,,,,,,,,,,,,,,,,,,,,,,,,,,,,,,,,,,,,,,,,,,,,,,,,,,,,,,,,,,,,,,,,,,,,,,,,,,,,,,,,,,,,,,,,,,,,,,,,,,,,,,,,,
1907,7,14.4,38.3,22.25,23.6,24.7,23.64,86.0,1.26,14.0,0.5,22.44,23.8,25.16,23.67,79.0,1.3,14.0,0.4,13.34,13.34,13.34,13.34,1.0,0.0,18.0,0.0,85.6,85.6,85.6,85.6,1.0,0.0,18.0,0.0,0.1,0.5,0.0,2.6,4.6,2.32,82.0,2.11,14.0,0.4,-0.71,0.0,1.92,0.46,82.0,2.0,14.0,0.4,-2.6,-0.19,0.0,-1.03,82.0,2.15,14.0,0.4,1011.62,1015.1,1017.08,1014.72,49.0,3.47,14.0,0.4,0.0,1.0,2.3,1.4,75.0,1.8,14.0,0.5,85.6,85.6,85.6,85.6,1.0,0.0,18.0,0.0,0.1,0.5,-0.7,0.0,6.2,1.8,82.0,10.6,14.0,0.4,-8.0,-0.2,0.0,-4.5,82.0,13.3,14.0,0.4,-0.9,0.0,0.79,-0.15,77.0,1.04,14.0,0.4,-1.7,0.0,1.5,-0.9,74.0,4.4,14.0,0.4,2.85,2.85,2.85,2.85,1.0,0.0,18.0,0.0,7.4,7.4,7.4,7.4,1.0,0.0,18.0,0.0,-17.5,0.0,48.1,11.2,76.0,47.0,14.0,0.4,-57.3,0.0,0.0,-23.9,76.0,53.7,14.0,0.4,22.3,22.3,22.3,22.3,1.0,0.0,18.0,0.0,-26.6,-26.6,-26.6,-26.6,1.0,0.0,18.0,0.0,4.8,4.8,4.8,4.8,1.0,0.0,18.0,0.0,-5.7,-5.7,-5.7,-5.7,1.0,0.0,18.0,0.0,0.0,17.5,97.5,51.0,82.0,113.0,14.0,0.4,0.0,20.0,95.0,50.0,82.0,115.0,14.0,0.4
1907,7,14.4,40.3,,,,,,,,,,,,,,,,,,,,,,,,,,,,,,,,,,,0.81,2.6,4.6,2.26,25.0,1.54,20.0,0.6,-1.84,0.0,2.6,0.37,25.0,2.37,20.0,0.6,-0.98,0.0,1.81,0.25,25.0,1.38,20.0,0.6,1010.0,1014.0,1015.73,1013.2,5.0,3.11,16.0,0.6,,,,,,,,,,,,,,,,,,,,,,,,,,,,,,,,,,,,,,,,,,,,,,,,,,,,,,,,,,,,,,,,,,,,,,,,,,,,,,,,,,,,,,,,,,,,,,,,,,,,,,,,,,,,,,,,,,,,,,,,,,,,,,,,,,
1907,7,14.4,54.3,12.29,14.0,15.5,13.92,240.0,1.67,16.0,0.8,12.8,14.6,16.66,14.72,180.0,2.04,16.0,0.8,8.9,8.95,8.99,8.95,2.0,0.09,22.0,0.0,94.5,94.9,95.3,94.9,2.0,0.9,22.0,0.0,0.4,0.2,1.0,4.6,7.93,4.75,219.0,3.42,16.0,0.8,-0.71,1.72,4.74,2.05,219.0,3.84,16.0,0.8,-4.77,-0.97,2.06,-1.56,219.0,3.6,16.0,0.8,1009.89,1010.3,1010.71,1010.3,2.0,0.85,22.0,0.0,4.0,4.0,8.0,5.0,216.0,2.7,16.0,0.8,94.5,94.9,95.3,94.9,2.0,0.9,22.0,0.0,0.4,0.2,-0.7,4.8,32.4,17.5,219.0,45.5,16.0,0.8,-35.3,-2.5,6.2,-12.8,219.0,29.7,16.0,0.8,-2.18,-0.5,0.88,-0.69,179.0,1.76,16.0,0.8,-10.5,-1.3,3.4,-2.7,163.0,11.1,16.0,0.8,0.39,0.58,0.77,0.58,2.0,0.39,22.0,0.0,2.7,4.1,5.4,4.1,2.0,2.7,22.0,0.0,-13.9,25.5,70.5,29.7,164.0,53.2,16.0,0.8,-77.5,-25.9,29.8,-25.4,164.0,55.0,16.0,0.8,40.1,40.3,40.5,40.3,2.0,0.4,22.0,0.0,-48.2,-48.0,-47.7,-48.0,2.0,0.5,22.0,0.0,1.8,2.6,3.5,2.6,2.0,1.8,22.0,0.0,-4.1,-3.1,-2.1,-3.1,2.0,2.1,22.0,0.0,1.0,97.5,529.0,312.5,219.0,709.5,16.0,0.8,0.0,95.0,530.0,315.0,219.0,710.0,16.0,0.8
1907,7,14.4,56.3,13.5,13.5,13.5,13.5,1.0,0.0,24.0,0.0,13.9,13.9,13.9,13.9,1.0,0.0,24.0,0.0,9.48,9.48,9.48,9.48,1.0,0.0,24.0,0.0,95.5,95.5,95.5,95.5,1.0,0.0,24.0,0.0,0.9,0.0,7.0,7.0,7.0,7.0,1.0,0.0,24.0,0.0,6.58,6.58,6.58,6.58,1.0,0.0,24.0,0.0,2.39,2.39,2.39,2.39,1.0,0.0,24.0,0.0,1005.3,1005.3,1005.3,1005.3,1.0,0.0,24.0,0.0,5.0,5.0,5.0,5.0,1.0,0.0,24.0,0.0,95.5,95.5,95.5,95.5,1.0,0.0,24.0,0.0,0.9,0.0,46.0,46.0,46.0,46.0,1.0,0.0,24.0,0.0,16.8,16.8,16.8,16.8,1.0,0.0,24.0,0.0,-0.4,-0.4,-0.4,-0.4,1.0,0.0,24.0,0.0,-2.8,-2.8,-2.8,-2.8,1.0,0.0,24.0,0.0,0.19,0.19,0.19,0.19,1.0,0.0,24.0,0.0,1.3,1.3,1.3,1.3,1.0,0.0,24.0,0.0,91.4,91.4,91.4,91.4,1.0,0.0,24.0,0.0,33.3,33.3,33.3,33.3,1.0,0.0,24.0,0.0,62.3,62.3,62.3,62.3,1.0,0.0,24.0,0.0,22.7,22.7,22.7,22.7,1.0,0.0,24.0,0.0,1.2,1.2,1.2,1.2,1.0,0.0,24.0,0.0,0.5,0.5,0.5,0.5,1.0,0.0,24.0,0.0,343.0,343.0,343.0,343.0,1.0,0.0,24.0,0.0,345.0,345.0,345.0,345.0,1.0,0.0,24.0,0.0
1907,7,14.4,68.3,,,,,,,,,,,,,,,,,,,,,,,,,,,,,,,,,,,1.0,4.6,6.7,4.4,19.0,2.54,20.0,1.0,-4.57,-0.71,1.72,-1.35,19.0,3.27,20.0,1.0,-4.83,-3.25,0.0,-2.74,19.0,2.52,20.0,1.0,1009.95,1010.7,1011.86,1010.9,3.0,1.41,28.0,1.0,,,,,,,,,,,,,,,,,,,,,,,,,,,,,,,,,,,,,,,,,,,,,,,,,,,,,,,,,,,,,,,,,,,,,,,,,,,,,,,,,,,,,,,,,,,,,,,,,,,,,,,,,,,,,,,,,,,,,,,,,,,,,,,,,,
1907,7,16.4,-43.7,,,,,,,,,,,,,,,,,,,,,,,,,,,,,,,,,,,9.3,9.3,9.3,9.3,1.0,0.0,6.0,0.0,8.62,8.62,8.62,8.62,1.0,0.0,6.0,0.0,3.48,3.48,3.48,3.48,1.0,0.0,6.0,0.0,1024.6,1024.6,1024.6,1024.6,1.0,0.0,6.0,0.0,,,,,,,,,,,,,,,,,,,,,,,,,,,,,,,,,,,,,,,,,,,,,,,,,,,,,,,,,,,,,,,,,,,,,,,,,,,,,,,,,,,,,,,,,,,,,,,,,,,,,,,,,,,,,,,,,,,,,,,,,,,,,,,,,,
1907,7,16.4,-41.7,,,,,,,,,,,,,,,,,,,,,,,,,,,,,,,,,,,8.35,9.3,12.3,9.98,5.0,2.37,16.0,0.2,7.97,8.7,9.3,8.54,5.0,1.07,16.0,0.2,-8.7,0.0,0.0,-3.48,5.0,4.76,16.0,0.2,1019.5,1021.0,1022.68,1021.2,5.0,1.95,16.0,0.2,,,,,,,,,,,,,,,,,,,,,,,,,,,,,,,,,,,,,,,,,,,,,,,,,,,,,,,,,,,,,,,,,,,,,,,,,,,,,,,,,,,,,,,,,,,,,,,,,,,,,,,,,,,,,,,,,,,,,,,,,,,,,,,,,,
1907,7,16.4,-35.7,,,,,,,,,,,,,,,,,,,,,,,,,,,,,,,,,,,6.7,6.7,6.7,6.7,1.0,0.0,24.0,1.0,2.51,2.51,2.51,2.51,1.0,0.0,24.0,1.0,-6.21,-6.21,-6.21,-6.21,1.0,0.0,24.0,1.0,1021.3,1021.3,1021.3,1021.3,1.0,0.0,24.0,1.0,,,,,,,,,,,,,,,,,,,,,,,,,,,,,,,,,,,,,,,,,,,,,,,,,,,,,,,,,,,,,,,,,,,,,,,,,,,,,,,,,,,,,,,,,,,,,,,,,,,,,,,,,,,,,,,,,,,,,,,,,,,,,,,,,,
1907,7,16.4,-33.7,,,,,,,,,,,,,,,,,,,,,,,,,,,,,,,,,,,2.6,4.6,9.3,6.12,21.0,4.06,20.0,0.6,-4.61,-1.0,1.84,-0.82,21.0,4.15,20.0,0.6,0.49,4.27,8.83,4.19,21.0,4.42,20.0,0.6,1014.99,1022.2,1027.77,1021.45,8.0,6.67,18.0,0.8,,,,,,,,,,,,,,,,,,,,,,,,,,,,,,,,,,,,,,,,,,,,,,,,,,,,,,,,,,,,,,,,,,,,,,,,,,,,,,,,,,,,,,,,,,,,,,,,,,,,,,,,,,,,,,,,,,,,,,,,,,,,,,,,,,
1907,7,16.4,-31.7,,,,,,,,,,,,,,,,,,,,,,,,,,,,,,,,,,,4.6,4.6,6.47,4.68,8.0,1.76,12.0,0.6,-3.25,-1.72,-0.11,-1.96,8.0,1.68,12.0,0.6,-2.89,3.76,4.56,1.4,8.0,4.32,12.0,0.6,1017.33,1017.9,1019.47,1018.32,5.0,1.38,18.0,0.6,,,,,,,,,,,,,,,,,,,,,,,,,,,,,,,,,,,,,,,,,,,,,,,,,,,,,,,,,,,,,,,,,,,,,,,,,,,,,,,,,,,,,,,,,,,,,,,,,,,,,,,,,,,,,,,,,,,,,,,,,,,,,,,,,,
1907,7,16.4,-29.7,,,,,,,,,,,,,,,,,,,,,,,,,,,,,,,,,,,2.92,3.6,4.28,3.6,2.0,1.41,18.0,0.5,-2.74,-1.63,-0.52,-1.63,2.0,2.3,18.0,0.5,-3.15,-2.93,-2.7,-2.93,2.0,0.46,18.0,0.5,1018.36,1020.0,1021.64,1020.0,2.0,3.39,18.0,0.5,,,,,,,,,,,,,,,,,,,,,,,,,,,,,,,,,,,,,,,,,,,,,,,,,,,,,,,,,,,,,,,,,,,,,,,,,,,,,,,,,,,,,,,,,,,,,,,,,,,,,,,,,,,,,,,,,,,,,,,,,,,,,,,,,,
1907,7,16.4,34.3,,,,,,,,,,,,,,,,,,,,,,,,,,,,,,,,,,,2.6,2.6,4.6,3.11,22.0,1.62,22.0,0.6,0.0,0.84,1.84,0.81,22.0,1.3,22.0,0.6,-4.6,-1.84,0.0,-1.68,22.0,2.73,22.0,0.6,1011.75,1014.1,1017.12,1014.69,14.0,2.47,18.0,0.6,,,,,,,,,,,,,,,,,,,,,,,,,,,,,,,,,,,,,,,,,,,,,,,,,,,,,,,,,,,,,,,,,,,,,,,,,,,,,,,,,,,,,,,,,,,,,,,,,,,,,,,,,,,,,,,,,,,,,,,,,,,,,,,,,,
1907,7,16.4,36.3,23.0,23.8,25.0,23.84,77.0,1.05,14.0,0.5,23.07,24.2,25.5,24.2,75.0,1.1,14.0,0.5,11.56,11.56,11.56,11.56,1.0,0.0,18.0,1.0,76.4,76.4,76.4,76.4,1.0,0.0,18.0,1.0,0.2,0.9,0.0,2.6,4.6,2.48,76.0,1.98,14.0,0.5,-0.07,0.38,1.89,0.54,76.0,1.74,14.0,0.5,-4.24,0.0,1.84,-0.56,76.0,2.55,14.0,0.5,1011.75,1014.4,1016.6,1014.1,42.0,2.92,14.0,0.6,0.0,1.0,3.3,1.7,56.0,2.0,14.0,0.5,76.4,76.4,76.4,76.4,1.0,0.0,18.0,1.0,0.2,0.9,-0.1,0.4,6.8,1.2,76.0,8.7,14.0,0.5,-19.5,0.0,4.8,-3.3,76.0,12.8,14.0,0.5,-1.2,-0.25,0.8,-0.28,74.0,1.11,14.0,0.5,-2.1,-0.2,1.0,-0.8,72.0,3.0,14.0,0.5,5.19,5.19,5.19,5.19,1.0,0.0,18.0,1.0,0.0,0.0,0.0,0.0,1.0,0.0,18.0,1.0,0.0,9.2,46.8,14.2,73.0,39.1,14.0,0.5,-98.2,0.0,45.2,-13.0,73.0,60.5,14.0,0.5,0.0,0.0,0.0,0.0,1.0,0.0,18.0,1.0,0.0,0.0,0.0,0.0,1.0,0.0,18.0,1.0,0.0,0.0,0.0,0.0,1.0,0.0,18.0,1.0,0.0,0.0,0.0,0.0,1.0,0.0,18.0,1.0,0.0,17.5,97.5,47.5,76.0,78.0,14.0,0.5,0.0,20.0,95.0,50.0,76.0,80.0,14.0,0.5
1907,7,16.4,38.3,,,,,,,,,,,,,,,,,,,,,,,,,,,,,,,,,,,0.0,1.0,6.47,2.89,8.0,3.73,12.0,0.8,0.0,0.0,0.71,0.54,8.0,1.86,12.0,0.8,-4.68,0.0,0.63,-2.17,8.0,3.77,12.0,0.8,1017.9,1018.1,1018.3,1018.1,2.0,0.42,6.0,0.0,,,,,,,,,,,,,,,,,,,,,,,,,,,,,,,,,,,,,,,,,,,,,,,,,,,,,,,,,,,,,,,,,,,,,,,,,,,,,,,,,,,,,,,,,,,,,,,,,,,,,,,,,,,,,,,,,,,,,,,,,,,,,,,,,,
1907,7,16.4,54.3,12.2,13.5,15.5,13.71,174.0,1.56,16.0,0.8,12.8,14.1,16.0,14.32,139.0,1.65,16.0,0.8,8.85,9.0,9.44,9.13,10.0,0.31,24.0,0.0,92.5,95.5,96.8,95.1,10.0,2.2,24.0,0.0,0.2,0.7,2.0,4.6,9.3,5.18,167.0,3.59,16.0,0.8,-1.8,1.8,6.21,2.28,167.0,4.16,16.0,0.8,-6.17,-1.0,1.8,-1.74,167.0,3.78,16.0,0.8,1005.3,1007.2,1007.7,1006.7,10.0,1.07,24.0,0.0,4.0,4.0,8.0,5.2,162.0,2.8,18.0,0.8,92.5,95.5,96.8,95.1,10.0,2.2,24.0,0.0,0.2,0.7,-4.8,4.8,44.9,21.1,167.0,51.5,16.0,0.8,-41.3,-2.5,4.8,-12.5,167.0,37.5,16.0,0.8,-1.81,-0.5,0.8,-0.53,139.0,1.47,16.0,0.8,-8.3,-1.6,2.4,-1.7,132.0,9.4,16.0,0.8,-0.3,0.03,0.86,0.19,10.0,0.55,24.0,0.0,-2.5,0.0,3.6,0.8,10.0,3.7,24.0,0.0,-20.5,26.2,86.0,32.3,132.0,55.3,16.0,0.8,-78.4,-14.8,13.9,-25.5,132.0,51.1,16.0,0.8,21.7,60.7,78.8,49.7,10.0,32.3,24.0,0.0,-18.3,0.0,0.0,-4.9,10.0,13.5,24.0,0.0,-2.4,-0.2,3.1,0.6,10.0,3.5,24.0,0.0,-1.6,-0.1,0.0,-0.7,10.0,1.0,24.0,0.0,8.0,97.5,804.5,390.5,167.0,897.5,16.0,0.8,10.0,95.0,805.0,390.0,167.0,900.0,16.0,0.8
1907,7,16.4,56.3,11.47,13.0,14.3,12.9,100.0,1.47,18.0,0.8,12.3,14.0,15.81,14.06,82.0,1.75,18.0,0.7,9.55,9.6,9.64,9.57,7.0,0.1,28.0,0.0,95.5,96.2,100.0,96.9,7.0,2.4,28.0,0.0,0.6,0.2,2.6,4.6,7.9,4.72,96.0,2.9,18.0,0.8,-2.56,0.0,4.19,0.69,96.0,3.71,18.0,0.8,-4.27,0.0,4.23,-0.23,96.0,4.07,18.0,0.8,1001.99,1006.3,1012.04,1006.84,7.0,5.03,28.0,0.0,2.0,4.0,8.0,5.1,97.0,2.8,18.0,0.8,95.5,96.2,100.0,96.9,7.0,2.4,28.0,0.0,0.6,0.2,-12.0,0.0,31.1,4.9,96.0,30.1,18.0,0.8,-31.7,0.0,21.2,-3.8,96.0,30.8,18.0,0.8,-2.5,-0.75,0.0,-1.15,82.0,1.56,18.0,0.7,-13.0,-2.8,0.0,-6.5,78.0,12.5,20.0,0.7,-0.15,0.06,0.26,0.04,7.0,0.36,28.0,0.0,-0.7,0.4,2.0,0.3,7.0,1.8,28.0,0.0,-32.8,0.0,61.6,8.4,78.0,57.1,20.0,0.7,-64.4,0.0,61.6,-0.8,78.0,58.5,20.0,0.7,-16.6,19.6,75.1,26.3,7.0,41.7,28.0,0.0,-0.8,38.4,53.9,29.3,7.0,27.5,28.0,0.0,-0.3,0.1,0.6,0.0,7.0,1.4,28.0,0.0,0.0,0.4,1.1,0.5,7.0,0.9,28.0,0.0,17.5,97.5,496.0,228.5,96.0,317.0,18.0,0.8,20.0,95.0,495.0,230.0,96.0,315.0,18.0,0.8
1907,7,16.4,68.3,,,,,,,,,,,,,,,,,,,,,,,,,,,,,,,,,,,1.46,4.6,6.03,3.77,3.0,3.43,20.0,1.0,-1.71,0.0,2.89,0.57,3.0,3.41,20.0,1.0,-4.81,-1.8,-0.57,-2.67,3.0,3.2,20.0,1.0,1013.4,1013.4,1013.4,1013.4,1.0,0.0,24.0,1.0,,,,,,,,,,,,,,,,,,,,,,,,,,,,,,,,,,,,,,,,,,,,,,,,,,,,,,,,,,,,,,,,,,,,,,,,,,,,,,,,,,,,,,,,,,,,,,,,,,,,,,,,,,,,,,,,,,,,,,,,,,,,,,,,,,
1907,7,16.4,74.3,,,,,,,,,,,,,,,,,,,,,,,,,,,,,,,,,,,2.6,3.6,4.6,3.6,4.0,1.15,20.0,1.0,-3.25,-2.83,-2.11,-2.69,4.0,0.69,20.0,1.0,-3.25,-2.11,0.5,-1.41,4.0,2.42,20.0,1.0,1020.09,1020.5,1020.91,1020.5,2.0,0.85,26.0,1.0,,,,,,,,,,,,,,,,,,,,,,,,,,,,,,,,,,,,,,,,,,,,,,,,,,,,,,,,,,,,,,,,,,,,,,,,,,,,,,,,,,,,,,,,,,,,,,,,,,,,,,,,,,,,,,,,,,,,,,,,,,,,,,,,,,
1907,7,18.4,-43.7,,,,,,,,,,,,,,,,,,,,,,,,,,,,,,,,,,,1.25,1.8,2.35,1.8,2.0,1.13,6.0,1.0,0.0,0.0,0.0,0.0,2.0,0.0,6.0,1.0,-2.35,-1.8,-1.25,-1.8,2.0,1.13,6.0,1.0,1027.71,1027.95,1028.19,1027.95,2.0,0.5,6.0,1.0,,,,,,,,,,,,,,,,,,,,,,,,,,,,,,,,,,,,,,,,,,,,,,,,,,,,,,,,,,,,,,,,,,,,,,,,,,,,,,,,,,,,,,,,,,,,,,,,,,,,,,,,,,,,,,,,,,,,,,,,,,,,,,,,,,
1907,7,18.4,-41.7,,,,,,,,,,,,,,,,,,,,,,,,,,,,,,,,,,,12.3,12.3,12.3,12.3,3.0,0.0,26.0,0.7,11.69,12.3,12.3,12.0,3.0,0.52,26.0,0.7,0.0,0.0,3.15,1.54,3.0,2.66,26.0,0.7,1020.19,1020.6,1021.49,1020.83,3.0,0.97,26.0,0.7,,,,,,,,,,,,,,,,,,,,,,,,,,,,,,,,,,,,,,,,,,,,,,,,,,,,,,,,,,,,,,,,,,,,,,,,,,,,,,,,,,,,,,,,,,,,,,,,,,,,,,,,,,,,,,,,,,,,,,,,,,,,,,,,,,
1907,7,18.4,-35.7,,,,,,,,,,,,,,,,,,,,,,,,,,,,,,,,,,,1.0,4.6,8.31,4.66,16.0,3.62,20.0,0.4,-4.69,-2.12,0.44,-1.91,16.0,3.09,20.0,0.4,-1.51,1.22,5.88,1.81,16.0,4.4,20.0,0.4,1018.31,1020.65,1022.61,1020.2,6.0,2.99,20.0,0.3,,,,,,,,,,,,,,,,,,,,,,,,,,,,,,,,,,,,,,,,,,,,,,,,,,,,,,,,,,,,,,,,,,,,,,,,,,,,,,,,,,,,,,,,,,,,,,,,,,,,,,,,,,,,,,,,,,,,,,,,,,,,,,,,,,
1907,7,18.4,-33.7,,,,,,,,,,,,,,,,,,,,,,,,,,,,,,,,,,,1.0,1.0,11.68,4.8,8.0,6.01,14.0,0.3,-2.31,-0.35,0.0,-0.64,8.0,3.01,14.0,0.3,-5.52,0.71,1.0,-0.71,8.0,7.24,14.0,0.3,1012.58,1014.7,1029.65,1019.64,5.0,9.35,18.0,0.4,,,,,,,,,,,,,,,,,,,,,,,,,,,,,,,,,,,,,,,,,,,,,,,,,,,,,,,,,,,,,,,,,,,,,,,,,,,,,,,,,,,,,,,,,,,,,,,,,,,,,,,,,,,,,,,,,,,,,,,,,,,,,,,,,,
1907,7,18.4,34.3,,,,,,,,,,,,,,,,,,,,,,,,,,,,,,,,,,,2.6,2.6,4.9,3.79,19.0,2.17,20.0,0.5,0.0,1.84,3.25,1.67,19.0,1.81,20.0,0.5,-4.62,-2.41,0.26,-2.42,19.0,2.74,20.0,0.5,1011.65,1014.0,1016.55,1014.5,9.0,3.28,18.0,0.3,,,,,,,,,,,,,,,,,,,,,,,,,,,,,,,,,,,,,,,,,,,,,,,,,,,,,,,,,,,,,,,,,,,,,,,,,,,,,,,,,,,,,,,,,,,,,,,,,,,,,,,,,,,,,,,,,,,,,,,,,,,,,,,,,,
1907,7,18.4,36.3,23.3,24.1,25.22,24.12,72.0,1.07,14.0,0.4,23.41,24.2,25.29,24.37,71.0,1.07,14.0,0.4,11.54,11.54,11.54,11.54,1.0,0.0,18.0,0.0,76.4,76.4,76.4,76.4,1.0,0.0,18.0,0.0,0.6,0.4,1.0,2.6,4.6,3.06,73.0,2.4,14.0,0.4,0.0,0.97,2.98,1.28,73.0,1.65,14.0,0.4,-4.25,-0.97,0.92,-1.45,73.0,2.96,14.0,0.4,1012.17,1014.8,1017.37,1014.44,43.0,3.22,14.0,0.4,0.0,1.0,3.0,1.3,54.0,1.7,14.0,0.5,76.4,76.4,76.4,76.4,1.0,0.0,18.0,0.0,0.6,0.4,0.0,1.0,15.0,5.8,73.0,9.8,14.0,0.4,-19.6,-1.0,0.9,-8.9,73.0,22.0,14.0,0.4,-1.02,0.0,0.62,-0.18,69.0,0.9,14.0,0.4,-3.0,0.0,1.2,-0.9,67.0,3.4,14.0,0.4,4.08,4.08,4.08,4.08,1.0,0.0,18.0,0.0,27.4,27.4,27.4,27.4,1.0,0.0,18.0,0.0,0.0,24.0,66.8,31.7,69.0,38.7,14.0,0.4,-104.0,-25.4,11.2,-39.7,69.0,71.3,14.0,0.4,59.2,59.2,59.2,59.2,1.0,0.0,18.0,0.0,49.7,49.7,49.7,49.7,1.0,0.0,18.0,0.0,21.0,21.0,21.0,21.0,1.0,0.0,18.0,0.0,17.6,17.6,17.6,17.6,1.0,0.0,18.0,0.0,1.0,17.5,97.5,94.0,73.0,197.0,14.0,0.4,0.0,20.0,95.0,95.0,73.0,195.0,14.0,0.4
1907,7,18.4,54.3,12.19,13.8,15.21,13.77,133.0,1.56,18.0,0.8,12.55,14.2,16.6,14.46,105.0,2.03,18.0,0.8,8.72,8.78,9.11,8.95,6.0,0.42,26.0,0.0,96.8,97.1,98.4,97.6,6.0,1.3,26.0,0.0,0.5,0.6,2.6,4.6,9.3,5.22,123.0,3.49,18.0,0.8,-1.8,1.02,6.17,1.77,123.0,4.44,18.0,0.8,-4.74,-1.84,1.8,-1.5,123.0,3.8,18.0,0.8,1008.75,1010.7,1013.2,1010.64,7.0,2.17,26.0,0.0,1.4,7.0,8.0,5.4,125.0,3.0,18.0,0.8,96.8,97.1,98.4,97.6,6.0,1.3,26.0,0.0,0.5,0.6,-4.8,2.6,41.3,14.1,123.0,50.8,18.0,0.8,-33.8,-4.8,6.2,-10.3,123.0,35.0,18.0,0.8,-2.1,-0.7,0.88,-0.74,103.0,1.73,18.0,0.8,-10.0,-2.6,1.4,-3.6,93.0,10.9,18.0,0.8,-0.12,-0.03,0.27,0.06,6.0,0.22,26.0,0.0,-0.7,-0.2,1.1,0.3,5.0,1.5,26.0,0.0,-12.2,30.2,83.7,29.0,95.0,64.0,18.0,0.8,-72.1,-30.1,14.7,-24.3,95.0,50.3,18.0,0.8,-7.3,0.0,22.5,5.2,5.0,18.3,26.0,0.0,-54.6,-52.4,14.3,-23.4,5.0,48.1,26.0,0.0,-0.1,0.0,0.5,0.2,5.0,0.5,26.0,0.0,-1.5,0.0,0.3,-0.5,5.0,1.3,26.0,0.0,17.5,97.5,804.5,368.5,123.0,771.5,18.0,0.8,20.0,95.0,805.0,370.0,123.0,770.0,18.0,0.8
1907,7,18.4,56.3,11.21,12.8,13.7,12.63,165.0,1.24,18.0,0.8,12.0,13.6,15.5,13.9,136.0,1.81,18.0,0.8,9.32,9.36,9.4,9.36,2.0,0.08,30.0,0.0,96.8,98.1,99.4,98.1,2.0,2.7,30.0,0.0,0.3,0.2,1.0,4.6,9.3,4.91,153.0,3.37,18.0,0.8,-1.0,0.71,4.74,1.89,153.0,3.2,18.0,0.8,-4.74,0.0,3.59,-0.84,153.0,4.59,18.0,0.8,999.59,1004.5,1009.41,1004.5,2.0,10.18,30.0,0.0,4.0,5.5,8.0,5.6,156.0,2.7,18.0,0.9,96.8,98.1,99.4,98.1,2.0,2.7,30.0,0.0,0.3,0.2,-2.3,0.7,33.6,15.3,153.0,30.4,18.0,0.8,-31.7,0.0,19.2,-6.2,153.0,41.8,18.0,0.8,-3.0,-1.0,0.06,-1.24,136.0,1.55,18.0,0.8,-14.3,-3.1,0.0,-5.7,125.0,9.2,18.0,0.8,-0.21,0.0,0.21,0.0,2.0,0.44,30.0,0.0,-1.6,-0.6,0.4,-0.6,2.0,2.2,30.0,0.0,-14.8,12.2,72.5,25.1,125.0,45.2,18.0,0.8,-72.5,0.0,41.8,-14.4,125.0,58.9,18.0,0.8,-4.6,24.0,52.6,24.0,2.0,59.3,30.0,0.0,3.4,10.7,18.0,10.7,2.0,15.1,30.0,0.0,-1.9,-1.4,-0.8,-1.4,2.0,1.1,30.0,0.0,0.1,0.4,0.6,0.4,2.0,0.5,30.0,0.0,1.0,97.5,804.5,303.5,153.0,511.0,18.0,0.8,0.0,95.0,805.0,305.0,153.0,510.0,18.0,0.8
1907,7,18.4,62.3,,,,,,,,,,,,,,,,,,,,,,,,,,,,,,,,,,,2.37,4.6,12.3,5.92,19.0,4.42,20.0,0.9,-4.81,0.0,0.14,-1.26,19.0,3.29,20.0,0.9,-9.07,-2.39,4.29,-2.69,19.0,6.03,20.0,0.9,1005.57,1008.1,1009.78,1008.0,12.0,6.31,28.0,0.0,,,,,,,,,,,,,,,,,,,,,,,,,,,,,,,,,,,,,,,,,,,,,,,,,,,,,,,,,,,,,,,,,,,,,,,,,,,,,,,,,,,,,,,,,,,,,,,,,,,,,,,,,,,,,,,,,,,,,,,,,,,,,,,,,,
1907,7,18.4,68.3,,,,,,,,,,,,,,,,,,,,,,,,,,,,,,,,,,,6.7,6.7,6.7,6.7,1.0,0.0,24.0,1.0,-4.74,-4.74,-4.74,-4.74,1.0,0.0,24.0,1.0,-4.74,-4.74,-4.74,-4.74,1.0,0.0,24.0,1.0,1014.2,1014.2,1014.2,1014.2,1.0,0.0,24.0,1.0,,,,,,,,,,,,,,,,,,,,,,,,,,,,,,,,,,,,,,,,,,,,,,,,,,,,,,,,,,,,,,,,,,,,,,,,,,,,,,,,,,,,,,,,,,,,,,,,,,,,,,,,,,,,,,,,,,,,,,,,,,,,,,,,,,
1907,7,18.4,70.3,,,,,,,,,,,,,,,,,,,,,,,,,,,,,,,,,,,6.7,6.7,6.7,6.7,1.0,0.0,24.0,1.0,-6.21,-6.21,-6.21,-6.21,1.0,0.0,24.0,1.0,-2.51,-2.51,-2.51,-2.51,1.0,0.0,24.0,1.0,1014.7,1014.7,1014.7,1014.7,1.0,0.0,24.0,1.0,,,,,,,,,,,,,,,,,,,,,,,,,,,,,,,,,,,,,,,,,,,,,,,,,,,,,,,,,,,,,,,,,,,,,,,,,,,,,,,,,,,,,,,,,,,,,,,,,,,,,,,,,,,,,,,,,,,,,,,,,,,,,,,,,,
1907,7,18.4,72.3,,,,,,,,,,,,,,,,,,,,,,,,,,,,,,,,,,,2.6,2.6,2.6,2.6,1.0,0.0,26.0,1.0,-2.6,-2.6,-2.6,-2.6,1.0,0.0,26.0,1.0,0.0,0.0,0.0,0.0,1.0,0.0,26.0,1.0,1019.9,1019.9,1019.9,1019.9,1.0,0.0,26.0,1.0,,,,,,,,,,,,,,,,,,,,,,,,,,,,,,,,,,,,,,,,,,,,,,,,,,,,,,,,,,,,,,,,,,,,,,,,,,,,,,,,,,,,,,,,,,,,,,,,,,,,,,,,,,,,,,,,,,,,,,,,,,,,,,,,,,
1907,7,18.4,74.3,,,,,,,,,,,,,,,,,,,,,,,,,,,,,,,,,,,1.76,3.6,4.6,3.2,4.0,1.74,18.0,1.0,-4.27,-2.64,-0.85,-2.56,4.0,1.97,18.0,1.0,-2.07,-1.72,-0.45,-1.28,4.0,1.36,18.0,1.0,1020.6,1020.6,1020.6,1020.6,1.0,0.0,26.0,1.0,,,,,,,,,,,,,,,,,,,,,,,,,,,,,,,,,,,,,,,,,,,,,,,,,,,,,,,,,,,,,,,,,,,,,,,,,,,,,,,,,,,,,,,,,,,,,,,,,,,,,,,,,,,,,,,,,,,,,,,,,,,,,,,,,,
1907,7,20.4,-43.7,,,,,,,,,,,,,,,,,,,,,,,,,,,,,,,,,,,1.57,2.8,4.03,2.8,2.0,2.55,6.0,0.5,0.27,0.86,1.45,0.86,2.0,1.22,6.0,0.5,-3.75,-2.63,-1.52,-2.63,2.0,2.31,6.0,0.5,1028.3,1028.3,1028.3,1028.3,2.0,0.0,6.0,0.5,,,,,,,,,,,,,,,,,,,,,,,,,,,,,,,,,,,,,,,,,,,,,,,,,,,,,,,,,,,,,,,,,,,,,,,,,,,,,,,,,,,,,,,,,,,,,,,,,,,,,,,,,,,,,,,,,,,,,,,,,,,,,,,,,,
1907,7,20.4,-37.7,,,,,,,,,,,,,,,,,,,,,,,,,,,,,,,,,,,4.6,4.6,4.6,4.6,1.0,0.0,24.0,1.0,-4.6,-4.6,-4.6,-4.6,1.0,0.0,24.0,1.0,0.0,0.0,0.0,0.0,1.0,0.0,24.0,1.0,1028.2,1028.2,1028.2,1028.2,1.0,0.0,24.0,1.0,,,,,,,,,,,,,,,,,,,,,,,,,,,,,,,,,,,,,,,,,,,,,,,,,,,,,,,,,,,,,,,,,,,,,,,,,,,,,,,,,,,,,,,,,,,,,,,,,,,,,,,,,,,,,,,,,,,,,,,,,,,,,,,,,,
1907,7,20.4,-35.7,,,,,,,,,,,,,,,,,,,,,,,,,,,,,,,,,,,1.0,2.6,9.3,3.96,18.0,3.23,16.0,0.4,-4.27,-2.4,0.0,-1.74,18.0,3.79,16.0,0.4,-1.76,0.0,1.44,-0.16,18.0,3.06,16.0,0.4,1014.9,1019.4,1023.1,1018.97,7.0,4.01,18.0,0.3,,,,,,,,,,,,,,,,,,,,,,,,,,,,,,,,,,,,,,,,,,,,,,,,,,,,,,,,,,,,,,,,,,,,,,,,,,,,,,,,,,,,,,,,,,,,,,,,,,,,,,,,,,,,,,,,,,,,,,,,,,,,,,,,,,
1907,7,20.4,34.3,23.0,23.95,25.0,23.93,74.0,1.0,16.0,0.5,23.0,24.0,25.55,24.19,67.0,1.3,16.0,0.4,12.45,12.45,12.45,12.45,1.0,0.0,18.0,1.0,77.0,77.0,77.0,77.0,1.0,0.0,18.0,1.0,0.4,0.9,2.6,4.6,6.7,4.27,74.0,2.47,16.0,0.5,0.0,1.84,4.39,2.13,74.0,2.29,16.0,0.5,-4.74,-2.93,-0.95,-3.16,74.0,2.14,16.0,0.5,1010.8,1014.3,1016.54,1014.09,36.0,2.62,14.0,0.5,0.0,0.0,2.0,0.6,59.0,0.9,16.0,0.5,77.0,77.0,77.0,77.0,1.0,0.0,18.0,1.0,0.4,0.9,0.0,4.8,25.6,12.9,74.0,19.8,16.0,0.5,-32.0,-15.0,-1.0,-17.9,74.0,19.8,16.0,0.5,-0.85,0.0,0.5,-0.28,67.0,1.06,16.0,0.4,-5.0,0.0,2.3,-1.1,67.0,4.2,16.0,0.4,5.43,5.43,5.43,5.43,1.0,0.0,18.0,1.0,25.0,25.0,25.0,25.0,1.0,0.0,18.0,1.0,0.0,46.5,103.9,54.4,67.0,55.9,16.0,0.4,-133.0,-72.2,-23.4,-77.6,67.0,51.7,16.0,0.4,57.3,57.3,57.3,57.3,1.0,0.0,18.0,1.0,0.0,0.0,0.0,0.0,1.0,0.0,18.0,1.0,25.0,25.0,25.0,25.0,1.0,0.0,18.0,1.0,0.0,0.0,0.0,0.0,1.0,0.0,18.0,1.0,17.5,97.5,301.0,163.0,74.0,277.0,16.0,0.5,20.0,95.0,300.0,165.0,74.0,275.0,16.0,0.5
1907,7,20.4,36.3,23.0,23.8,24.61,23.77,57.0,0.91,12.0,0.6,23.55,24.2,25.07,24.28,53.0,1.08,12.0,0.5,11.54,11.54,11.54,11.54,1.0,0.0,18.0,1.0,76.4,76.4,76.4,76.4,1.0,0.0,18.0,1.0,0.1,0.1,1.0,2.6,6.7,3.74,53.0,2.79,12.0,0.6,0.0,1.72,4.53,1.92,53.0,2.11,12.0,0.6,-4.52,-1.0,0.0,-2.0,53.0,3.13,12.0,0.6,1013.0,1014.2,1017.4,1014.69,20.0,2.7,14.0,0.8,0.0,0.0,2.0,0.7,39.0,0.9,12.0,0.6,76.4,76.4,76.4,76.4,1.0,0.0,18.0,1.0,0.1,0.1,0.0,4.8,20.8,10.5,53.0,15.4,12.0,0.6,-20.8,-2.5,0.0,-13.4,53.0,30.2,12.0,0.6,-1.45,-0.5,0.32,-0.56,53.0,0.92,12.0,0.5,-4.1,-0.9,0.2,-1.8,49.0,4.7,14.0,0.6,5.18,5.18,5.18,5.18,1.0,0.0,18.0,1.0,34.7,34.7,34.7,34.7,1.0,0.0,18.0,1.0,0.0,40.3,101.7,44.3,49.0,49.7,14.0,0.6,-109.2,-45.6,0.0,-53.9,49.0,76.2,14.0,0.6,77.3,77.3,77.3,77.3,1.0,0.0,18.0,1.0,0.0,0.0,0.0,0.0,1.0,0.0,18.0,1.0,34.7,34.7,34.7,34.7,1.0,0.0,18.0,1.0,0.0,0.0,0.0,0.0,1.0,0.0,18.0,1.0,1.0,17.5,301.0,159.5,53.0,367.0,12.0,0.6,0.0,20.0,300.0,160.0,53.0,365.0,12.0,0.6
1907,7,20.4,54.3,13.25,14.5,16.08,14.43,13.0,1.67,16.0,0.5,12.41,15.9,16.33,14.55,13.0,2.04,16.0,0.5,8.34,8.55,8.76,8.55,2.0,0.44,26.0,0.0,96.9,97.1,97.3,97.1,2.0,0.4,26.0,0.0,0.3,0.8,1.0,4.6,9.3,4.72,11.0,3.71,18.0,0.4,-2.14,0.93,3.48,0.83,11.0,2.97,18.0,0.4,-8.59,-2.62,0.54,-3.3,11.0,4.09,18.0,0.4,1013.53,1013.6,1013.67,1013.6,2.0,0.14,26.0,0.0,6.3,7.0,7.7,7.0,2.0,1.4,26.0,0.0,96.9,97.1,97.3,97.1,2.0,0.4,26.0,0.0,0.3,0.8,-12.1,0.9,32.4,5.1,11.0,22.6,18.0,0.4,-79.9,-17.5,0.5,-28.5,11.0,35.6,18.0,0.4,-1.41,-0.2,1.16,-0.12,13.0,1.22,16.0,0.5,-9.3,-0.5,3.7,-2.1,10.0,7.4,20.0,0.4,0.87,1.04,1.21,1.04,2.0,0.35,26.0,0.0,1.5,1.8,2.2,1.8,2.0,0.8,26.0,0.0,-33.3,5.9,56.9,12.7,10.0,49.0,20.0,0.4,-138.9,-55.1,7.1,-59.0,10.0,65.2,20.0,0.4,-0.5,9.8,20.2,9.8,2.0,21.4,26.0,0.0,6.8,7.7,8.6,7.7,2.0,2.0,26.0,0.0,-0.3,0.7,1.7,0.7,2.0,2.2,26.0,0.0,0.8,0.9,1.0,0.9,2.0,0.1,26.0,0.0,1.0,97.5,804.5,285.5,11.0,351.5,18.0,0.4,0.0,95.0,805.0,285.0,11.0,350.0,18.0,0.4
1907,7,20.4,60.3,,,,,,,,,,,,,,,,,,,,,,,,,,,,,,,,,,,0.0,2.6,9.44,4.79,7.0,4.76,24.0,0.5,-6.68,-2.41,0.0,-3.47,7.0,3.33,24.0,0.5,-1.15,0.0,6.68,1.63,7.0,4.6,24.0,0.5,1000.42,1012.8,1017.02,1009.2,29.0,8.21,26.0,0.0,,,,,,,,,,,,,,,,,,,,,,,,,,,,,,,,,,,,,,,,,,,,,,,,,,,,,,,,,,,,,,,,,,,,,,,,,,,,,,,,,,,,,,,,,,,,,,,,,,,,,,,,,,,,,,,,,,,,,,,,,,,,,,,,,,
1907,7,20.4,62.3,,,,,,,,,,,,,,,,,,,,,,,,,,,,,,,,,,,2.6,6.7,9.3,5.87,46.0,3.31,18.0,0.9,-3.16,0.0,2.62,-0.04,46.0,2.94,18.0,0.9,-6.68,1.84,6.62,0.47,46.0,6.11,18.0,0.9,1008.6,1017.4,1021.28,1014.86,39.0,6.89,26.0,0.0,,,,,,,,,,,,,,,,,,,,,,,,,,,,,,,,,,,,,,,,,,,,,,,,,,,,,,,,,,,,,,,,,,,,,,,,,,,,,,,,,,,,,,,,,,,,,,,,,,,,,,,,,,,,,,,,,,,,,,,,,,,,,,,,,,
1907,7,20.4,64.3,,,,,,,,,,,,,,,,,,,,,,,,,,,,,,,,,,,2.6,4.6,9.3,5.96,19.0,3.54,16.0,0.7,-0.47,0.0,2.39,0.01,19.0,2.05,16.0,0.7,-8.67,-1.02,6.24,-0.77,19.0,6.73,16.0,0.7,1016.74,1020.0,1020.64,1018.27,6.0,4.32,26.0,0.0,,,,,,,,,,,,,,,,,,,,,,,,,,,,,,,,,,,,,,,,,,,,,,,,,,,,,,,,,,,,,,,,,,,,,,,,,,,,,,,,,,,,,,,,,,,,,,,,,,,,,,,,,,,,,,,,,,,,,,,,,,,,,,,,,,
1907,7,20.4,72.3,,,,,,,,,,,,,,,,,,,,,,,,,,,,,,,,,,,2.92,3.6,4.28,3.6,2.0,1.41,26.0,1.0,-4.25,-3.51,-2.76,-3.51,2.0,1.55,26.0,1.0,-0.82,-0.49,-0.15,-0.49,2.0,0.69,26.0,1.0,1019.07,1019.45,1019.83,1019.45,2.0,0.78,26.0,1.0,,,,,,,,,,,,,,,,,,,,,,,,,,,,,,,,,,,,,,,,,,,,,,,,,,,,,,,,,,,,,,,,,,,,,,,,,,,,,,,,,,,,,,,,,,,,,,,,,,,,,,,,,,,,,,,,,,,,,,,,,,,,,,,,,,
1907,7,22.4,-43.7,,,,,,,,,,,,,,,,,,,,,,,,,,,,,,,,,,,6.7,6.7,6.7,6.7,1.0,0.0,6.0,0.0,2.51,2.51,2.51,2.51,1.0,0.0,6.0,0.0,-6.21,-6.21,-6.21,-6.21,1.0,0.0,6.0,0.0,1028.3,1028.3,1028.3,1028.3,1.0,0.0,6.0,0.0,,,,,,,,,,,,,,,,,,,,,,,,,,,,,,,,,,,,,,,,,,,,,,,,,,,,,,,,,,,,,,,,,,,,,,,,,,,,,,,,,,,,,,,,,,,,,,,,,,,,,,,,,,,,,,,,,,,,,,,,,,,,,,,,,,
1907,7,22.4,-37.7,,,,,,,,,,,,,,,,,,,,,,,,,,,,,,,,,,,4.6,5.65,9.63,7.05,4.0,3.64,22.0,0.8,-7.49,-5.2,0.22,-3.71,4.0,5.62,22.0,0.8,-5.8,-2.21,0.05,-2.85,4.0,4.33,22.0,0.8,1027.1,1027.1,1027.1,1027.1,1.0,0.0,22.0,1.0,,,,,,,,,,,,,,,,,,,,,,,,,,,,,,,,,,,,,,,,,,,,,,,,,,,,,,,,,,,,,,,,,,,,,,,,,,,,,,,,,,,,,,,,,,,,,,,,,,,,,,,,,,,,,,,,,,,,,,,,,,,,,,,,,,
1907,7,22.4,-35.7,,,,,,,,,,,,,,,,,,,,,,,,,,,,,,,,,,,3.43,4.6,6.7,4.93,12.0,2.71,16.0,0.8,-4.76,-0.9,4.74,-0.79,12.0,4.34,16.0,0.8,-4.63,-2.88,0.0,-2.18,12.0,3.03,16.0,0.8,1018.03,1020.55,1026.78,1022.33,8.0,5.04,20.0,1.0,,,,,,,,,,,,,,,,,,,,,,,,,,,,,,,,,,,,,,,,,,,,,,,,,,,,,,,,,,,,,,,,,,,,,,,,,,,,,,,,,,,,,,,,,,,,,,,,,,,,,,,,,,,,,,,,,,,,,,,,,,,,,,,,,,
1907,7,22.4,32.3,,,,,,,,,,,,,,,,,,,,,,,,,,,,,,,,,,,2.95,6.7,6.7,5.57,21.0,2.0,16.0,0.5,0.3,1.84,4.74,2.81,21.0,2.51,16.0,0.5,-6.58,-4.27,-1.96,-4.25,21.0,1.72,16.0,0.5,1009.47,1011.2,1012.67,1011.08,4.0,1.94,18.0,0.5,,,,,,,,,,,,,,,,,,,,,,,,,,,,,,,,,,,,,,,,,,,,,,,,,,,,,,,,,,,,,,,,,,,,,,,,,,,,,,,,,,,,,,,,,,,,,,,,,,,,,,,,,,,,,,,,,,,,,,,,,,,,,,,,,,
1907,7,22.4,34.3,22.5,23.3,24.4,23.42,89.0,1.08,16.0,0.4,22.8,24.0,25.05,23.98,86.0,1.25,16.0,0.4,14.09,14.92,15.46,14.78,3.0,1.01,18.0,0.7,83.4,86.3,89.3,86.4,3.0,4.3,18.0,0.7,0.8,0.6,2.6,4.6,9.3,5.76,88.0,2.59,16.0,0.4,0.0,3.25,6.18,3.06,88.0,3.23,16.0,0.4,-6.58,-3.25,-1.8,-3.84,88.0,2.35,16.0,0.4,1009.8,1013.1,1015.96,1012.87,48.0,2.57,14.0,0.4,0.0,0.0,2.0,0.5,79.0,0.8,16.0,0.4,83.4,86.3,89.3,86.4,3.0,4.3,18.0,0.7,0.8,0.6,0.0,15.0,41.7,21.9,88.0,31.1,16.0,0.4,-44.9,-17.5,-6.8,-26.7,88.0,25.4,16.0,0.4,-1.65,-0.5,0.4,-0.57,86.0,1.12,16.0,0.4,-8.3,-2.3,1.2,-3.6,85.0,6.7,16.0,0.4,3.08,3.59,4.0,3.54,3.0,0.68,18.0,0.7,0.9,2.8,7.3,4.1,3.0,4.8,18.0,0.7,0.0,78.4,146.0,73.4,85.0,77.7,16.0,0.4,-147.2,-82.9,-43.0,-91.1,85.0,56.1,16.0,0.4,0.0,0.0,20.3,9.9,3.0,17.2,18.0,0.7,5.0,15.7,22.0,13.5,3.0,12.6,18.0,0.7,0.0,0.0,4.9,2.4,3.0,4.1,18.0,0.7,0.9,2.8,5.0,2.9,3.0,3.0,18.0,0.7,17.5,97.5,804.5,315.0,88.0,420.0,16.0,0.4,20.0,95.0,805.0,315.0,88.0,420.0,16.0,0.4
1907,7,22.4,36.3,,,,,,,,,,,,,,,,,,,,,,,,,,,,,,,,,,,1.0,2.6,6.7,3.35,26.0,2.97,8.0,0.5,-0.02,0.0,3.48,1.1,26.0,2.81,8.0,0.5,-4.6,-1.0,0.0,-1.98,26.0,2.69,8.0,0.5,1017.95,1018.3,1018.7,1018.33,4.0,0.44,6.0,0.3,,,,,,,,,,,,,,,,,,,,,,,,,,,,,,,,,,,,,,,,,,,,,,,,,,,,,,,,,,,,,,,,,,,,,,,,,,,,,,,,,,,,,,,,,,,,,,,,,,,,,,,,,,,,,,,,,,,,,,,,,,,,,,,,,,
1907,7,22.4,58.3,,,,,,,,,,,,,,,,,,,,,,,,,,,,,,,,,,,1.0,4.6,6.7,4.22,46.0,3.19,18.0,0.8,0.0,2.39,5.97,2.4,46.0,3.06,18.0,0.8,-2.62,0.0,2.59,-0.01,46.0,3.62,18.0,0.8,1005.7,1005.7,1005.7,1005.7,1.0,0.0,24.0,0.0,,,,,,,,,,,,,,,,,,,,,,,,,,,,,,,,,,,,,,,,,,,,,,,,,,,,,,,,,,,,,,,,,,,,,,,,,,,,,,,,,,,,,,,,,,,,,,,,,,,,,,,,,,,,,,,,,,,,,,,,,,,,,,,,,,
1907,7,22.4,64.3,,,,,,,,,,,,,,,,,,,,,,,,,,,,,,,,,,,2.0,3.0,7.32,4.31,31.0,3.06,20.0,0.6,-0.43,0.64,1.84,0.34,31.0,2.06,20.0,0.6,-4.6,-1.84,4.35,-0.49,31.0,4.9,20.0,0.6,1009.8,1014.9,1021.63,1015.44,32.0,5.44,26.0,0.0,,,,,,,,,,,,,,,,,,,,,,,,,,,,,,,,,,,,,,,,,,,,,,,,,,,,,,,,,,,,,,,,,,,,,,,,,,,,,,,,,,,,,,,,,,,,,,,,,,,,,,,,,,,,,,,,,,,,,,,,,,,,,,,,,,
1907,7,22.4,72.3,,,,,,,,,,,,,,,,,,,,,,,,,,,,,,,,,,,1.0,6.7,7.65,4.94,5.0,3.75,20.0,1.0,-7.65,-6.7,-0.71,-4.82,5.0,3.9,20.0,1.0,-0.71,0.0,0.0,-0.28,5.0,0.39,20.0,1.0,1015.23,1016.6,1017.97,1016.6,3.0,2.0,26.0,1.0,,,,,,,,,,,,,,,,,,,,,,,,,,,,,,,,,,,,,,,,,,,,,,,,,,,,,,,,,,,,,,,,,,,,,,,,,,,,,,,,,,,,,,,,,,,,,,,,,,,,,,,,,,,,,,,,,,,,,,,,,,,,,,,,,,
1907,7,24.4,-41.7,,,,,,,,,,,,,,,,,,,,,,,,,,,,,,,,,,,12.3,12.3,12.3,12.3,1.0,0.0,26.0,1.0,8.7,8.7,8.7,8.7,1.0,0.0,26.0,1.0,8.7,8.7,8.7,8.7,1.0,0.0,26.0,1.0,1023.3,1023.3,1023.3,1023.3,1.0,0.0,26.0,1.0,,,,,,,,,,,,,,,,,,,,,,,,,,,,,,,,,,,,,,,,,,,,,,,,,,,,,,,,,,,,,,,,,,,,,,,,,,,,,,,,,,,,,,,,,,,,,,,,,,,,,,,,,,,,,,,,,,,,,,,,,,,,,,,,,,
1907,7,24.4,-35.7,,,,,,,,,,,,,,,,,,,,,,,,,,,,,,,,,,,2.45,4.6,7.53,5.41,13.0,4.72,16.0,0.3,-3.35,1.84,4.31,2.26,13.0,6.22,16.0,0.3,-3.35,-1.0,1.97,-0.71,13.0,3.02,16.0,0.3,1019.11,1023.1,1025.08,1022.3,11.0,3.37,20.0,0.3,,,,,,,,,,,,,,,,,,,,,,,,,,,,,,,,,,,,,,,,,,,,,,,,,,,,,,,,,,,,,,,,,,,,,,,,,,,,,,,,,,,,,,,,,,,,,,,,,,,,,,,,,,,,,,,,,,,,,,,,,,,,,,,,,,
1907,7,24.4,-33.7,,,,,,,,,,,,,,,,,,,,,,,,,,,,,,,,,,,2.6,2.6,5.4,3.97,3.0,2.37,18.0,0.3,-1.0,-0.97,4.26,1.57,3.0,4.44,18.0,0.3,-2.41,-2.39,-0.76,-1.6,3.0,1.39,18.0,0.3,1022.8,1022.8,1022.8,1022.8,1.0,0.0,26.0,0.0,,,,,,,,,,,,,,,,,,,,,,,,,,,,,,,,,,,,,,,,,,,,,,,,,,,,,,,,,,,,,,,,,,,,,,,,,,,,,,,,,,,,,,,,,,,,,,,,,,,,,,,,,,,,,,,,,,,,,,,,,,,,,,,,,,
1907,7,24.4,32.3,,,,,,,,,,,,,,,,,,,,,,,,,,,,,,,,,,,2.6,4.6,8.64,5.22,53.0,2.69,14.0,0.4,1.8,3.25,6.48,3.64,53.0,2.29,14.0,0.4,-6.47,-3.25,-0.97,-3.27,53.0,2.31,14.0,0.4,1007.07,1011.15,1012.72,1010.36,18.0,2.53,14.0,0.4,,,,,,,,,,,,,,,,,,,,,,,,,,,,,,,,,,,,,,,,,,,,,,,,,,,,,,,,,,,,,,,,,,,,,,,,,,,,,,,,,,,,,,,,,,,,,,,,,,,,,,,,,,,,,,,,,,,,,,,,,,,,,,,,,,
1907,7,24.4,34.3,22.5,23.5,24.78,23.57,71.0,0.93,16.0,0.6,23.0,24.2,25.8,24.37,66.0,1.33,16.0,0.6,15.51,15.51,15.51,15.51,1.0,0.0,16.0,0.0,86.9,86.9,86.9,86.9,1.0,0.0,16.0,0.0,0.4,0.2,1.0,4.6,9.3,5.29,69.0,3.58,16.0,0.6,0.71,4.23,6.58,3.9,69.0,2.81,16.0,0.6,-4.87,-2.29,-0.71,-3.02,69.0,2.94,16.0,0.6,1009.64,1011.9,1014.28,1011.77,40.0,2.27,14.0,0.6,0.0,0.0,1.0,0.3,67.0,0.7,16.0,0.6,86.9,86.9,86.9,86.9,1.0,0.0,16.0,0.0,0.4,0.2,0.7,19.5,61.2,29.3,69.0,32.9,16.0,0.6,-39.5,-8.3,-0.7,-25.0,69.0,36.4,16.0,0.6,-1.97,-0.8,0.2,-0.84,66.0,1.19,16.0,0.6,-9.4,-3.7,0.0,-5.6,65.0,11.0,16.0,0.6,3.03,3.03,3.03,3.03,1.0,0.0,16.0,0.0,0.0,0.0,0.0,0.0,1.0,0.0,16.0,0.0,17.7,101.5,163.5,98.0,65.0,68.3,16.0,0.6,-119.3,-59.7,-23.5,-75.7,65.0,69.6,16.0,0.6,0.0,0.0,0.0,0.0,1.0,0.0,16.0,0.0,0.0,0.0,0.0,0.0,1.0,0.0,16.0,0.0,0.0,0.0,0.0,0.0,1.0,0.0,16.0,0.0,0.0,0.0,0.0,0.0,1.0,0.0,16.0,0.0,1.0,97.5,804.5,375.5,69.0,590.5,16.0,0.6,0.0,95.0,805.0,375.0,69.0,590.0,16.0,0.6
1907,7,24.4,36.3,,,,,,,,,,,,,,,,,,,,,,,,,,,,,,,,,,,0.0,2.6,5.47,3.04,11.0,3.18,12.0,0.4,-0.29,0.0,0.0,-0.22,11.0,1.24,12.0,0.4,-5.47,-2.6,0.0,-2.91,11.0,3.05,12.0,0.4,1018.6,1018.6,1018.6,1018.6,1.0,0.0,6.0,1.0,,,,,,,,,,,,,,,,,,,,,,,,,,,,,,,,,,,,,,,,,,,,,,,,,,,,,,,,,,,,,,,,,,,,,,,,,,,,,,,,,,,,,,,,,,,,,,,,,,,,,,,,,,,,,,,,,,,,,,,,,,,,,,,,,,
1907,7,24.4,38.3,,,,,,,,,,,,,,,,,,,,,,,,,,,,,,,,,,,1.0,4.6,6.7,4.25,18.0,2.49,12.0,0.4,-3.25,-0.71,1.72,-0.81,18.0,2.21,12.0,0.4,-6.21,-3.25,0.12,-3.09,18.0,3.1,12.0,0.4,1017.4,1018.3,1019.36,1018.38,4.0,1.13,4.0,0.5,,,,,,,,,,,,,,,,,,,,,,,,,,,,,,,,,,,,,,,,,,,,,,,,,,,,,,,,,,,,,,,,,,,,,,,,,,,,,,,,,,,,,,,,,,,,,,,,,,,,,,,,,,,,,,,,,,,,,,,,,,,,,,,,,,
1907,7,24.4,70.3,,,,,,,,,,,,,,,,,,,,,,,,,,,,,,,,,,,7.11,8.0,8.89,8.0,2.0,1.84,26.0,1.0,-8.89,-8.0,-7.11,-8.0,2.0,1.84,26.0,1.0,0.0,0.0,0.0,0.0,2.0,0.0,26.0,1.0,1014.27,1015.7,1017.13,1015.7,2.0,2.97,26.0,1.0,,,,,,,,,,,,,,,,,,,,,,,,,,,,,,,,,,,,,,,,,,,,,,,,,,,,,,,,,,,,,,,,,,,,,,,,,,,,,,,,,,,,,,,,,,,,,,,,,,,,,,,,,,,,,,,,,,,,,,,,,,,,,,,,,,
1907,7,26.4,-35.7,,,,,,,,,,,,,,,,,,,,,,,,,,,,,,,,,,,6.5,6.7,6.82,6.49,7.0,1.97,18.0,0.4,-4.74,6.21,6.82,2.37,7.0,6.06,18.0,0.4,-4.74,0.0,2.51,-0.78,7.0,3.01,18.0,0.4,1018.59,1021.25,1021.45,1020.08,4.0,2.52,26.0,0.5,,,,,,,,,,,,,,,,,,,,,,,,,,,,,,,,,,,,,,,,,,,,,,,,,,,,,,,,,,,,,,,,,,,,,,,,,,,,,,,,,,,,,,,,,,,,,,,,,,,,,,,,,,,,,,,,,,,,,,,,,,,,,,,,,,
1907,7,26.4,-33.7,,,,,,,,,,,,,,,,,,,,,,,,,,,,,,,,,,,2.45,4.6,12.6,6.8,13.0,5.7,14.0,0.3,-0.82,1.84,12.6,4.38,13.0,6.97,14.0,0.3,-3.6,-1.84,0.16,-1.32,13.0,3.36,14.0,0.3,1021.05,1026.0,1028.45,1024.53,11.0,5.65,14.0,0.4,,,,,,,,,,,,,,,,,,,,,,,,,,,,,,,,,,,,,,,,,,,,,,,,,,,,,,,,,,,,,,,,,,,,,,,,,,,,,,,,,,,,,,,,,,,,,,,,,,,,,,,,,,,,,,,,,,,,,,,,,,,,,,,,,,
1907,7,26.4,32.3,23.6,24.4,25.55,24.47,105.0,1.07,16.0,0.4,23.52,24.8,26.2,24.83,97.0,1.28,16.0,0.4,16.2,17.06,17.92,17.06,2.0,1.78,16.0,1.0,84.9,89.4,93.8,89.4,2.0,9.2,16.0,1.0,0.6,0.8,2.6,4.6,6.7,5.1,105.0,2.38,16.0,0.4,1.37,3.25,6.17,3.3,105.0,2.34,16.0,0.4,-4.74,-3.25,-1.72,-3.28,105.0,2.14,16.0,0.4,1007.47,1011.5,1013.63,1010.91,56.0,2.74,14.0,0.4,0.0,0.0,1.8,0.5,97.0,0.9,16.0,0.4,84.9,89.4,93.8,89.4,2.0,9.2,16.0,1.0,0.6,0.8,3.7,15.0,41.3,20.2,105.0,24.1,16.0,0.4,-31.7,-15.0,-4.8,-20.6,105.0,24.2,16.0,0.4,-1.2,-0.5,0.48,-0.41,97.0,0.95,16.0,0.4,-6.9,-1.3,1.4,-2.0,96.0,5.6,16.0,0.4,0.62,1.48,2.34,1.48,2.0,1.78,16.0,1.0,1.6,3.8,6.1,3.8,2.0,4.6,16.0,1.0,42.2,82.5,144.6,82.9,96.0,58.1,16.0,0.4,-122.4,-75.6,-42.3,-81.4,96.0,53.7,16.0,0.4,6.1,19.3,32.5,19.3,2.0,27.3,16.0,1.0,-42.3,-30.8,-19.4,-30.8,2.0,23.8,16.0,1.0,1.1,3.3,5.6,3.3,2.0,4.7,16.0,1.0,-2.1,-1.5,-0.9,-1.5,2.0,1.3,16.0,1.0,17.5,97.5,301.0,231.0,105.0,424.0,16.0,0.4,20.0,95.0,300.0,230.0,105.0,425.0,16.0,0.4
1907,7,26.4,34.3,23.84,24.25,25.12,24.43,6.0,0.76,20.0,0.5,23.93,24.65,26.39,24.85,6.0,1.72,20.0,0.5,15.79,15.79,15.79,15.79,1.0,0.0,16.0,1.0,82.9,82.9,82.9,82.9,1.0,0.0,16.0,1.0,0.0,0.0,1.0,2.6,5.03,3.08,6.0,2.21,20.0,0.5,0.63,1.78,2.89,1.96,6.0,1.56,20.0,0.5,-4.36,-0.96,-0.18,-1.63,6.0,2.47,20.0,0.5,1010.85,1011.4,1015.5,1013.13,3.0,3.72,16.0,0.7,0.0,0.0,0.4,0.3,6.0,0.8,20.0,0.5,82.9,82.9,82.9,82.9,1.0,0.0,16.0,1.0,0.0,0.0,0.6,5.5,12.8,8.6,6.0,11.7,20.0,0.5,-22.1,-1.7,0.4,-8.5,6.0,14.1,20.0,0.5,-1.54,-0.65,0.71,-0.42,6.0,1.22,20.0,0.5,-5.6,-1.3,1.7,-2.2,6.0,4.5,20.0,0.5,2.73,2.73,2.73,2.73,1.0,0.0,16.0,1.0,2.7,2.7,2.7,2.7,1.0,0.0,16.0,1.0,14.1,45.2,74.0,50.4,6.0,42.9,20.0,0.5,-109.4,-23.5,-2.5,-41.2,6.0,64.6,20.0,0.5,5.4,5.4,5.4,5.4,1.0,0.0,16.0,1.0,-14.8,-14.8,-14.8,-14.8,1.0,0.0,16.0,1.0,0.9,0.9,0.9,0.9,1.0,0.0,16.0,1.0,-2.6,-2.6,-2.6,-2.6,1.0,0.0,16.0,1.0,1.0,17.5,139.5,72.5,6.0,117.5,20.0,0.5,0.0,20.0,140.0,75.0,6.0,115.0,20.0,0.5
1907,7,26.4,38.3,,,,,,,,,,,,,,,,,,,,,,,,,,,,,,,,,,,1.0,4.6,9.3,5.14,10.0,3.44,12.0,0.2,-3.25,-1.0,0.0,-1.25,10.0,3.42,12.0,0.2,-6.65,-3.25,0.0,-3.82,10.0,3.4,12.0,0.2,1015.5,1015.5,1015.5,1015.5,1.0,0.0,4.0,0.0,,,,,,,,,,,,,,,,,,,,,,,,,,,,,,,,,,,,,,,,,,,,,,,,,,,,,,,,,,,,,,,,,,,,,,,,,,,,,,,,,,,,,,,,,,,,,,,,,,,,,,,,,,,,,,,,,,,,,,,,,,,,,,,,,,
1907,7,26.4,40.3,,,,,,,,,,,,,,,,,,,,,,,,,,,,,,,,,,,0.0,1.0,5.37,2.46,5.0,3.03,12.0,1.0,-4.51,0.0,0.37,-1.79,5.0,3.18,12.0,1.0,-1.19,0.0,0.0,-0.65,5.0,1.45,12.0,1.0,1012.2,1012.2,1012.2,1012.2,1.0,0.0,4.0,1.0,,,,,,,,,,,,,,,,,,,,,,,,,,,,,,,,,,,,,,,,,,,,,,,,,,,,,,,,,,,,,,,,,,,,,,,,,,,,,,,,,,,,,,,,,,,,,,,,,,,,,,,,,,,,,,,,,,,,,,,,,,,,,,,,,,
1907,7,28.4,-41.7,,,,,,,,,,,,,,,,,,,,,,,,,,,,,,,,,,,15.4,15.4,15.4,15.4,1.0,0.0,28.0,1.0,10.89,10.89,10.89,10.89,1.0,0.0,28.0,1.0,-10.89,-10.89,-10.89,-10.89,1.0,0.0,28.0,1.0,1016.7,1016.7,1016.7,1016.7,1.0,0.0,28.0,1.0,,,,,,,,,,,,,,,,,,,,,,,,,,,,,,,,,,,,,,,,,,,,,,,,,,,,,,,,,,,,,,,,,,,,,,,,,,,,,,,,,,,,,,,,,,,,,,,,,,,,,,,,,,,,,,,,,,,,,,,,,,,,,,,,,,
1907,7,28.4,-37.7,,,,,,,,,,,,,,,,,,,,,,,,,,,,,,,,,,,6.7,6.7,6.7,6.7,2.0,0.0,26.0,0.5,6.21,6.21,6.21,6.21,2.0,0.0,26.0,0.5,2.51,2.51,2.51,2.51,2.0,0.0,26.0,0.5,1020.45,1020.55,1020.65,1020.55,2.0,0.21,26.0,0.5,,,,,,,,,,,,,,,,,,,,,,,,,,,,,,,,,,,,,,,,,,,,,,,,,,,,,,,,,,,,,,,,,,,,,,,,,,,,,,,,,,,,,,,,,,,,,,,,,,,,,,,,,,,,,,,,,,,,,,,,,,,,,,,,,,
1907,7,28.4,-33.7,,,,,,,,,,,,,,,,,,,,,,,,,,,,,,,,,,,2.6,3.6,5.8,4.28,10.0,2.25,14.0,0.3,-2.16,0.0,3.74,0.91,10.0,3.7,14.0,0.3,-3.91,-2.6,-0.44,-2.52,10.0,1.93,14.0,0.3,1021.6,1029.0,1029.36,1025.72,5.0,5.91,16.0,0.6,,,,,,,,,,,,,,,,,,,,,,,,,,,,,,,,,,,,,,,,,,,,,,,,,,,,,,,,,,,,,,,,,,,,,,,,,,,,,,,,,,,,,,,,,,,,,,,,,,,,,,,,,,,,,,,,,,,,,,,,,,,,,,,,,,
1907,7,28.4,-31.7,,,,,,,,,,,,,,,,,,,,,,,,,,,,,,,,,,,2.6,3.6,4.6,3.6,4.0,1.15,10.0,0.5,-1.82,0.0,2.22,0.19,4.0,2.34,10.0,0.5,-4.23,-3.04,-0.88,-2.58,4.0,2.06,10.0,0.5,1030.0,1030.0,1030.0,1030.0,2.0,0.0,16.0,0.5,,,,,,,,,,,,,,,,,,,,,,,,,,,,,,,,,,,,,,,,,,,,,,,,,,,,,,,,,,,,,,,,,,,,,,,,,,,,,,,,,,,,,,,,,,,,,,,,,,,,,,,,,,,,,,,,,,,,,,,,,,,,,,,,,,
1907,7,28.4,30.3,,,,,,,,,,,,,,,,,,,,,,,,,,,,,,,,,,,4.6,6.7,6.7,6.01,12.0,1.34,16.0,0.4,2.62,4.67,5.11,4.12,12.0,1.38,16.0,0.4,-6.17,-4.74,-2.12,-3.89,12.0,2.05,16.0,0.4,1010.63,1012.0,1012.0,1011.33,3.0,1.15,2.0,0.3,,,,,,,,,,,,,,,,,,,,,,,,,,,,,,,,,,,,,,,,,,,,,,,,,,,,,,,,,,,,,,,,,,,,,,,,,,,,,,,,,,,,,,,,,,,,,,,,,,,,,,,,,,,,,,,,,,,,,,,,,,,,,,,,,,
1907,7,28.4,32.3,23.6,24.35,25.1,24.36,96.0,0.92,16.0,0.5,23.8,24.8,25.8,24.81,94.0,1.15,16.0,0.5,14.94,14.95,14.95,14.95,2.0,0.01,16.0,0.5,86.3,86.3,86.3,86.3,2.0,0.0,16.0,0.5,0.7,0.3,2.6,6.7,9.3,5.81,95.0,2.34,16.0,0.5,1.84,4.23,6.17,3.93,95.0,2.04,16.0,0.5,-6.58,-3.25,-1.8,-3.85,95.0,2.2,16.0,0.5,1007.11,1011.25,1014.1,1010.67,52.0,3.45,14.0,0.6,0.0,0.0,1.0,0.4,82.0,1.2,16.0,0.5,86.3,86.3,86.3,86.3,2.0,0.0,16.0,0.5,0.7,0.3,4.8,19.6,41.3,26.5,95.0,19.8,16.0,0.5,-61.2,-17.5,-6.1,-26.4,95.0,22.9,16.0,0.5,-1.2,-0.5,0.32,-0.46,94.0,1.18,16.0,0.5,-6.8,-2.7,2.1,-2.3,93.0,9.0,16.0,0.5,3.04,3.26,3.49,3.26,2.0,0.47,16.0,0.5,10.0,11.4,12.8,11.4,2.0,2.9,16.0,0.5,44.4,105.9,157.5,98.5,93.0,51.5,16.0,0.5,-155.1,-82.0,-44.4,-95.7,93.0,53.4,16.0,0.5,7.0,22.1,37.2,22.1,2.0,31.2,16.0,0.5,-50.5,-45.8,-41.1,-45.8,2.0,9.7,16.0,0.5,1.4,4.3,7.3,4.3,2.0,6.1,16.0,0.5,-10.2,-9.8,-9.5,-9.8,2.0,0.7,16.0,0.5,17.5,301.0,804.5,291.0,95.0,287.0,16.0,0.5,20.0,300.0,805.0,290.0,95.0,285.0,16.0,0.5
1907,7,28.4,40.3,,,,,,,,,,,,,,,,,,,,,,,,,,,,,,,,,,,1.0,1.0,2.6,1.54,13.0,0.91,12.0,0.1,-1.09,-0.92,0.0,-0.72,13.0,0.9,12.0,0.1,-1.89,-0.71,0.37,-0.58,13.0,1.29,12.0,0.1,1011.12,1012.25,1013.2,1012.2,6.0,1.09,2.0,0.0,,,,,,,,,,,,,,,,,,,,,,,,,,,,,,,,,,,,,,,,,,,,,,,,,,,,,,,,,,,,,,,,,,,,,,,,,,,,,,,,,,,,,,,,,,,,,,,,,,,,,,,,,,,,,,,,,,,,,,,,,,,,,,,,,,
1907,7,30.4,-37.7,,,,,,,,,,,,,,,,,,,,,,,,,,,,,,,,,,,3.55,5.65,8.06,5.8,4.0,2.87,22.0,0.3,-3.45,0.0,3.25,-0.09,4.0,5.22,22.0,0.3,-2.25,2.55,3.65,0.78,4.0,5.0,22.0,0.3,1020.33,1020.4,1020.54,1020.43,3.0,0.15,26.0,0.3,,,,,,,,,,,,,,,,,,,,,,,,,,,,,,,,,,,,,,,,,,,,,,,,,,,,,,,,,,,,,,,,,,,,,,,,,,,,,,,,,,,,,,,,,,,,,,,,,,,,,,,,,,,,,,,,,,,,,,,,,,,,,,,,,,
1907,7,30.4,-31.7,,,,,,,,,,,,,,,,,,,,,,,,,,,,,,,,,,,1.65,4.6,6.32,4.22,5.0,3.41,10.0,0.6,-2.33,0.0,3.93,0.79,5.0,3.87,10.0,0.6,-5.09,-3.25,0.36,-2.62,5.0,3.1,10.0,0.6,1029.73,1030.0,1030.2,1029.97,3.0,0.35,14.0,0.3,,,,,,,,,,,,,,,,,,,,,,,,,,,,,,,,,,,,,,,,,,,,,,,,,,,,,,,,,,,,,,,,,,,,,,,,,,,,,,,,,,,,,,,,,,,,,,,,,,,,,,,,,,,,,,,,,,,,,,,,,,,,,,,,,,
1907,7,30.4,-29.7,,,,,,,,,,,,,,,,,,,,,,,,,,,,,,,,,,,3.55,4.6,4.6,4.1,4.0,1.0,12.0,0.8,-0.94,0.0,0.9,-0.02,4.0,1.44,12.0,0.8,-4.25,-0.82,3.65,-0.32,4.0,4.6,12.0,0.8,1025.54,1026.7,1027.79,1026.67,3.0,1.65,14.0,0.7,,,,,,,,,,,,,,,,,,,,,,,,,,,,,,,,,,,,,,,,,,,,,,,,,,,,,,,,,,,,,,,,,,,,,,,,,,,,,,,,,,,,,,,,,,,,,,,,,,,,,,,,,,,,,,,,,,,,,,,,,,,,,,,,,,
1907,7,30.4,30.3,24.4,25.5,26.1,25.32,59.0,0.98,16.0,0.5,24.6,25.6,26.68,25.6,54.0,0.99,16.0,0.5,15.14,15.14,15.14,15.14,1.0,0.0,16.0,1.0,79.4,79.4,79.4,79.4,1.0,0.0,16.0,1.0,0.6,0.9,2.6,4.6,6.7,4.63,59.0,1.86,16.0,0.5,0.14,1.84,4.27,2.41,59.0,1.88,16.0,0.5,-5.87,-3.25,-1.81,-3.5,59.0,1.84,16.0,0.5,1006.39,1010.0,1013.54,1009.65,28.0,3.5,14.0,0.6,0.0,0.0,2.0,0.6,57.0,1.5,16.0,0.5,79.4,79.4,79.4,79.4,1.0,0.0,16.0,1.0,0.6,0.9,0.1,8.3,29.3,12.8,59.0,12.5,16.0,0.5,-39.4,-15.0,-6.2,-18.9,59.0,15.8,16.0,0.5,-1.12,-0.1,0.66,-0.21,54.0,0.85,16.0,0.5,-4.5,-0.2,2.2,-1.2,53.0,4.4,16.0,0.5,5.42,5.42,5.42,5.42,1.0,0.0,16.0,1.0,5.4,5.4,5.4,5.4,1.0,0.0,16.0,1.0,25.0,59.1,118.9,67.8,53.0,47.6,16.0,0.5,-130.0,-76.8,-45.9,-87.2,53.0,45.3,16.0,0.5,0.0,0.0,0.0,0.0,1.0,0.0,16.0,1.0,-15.1,-15.1,-15.1,-15.1,1.0,0.0,16.0,1.0,0.0,0.0,0.0,0.0,1.0,0.0,16.0,1.0,-5.4,-5.4,-5.4,-5.4,1.0,0.0,16.0,1.0,17.5,97.5,301.0,146.0,59.0,145.5,16.0,0.5,20.0,95.0,300.0,145.0,59.0,145.0,16.0,0.5
1907,7,30.4,32.3,24.3,25.0,25.95,25.05,53.0,0.78,14.0,0.5,24.33,25.0,26.55,25.34,53.0,1.14,14.0,0.5,13.69,13.69,13.69,13.69,1.0,0.0,16.0,0.0,66.9,66.9,66.9,66.9,1.0,0.0,16.0,0.0,0.1,0.1,2.6,4.6,6.7,5.24,54.0,2.17,14.0,0.5,1.72,3.25,6.17,3.47,54.0,2.3,14.0,0.5,-4.74,-3.25,-1.81,-3.4,54.0,1.8,14.0,0.5,1006.72,1009.1,1012.8,1009.35,30.0,2.79,14.0,0.5,0.0,0.0,1.7,0.6,53.0,1.4,14.0,0.5,66.9,66.9,66.9,66.9,1.0,0.0,16.0,0.0,0.1,0.1,4.8,15.0,41.3,21.9,54.0,21.1,14.0,0.5,-33.8,-17.2,-4.8,-20.6,54.0,16.7,14.0,0.5,-0.99,-0.2,0.6,-0.31,52.0,1.04,14.0,0.5,-5.5,-1.1,3.9,-1.7,52.0,7.4,14.0,0.5,4.85,4.85,4.85,4.85,1.0,0.0,16.0,0.0,4.9,4.9,4.9,4.9,1.0,0.0,16.0,0.0,41.0,81.3,156.8,88.1,53.0,61.4,14.0,0.5,-126.4,-81.3,-45.4,-85.1,53.0,44.5,14.0,0.5,8.8,8.8,8.8,8.8,1.0,0.0,16.0,0.0,-10.5,-10.5,-10.5,-10.5,1.0,0.0,16.0,0.0,3.1,3.1,3.1,3.1,1.0,0.0,16.0,0.0,-3.7,-3.7,-3.7,-3.7,1.0,0.0,16.0,0.0,17.5,97.5,301.0,219.0,54.0,238.0,14.0,0.5,20.0,95.0,300.0,220.0,54.0,240.0,14.0,0.5
1907,7,32.4,-41.7,,,,,,,,,,,,,,,,,,,,,,,,,,,,,,,,,,,9.3,9.8,9.92,10.01,7.0,1.04,14.0,0.4,2.23,3.67,9.62,4.89,7.0,3.63,14.0,0.4,-9.23,-1.87,8.66,-2.16,7.0,8.46,14.0,0.4,1017.1,1017.1,1017.1,1017.1,1.0,0.0,28.0,1.0,,,,,,,,,,,,,,,,,,,,,,,,,,,,,,,,,,,,,,,,,,,,,,,,,,,,,,,,,,,,,,,,,,,,,,,,,,,,,,,,,,,,,,,,,,,,,,,,,,,,,,,,,,,,,,,,,,,,,,,,,,,,,,,,,,
1907,7,32.4,-39.7,,,,,,,,,,,,,,,,,,,,,,,,,,,,,,,,,,,0.83,2.6,5.4,3.1,3.0,3.38,26.0,0.7,0.0,0.0,3.23,1.58,3.0,2.74,26.0,0.7,-1.77,0.0,3.23,0.71,3.0,3.72,26.0,0.7,1019.16,1019.5,1019.84,1019.5,2.0,0.71,28.0,1.0,,,,,,,,,,,,,,,,,,,,,,,,,,,,,,,,,,,,,,,,,,,,,,,,,,,,,,,,,,,,,,,,,,,,,,,,,,,,,,,,,,,,,,,,,,,,,,,,,,,,,,,,,,,,,,,,,,,,,,,,,,,,,,,,,,
1907,7,32.4,-31.7,,,,,,,,,,,,,,,,,,,,,,,,,,,,,,,,,,,9.3,9.3,9.3,9.3,1.0,0.0,16.0,1.0,-6.58,-6.58,-6.58,-6.58,1.0,0.0,16.0,1.0,-6.58,-6.58,-6.58,-6.58,1.0,0.0,16.0,1.0,1023.3,1023.3,1023.3,1023.3,1.0,0.0,16.0,1.0,,,,,,,,,,,,,,,,,,,,,,,,,,,,,,,,,,,,,,,,,,,,,,,,,,,,,,,,,,,,,,,,,,,,,,,,,,,,,,,,,,,,,,,,,,,,,,,,,,,,,,,,,,,,,,,,,,,,,,,,,,,,,,,,,,
1907,7,32.4,-29.7,,,,,,,,,,,,,,,,,,,,,,,,,,,,,,,,,,,4.6,5.65,7.24,6.08,6.0,1.88,16.0,0.3,2.21,3.44,5.03,3.21,6.0,2.7,16.0,0.3,1.2,3.25,5.53,3.03,6.0,4.16,16.0,0.3,1023.63,1025.0,1026.45,1025.06,5.0,1.7,18.0,0.2,,,,,,,,,,,,,,,,,,,,,,,,,,,,,,,,,,,,,,,,,,,,,,,,,,,,,,,,,,,,,,,,,,,,,,,,,,,,,,,,,,,,,,,,,,,,,,,,,,,,,,,,,,,,,,,,,,,,,,,,,,,,,,,,,,
1907,7,32.4,-27.7,,,,,,,,,,,,,,,,,,,,,,,,,,,,,,,,,,,2.6,4.6,8.78,4.7,8.0,3.24,14.0,0.5,-1.8,0.92,3.43,0.69,8.0,2.36,14.0,0.5,-4.23,0.92,7.82,1.01,8.0,5.33,14.0,0.5,1024.27,1026.0,1026.64,1025.46,5.0,1.53,18.0,0.8,,,,,,,,,,,,,,,,,,,,,,,,,,,,,,,,,,,,,,,,,,,,,,,,,,,,,,,,,,,,,,,,,,,,,,,,,,,,,,,,,,,,,,,,,,,,,,,,,,,,,,,,,,,,,,,,,,,,,,,,,,,,,,,,,,
1907,7,32.4,26.3,24.08,25.15,27.0,25.57,40.0,1.4,16.0,0.5,26.06,27.05,28.09,27.22,36.0,1.16,16.0,0.5,12.92,12.92,12.92,12.92,1.0,0.0,14.0,0.0,61.0,61.0,61.0,61.0,1.0,0.0,14.0,0.0,0.9,0.5,4.6,9.3,12.3,7.94,40.0,3.77,16.0,0.5,1.72,4.61,6.68,4.42,40.0,3.04,16.0,0.5,-8.7,-6.58,-0.71,-5.94,40.0,3.67,16.0,0.5,1004.0,1005.05,1006.37,1005.11,22.0,1.66,16.0,0.5,0.0,0.0,0.0,0.4,39.0,1.3,16.0,0.5,61.0,61.0,61.0,61.0,1.0,0.0,14.0,0.0,0.9,0.5,7.9,32.4,61.2,44.3,40.0,38.3,16.0,0.5,-107.0,-61.2,-0.7,-59.4,40.0,46.2,16.0,0.5,-3.09,-1.95,-0.21,-1.63,36.0,1.59,16.0,0.5,-25.2,-13.6,-0.1,-12.3,36.0,15.2,16.0,0.5,12.22,12.22,12.22,12.22,1.0,0.0,14.0,0.0,113.7,113.7,113.7,113.7,1.0,0.0,14.0,0.0,46.5,123.3,180.9,112.6,36.0,71.4,16.0,0.5,-237.2,-177.2,-19.8,-158.5,36.0,93.8,16.0,0.5,77.2,77.2,77.2,77.2,1.0,0.0,14.0,0.0,-92.0,-92.0,-92.0,-92.0,1.0,0.0,14.0,0.0,73.1,73.1,73.1,73.1,1.0,0.0,14.0,0.0,-87.1,-87.1,-87.1,-87.1,1.0,0.0,14.0,0.0,97.5,804.5,1861.0,808.5,40.0,795.0,16.0,0.5,95.0,805.0,1860.0,810.0,40.0,795.0,16.0,0.5
1907,7,32.4,28.3,23.9,24.6,26.0,24.83,122.0,1.19,16.0,0.5,24.47,26.3,28.1,26.45,104.0,1.77,16.0,0.5,11.8,11.8,11.8,11.8,2.0,0.0,14.0,0.5,66.0,66.0,66.0,66.0,2.0,0.0,14.0,0.5,0.5,0.3,2.6,6.7,9.8,6.35,119.0,3.97,16.0,0.5,0.0,0.88,4.74,2.08,119.0,2.98,16.0,0.5,-9.3,-4.74,-1.61,-5.5,119.0,3.55,16.0,0.5,1004.65,1006.4,1008.51,1006.48,67.0,2.07,16.0,0.5,0.0,0.0,0.0,0.4,121.0,1.3,16.0,0.5,66.0,66.0,66.0,66.0,2.0,0.0,14.0,0.5,0.5,0.3,0.0,2.5,56.7,20.7,119.0,35.2,16.0,0.5,-89.0,-31.7,-3.7,-48.2,119.0,46.8,16.0,0.5,-3.19,-1.3,-0.3,-1.53,102.0,1.77,16.0,0.5,-19.9,-7.4,0.0,-9.8,100.0,13.9,16.0,0.5,10.84,12.15,13.45,12.15,2.0,2.7,14.0,0.5,72.7,81.4,90.1,81.4,2.0,18.1,14.0,0.5,0.0,24.6,127.3,55.9,102.0,75.9,16.0,0.5,-238.8,-129.0,-30.9,-141.0,102.0,94.2,16.0,0.5,8.1,25.4,42.7,25.4,2.0,35.9,14.0,0.5,-76.1,-69.8,-63.5,-69.8,2.0,13.1,14.0,0.5,9.6,30.3,50.9,30.3,2.0,42.8,14.0,0.5,-71.6,-70.4,-69.2,-70.4,2.0,2.5,14.0,0.5,17.5,301.0,941.0,563.5,119.0,737.5,16.0,0.5,20.0,300.0,940.0,565.0,119.0,735.0,16.0,0.5
1907,7,32.4,30.3,25.0,26.0,27.0,25.9,22.0,1.15,16.0,0.5,24.57,25.85,27.33,25.9,24.0,1.28,16.0,0.5,15.52,15.52,15.52,15.52,1.0,0.0,16.0,1.0,78.5,78.5,78.5,78.5,1.0,0.0,16.0,1.0,0.1,0.8,2.6,2.6,4.6,3.67,25.0,1.53,16.0,0.6,0.0,1.84,4.24,2.02,25.0,1.84,16.0,0.6,-3.3,-1.84,-1.0,-2.32,25.0,1.77,16.0,0.6,1006.03,1009.0,1011.84,1009.05,14.0,3.28,12.0,0.4,0.0,0.0,2.0,0.6,23.0,0.9,16.0,0.6,78.5,78.5,78.5,78.5,1.0,0.0,16.0,1.0,0.1,0.8,0.0,4.8,19.5,8.6,25.0,10.0,16.0,0.6,-16.5,-6.3,-2.5,-9.9,25.0,12.1,16.0,0.6,-0.9,0.5,1.07,0.15,22.0,1.04,16.0,0.5,-2.9,1.3,4.1,0.4,22.0,3.9,16.0,0.5,5.67,5.67,5.67,5.67,1.0,0.0,16.0,1.0,14.7,14.7,14.7,14.7,1.0,0.0,16.0,1.0,0.0,48.1,110.1,54.5,24.0,46.4,16.0,0.5,-87.9,-49.0,-27.7,-55.5,24.0,40.2,16.0,0.5,13.8,13.8,13.8,13.8,1.0,0.0,16.0,1.0,-37.9,-37.9,-37.9,-37.9,1.0,0.0,16.0,1.0,5.0,5.0,5.0,5.0,1.0,0.0,16.0,1.0,-13.8,-13.8,-13.8,-13.8,1.0,0.0,16.0,1.0,17.5,17.5,97.5,76.5,25.0,92.5,16.0,0.6,20.0,20.0,95.0,75.0,25.0,90.0,16.0,0.6
1907,7,32.4,70.3,,,,,,,,,,,,,,,,,,,,,,,,,,,,,,,,,,,2.27,2.6,7.24,4.13,6.0,3.17,10.0,1.0,-3.69,-0.99,0.25,-1.53,6.0,4.27,10.0,1.0,-2.62,-0.29,2.89,0.11,6.0,3.07,10.0,1.0,1011.9,1013.4,1013.47,1012.7,3.0,1.3,8.0,1.0,,,,,,,,,,,,,,,,,,,,,,,,,,,,,,,,,,,,,,,,,,,,,,,,,,,,,,,,,,,,,,,,,,,,,,,,,,,,,,,,,,,,,,,,,,,,,,,,,,,,,,,,,,,,,,,,,,,,,,,,,,,,,,,,,,
1907,7,34.4,-39.7,,,,,,,,,,,,,,,,,,,,,,,,,,,,,,,,,,,0.73,2.3,3.87,2.3,2.0,3.25,28.0,0.0,0.0,0.0,0.0,0.0,2.0,0.0,28.0,0.0,-3.87,-2.3,-0.73,-2.3,2.0,3.25,28.0,0.0,1017.69,1018.1,1018.51,1018.1,2.0,0.85,28.0,0.0,,,,,,,,,,,,,,,,,,,,,,,,,,,,,,,,,,,,,,,,,,,,,,,,,,,,,,,,,,,,,,,,,,,,,,,,,,,,,,,,,,,,,,,,,,,,,,,,,,,,,,,,,,,,,,,,,,,,,,,,,,,,,,,,,,
1907,7,34.4,-31.7,,,,,,,,,,,,,,,,,,,,,,,,,,,,,,,,,,,7.9,12.3,13.43,10.88,5.0,4.03,4.0,0.6,-3.46,0.0,0.0,-1.42,5.0,1.95,4.0,0.6,-13.43,-12.3,-6.91,-10.45,5.0,4.61,4.0,0.6,1025.9,1025.9,1025.9,1025.9,1.0,0.0,14.0,1.0,,,,,,,,,,,,,,,,,,,,,,,,,,,,,,,,,,,,,,,,,,,,,,,,,,,,,,,,,,,,,,,,,,,,,,,,,,,,,,,,,,,,,,,,,,,,,,,,,,,,,,,,,,,,,,,,,,,,,,,,,,,,,,,,,,
1907,7,34.4,24.3,26.3,27.6,28.61,27.62,89.0,1.18,16.0,0.5,27.33,28.3,29.2,28.34,85.0,1.02,16.0,0.5,16.07,16.07,16.07,16.07,1.0,0.0,14.0,1.0,75.8,75.8,75.8,75.8,1.0,0.0,14.0,1.0,0.6,0.8,1.0,4.6,9.3,4.85,88.0,3.15,16.0,0.5,0.0,1.8,4.27,2.14,88.0,2.29,16.0,0.5,-6.6,-4.23,0.0,-3.56,88.0,3.32,16.0,0.5,1002.97,1004.2,1006.01,1004.42,51.0,1.62,16.0,0.5,0.0,0.0,1.0,0.4,88.0,1.1,16.0,0.5,75.8,75.8,75.8,75.8,1.0,0.0,14.0,1.0,0.6,0.8,0.0,7.9,32.4,15.9,88.0,21.6,16.0,0.5,-61.2,-19.5,0.0,-26.5,88.0,32.2,16.0,0.5,-1.7,-0.6,0.4,-0.68,85.0,1.22,16.0,0.5,-12.9,-1.9,0.9,-4.1,84.0,8.4,16.0,0.5,11.68,11.68,11.68,11.68,1.0,0.0,14.0,1.0,108.6,108.6,108.6,108.6,1.0,0.0,14.0,1.0,0.0,52.4,102.2,58.3,84.0,61.5,16.0,0.5,-183.4,-107.1,0.0,-95.1,84.0,91.2,16.0,0.5,96.1,96.1,96.1,96.1,1.0,0.0,14.0,1.0,-114.5,-114.5,-114.5,-114.5,1.0,0.0,14.0,1.0,69.8,69.8,69.8,69.8,1.0,0.0,14.0,1.0,-83.2,-83.2,-83.2,-83.2,1.0,0.0,14.0,1.0,1.0,97.5,804.5,271.0,88.0,411.5,16.0,0.5,0.0,95.0,805.0,270.0,88.0,410.0,16.0,0.5
1907,7,34.4,26.3,25.25,26.1,27.5,26.38,105.0,1.17,16.0,0.5,26.81,27.5,28.5,27.74,96.0,1.11,16.0,0.5,15.67,15.84,16.01,15.84,2.0,0.35,14.0,1.0,70.0,72.3,74.7,72.3,2.0,4.9,14.0,1.0,0.3,0.3,2.6,4.6,9.3,5.33,105.0,3.2,16.0,0.5,0.0,2.51,4.61,2.34,105.0,2.48,16.0,0.5,-6.7,-4.27,0.0,-4.15,105.0,3.15,16.0,0.5,1002.92,1004.6,1006.24,1004.61,59.0,1.66,14.0,0.6,0.0,0.0,0.5,0.3,105.0,1.0,16.0,0.5,70.0,72.3,74.7,72.3,2.0,4.9,14.0,1.0,0.3,0.3,0.0,11.8,32.4,18.5,105.0,24.6,16.0,0.5,-61.2,-19.6,0.0,-31.1,105.0,34.6,16.0,0.5,-2.5,-1.2,-0.5,-1.42,94.0,1.08,16.0,0.5,-13.4,-5.5,-1.0,-7.3,93.0,8.0,16.0,0.5,8.67,8.67,8.67,8.67,1.0,0.0,14.0,1.0,58.1,58.1,58.1,58.1,1.0,0.0,14.0,1.0,0.0,51.1,122.1,57.5,95.0,63.0,16.0,0.5,-179.0,-119.0,0.0,-106.4,95.0,83.2,16.0,0.5,67.5,68.2,69.0,68.2,2.0,1.5,14.0,1.0,-82.2,-81.3,-80.4,-81.3,2.0,1.8,14.0,1.0,37.3,37.3,37.3,37.3,1.0,0.0,14.0,1.0,-44.5,-44.5,-44.5,-44.5,1.0,0.0,14.0,1.0,17.5,97.5,804.5,327.0,105.0,484.5,16.0,0.5,20.0,95.0,805.0,325.0,105.0,485.0,16.0,0.5
1907,7,34.4,68.3,,,,,,,,,,,,,,,,,,,,,,,,,,,,,,,,,,,1.0,2.6,5.03,3.08,6.0,2.21,16.0,1.0,-2.4,-0.97,-0.18,-1.22,6.0,2.12,16.0,1.0,-4.34,-2.12,-0.48,-2.25,6.0,1.98,16.0,1.0,1009.2,1009.2,1009.2,1009.2,2.0,0.0,6.0,1.0,,,,,,,,,,,,,,,,,,,,,,,,,,,,,,,,,,,,,,,,,,,,,,,,,,,,,,,,,,,,,,,,,,,,,,,,,,,,,,,,,,,,,,,,,,,,,,,,,,,,,,,,,,,,,,,,,,,,,,,,,,,,,,,,,,
1907,7,34.4,70.3,,,,,,,,,,,,,,,,,,,,,,,,,,,,,,,,,,,1.51,2.6,3.97,2.73,3.0,1.8,10.0,1.0,-1.49,-0.97,-0.56,-1.02,3.0,0.68,10.0,1.0,1.4,2.41,3.68,2.53,3.0,1.67,10.0,1.0,1009.74,1010.9,1012.27,1011.0,4.0,1.48,10.0,1.0,,,,,,,,,,,,,,,,,,,,,,,,,,,,,,,,,,,,,,,,,,,,,,,,,,,,,,,,,,,,,,,,,,,,,,,,,,,,,,,,,,,,,,,,,,,,,,,,,,,,,,,,,,,,,,,,,,,,,,,,,,,,,,,,,,
1907,7,36.4,-39.7,,,,,,,,,,,,,,,,,,,,,,,,,,,,,,,,,,,7.53,9.3,15.92,11.67,3.0,6.48,22.0,0.3,2.09,6.58,11.26,6.67,3.0,6.72,22.0,0.3,-11.3,-6.7,-6.62,-8.9,3.0,3.92,22.0,0.3,1015.61,1015.85,1016.09,1015.85,2.0,0.49,28.0,0.5,,,,,,,,,,,,,,,,,,,,,,,,,,,,,,,,,,,,,,,,,,,,,,,,,,,,,,,,,,,,,,,,,,,,,,,,,,,,,,,,,,,,,,,,,,,,,,,,,,,,,,,,,,,,,,,,,,,,,,,,,,,,,,,,,,
1907,7,36.4,-29.7,,,,,,,,,,,,,,,,,,,,,,,,,,,,,,,,,,,4.6,4.6,4.6,4.6,2.0,0.0,12.0,1.0,-4.26,-4.25,-4.24,-4.25,2.0,0.02,12.0,1.0,-1.16,0.04,1.24,0.04,2.0,2.49,12.0,1.0,1026.87,1027.45,1028.03,1027.45,2.0,1.2,12.0,1.0,,,,,,,,,,,,,,,,,,,,,,,,,,,,,,,,,,,,,,,,,,,,,,,,,,,,,,,,,,,,,,,,,,,,,,,,,,,,,,,,,,,,,,,,,,,,,,,,,,,,,,,,,,,,,,,,,,,,,,,,,,,,,,,,,,
1907,7,36.4,18.3,,,,,,,,,,,,,,,,,,,,,,,,,,,,,,,,,,,4.6,4.6,4.6,4.6,2.0,0.0,10.0,0.5,-2.74,-1.63,-0.52,-1.63,2.0,2.3,10.0,0.5,-4.39,-3.93,-3.47,-3.93,2.0,0.95,10.0,0.5,1005.26,1005.4,1005.54,1005.4,2.0,0.28,10.0,0.5,,,,,,,,,,,,,,,,,,,,,,,,,,,,,,,,,,,,,,,,,,,,,,,,,,,,,,,,,,,,,,,,,,,,,,,,,,,,,,,,,,,,,,,,,,,,,,,,,,,,,,,,,,,,,,,,,,,,,,,,,,,,,,,,,,
1907,7,36.4,20.3,,,,,,,,,,,,,,,,,,,,,,,,,,,,,,,,,,,1.0,2.6,6.7,3.84,39.0,2.96,16.0,0.5,0.0,1.72,4.23,1.91,39.0,2.17,16.0,0.5,-5.12,-1.84,0.0,-2.27,39.0,3.2,16.0,0.5,1002.87,1004.4,1005.65,1004.56,24.0,1.74,14.0,0.5,,,,,,,,,,,,,,,,,,,,,,,,,,,,,,,,,,,,,,,,,,,,,,,,,,,,,,,,,,,,,,,,,,,,,,,,,,,,,,,,,,,,,,,,,,,,,,,,,,,,,,,,,,,,,,,,,,,,,,,,,,,,,,,,,,
1907,7,36.4,22.3,28.0,28.9,30.0,28.95,133.0,0.98,16.0,0.5,28.2,29.4,30.8,29.54,126.0,1.33,16.0,0.5,13.33,13.51,13.81,13.57,3.0,0.35,12.0,0.3,51.5,53.1,54.9,53.2,3.0,2.5,12.0,0.3,0.3,0.6,2.6,2.6,6.7,4.12,132.0,2.6,16.0,0.5,-0.71,1.72,3.48,1.39,132.0,2.1,16.0,0.5,-6.17,-2.41,0.0,-2.66,132.0,3.23,16.0,0.5,1002.25,1004.1,1005.3,1004.02,67.0,1.67,16.0,0.6,0.0,0.0,3.2,1.5,132.0,2.1,16.0,0.5,51.5,53.1,54.9,53.2,3.0,2.5,12.0,0.3,0.3,0.6,-0.7,4.8,20.7,9.3,132.0,15.9,16.0,0.5,-41.3,-6.3,0.0,-17.3,132.0,27.4,16.0,0.5,-1.5,-0.4,0.2,-0.63,124.0,1.17,16.0,0.5,-6.7,-0.9,0.9,-2.7,121.0,7.1,16.0,0.5,12.21,12.89,13.19,12.7,3.0,0.73,12.0,0.3,81.8,86.4,88.3,85.1,3.0,4.9,12.0,0.3,-21.1,47.9,100.4,38.9,123.0,60.7,16.0,0.5,-179.0,-70.9,0.0,-77.6,123.0,97.1,16.0,0.5,4.9,15.4,44.6,24.5,3.0,30.1,12.0,0.3,-91.5,-87.5,-75.1,-83.4,3.0,12.5,12.0,0.3,4.4,13.8,43.6,23.7,3.0,29.9,12.0,0.3,-83.9,-78.5,-71.6,-77.8,3.0,9.0,12.0,0.3,17.5,17.5,301.0,168.0,132.0,306.0,16.0,0.5,20.0,20.0,300.0,170.0,132.0,305.0,16.0,0.5
1907,7,36.4,24.3,27.63,28.25,29.2,28.38,46.0,1.09,16.0,0.5,27.8,28.9,30.27,29.01,44.0,1.34,16.0,0.5,16.09,16.09,16.09,16.09,1.0,0.0,14.0,1.0,75.8,75.8,75.8,75.8,1.0,0.0,14.0,1.0,0.1,0.3,2.6,4.6,6.7,4.65,45.0,2.81,16.0,0.5,0.0,1.72,3.26,1.61,45.0,1.68,16.0,0.5,-6.22,-3.25,0.0,-3.51,45.0,3.45,16.0,0.5,1002.87,1004.7,1006.17,1004.53,22.0,1.65,18.0,0.5,0.0,0.0,2.0,0.7,46.0,1.6,16.0,0.5,75.8,75.8,75.8,75.8,1.0,0.0,14.0,1.0,0.1,0.3,0.0,7.9,17.6,10.7,45.0,13.0,16.0,0.5,-41.7,-15.0,0.0,-24.5,45.0,31.7,16.0,0.5,-1.84,-0.5,0.42,-0.61,44.0,1.42,16.0,0.5,-7.1,-1.3,2.0,-2.8,43.0,9.9,16.0,0.5,10.74,10.74,10.74,10.74,1.0,0.0,14.0,1.0,99.9,99.9,99.9,99.9,1.0,0.0,14.0,1.0,0.0,46.9,97.2,44.3,43.0,49.4,16.0,0.5,-184.3,-93.7,0.0,-98.9,43.0,101.7,16.0,0.5,26.0,26.0,26.0,26.0,1.0,0.0,14.0,1.0,-147.4,-147.4,-147.4,-147.4,1.0,0.0,14.0,1.0,17.3,17.3,17.3,17.3,1.0,0.0,14.0,1.0,-98.3,-98.3,-98.3,-98.3,1.0,0.0,14.0,1.0,17.5,97.5,301.0,220.0,45.0,351.5,16.0,0.5,20.0,95.0,300.0,220.0,45.0,350.0,16.0,0.5
1907,7,36.4,70.3,,,,,,,,,,,,,,,,,,,,,,,,,,,,,,,,,,,3.25,4.65,6.05,4.65,2.0,2.9,10.0,1.0,-4.14,-2.86,-1.57,-2.86,2.0,2.66,10.0,1.0,2.78,3.57,4.37,3.57,2.0,1.65,10.0,1.0,1006.46,1008.1,1008.24,1007.37,3.0,1.45,10.0,1.0,,,,,,,,,,,,,,,,,,,,,,,,,,,,,,,,,,,,,,,,,,,,,,,,,,,,,,,,,,,,,,,,,,,,,,,,,,,,,,,,,,,,,,,,,,,,,,,,,,,,,,,,,,,,,,,,,,,,,,,,,,,,,,,,,,
1907,7,38.4,-41.7,,,,,,,,,,,,,,,,,,,,,,,,,,,,,,,,,,,10.11,19.0,22.6,18.22,9.0,7.25,26.0,0.4,8.64,14.18,20.91,14.57,9.0,5.81,26.0,0.4,4.32,8.7,15.29,9.03,9.0,7.87,26.0,0.4,1013.66,1015.3,1015.57,1014.63,3.0,1.51,28.0,0.7,,,,,,,,,,,,,,,,,,,,,,,,,,,,,,,,,,,,,,,,,,,,,,,,,,,,,,,,,,,,,,,,,,,,,,,,,,,,,,,,,,,,,,,,,,,,,,,,,,,,,,,,,,,,,,,,,,,,,,,,,,,,,,,,,,
1907,7,38.4,-39.7,,,,,,,,,,,,,,,,,,,,,,,,,,,,,,,,,,,10.73,13.85,15.4,13.1,4.0,2.92,14.0,1.0,8.84,12.8,14.28,11.61,4.0,3.64,14.0,1.0,-6.19,-5.77,-5.26,-5.73,4.0,0.72,14.0,1.0,1014.1,1014.1,1014.1,1014.1,1.0,0.0,28.0,1.0,,,,,,,,,,,,,,,,,,,,,,,,,,,,,,,,,,,,,,,,,,,,,,,,,,,,,,,,,,,,,,,,,,,,,,,,,,,,,,,,,,,,,,,,,,,,,,,,,,,,,,,,,,,,,,,,,,,,,,,,,,,,,,,,,,
1907,7,38.4,-29.7,,,,,,,,,,,,,,,,,,,,,,,,,,,,,,,,,,,6.7,6.7,6.7,6.7,1.0,0.0,12.0,1.0,-6.17,-6.17,-6.17,-6.17,1.0,0.0,12.0,1.0,2.62,2.62,2.62,2.62,1.0,0.0,12.0,1.0,1030.7,1030.7,1030.7,1030.7,1.0,0.0,12.0,1.0,,,,,,,,,,,,,,,,,,,,,,,,,,,,,,,,,,,,,,,,,,,,,,,,,,,,,,,,,,,,,,,,,,,,,,,,,,,,,,,,,,,,,,,,,,,,,,,,,,,,,,,,,,,,,,,,,,,,,,,,,,,,,,,,,,
1907,7,38.4,-5.7,,,,,,,,,,,,,,,,,,,,,,,,,,,,,,,,,,,6.7,9.3,11.97,8.81,8.0,2.72,8.0,0.6,-4.68,0.0,0.0,-1.06,8.0,3.22,8.0,0.6,4.96,8.93,11.1,8.23,8.0,2.65,8.0,0.6,1016.1,1016.1,1016.1,1016.1,2.0,0.0,18.0,1.0,,,,,,,,,,,,,,,,,,,,,,,,,,,,,,,,,,,,,,,,,,,,,,,,,,,,,,,,,,,,,,,,,,,,,,,,,,,,,,,,,,,,,,,,,,,,,,,,,,,,,,,,,,,,,,,,,,,,,,,,,,,,,,,,,,
1907,7,38.4,16.3,,,,,,,,,,,,,,,,,,,,,,,,,,,,,,,,,,,6.7,6.7,6.7,6.7,1.0,0.0,28.0,0.0,4.74,4.74,4.74,4.74,1.0,0.0,28.0,0.0,-4.74,-4.74,-4.74,-4.74,1.0,0.0,28.0,0.0,1006.3,1006.3,1006.3,1006.3,1.0,0.0,28.0,0.0,,,,,,,,,,,,,,,,,,,,,,,,,,,,,,,,,,,,,,,,,,,,,,,,,,,,,,,,,,,,,,,,,,,,,,,,,,,,,,,,,,,,,,,,,,,,,,,,,,,,,,,,,,,,,,,,,,,,,,,,,,,,,,,,,,
1907,7,38.4,18.3,29.3,30.0,30.8,30.02,100.0,0.78,16.0,0.5,30.0,31.0,32.0,30.98,91.0,0.99,16.0,0.5,19.41,20.03,20.66,20.03,2.0,1.3,12.0,0.5,75.2,77.5,79.9,77.5,2.0,4.9,12.0,0.5,0.7,0.4,1.71,4.6,9.3,5.02,92.0,3.25,16.0,0.5,0.0,2.55,5.54,2.66,92.0,2.74,16.0,0.5,-6.58,-2.41,0.36,-2.59,92.0,3.84,16.0,0.5,1002.21,1003.9,1005.49,1003.76,52.0,1.72,16.0,0.5,0.0,3.0,8.0,3.7,68.0,3.1,16.0,0.6,75.2,77.5,79.9,77.5,2.0,4.9,12.0,0.5,0.7,0.4,0.0,7.0,43.4,19.3,92.0,24.8,16.0,0.5,-44.9,-6.3,0.6,-20.9,92.0,37.7,16.0,0.5,-2.0,-1.0,-0.21,-1.03,90.0,0.91,16.0,0.5,-13.4,-2.8,0.0,-5.8,81.0,7.7,16.0,0.5,6.36,7.31,8.25,7.31,2.0,1.95,12.0,0.5,19.3,27.7,36.1,27.7,2.0,17.4,12.0,0.5,0.0,78.7,191.1,86.2,82.0,87.6,16.0,0.5,-210.7,-76.7,0.8,-88.5,82.0,118.7,16.0,0.5,30.9,32.5,34.2,32.5,2.0,3.5,12.0,0.5,-76.1,-62.2,-48.2,-62.2,2.0,28.9,12.0,0.5,10.5,11.8,13.1,11.8,2.0,2.7,12.0,0.5,-33.5,-24.7,-15.9,-24.7,2.0,18.2,12.0,0.5,8.5,97.5,804.5,301.5,92.0,461.0,16.0,0.5,10.0,95.0,805.0,300.0,92.0,460.0,16.0,0.5
1907,7,38.4,20.3,29.0,29.8,30.8,29.86,107.0,0.94,16.0,0.4,29.4,30.15,31.36,30.39,98.0,1.14,16.0,0.4,18.35,20.95,20.95,19.68,3.0,2.2,12.0,0.7,71.1,81.0,81.0,76.1,3.0,8.4,12.0,0.7,0.3,0.3,1.0,2.6,6.7,3.89,103.0,2.71,16.0,0.4,0.0,0.97,4.26,1.57,103.0,2.31,16.0,0.4,-4.71,-1.84,0.82,-2.05,103.0,3.25,16.0,0.4,1001.93,1003.5,1004.92,1003.46,53.0,1.51,16.0,0.5,0.0,2.0,5.0,2.2,84.0,2.3,16.0,0.4,71.1,81.0,81.0,76.1,3.0,8.4,12.0,0.7,0.3,0.3,0.0,2.5,21.2,10.0,103.0,17.1,16.0,0.4,-31.7,-6.2,0.8,-14.2,103.0,29.4,16.0,0.4,-1.46,-0.5,0.2,-0.59,98.0,0.87,16.0,0.4,-5.6,-1.1,0.2,-2.4,94.0,4.8,16.0,0.4,5.29,5.93,8.52,6.88,3.0,2.51,12.0,0.7,23.7,25.3,26.6,25.2,3.0,2.1,12.0,0.7,0.0,29.4,136.1,47.1,94.0,68.8,16.0,0.4,-140.4,-58.8,0.0,-68.0,94.0,96.7,16.0,0.4,10.6,16.7,16.7,13.7,3.0,5.2,12.0,0.7,-94.9,-94.9,-60.1,-77.9,3.0,29.5,12.0,0.7,4.1,4.4,4.6,4.4,3.0,0.4,12.0,0.7,-26.2,-24.9,-23.4,-24.8,3.0,2.1,12.0,0.7,1.0,17.5,301.0,165.0,103.0,352.5,16.0,0.4,0.0,20.0,300.0,165.0,103.0,350.0,16.0,0.4
1907,7,38.4,70.3,,,,,,,,,,,,,,,,,,,,,,,,,,,,,,,,,,,7.11,8.0,8.89,8.0,2.0,1.84,10.0,1.0,5.35,6.68,8.01,6.68,2.0,2.75,10.0,1.0,3.68,4.11,4.54,4.11,2.0,0.89,10.0,1.0,1009.21,1009.65,1010.09,1009.65,2.0,0.92,10.0,1.0,,,,,,,,,,,,,,,,,,,,,,,,,,,,,,,,,,,,,,,,,,,,,,,,,,,,,,,,,,,,,,,,,,,,,,,,,,,,,,,,,,,,,,,,,,,,,,,,,,,,,,,,,,,,,,,,,,,,,,,,,,,,,,,,,,
1907,7,40.4,-41.7,,,,,,,,,,,,,,,,,,,,,,,,,,,,,,,,,,,12.2,17.2,19.0,15.68,4.0,4.58,28.0,0.5,10.78,16.44,18.28,14.62,4.0,5.56,28.0,0.5,0.0,3.29,7.02,3.5,4.0,4.06,28.0,0.5,1010.07,1011.3,1012.53,1011.3,2.0,2.55,28.0,0.0,,,,,,,,,,,,,,,,,,,,,,,,,,,,,,,,,,,,,,,,,,,,,,,,,,,,,,,,,,,,,,,,,,,,,,,,,,,,,,,,,,,,,,,,,,,,,,,,,,,,,,,,,,,,,,,,,,,,,,,,,,,,,,,,,,
1907,7,40.4,-29.7,,,,,,,,,,,,,,,,,,,,,,,,,,,,,,,,,,,4.6,4.6,4.6,4.6,1.0,0.0,10.0,1.0,1.8,1.8,1.8,1.8,1.0,0.0,10.0,1.0,4.23,4.23,4.23,4.23,1.0,0.0,10.0,1.0,1030.4,1030.4,1030.4,1030.4,1.0,0.0,10.0,1.0,,,,,,,,,,,,,,,,,,,,,,,,,,,,,,,,,,,,,,,,,,,,,,,,,,,,,,,,,,,,,,,,,,,,,,,,,,,,,,,,,,,,,,,,,,,,,,,,,,,,,,,,,,,,,,,,,,,,,,,,,,,,,,,,,,
1907,7,40.4,-5.7,,,,,,,,,,,,,,,,,,,,,,,,,,,,,,,,,,,9.3,9.3,9.3,9.3,1.0,0.0,18.0,0.0,3.63,3.63,3.63,3.63,1.0,0.0,18.0,0.0,8.56,8.56,8.56,8.56,1.0,0.0,18.0,0.0,1014.5,1014.5,1014.5,1014.5,1.0,0.0,18.0,0.0,,,,,,,,,,,,,,,,,,,,,,,,,,,,,,,,,,,,,,,,,,,,,,,,,,,,,,,,,,,,,,,,,,,,,,,,,,,,,,,,,,,,,,,,,,,,,,,,,,,,,,,,,,,,,,,,,,,,,,,,,,,,,,,,,,
1907,7,40.4,-3.7,,,,,,,,,,,,,,,,,,,,,,,,,,,,,,,,,,,6.7,6.7,9.3,7.86,9.0,1.37,10.0,0.7,-3.33,0.0,4.4,0.03,9.0,3.87,10.0,0.7,5.14,6.7,8.61,6.91,9.0,1.64,10.0,0.7,1015.7,1015.7,1015.97,1015.83,3.0,0.23,6.0,0.7,,,,,,,,,,,,,,,,,,,,,,,,,,,,,,,,,,,,,,,,,,,,,,,,,,,,,,,,,,,,,,,,,,,,,,,,,,,,,,,,,,,,,,,,,,,,,,,,,,,,,,,,,,,,,,,,,,,,,,,,,,,,,,,,,,
1907,7,40.4,14.3,30.45,31.2,32.0,31.18,42.0,0.74,16.0,0.6,30.6,31.8,32.74,31.68,36.0,0.98,16.0,0.6,19.95,19.95,19.95,19.95,1.0,0.0,10.0,1.0,77.2,77.2,77.2,77.2,1.0,0.0,10.0,1.0,0.7,0.9,1.0,2.6,4.6,2.77,46.0,1.83,16.0,0.6,0.0,0.71,1.84,0.67,46.0,1.68,16.0,0.6,-4.27,-1.73,0.61,-1.63,46.0,2.28,16.0,0.6,1002.68,1003.9,1005.8,1004.17,25.0,1.94,16.0,0.6,1.0,3.0,8.0,3.8,37.0,2.9,16.0,0.6,77.2,77.2,77.2,77.2,1.0,0.0,10.0,1.0,0.7,0.9,0.0,0.7,7.9,2.4,46.0,7.7,16.0,0.6,-19.6,-4.6,0.6,-7.2,46.0,12.3,16.0,0.6,-1.24,-0.8,0.4,-0.54,36.0,0.86,16.0,0.6,-4.0,-1.0,0.8,-1.4,35.0,3.1,16.0,0.6,8.68,8.68,8.68,8.68,1.0,0.0,10.0,1.0,22.6,22.6,22.6,22.6,1.0,0.0,10.0,1.0,-7.2,21.9,66.1,17.9,35.0,59.4,16.0,0.6,-137.2,-30.6,22.7,-48.8,35.0,76.5,16.0,0.6,33.3,33.3,33.3,33.3,1.0,0.0,10.0,1.0,-39.7,-39.7,-39.7,-39.7,1.0,0.0,10.0,1.0,14.5,14.5,14.5,14.5,1.0,0.0,10.0,1.0,-17.3,-17.3,-17.3,-17.3,1.0,0.0,10.0,1.0,1.0,17.5,97.5,51.0,46.0,77.5,16.0,0.6,0.0,20.0,95.0,50.0,46.0,75.0,16.0,0.6
1907,7,40.4,16.3,30.18,31.0,31.7,30.92,113.0,0.79,16.0,0.5,30.6,31.65,32.5,31.63,102.0,1.2,16.0,0.5,19.11,19.13,19.13,19.12,3.0,0.02,10.0,0.7,74.1,74.1,74.1,74.1,3.0,0.0,10.0,0.7,0.3,0.7,1.0,2.6,5.74,3.54,111.0,2.43,16.0,0.5,0.0,0.92,2.53,1.12,111.0,1.91,16.0,0.5,-4.6,-2.41,0.0,-2.45,111.0,2.76,16.0,0.5,1002.15,1003.8,1005.5,1003.82,63.0,1.81,16.0,0.5,0.0,3.0,7.0,3.6,80.0,2.7,16.0,0.5,74.1,74.1,74.1,74.1,3.0,0.0,10.0,0.7,0.3,0.7,0.0,1.3,16.8,6.3,111.0,14.1,16.0,0.5,-21.2,-6.8,0.0,-14.1,111.0,21.7,16.0,0.5,-1.61,-0.6,0.0,-0.79,101.0,1.17,16.0,0.5,-7.6,-1.6,0.0,-4.1,97.0,8.6,16.0,0.5,8.29,9.52,9.52,8.92,3.0,1.04,10.0,0.7,14.4,24.7,32.1,23.3,3.0,13.1,10.0,0.7,0.0,29.8,88.7,36.6,98.0,62.4,16.0,0.5,-149.6,-77.5,0.0,-78.8,98.0,93.2,16.0,0.5,18.5,32.0,48.7,33.6,3.0,22.1,10.0,0.7,-58.0,-38.1,-22.1,-40.0,3.0,26.4,10.0,0.7,9.2,15.9,20.6,15.0,3.0,8.4,10.0,0.7,-24.6,-19.0,-11.0,-17.8,3.0,10.0,10.0,0.7,1.0,17.5,208.0,119.0,111.0,243.5,16.0,0.5,0.0,20.0,210.0,120.0,111.0,245.0,16.0,0.5
1907,7,40.4,18.3,,,,,,,,,,,,,,,,,,,,,,,,,,,,,,,,,,,2.6,4.6,9.3,5.53,11.0,3.81,16.0,0.6,0.11,2.39,3.35,2.47,11.0,2.48,16.0,0.6,-8.71,-3.25,-1.5,-4.68,11.0,3.34,16.0,0.6,1002.05,1002.7,1003.48,1002.7,5.0,1.02,16.0,1.0,,,,,,,,,,,,,,,,,,,,,,,,,,,,,,,,,,,,,,,,,,,,,,,,,,,,,,,,,,,,,,,,,,,,,,,,,,,,,,,,,,,,,,,,,,,,,,,,,,,,,,,,,,,,,,,,,,,,,,,,,,,,,,,,,,
1907,7,40.4,70.3,,,,,,,,,,,,,,,,,,,,,,,,,,,,,,,,,,,6.7,6.7,6.7,6.7,2.0,0.0,10.0,1.0,4.74,4.74,4.74,4.74,2.0,0.0,10.0,1.0,4.74,4.74,4.74,4.74,2.0,0.0,10.0,1.0,1010.54,1012.2,1013.23,1011.9,4.0,1.86,10.0,1.0,,,,,,,,,,,,,,,,,,,,,,,,,,,,,,,,,,,,,,,,,,,,,,,,,,,,,,,,,,,,,,,,,,,,,,,,,,,,,,,,,,,,,,,,,,,,,,,,,,,,,,,,,,,,,,,,,,,,,,,,,,,,,,,,,,
1907,7,42.4,-41.7,,,,,,,,,,,,,,,,,,,,,,,,,,,,,,,,,,,22.6,22.6,22.6,22.6,3.0,0.0,22.0,1.0,10.85,15.98,15.98,13.48,3.0,4.34,22.0,1.0,15.98,15.98,19.38,17.64,3.0,2.87,22.0,1.0,1007.8,1008.0,1008.2,1008.0,2.0,0.42,30.0,1.0,,,,,,,,,,,,,,,,,,,,,,,,,,,,,,,,,,,,,,,,,,,,,,,,,,,,,,,,,,,,,,,,,,,,,,,,,,,,,,,,,,,,,,,,,,,,,,,,,,,,,,,,,,,,,,,,,,,,,,,,,,,,,,,,,,
1907,7,42.4,-29.7,,,,,,,,,,,,,,,,,,,,,,,,,,,,,,,,,,,6.7,6.7,6.7,6.7,1.0,0.0,10.0,1.0,-2.51,-2.51,-2.51,-2.51,1.0,0.0,10.0,1.0,6.21,6.21,6.21,6.21,1.0,0.0,10.0,1.0,1028.8,1028.8,1028.8,1028.8,1.0,0.0,10.0,1.0,,,,,,,,,,,,,,,,,,,,,,,,,,,,,,,,,,,,,,,,,,,,,,,,,,,,,,,,,,,,,,,,,,,,,,,,,,,,,,,,,,,,,,,,,,,,,,,,,,,,,,,,,,,,,,,,,,,,,,,,,,,,,,,,,,
1907,7,42.4,-3.7,,,,,,,,,,,,,,,,,,,,,,,,,,,,,,,,,,,10.25,12.3,12.3,11.3,3.0,1.73,16.0,0.7,7.25,8.7,8.7,7.99,3.0,1.22,16.0,0.7,7.25,8.7,8.7,7.99,3.0,1.22,16.0,0.7,1015.99,1016.6,1016.87,1016.43,3.0,0.67,16.0,0.7,,,,,,,,,,,,,,,,,,,,,,,,,,,,,,,,,,,,,,,,,,,,,,,,,,,,,,,,,,,,,,,,,,,,,,,,,,,,,,,,,,,,,,,,,,,,,,,,,,,,,,,,,,,,,,,,,,,,,,,,,,,,,,,,,,
1907,7,42.4,-1.7,,,,,,,,,,,,,,,,,,,,,,,,,,,,,,,,,,,4.6,6.7,9.3,7.21,7.0,2.13,12.0,0.1,-2.81,0.0,0.0,-1.31,7.0,2.52,12.0,0.1,4.6,6.58,9.3,6.75,7.0,1.94,12.0,0.1,1016.1,1016.1,1016.1,1016.1,1.0,0.0,2.0,0.0,,,,,,,,,,,,,,,,,,,,,,,,,,,,,,,,,,,,,,,,,,,,,,,,,,,,,,,,,,,,,,,,,,,,,,,,,,,,,,,,,,,,,,,,,,,,,,,,,,,,,,,,,,,,,,,,,,,,,,,,,,,,,,,,,,
1907,7,42.4,0.3,,,,,,,,,,,,,,,,,,,,,,,,,,,,,,,,,,,4.6,4.6,4.6,4.6,1.0,0.0,4.0,0.0,0.0,0.0,0.0,0.0,1.0,0.0,4.0,0.0,4.6,4.6,4.6,4.6,1.0,0.0,4.0,0.0,1011.8,1011.8,1011.8,1011.8,1.0,0.0,4.0,0.0,,,,,,,,,,,,,,,,,,,,,,,,,,,,,,,,,,,,,,,,,,,,,,,,,,,,,,,,,,,,,,,,,,,,,,,,,,,,,,,,,,,,,,,,,,,,,,,,,,,,,,,,,,,,,,,,,,,,,,,,,,,,,,,,,,
1907,7,42.4,12.3,28.4,30.0,31.0,29.88,104.0,1.32,14.0,0.5,29.6,31.1,32.8,31.01,93.0,1.58,14.0,0.5,21.51,21.88,22.61,22.06,3.0,0.82,10.0,0.3,79.3,84.4,87.2,83.3,3.0,5.9,10.0,0.3,0.8,0.5,1.0,4.6,6.7,4.43,108.0,2.83,16.0,0.5,0.0,1.72,4.74,2.05,108.0,2.33,16.0,0.5,-6.17,-2.41,0.93,-2.57,108.0,3.39,16.0,0.5,1001.1,1002.8,1004.9,1002.99,64.0,1.92,14.0,0.5,0.0,3.0,7.0,3.4,85.0,2.9,14.0,0.5,79.3,84.4,87.2,83.3,3.0,5.9,10.0,0.3,0.8,0.5,0.0,4.8,31.7,12.7,108.0,18.6,16.0,0.5,-41.3,-6.3,0.9,-18.4,108.0,31.2,16.0,0.5,-2.54,-1.4,0.0,-1.19,88.0,1.53,14.0,0.5,-11.4,-4.0,0.1,-4.9,82.0,7.5,14.0,0.5,7.38,8.7,9.05,8.22,3.0,1.29,10.0,0.3,7.4,8.7,31.7,19.3,3.0,20.0,10.0,0.3,0.0,55.5,139.1,58.5,87.0,68.5,14.0,0.5,-153.6,-78.8,29.8,-77.5,87.0,101.1,14.0,0.5,14.3,14.8,47.8,30.6,3.0,28.1,10.0,0.3,-56.9,-17.6,-17.0,-36.5,3.0,33.5,10.0,0.3,4.7,5.6,20.4,12.4,3.0,12.9,10.0,0.3,-24.3,-6.7,-5.7,-14.8,3.0,15.3,10.0,0.3,1.0,97.5,301.0,208.5,108.0,365.0,16.0,0.5,0.0,95.0,300.0,210.0,108.0,365.0,16.0,0.5
1907,7,42.4,14.3,30.0,30.9,31.85,30.87,67.0,0.98,16.0,0.5,30.78,31.5,32.7,31.69,63.0,1.05,16.0,0.5,21.34,21.34,21.34,21.34,1.0,0.0,10.0,1.0,77.0,77.0,77.0,77.0,1.0,0.0,10.0,1.0,0.1,0.1,1.0,2.6,4.6,2.93,66.0,1.96,16.0,0.5,0.0,0.82,3.25,1.27,66.0,1.72,16.0,0.5,-4.26,-1.8,0.0,-1.75,66.0,2.2,16.0,0.5,1001.52,1003.9,1005.74,1003.65,40.0,1.78,14.0,0.4,0.0,5.0,8.0,4.4,50.0,3.0,16.0,0.5,77.0,77.0,77.0,77.0,1.0,0.0,10.0,1.0,0.1,0.1,0.0,0.8,15.0,5.3,66.0,8.4,16.0,0.5,-19.6,-4.8,0.0,-7.3,66.0,14.2,16.0,0.5,-1.72,-1.0,0.0,-0.82,63.0,0.93,16.0,0.5,-5.5,-1.7,0.0,-2.3,59.0,3.1,16.0,0.5,9.21,9.21,9.21,9.21,1.0,0.0,10.0,1.0,23.9,23.9,23.9,23.9,1.0,0.0,10.0,1.0,0.0,22.2,104.9,38.0,59.0,54.6,16.0,0.5,-106.5,-55.7,0.0,-51.4,59.0,69.7,16.0,0.5,35.7,35.7,35.7,35.7,1.0,0.0,10.0,1.0,-42.5,-42.5,-42.5,-42.5,1.0,0.0,10.0,1.0,15.4,15.4,15.4,15.4,1.0,0.0,10.0,1.0,-18.3,-18.3,-18.3,-18.3,1.0,0.0,10.0,1.0,1.0,17.5,97.5,61.5,66.0,111.5,16.0,0.5,0.0,20.0,95.0,60.0,66.0,110.0,16.0,0.5
1907,7,42.4,70.3,,,,,,,,,,,,,,,,,,,,,,,,,,,,,,,,,,,6.7,6.7,6.7,6.7,2.0,0.0,10.0,1.0,4.97,5.47,5.98,5.47,2.0,1.04,10.0,1.0,2.86,3.62,4.38,3.62,2.0,1.58,10.0,1.0,1013.59,1015.3,1015.57,1014.6,3.0,1.57,10.0,1.0,,,,,,,,,,,,,,,,,,,,,,,,,,,,,,,,,,,,,,,,,,,,,,,,,,,,,,,,,,,,,,,,,,,,,,,,,,,,,,,,,,,,,,,,,,,,,,,,,,,,,,,,,,,,,,,,,,,,,,,,,,,,,,,,,,
1907,7,44.4,-43.7,,,,,,,,,,,,,,,,,,,,,,,,,,,,,,,,,,,6.7,6.7,15.74,10.59,7.0,6.19,14.0,0.4,5.9,6.21,7.14,7.35,7.0,3.95,14.0,0.4,-8.83,-2.51,0.76,-1.68,7.0,9.33,14.0,0.4,1010.6,1010.6,1010.6,1010.6,1.0,0.0,30.0,0.0,,,,,,,,,,,,,,,,,,,,,,,,,,,,,,,,,,,,,,,,,,,,,,,,,,,,,,,,,,,,,,,,,,,,,,,,,,,,,,,,,,,,,,,,,,,,,,,,,,,,,,,,,,,,,,,,,,,,,,,,,,,,,,,,,,
1907,7,44.4,-41.7,,,,,,,,,,,,,,,,,,,,,,,,,,,,,,,,,,,12.3,22.6,22.6,19.66,7.0,5.03,20.0,0.7,11.94,15.98,15.98,13.86,7.0,4.22,20.0,0.7,10.78,15.98,15.98,13.03,7.0,6.0,20.0,0.7,1006.35,1010.1,1018.5,1012.37,3.0,9.11,30.0,0.7,,,,,,,,,,,,,,,,,,,,,,,,,,,,,,,,,,,,,,,,,,,,,,,,,,,,,,,,,,,,,,,,,,,,,,,,,,,,,,,,,,,,,,,,,,,,,,,,,,,,,,,,,,,,,,,,,,,,,,,,,,,,,,,,,,
1907,7,44.4,-27.7,,,,,,,,,,,,,,,,,,,,,,,,,,,,,,,,,,,9.3,9.3,9.3,9.3,1.0,0.0,8.0,1.0,-8.56,-8.56,-8.56,-8.56,1.0,0.0,8.0,1.0,3.63,3.63,3.63,3.63,1.0,0.0,8.0,1.0,1028.4,1028.4,1028.4,1028.4,1.0,0.0,8.0,1.0,,,,,,,,,,,,,,,,,,,,,,,,,,,,,,,,,,,,,,,,,,,,,,,,,,,,,,,,,,,,,,,,,,,,,,,,,,,,,,,,,,,,,,,,,,,,,,,,,,,,,,,,,,,,,,,,,,,,,,,,,,,,,,,,,,
1907,7,44.4,0.3,,,,,,,,,,,,,,,,,,,,,,,,,,,,,,,,,,,4.6,4.6,7.65,5.96,5.0,2.08,12.0,1.0,-3.25,-3.25,0.0,-1.95,5.0,1.78,12.0,1.0,3.25,3.25,7.65,5.15,5.0,2.76,12.0,1.0,1013.69,1014.1,1014.37,1014.03,3.0,0.5,4.0,1.0,,,,,,,,,,,,,,,,,,,,,,,,,,,,,,,,,,,,,,,,,,,,,,,,,,,,,,,,,,,,,,,,,,,,,,,,,,,,,,,,,,,,,,,,,,,,,,,,,,,,,,,,,,,,,,,,,,,,,,,,,,,,,,,,,,
1907,7,44.4,12.3,27.5,29.0,30.0,28.83,81.0,1.27,12.0,0.4,28.5,30.0,31.2,29.96,81.0,1.45,12.0,0.4,20.73,20.73,20.73,20.73,1.0,0.0,10.0,1.0,77.3,77.3,77.3,77.3,1.0,0.0,10.0,1.0,0.6,0.3,2.6,4.6,9.3,5.8,81.0,3.17,14.0,0.4,0.71,4.27,6.7,4.0,81.0,3.45,14.0,0.4,0.0,1.72,6.58,2.29,81.0,3.26,14.0,0.4,999.89,1001.8,1004.7,1002.25,51.0,2.29,12.0,0.5,0.0,2.0,6.0,2.7,69.0,2.8,14.0,0.4,77.3,77.3,77.3,77.3,1.0,0.0,10.0,1.0,0.6,0.3,0.7,19.6,61.2,30.5,81.0,35.7,14.0,0.4,0.0,7.9,58.0,19.0,81.0,31.2,14.0,0.4,-2.04,-1.2,0.0,-1.21,74.0,1.1,12.0,0.4,-14.7,-6.7,0.0,-7.4,64.0,7.8,12.0,0.4,7.96,7.96,7.96,7.96,1.0,0.0,10.0,1.0,8.0,8.0,8.0,8.0,1.0,0.0,10.0,1.0,18.9,128.7,223.8,118.2,70.0,104.3,14.0,0.4,0.0,61.7,193.4,72.5,70.0,100.2,14.0,0.4,15.9,15.9,15.9,15.9,1.0,0.0,10.0,1.0,13.3,13.3,13.3,13.3,1.0,0.0,10.0,1.0,6.1,6.1,6.1,6.1,1.0,0.0,10.0,1.0,5.1,5.1,5.1,5.1,1.0,0.0,10.0,1.0,17.5,97.5,804.5,374.0,81.0,483.0,14.0,0.4,20.0,95.0,805.0,375.0,81.0,485.0,14.0,0.4
1907,7,46.4,-43.7,,,,,,,,,,,,,,,,,,,,,,,,,,,,,,,,,,,9.3,15.4,21.63,14.97,9.0,7.02,20.0,0.7,5.28,8.56,15.52,10.19,9.0,5.19,20.0,0.7,-7.79,5.77,14.61,3.86,9.0,11.86,20.0,0.7,1012.32,1014.5,1018.73,1015.5,3.0,4.78,30.0,0.7,,,,,,,,,,,,,,,,,,,,,,,,,,,,,,,,,,,,,,,,,,,,,,,,,,,,,,,,,,,,,,,,,,,,,,,,,,,,,,,,,,,,,,,,,,,,,,,,,,,,,,,,,,,,,,,,,,,,,,,,,,,,,,,,,,
1907,7,46.4,2.3,,,,,,,,,,,,,,,,,,,,,,,,,,,,,,,,,,,4.6,5.65,6.7,5.65,4.0,1.21,14.0,0.0,-3.25,-1.63,0.0,-1.63,4.0,1.88,14.0,0.0,3.25,4.98,6.7,4.98,4.0,1.99,14.0,0.0,1012.26,1012.6,1012.94,1012.6,2.0,0.71,4.0,0.0,,,,,,,,,,,,,,,,,,,,,,,,,,,,,,,,,,,,,,,,,,,,,,,,,,,,,,,,,,,,,,,,,,,,,,,,,,,,,,,,,,,,,,,,,,,,,,,,,,,,,,,,,,,,,,,,,,,,,,,,,,,,,,,,,,
1907,7,46.4,4.3,,,,,,,,,,,,,,,,,,,,,,,,,,,,,,,,,,,2.6,2.6,2.6,2.6,1.0,0.0,4.0,0.0,-1.84,-1.84,-1.84,-1.84,1.0,0.0,4.0,0.0,1.84,1.84,1.84,1.84,1.0,0.0,4.0,0.0,1011.3,1011.3,1011.3,1011.3,1.0,0.0,4.0,0.0,,,,,,,,,,,,,,,,,,,,,,,,,,,,,,,,,,,,,,,,,,,,,,,,,,,,,,,,,,,,,,,,,,,,,,,,,,,,,,,,,,,,,,,,,,,,,,,,,,,,,,,,,,,,,,,,,,,,,,,,,,,,,,,,,,
1907,7,46.4,12.3,28.0,29.0,30.0,29.02,93.0,0.93,14.0,0.6,29.6,30.4,31.3,30.37,89.0,0.97,14.0,0.7,22.64,22.64,22.64,22.64,1.0,0.0,10.0,1.0,84.5,84.5,84.5,84.5,1.0,0.0,10.0,1.0,0.8,0.4,4.6,6.7,12.3,8.02,91.0,3.86,14.0,0.6,1.84,4.81,8.7,5.6,91.0,3.54,14.0,0.6,1.62,4.32,8.7,4.86,91.0,3.44,14.0,0.6,1000.3,1003.0,1005.53,1002.91,56.0,2.45,12.0,0.7,0.0,2.0,6.0,2.0,68.0,2.5,14.0,0.6,84.5,84.5,84.5,84.5,1.0,0.0,10.0,1.0,0.8,0.4,7.5,37.2,107.0,55.4,91.0,55.2,14.0,0.6,5.5,31.7,107.0,49.5,91.0,52.1,14.0,0.6,-2.32,-1.2,-0.5,-1.37,88.0,1.12,14.0,0.6,-23.0,-10.2,-1.1,-12.9,85.0,12.0,14.0,0.6,5.18,5.18,5.18,5.18,1.0,0.0,10.0,1.0,23.8,23.8,23.8,23.8,1.0,0.0,10.0,1.0,56.6,151.4,272.8,171.3,86.0,109.9,14.0,0.7,38.9,135.3,271.0,150.8,86.0,108.3,14.0,0.7,35.6,35.6,35.6,35.6,1.0,0.0,10.0,1.0,97.8,97.8,97.8,97.8,1.0,0.0,10.0,1.0,8.2,8.2,8.2,8.2,1.0,0.0,10.0,1.0,22.4,22.4,22.4,22.4,1.0,0.0,10.0,1.0,97.5,301.0,1861.0,894.0,91.0,1209.5,14.0,0.6,95.0,300.0,1860.0,895.0,91.0,1210.0,14.0,0.6
1907,7,48.4,-43.7,,,,,,,,,,,,,,,,,,,,,,,,,,,,,,,,,,,4.6,9.3,12.3,9.07,9.0,3.57,20.0,0.6,3.62,9.3,11.38,8.16,9.0,3.56,20.0,0.6,-2.38,0.0,4.75,1.29,9.0,3.97,20.0,0.6,1014.05,1014.6,1015.15,1014.6,2.0,1.13,30.0,0.5,,,,,,,,,,,,,,,,,,,,,,,,,,,,,,,,,,,,,,,,,,,,,,,,,,,,,,,,,,,,,,,,,,,,,,,,,,,,,,,,,,,,,,,,,,,,,,,,,,,,,,,,,,,,,,,,,,,,,,,,,,,,,,,,,,
1907,7,48.4,-41.7,,,,,,,,,,,,,,,,,,,,,,,,,,,,,,,,,,,15.4,15.4,15.4,15.4,1.0,0.0,30.0,1.0,10.89,10.89,10.89,10.89,1.0,0.0,30.0,1.0,10.89,10.89,10.89,10.89,1.0,0.0,30.0,1.0,1005.9,1005.9,1005.9,1005.9,1.0,0.0,30.0,1.0,,,,,,,,,,,,,,,,,,,,,,,,,,,,,,,,,,,,,,,,,,,,,,,,,,,,,,,,,,,,,,,,,,,,,,,,,,,,,,,,,,,,,,,,,,,,,,,,,,,,,,,,,,,,,,,,,,,,,,,,,,,,,,,,,,
1907,7,48.4,0.3,,,,,,,,,,,,,,,,,,,,,,,,,,,,,,,,,,,12.3,12.3,12.3,12.3,3.0,0.0,14.0,0.0,8.7,8.7,8.7,8.7,3.0,0.0,14.0,0.0,8.7,8.7,8.7,8.7,3.0,0.0,14.0,0.0,1013.6,1013.8,1014.07,1013.83,3.0,0.35,14.0,0.0,,,,,,,,,,,,,,,,,,,,,,,,,,,,,,,,,,,,,,,,,,,,,,,,,,,,,,,,,,,,,,,,,,,,,,,,,,,,,,,,,,,,,,,,,,,,,,,,,,,,,,,,,,,,,,,,,,,,,,,,,,,,,,,,,,
1907,7,48.4,4.3,,,,,,,,,,,,,,,,,,,,,,,,,,,,,,,,,,,4.6,6.95,10.87,7.7,4.0,3.78,14.0,1.0,-1.7,1.63,4.07,1.2,4.0,3.58,14.0,1.0,3.25,6.28,10.36,6.78,4.0,4.16,14.0,1.0,1010.06,1011.7,1013.34,1011.7,2.0,3.39,4.0,1.0,,,,,,,,,,,,,,,,,,,,,,,,,,,,,,,,,,,,,,,,,,,,,,,,,,,,,,,,,,,,,,,,,,,,,,,,,,,,,,,,,,,,,,,,,,,,,,,,,,,,,,,,,,,,,,,,,,,,,,,,,,,,,,,,,,
1907,7,48.4,10.3,,,,,,,,,,,,,,,,,,,,,,,,,,,,,,,,,,,2.6,4.6,7.29,4.48,10.0,2.93,12.0,0.0,1.03,2.83,6.9,3.76,10.0,3.16,12.0,0.0,0.0,0.97,3.38,1.43,10.0,1.71,12.0,0.0,1005.16,1005.5,1005.64,1005.4,3.0,0.36,6.0,0.0,,,,,,,,,,,,,,,,,,,,,,,,,,,,,,,,,,,,,,,,,,,,,,,,,,,,,,,,,,,,,,,,,,,,,,,,,,,,,,,,,,,,,,,,,,,,,,,,,,,,,,,,,,,,,,,,,,,,,,,,,,,,,,,,,,
1907,7,48.4,12.3,28.5,29.3,30.0,29.3,91.0,0.77,14.0,0.4,29.5,30.5,31.2,30.39,83.0,0.84,14.0,0.4,21.84,21.86,21.87,21.86,2.0,0.02,8.0,0.5,84.4,84.4,84.4,84.4,3.0,0.0,8.0,0.3,0.4,0.5,2.6,4.6,9.3,5.4,90.0,3.4,14.0,0.4,0.0,3.44,6.58,3.39,90.0,3.48,14.0,0.4,0.0,1.84,5.14,2.68,90.0,3.18,14.0,0.4,1001.22,1002.9,1004.66,1003.04,54.0,2.09,12.0,0.4,0.0,1.5,5.0,2.1,72.0,2.4,12.0,0.4,84.4,84.4,84.4,84.4,3.0,0.0,8.0,0.3,0.4,0.5,0.0,17.2,60.9,26.5,90.0,36.3,14.0,0.4,0.0,7.0,56.7,22.2,90.0,35.3,14.0,0.4,-2.1,-1.0,-0.19,-1.1,82.0,1.06,14.0,0.4,-13.1,-3.9,-0.1,-6.7,81.0,9.0,14.0,0.4,5.02,5.03,5.03,5.03,2.0,0.01,8.0,0.5,14.7,18.1,21.5,18.1,2.0,7.1,8.0,0.5,0.0,104.4,199.9,100.8,82.0,108.0,14.0,0.4,0.0,53.5,150.0,80.2,82.0,99.9,14.0,0.4,21.8,26.9,32.0,26.9,2.0,10.6,8.0,0.5,59.9,73.9,88.0,73.9,2.0,29.1,8.0,0.5,5.0,6.2,7.4,6.2,2.0,2.4,8.0,0.5,13.8,17.0,20.2,17.0,2.0,6.7,8.0,0.5,17.5,97.5,804.5,368.0,90.0,566.0,14.0,0.4,20.0,95.0,805.0,370.0,90.0,565.0,14.0,0.4
1907,7,48.4,70.3,,,,,,,,,,,,,,,,,,,,,,,,,,,,,,,,,,,9.3,9.3,9.3,9.3,1.0,0.0,12.0,1.0,8.62,8.62,8.62,8.62,1.0,0.0,12.0,1.0,3.48,3.48,3.48,3.48,1.0,0.0,12.0,1.0,1017.97,1019.4,1019.67,1018.83,3.0,1.34,12.0,1.0,,,,,,,,,,,,,,,,,,,,,,,,,,,,,,,,,,,,,,,,,,,,,,,,,,,,,,,,,,,,,,,,,,,,,,,,,,,,,,,,,,,,,,,,,,,,,,,,,,,,,,,,,,,,,,,,,,,,,,,,,,,,,,,,,,
1907,7,50.4,-43.7,,,,,,,,,,,,,,,,,,,,,,,,,,,,,,,,,,,4.6,9.3,12.3,8.79,9.0,3.97,16.0,0.3,3.78,6.21,10.78,7.29,9.0,3.81,16.0,0.3,-7.18,0.0,3.51,-1.36,9.0,5.12,16.0,0.3,1004.42,1006.6,1008.78,1006.6,2.0,4.53,30.0,0.0,,,,,,,,,,,,,,,,,,,,,,,,,,,,,,,,,,,,,,,,,,,,,,,,,,,,,,,,,,,,,,,,,,,,,,,,,,,,,,,,,,,,,,,,,,,,,,,,,,,,,,,,,,,,,,,,,,,,,,,,,,,,,,,,,,
1907,7,50.4,0.3,,,,,,,,,,,,,,,,,,,,,,,,,,,,,,,,,,,12.3,12.3,12.3,12.3,1.0,0.0,14.0,1.0,8.7,8.7,8.7,8.7,1.0,0.0,14.0,1.0,8.7,8.7,8.7,8.7,1.0,0.0,14.0,1.0,1012.53,1013.25,1013.97,1013.25,2.0,1.48,14.0,1.0,,,,,,,,,,,,,,,,,,,,,,,,,,,,,,,,,,,,,,,,,,,,,,,,,,,,,,,,,,,,,,,,,,,,,,,,,,,,,,,,,,,,,,,,,,,,,,,,,,,,,,,,,,,,,,,,,,,,,,,,,,,,,,,,,,
1907,7,50.4,2.3,,,,,,,,,,,,,,,,,,,,,,,,,,,,,,,,,,,12.3,12.3,12.3,12.3,1.0,0.0,14.0,1.0,8.7,8.7,8.7,8.7,1.0,0.0,14.0,1.0,8.7,8.7,8.7,8.7,1.0,0.0,14.0,1.0,1011.83,1011.9,1012.99,1012.4,3.0,0.95,14.0,0.3,,,,,,,,,,,,,,,,,,,,,,,,,,,,,,,,,,,,,,,,,,,,,,,,,,,,,,,,,,,,,,,,,,,,,,,,,,,,,,,,,,,,,,,,,,,,,,,,,,,,,,,,,,,,,,,,,,,,,,,,,,,,,,,,,,
1907,7,50.4,6.3,,,,,,,,,,,,,,,,,,,,,,,,,,,,,,,,,,,8.33,12.3,12.94,11.03,6.0,3.7,16.0,0.0,4.03,6.3,8.7,6.07,6.0,2.63,16.0,0.0,6.09,8.7,11.98,8.96,6.0,3.5,16.0,0.0,1016.3,1016.3,1016.3,1016.3,1.0,0.0,4.0,0.0,,,,,,,,,,,,,,,,,,,,,,,,,,,,,,,,,,,,,,,,,,,,,,,,,,,,,,,,,,,,,,,,,,,,,,,,,,,,,,,,,,,,,,,,,,,,,,,,,,,,,,,,,,,,,,,,,,,,,,,,,,,,,,,,,,
1907,7,50.4,8.3,,,,,,,,,,,,,,,,,,,,,,,,,,,,,,,,,,,7.15,12.3,15.4,11.76,21.0,3.46,12.0,0.3,4.74,6.02,10.51,6.82,21.0,2.8,12.0,0.3,5.04,8.7,13.68,9.22,21.0,3.35,12.0,0.3,1007.23,1009.55,1011.66,1009.53,10.0,2.4,10.0,0.2,,,,,,,,,,,,,,,,,,,,,,,,,,,,,,,,,,,,,,,,,,,,,,,,,,,,,,,,,,,,,,,,,,,,,,,,,,,,,,,,,,,,,,,,,,,,,,,,,,,,,,,,,,,,,,,,,,,,,,,,,,,,,,,,,,
1907,7,50.4,10.3,,,,,,,,,,,,,,,,,,,,,,,,,,,,,,,,,,,4.6,9.55,15.4,9.96,60.0,5.25,12.0,0.6,0.0,3.06,6.91,3.16,60.0,3.66,12.0,0.6,3.76,8.72,14.18,8.76,60.0,5.19,12.0,0.6,1002.88,1004.5,1006.72,1004.94,31.0,2.48,12.0,0.7,,,,,,,,,,,,,,,,,,,,,,,,,,,,,,,,,,,,,,,,,,,,,,,,,,,,,,,,,,,,,,,,,,,,,,,,,,,,,,,,,,,,,,,,,,,,,,,,,,,,,,,,,,,,,,,,,,,,,,,,,,,,,,,,,,
1907,7,50.4,12.3,27.04,28.7,30.0,28.54,59.0,1.47,14.0,0.5,27.22,29.5,31.08,29.16,59.0,1.86,14.0,0.5,19.12,19.41,19.7,19.41,2.0,0.6,8.0,0.5,83.8,84.0,84.2,84.0,2.0,0.4,8.0,0.5,0.8,0.5,1.0,4.6,10.08,6.0,57.0,4.67,14.0,0.5,-0.08,0.83,4.75,1.5,57.0,3.56,14.0,0.5,0.0,4.23,9.05,4.31,57.0,4.95,14.0,0.5,1001.01,1003.1,1005.2,1003.01,39.0,2.14,14.0,0.4,0.0,1.0,5.4,2.0,49.0,2.6,14.0,0.5,83.8,84.0,84.2,84.0,2.0,0.4,8.0,0.5,0.8,0.5,-0.1,0.8,38.0,9.6,57.0,41.4,14.0,0.5,0.0,19.5,90.5,46.0,57.0,75.4,14.0,0.5,-2.48,-0.4,0.58,-0.62,59.0,1.53,14.0,0.5,-15.6,-1.4,2.5,-3.6,57.0,12.6,14.0,0.5,6.93,6.97,7.01,6.97,2.0,0.08,8.0,0.5,34.5,39.3,44.1,39.3,2.0,9.9,8.0,0.5,-2.2,26.3,138.1,45.6,57.0,105.1,14.0,0.5,0.0,119.4,254.1,120.7,57.0,137.2,14.0,0.5,33.2,37.4,41.6,37.4,2.0,8.7,8.0,0.5,91.1,102.6,114.2,102.6,2.0,23.9,8.0,0.5,11.8,13.5,15.1,13.5,2.0,3.4,8.0,0.5,32.5,37.0,41.4,37.0,2.0,9.3,8.0,0.5,1.0,97.5,1045.0,685.5,57.0,1388.5,14.0,0.5,0.0,95.0,1045.0,685.0,57.0,1390.0,14.0,0.5
1907,7,52.4,-43.7,,,,,,,,,,,,,,,,,,,,,,,,,,,,,,,,,,,9.12,15.4,22.6,16.15,11.0,7.04,20.0,0.5,5.43,14.18,17.21,12.73,11.0,5.41,20.0,0.5,0.0,6.02,15.98,7.85,11.0,7.83,20.0,0.5,998.47,998.85,999.23,998.85,2.0,0.78,30.0,1.0,,,,,,,,,,,,,,,,,,,,,,,,,,,,,,,,,,,,,,,,,,,,,,,,,,,,,,,,,,,,,,,,,,,,,,,,,,,,,,,,,,,,,,,,,,,,,,,,,,,,,,,,,,,,,,,,,,,,,,,,,,,,,,,,,,
1907,7,52.4,-25.7,,,,,,,,,,,,,,,,,,,,,,,,,,,,,,,,,,,6.7,6.7,6.7,6.7,1.0,0.0,4.0,1.0,-6.7,-6.7,-6.7,-6.7,1.0,0.0,4.0,1.0,0.0,0.0,0.0,0.0,1.0,0.0,4.0,1.0,1021.3,1021.3,1021.3,1021.3,1.0,0.0,4.0,1.0,,,,,,,,,,,,,,,,,,,,,,,,,,,,,,,,,,,,,,,,,,,,,,,,,,,,,,,,,,,,,,,,,,,,,,,,,,,,,,,,,,,,,,,,,,,,,,,,,,,,,,,,,,,,,,,,,,,,,,,,,,,,,,,,,,
1907,7,52.4,2.3,,,,,,,,,,,,,,,,,,,,,,,,,,,,,,,,,,,15.4,15.4,15.4,15.4,1.0,0.0,14.0,0.0,10.89,10.89,10.89,10.89,1.0,0.0,14.0,0.0,10.89,10.89,10.89,10.89,1.0,0.0,14.0,0.0,1012.3,1012.3,1012.3,1012.3,1.0,0.0,14.0,0.0,,,,,,,,,,,,,,,,,,,,,,,,,,,,,,,,,,,,,,,,,,,,,,,,,,,,,,,,,,,,,,,,,,,,,,,,,,,,,,,,,,,,,,,,,,,,,,,,,,,,,,,,,,,,,,,,,,,,,,,,,,,,,,,,,,
1907,7,52.4,4.3,,,,,,,,,,,,,,,,,,,,,,,,,,,,,,,,,,,4.87,9.3,15.4,9.84,27.0,4.43,12.0,0.6,3.44,6.58,10.89,6.93,27.0,3.08,12.0,0.6,3.25,6.58,10.89,6.9,27.0,3.37,12.0,0.6,1008.92,1010.4,1011.59,1010.31,15.0,1.41,10.0,0.5,,,,,,,,,,,,,,,,,,,,,,,,,,,,,,,,,,,,,,,,,,,,,,,,,,,,,,,,,,,,,,,,,,,,,,,,,,,,,,,,,,,,,,,,,,,,,,,,,,,,,,,,,,,,,,,,,,,,,,,,,,,,,,,,,,
1907,7,52.4,6.3,,,,,,,,,,,,,,,,,,,,,,,,,,,,,,,,,,,8.18,12.3,15.4,12.53,55.0,4.07,12.0,0.5,5.5,8.7,11.11,8.88,55.0,3.06,12.0,0.5,4.68,8.7,11.94,8.46,55.0,3.73,12.0,0.5,1008.27,1010.55,1012.14,1010.46,32.0,2.4,12.0,0.5,,,,,,,,,,,,,,,,,,,,,,,,,,,,,,,,,,,,,,,,,,,,,,,,,,,,,,,,,,,,,,,,,,,,,,,,,,,,,,,,,,,,,,,,,,,,,,,,,,,,,,,,,,,,,,,,,,,,,,,,,,,,,,,,,,
1907,7,52.4,8.3,,,,,,,,,,,,,,,,,,,,,,,,,,,,,,,,,,,12.3,15.4,19.0,15.1,47.0,4.13,14.0,0.5,6.08,9.42,13.44,9.82,47.0,3.5,14.0,0.5,8.1,10.89,14.18,11.22,47.0,3.27,14.0,0.5,1006.7,1009.3,1010.97,1009.05,22.0,2.16,12.0,0.6,,,,,,,,,,,,,,,,,,,,,,,,,,,,,,,,,,,,,,,,,,,,,,,,,,,,,,,,,,,,,,,,,,,,,,,,,,,,,,,,,,,,,,,,,,,,,,,,,,,,,,,,,,,,,,,,,,,,,,,,,,,,,,,,,,
1907,7,52.4,10.3,,,,,,,,,,,,,,,,,,,,,,,,,,,,,,,,,,,12.3,15.4,22.6,17.5,22.0,4.6,14.0,0.6,6.02,8.65,15.98,10.39,22.0,4.92,14.0,0.6,11.32,14.18,15.98,13.71,22.0,2.84,14.0,0.6,1003.28,1005.0,1007.13,1005.41,13.0,2.29,14.0,0.6,,,,,,,,,,,,,,,,,,,,,,,,,,,,,,,,,,,,,,,,,,,,,,,,,,,,,,,,,,,,,,,,,,,,,,,,,,,,,,,,,,,,,,,,,,,,,,,,,,,,,,,,,,,,,,,,,,,,,,,,,,,,,,,,,,
1907,7,52.4,12.3,23.62,25.45,26.95,25.39,34.0,1.5,12.0,0.6,24.5,25.5,27.19,25.68,33.0,1.22,12.0,0.6,19.22,19.22,19.22,19.22,1.0,0.0,8.0,1.0,87.2,87.2,87.2,87.2,1.0,0.0,8.0,1.0,0.8,0.5,12.3,12.3,15.4,13.59,34.0,2.64,12.0,0.6,0.0,3.41,8.7,3.68,34.0,4.57,12.0,0.6,9.02,12.3,15.13,12.27,34.0,2.69,12.0,0.6,1002.13,1005.05,1006.8,1004.55,22.0,2.6,12.0,0.5,0.0,1.0,4.0,1.9,29.0,2.4,12.0,0.6,87.2,87.2,87.2,87.2,1.0,0.0,8.0,1.0,0.8,0.5,0.0,31.7,133.0,52.8,34.0,73.0,12.0,0.6,107.0,151.3,237.2,172.2,34.0,67.6,12.0,0.6,-1.2,-0.3,0.8,-0.26,33.0,1.09,12.0,0.6,-19.0,-3.7,9.7,-3.7,33.0,14.5,12.0,0.6,5.93,5.93,5.93,5.93,1.0,0.0,8.0,1.0,55.2,55.2,55.2,55.2,1.0,0.0,8.0,1.0,0.0,84.9,236.8,94.8,33.0,121.9,12.0,0.6,238.0,308.0,376.0,312.3,33.0,65.2,12.0,0.6,61.1,61.1,61.1,61.1,1.0,0.0,8.0,1.0,168.0,168.0,168.0,168.0,1.0,0.0,8.0,1.0,18.9,18.9,18.9,18.9,1.0,0.0,8.0,1.0,51.8,51.8,51.8,51.8,1.0,0.0,8.0,1.0,1861.0,1861.0,3652.5,2791.0,34.0,1640.5,12.0,0.6,1860.0,1860.0,3650.0,2790.0,34.0,1640.0,12.0,0.6
1907,7,54.4,-45.7,,,,,,,,,,,,,,,,,,,,,,,,,,,,,,,,,,,6.7,12.3,12.45,10.34,7.0,3.58,14.0,0.3,3.57,6.7,10.45,7.14,7.0,5.18,14.0,0.3,-5.88,0.0,6.88,-1.38,7.0,7.0,14.0,0.3,996.1,996.1,996.1,996.1,1.0,0.0,30.0,0.0,,,,,,,,,,,,,,,,,,,,,,,,,,,,,,,,,,,,,,,,,,,,,,,,,,,,,,,,,,,,,,,,,,,,,,,,,,,,,,,,,,,,,,,,,,,,,,,,,,,,,,,,,,,,,,,,,,,,,,,,,,,,,,,,,,
1907,7,54.4,-43.7,,,,,,,,,,,,,,,,,,,,,,,,,,,,,,,,,,,6.68,19.0,21.63,15.46,9.0,6.94,18.0,0.9,1.15,7.12,16.93,8.97,9.0,7.65,18.0,0.9,-1.26,7.42,18.63,8.51,9.0,9.29,18.0,0.9,997.9,997.9,997.9,997.9,1.0,0.0,30.0,1.0,,,,,,,,,,,,,,,,,,,,,,,,,,,,,,,,,,,,,,,,,,,,,,,,,,,,,,,,,,,,,,,,,,,,,,,,,,,,,,,,,,,,,,,,,,,,,,,,,,,,,,,,,,,,,,,,,,,,,,,,,,,,,,,,,,
1907,7,54.4,-23.7,,,,,,,,,,,,,,,,,,,,,,,,,,,,,,,,,,,4.93,5.65,6.37,5.65,2.0,1.48,2.0,1.0,0.0,0.0,0.0,0.0,2.0,0.0,2.0,1.0,4.93,5.65,6.37,5.65,2.0,1.48,2.0,1.0,1021.08,1021.25,1021.42,1021.25,2.0,0.35,2.0,1.0,,,,,,,,,,,,,,,,,,,,,,,,,,,,,,,,,,,,,,,,,,,,,,,,,,,,,,,,,,,,,,,,,,,,,,,,,,,,,,,,,,,,,,,,,,,,,,,,,,,,,,,,,,,,,,,,,,,,,,,,,,,,,,,,,,
1907,7,54.4,2.3,,,,,,,,,,,,,,,,,,,,,,,,,,,,,,,,,,,4.6,6.7,12.3,8.71,27.0,4.23,12.0,0.6,3.81,5.48,8.7,6.38,27.0,2.88,12.0,0.6,1.73,5.55,8.7,5.61,27.0,3.66,12.0,0.6,1008.52,1009.9,1011.98,1010.12,12.0,1.72,8.0,0.5,,,,,,,,,,,,,,,,,,,,,,,,,,,,,,,,,,,,,,,,,,,,,,,,,,,,,,,,,,,,,,,,,,,,,,,,,,,,,,,,,,,,,,,,,,,,,,,,,,,,,,,,,,,,,,,,,,,,,,,,,,,,,,,,,,
1907,7,54.4,4.3,,,,,,,,,,,,,,,,,,,,,,,,,,,,,,,,,,,4.6,12.3,15.4,10.01,31.0,4.16,14.0,0.6,3.25,8.62,10.89,7.26,31.0,2.96,14.0,0.6,3.25,8.56,10.89,6.65,31.0,3.43,14.0,0.6,1008.4,1010.5,1012.95,1010.53,23.0,2.22,12.0,0.6,,,,,,,,,,,,,,,,,,,,,,,,,,,,,,,,,,,,,,,,,,,,,,,,,,,,,,,,,,,,,,,,,,,,,,,,,,,,,,,,,,,,,,,,,,,,,,,,,,,,,,,,,,,,,,,,,,,,,,,,,,,,,,,,,,
1907,7,54.4,6.3,,,,,,,,,,,,,,,,,,,,,,,,,,,,,,,,,,,9.3,10.8,15.4,11.5,14.0,2.97,18.0,0.4,6.58,8.63,14.06,9.23,14.0,3.03,18.0,0.4,5.77,6.28,8.65,6.53,14.0,2.08,18.0,0.4,1007.81,1009.6,1012.73,1010.26,5.0,3.33,24.0,0.4,,,,,,,,,,,,,,,,,,,,,,,,,,,,,,,,,,,,,,,,,,,,,,,,,,,,,,,,,,,,,,,,,,,,,,,,,,,,,,,,,,,,,,,,,,,,,,,,,,,,,,,,,,,,,,,,,,,,,,,,,,,,,,,,,,
1907,7,54.4,10.3,,,,,,,,,,,,,,,,,,,,,,,,,,,,,,,,,,,13.63,17.2,21.06,17.3,10.0,3.74,16.0,0.1,5.32,12.16,14.89,10.61,10.0,4.8,16.0,0.1,11.32,13.44,14.38,13.27,10.0,1.63,16.0,0.1,1003.9,1005.1,1007.29,1005.29,8.0,1.82,16.0,0.1,,,,,,,,,,,,,,,,,,,,,,,,,,,,,,,,,,,,,,,,,,,,,,,,,,,,,,,,,,,,,,,,,,,,,,,,,,,,,,,,,,,,,,,,,,,,,,,,,,,,,,,,,,,,,,,,,,,,,,,,,,,,,,,,,,
1907,7,54.4,12.3,25.0,26.2,26.94,26.2,36.0,1.15,12.0,0.4,25.27,26.5,27.38,26.4,36.0,1.1,10.0,0.3,18.14,18.19,18.73,18.42,4.0,0.53,8.0,0.3,81.1,82.6,85.0,83.1,4.0,3.1,8.0,0.3,0.4,0.5,9.3,15.4,19.0,14.34,36.0,4.78,10.0,0.4,2.62,7.42,12.02,7.45,36.0,4.63,10.0,0.4,7.63,11.93,14.92,11.49,36.0,4.49,10.0,0.4,1002.95,1005.3,1006.7,1004.9,26.0,2.31,10.0,0.4,0.0,2.0,4.1,2.6,32.0,2.3,12.0,0.3,81.1,82.6,85.0,83.1,4.0,3.1,8.0,0.3,0.4,0.5,17.5,99.8,224.4,121.6,36.0,99.2,10.0,0.4,63.9,167.7,255.3,183.1,36.0,106.2,10.0,0.4,-1.3,-0.1,0.88,-0.19,35.0,1.2,10.0,0.3,-18.2,-2.3,13.8,-2.4,34.0,18.9,10.0,0.4,6.95,6.96,7.03,6.99,3.0,0.07,8.0,0.3,59.4,87.0,134.9,96.9,3.0,56.0,8.0,0.3,77.3,205.6,331.7,200.9,35.0,118.2,10.0,0.3,188.9,314.4,387.3,301.8,35.0,123.1,10.0,0.3,50.9,68.6,201.3,123.5,4.0,128.5,8.0,0.3,140.0,188.6,238.1,189.0,4.0,63.4,8.0,0.3,20.3,29.7,91.6,55.4,3.0,56.8,8.0,0.3,55.8,81.7,94.9,75.5,3.0,29.1,8.0,0.3,804.5,3652.5,6859.0,3864.5,36.0,3133.5,10.0,0.4,805.0,3650.0,6860.0,3865.0,36.0,3135.0,10.0,0.4
1907,7,54.4,70.3,,,,,,,,,,,,,,,,,,,,,,,,,,,,,,,,,,,1.0,2.6,4.6,2.46,51.0,1.73,26.0,1.0,-1.8,-0.39,0.0,-0.67,51.0,0.94,26.0,1.0,-4.6,-2.39,-0.71,-2.25,51.0,1.63,26.0,1.0,1009.94,1017.5,1019.8,1016.17,52.0,4.8,26.0,1.0,,,,,,,,,,,,,,,,,,,,,,,,,,,,,,,,,,,,,,,,,,,,,,,,,,,,,,,,,,,,,,,,,,,,,,,,,,,,,,,,,,,,,,,,,,,,,,,,,,,,,,,,,,,,,,,,,,,,,,,,,,,,,,,,,,
1907,7,56.4,-45.7,,,,,,,,,,,,,,,,,,,,,,,,,,,,,,,,,,,9.8,12.3,19.0,13.94,7.0,3.94,20.0,0.0,4.2,7.12,15.5,8.43,7.0,7.16,20.0,0.0,-9.13,4.81,7.91,2.34,7.0,10.08,20.0,0.0,996.1,996.1,996.1,996.1,1.0,0.0,30.0,0.0,,,,,,,,,,,,,,,,,,,,,,,,,,,,,,,,,,,,,,,,,,,,,,,,,,,,,,,,,,,,,,,,,,,,,,,,,,,,,,,,,,,,,,,,,,,,,,,,,,,,,,,,,,,,,,,,,,,,,,,,,,,,,,,,,,
1907,7,56.4,-1.7,,,,,,,,,,,,,,,,,,,,,,,,,,,,,,,,,,,9.3,9.3,9.3,9.3,1.0,0.0,12.0,1.0,3.63,3.63,3.63,3.63,1.0,0.0,12.0,1.0,8.56,8.56,8.56,8.56,1.0,0.0,12.0,1.0,1010.5,1010.5,1010.5,1010.5,1.0,0.0,12.0,1.0,,,,,,,,,,,,,,,,,,,,,,,,,,,,,,,,,,,,,,,,,,,,,,,,,,,,,,,,,,,,,,,,,,,,,,,,,,,,,,,,,,,,,,,,,,,,,,,,,,,,,,,,,,,,,,,,,,,,,,,,,,,,,,,,,,
1907,7,56.4,0.3,,,,,,,,,,,,,,,,,,,,,,,,,,,,,,,,,,,5.73,9.3,12.3,9.46,17.0,3.18,12.0,0.4,3.46,4.81,6.58,5.0,17.0,2.25,12.0,0.4,3.78,8.56,11.32,7.71,17.0,3.24,12.0,0.4,1009.81,1010.95,1011.28,1010.84,8.0,1.08,8.0,0.3,,,,,,,,,,,,,,,,,,,,,,,,,,,,,,,,,,,,,,,,,,,,,,,,,,,,,,,,,,,,,,,,,,,,,,,,,,,,,,,,,,,,,,,,,,,,,,,,,,,,,,,,,,,,,,,,,,,,,,,,,,,,,,,,,,
1907,7,56.4,2.3,,,,,,,,,,,,,,,,,,,,,,,,,,,,,,,,,,,4.6,6.7,9.3,6.99,32.0,2.85,16.0,0.5,3.25,6.21,8.75,6.08,32.0,2.64,16.0,0.5,0.0,2.51,4.62,2.71,32.0,2.42,16.0,0.5,1009.56,1010.9,1012.61,1011.12,17.0,1.53,12.0,0.5,,,,,,,,,,,,,,,,,,,,,,,,,,,,,,,,,,,,,,,,,,,,,,,,,,,,,,,,,,,,,,,,,,,,,,,,,,,,,,,,,,,,,,,,,,,,,,,,,,,,,,,,,,,,,,,,,,,,,,,,,,,,,,,,,,
1907,7,56.4,4.3,,,,,,,,,,,,,,,,,,,,,,,,,,,,,,,,,,,6.99,10.8,12.3,10.54,8.0,3.06,24.0,0.3,4.74,8.66,12.3,8.66,8.0,4.04,24.0,0.3,0.39,4.74,8.25,4.5,8.0,3.32,24.0,0.3,1008.45,1009.6,1010.7,1009.56,5.0,1.16,22.0,0.4,,,,,,,,,,,,,,,,,,,,,,,,,,,,,,,,,,,,,,,,,,,,,,,,,,,,,,,,,,,,,,,,,,,,,,,,,,,,,,,,,,,,,,,,,,,,,,,,,,,,,,,,,,,,,,,,,,,,,,,,,,,,,,,,,,
1907,7,56.4,10.3,,,,,,,,,,,,,,,,,,,,,,,,,,,,,,,,,,,12.5,15.4,18.77,15.51,14.0,2.28,16.0,0.7,8.7,10.89,13.27,10.34,14.0,2.57,16.0,0.7,10.89,10.89,13.44,11.39,14.0,1.68,16.0,0.7,1006.6,1008.85,1009.93,1008.4,8.0,1.66,14.0,0.8,,,,,,,,,,,,,,,,,,,,,,,,,,,,,,,,,,,,,,,,,,,,,,,,,,,,,,,,,,,,,,,,,,,,,,,,,,,,,,,,,,,,,,,,,,,,,,,,,,,,,,,,,,,,,,,,,,,,,,,,,,,,,,,,,,
1907,7,56.4,12.3,24.64,26.0,26.59,25.84,33.0,0.99,12.0,0.6,25.04,26.1,27.39,26.19,36.0,1.15,12.0,0.6,18.73,18.83,18.95,18.84,4.0,0.13,6.0,0.8,79.8,81.8,83.7,81.8,4.0,2.2,6.0,0.8,0.5,0.2,12.3,15.4,19.0,16.58,37.0,3.3,12.0,0.6,7.42,10.89,13.44,10.66,37.0,2.99,12.0,0.6,8.7,10.89,14.94,12.4,37.0,3.12,12.0,0.6,1003.88,1006.9,1009.04,1006.39,25.0,2.86,12.0,0.6,2.0,4.0,6.0,3.8,30.0,1.9,12.0,0.7,79.8,81.8,83.7,81.8,4.0,2.2,6.0,0.8,0.5,0.2,107.0,167.7,255.3,182.5,37.0,81.0,12.0,0.6,107.0,167.7,329.5,214.2,37.0,91.4,12.0,0.6,,,,,,,,,,,,,,,,,,,,,,,,,,,,,,,,,187.5,283.1,350.5,278.9,36.0,80.5,12.0,0.6,241.1,309.5,406.3,325.6,36.0,84.2,12.0,0.6,133.4,209.5,301.8,217.3,4.0,99.3,6.0,0.8,251.0,304.9,369.8,310.2,4.0,75.0,6.0,0.8,,,,,,,,,,,,,,,,,,,,,,,,,,,,,,,,
1907,7,56.4,70.3,,,,,,,,,,,,,,,,,,,,,,,,,,,,,,,,,,,0.79,1.0,1.33,1.1,6.0,0.84,30.0,1.0,-0.52,0.0,0.08,-0.17,6.0,0.47,30.0,1.0,-1.33,-0.92,0.0,-0.91,6.0,0.95,30.0,1.0,1010.96,1012.5,1013.45,1012.35,6.0,1.47,30.0,1.0,,,,,,,,,,,,,,,,,,,,,,,,,,,,,,,,,,,,,,,,,,,,,,,,,,,,,,,,,,,,,,,,,,,,,,,,,,,,,,,,,,,,,,,,,,,,,,,,,,,,,,,,,,,,,,,,,,,,,,,,,,,,,,,,,,
1907,7,58.4,-1.7,,,,,,,,,,,,,,,,,,,,,,,,,,,,,,,,,,,5.93,6.7,6.7,6.28,5.0,0.94,14.0,0.6,2.62,2.62,4.65,3.44,5.0,1.12,14.0,0.6,3.01,6.17,6.17,4.65,5.0,2.67,14.0,0.6,1010.18,1010.85,1011.0,1010.6,4.0,0.62,10.0,0.5,,,,,,,,,,,,,,,,,,,,,,,,,,,,,,,,,,,,,,,,,,,,,,,,,,,,,,,,,,,,,,,,,,,,,,,,,,,,,,,,,,,,,,,,,,,,,,,,,,,,,,,,,,,,,,,,,,,,,,,,,,,,,,,,,,
1907,7,58.4,0.3,,,,,,,,,,,,,,,,,,,,,,,,,,,,,,,,,,,2.6,6.7,9.3,6.21,32.0,3.21,12.0,0.4,2.36,3.63,6.58,3.94,32.0,2.05,12.0,0.4,0.0,3.74,8.56,4.27,32.0,3.33,12.0,0.4,1010.19,1011.3,1011.98,1011.12,17.0,1.01,6.0,0.4,,,,,,,,,,,,,,,,,,,,,,,,,,,,,,,,,,,,,,,,,,,,,,,,,,,,,,,,,,,,,,,,,,,,,,,,,,,,,,,,,,,,,,,,,,,,,,,,,,,,,,,,,,,,,,,,,,,,,,,,,,,,,,,,,,
1907,7,58.4,2.3,,,,,,,,,,,,,,,,,,,,,,,,,,,,,,,,,,,4.6,6.7,9.3,7.52,23.0,2.86,20.0,0.7,2.61,6.21,9.3,6.25,23.0,3.35,20.0,0.7,0.0,2.51,6.19,2.72,23.0,2.74,20.0,0.7,1009.77,1010.9,1013.08,1011.03,12.0,1.72,18.0,0.7,,,,,,,,,,,,,,,,,,,,,,,,,,,,,,,,,,,,,,,,,,,,,,,,,,,,,,,,,,,,,,,,,,,,,,,,,,,,,,,,,,,,,,,,,,,,,,,,,,,,,,,,,,,,,,,,,,,,,,,,,,,,,,,,,,
1907,7,58.4,8.3,,,,,,,,,,,,,,,,,,,,,,,,,,,,,,,,,,,12.3,15.4,15.4,13.78,13.0,2.58,22.0,0.5,5.67,10.89,15.4,10.74,13.0,3.88,22.0,0.5,0.0,6.02,10.94,6.71,13.0,4.86,22.0,0.5,1008.5,1009.15,1009.8,1009.15,2.0,1.34,20.0,0.5,,,,,,,,,,,,,,,,,,,,,,,,,,,,,,,,,,,,,,,,,,,,,,,,,,,,,,,,,,,,,,,,,,,,,,,,,,,,,,,,,,,,,,,,,,,,,,,,,,,,,,,,,,,,,,,,,,,,,,,,,,,,,,,,,,
1907,7,58.4,10.3,25.2,26.2,26.62,26.04,30.0,1.0,12.0,0.5,25.34,26.4,27.0,26.38,29.0,0.88,12.0,0.4,18.73,18.73,18.73,18.73,1.0,0.0,6.0,1.0,79.8,79.8,79.8,79.8,1.0,0.0,6.0,1.0,0.6,0.9,12.3,15.4,15.4,14.23,30.0,2.44,12.0,0.5,7.23,10.89,13.77,10.35,30.0,2.66,12.0,0.5,5.31,8.7,12.7,9.09,30.0,3.49,12.0,0.5,1005.3,1007.0,1008.47,1007.01,22.0,1.78,12.0,0.5,2.0,4.0,6.0,4.2,25.0,2.0,14.0,0.5,79.8,79.8,79.8,79.8,1.0,0.0,6.0,1.0,0.6,0.9,101.3,140.3,219.9,149.7,30.0,54.4,12.0,0.5,59.4,107.0,218.3,134.8,30.0,70.5,12.0,0.5,-1.06,-0.3,0.2,-0.33,29.0,0.81,12.0,0.4,-13.0,-3.7,3.1,-4.7,29.0,12.0,12.0,0.4,6.38,6.38,6.38,6.38,1.0,0.0,6.0,1.0,98.3,98.3,98.3,98.3,1.0,0.0,6.0,1.0,187.4,288.6,365.6,273.3,29.0,74.8,12.0,0.4,133.7,231.4,332.6,237.4,29.0,90.1,12.0,0.4,220.9,220.9,220.9,220.9,1.0,0.0,6.0,1.0,185.4,185.4,185.4,185.4,1.0,0.0,6.0,1.0,75.3,75.3,75.3,75.3,1.0,0.0,6.0,1.0,63.2,63.2,63.2,63.2,1.0,0.0,6.0,1.0,1861.0,3652.5,3652.5,3131.0,30.0,1591.5,12.0,0.5,1860.0,3650.0,3650.0,3130.0,30.0,1590.0,12.0,0.5
1907,7,58.4,12.3,25.44,26.2,26.92,26.17,6.0,0.72,8.0,0.3,26.77,27.0,27.04,26.94,7.0,0.47,8.0,0.3,17.71,17.71,17.71,17.71,1.0,0.0,6.0,0.0,75.6,75.6,75.6,75.6,1.0,0.0,6.0,0.0,0.3,0.0,12.18,15.4,15.4,13.71,7.0,2.26,8.0,0.3,6.85,8.7,10.89,8.89,7.0,2.2,8.0,0.3,8.61,10.89,11.06,10.21,7.0,2.41,8.0,0.3,1006.8,1008.35,1010.59,1008.68,4.0,2.74,8.0,0.5,2.9,4.0,4.4,3.6,5.0,1.5,10.0,0.0,75.6,75.6,75.6,75.6,1.0,0.0,6.0,0.0,0.3,0.0,80.5,107.0,167.7,123.7,7.0,43.4,8.0,0.3,105.1,167.7,170.3,144.0,7.0,52.3,8.0,0.3,,,,,,,,,,,,,,,,,,,,,,,,,,,,,,,,,183.8,234.8,294.0,239.1,7.0,57.2,8.0,0.3,230.8,285.3,299.2,275.6,7.0,68.8,8.0,0.3,93.3,93.3,93.3,93.3,1.0,0.0,6.0,0.0,256.2,256.2,256.2,256.2,1.0,0.0,6.0,0.0,,,,,,,,,,,,,,,,,,,,,,,,,,,,,,,,
1907,7,60.4,-3.7,,,,,,,,,,,,,,,,,,,,,,,,,,,,,,,,,,,6.7,6.7,8.47,7.57,3.0,1.5,10.0,1.0,3.98,4.74,4.74,4.37,3.0,0.64,10.0,1.0,4.74,4.74,7.35,6.01,3.0,2.21,10.0,1.0,1009.9,1009.9,1009.9,1009.9,2.0,0.0,10.0,1.0,,,,,,,,,,,,,,,,,,,,,,,,,,,,,,,,,,,,,,,,,,,,,,,,,,,,,,,,,,,,,,,,,,,,,,,,,,,,,,,,,,,,,,,,,,,,,,,,,,,,,,,,,,,,,,,,,,,,,,,,,,,,,,,,,,
1907,7,60.4,-1.7,,,,,,,,,,,,,,,,,,,,,,,,,,,,,,,,,,,4.6,6.7,6.7,5.8,15.0,2.02,16.0,0.4,2.01,3.25,5.85,3.27,15.0,3.3,16.0,0.4,1.2,3.25,4.74,2.97,15.0,2.88,16.0,0.4,1010.22,1010.55,1011.35,1010.78,6.0,0.84,10.0,0.5,,,,,,,,,,,,,,,,,,,,,,,,,,,,,,,,,,,,,,,,,,,,,,,,,,,,,,,,,,,,,,,,,,,,,,,,,,,,,,,,,,,,,,,,,,,,,,,,,,,,,,,,,,,,,,,,,,,,,,,,,,,,,,,,,,
1907,7,60.4,0.3,,,,,,,,,,,,,,,,,,,,,,,,,,,,,,,,,,,4.6,6.7,6.7,5.71,21.0,2.2,12.0,0.6,-1.34,2.62,6.26,2.56,21.0,3.35,12.0,0.6,1.16,4.23,6.17,3.9,21.0,2.25,12.0,0.6,1009.56,1011.0,1012.88,1011.09,17.0,1.43,12.0,0.5,,,,,,,,,,,,,,,,,,,,,,,,,,,,,,,,,,,,,,,,,,,,,,,,,,,,,,,,,,,,,,,,,,,,,,,,,,,,,,,,,,,,,,,,,,,,,,,,,,,,,,,,,,,,,,,,,,,,,,,,,,,,,,,,,,
1907,7,60.4,6.3,25.89,27.1,27.8,26.84,19.0,0.9,18.0,0.7,25.62,26.7,27.71,26.56,18.0,1.26,16.0,0.7,19.12,19.12,19.12,19.12,1.0,0.0,30.0,0.0,87.2,87.2,87.2,87.2,1.0,0.0,30.0,0.0,0.7,0.3,9.49,12.3,15.4,12.04,16.0,2.57,14.0,0.8,7.57,11.11,11.56,10.34,16.0,2.37,14.0,0.8,3.76,4.81,7.53,5.76,16.0,2.46,14.0,0.8,1007.79,1009.0,1009.27,1008.72,6.0,1.11,30.0,0.5,2.0,3.0,5.0,3.4,19.0,1.7,18.0,0.7,87.2,87.2,87.2,87.2,1.0,0.0,30.0,0.0,0.7,0.3,72.6,139.3,167.7,129.4,16.0,51.5,14.0,0.8,39.8,59.1,95.5,73.0,16.0,43.0,14.0,0.8,-0.59,0.6,1.2,0.37,18.0,0.91,16.0,0.7,-5.6,3.7,15.4,4.1,16.0,10.5,14.0,0.8,2.84,2.84,2.84,2.84,1.0,0.0,30.0,0.0,34.9,34.9,34.9,34.9,1.0,0.0,30.0,0.0,211.7,289.9,314.4,276.5,16.0,57.7,14.0,0.8,103.8,128.6,205.4,153.4,16.0,62.0,14.0,0.8,180.2,180.2,180.2,180.2,1.0,0.0,30.0,0.0,151.2,151.2,151.2,151.2,1.0,0.0,30.0,0.0,26.8,26.8,26.8,26.8,1.0,0.0,30.0,0.0,22.5,22.5,22.5,22.5,1.0,0.0,30.0,0.0,856.5,1861.0,3652.5,1964.0,16.0,1126.0,14.0,0.8,855.0,1860.0,3650.0,1965.0,16.0,1125.0,14.0,0.8
1907,7,60.4,8.3,,,,,,,,,,,,,,,,,,,,,,,,,,,,,,,,,,,8.23,12.3,15.4,12.14,11.0,3.31,18.0,0.3,6.98,10.89,13.07,10.18,11.0,3.24,18.0,0.3,4.21,4.81,9.6,5.89,11.0,3.21,18.0,0.3,1007.26,1007.9,1008.78,1008.0,6.0,0.78,16.0,0.0,,,,,,,,,,,,,,,,,,,,,,,,,,,,,,,,,,,,,,,,,,,,,,,,,,,,,,,,,,,,,,,,,,,,,,,,,,,,,,,,,,,,,,,,,,,,,,,,,,,,,,,,,,,,,,,,,,,,,,,,,,,,,,,,,,
1907,7,60.4,10.3,25.5,26.3,27.3,26.36,46.0,0.89,14.0,0.5,26.0,26.5,27.4,26.63,41.0,0.82,12.0,0.5,17.56,18.14,18.15,17.86,3.0,0.5,6.0,0.7,84.0,87.1,90.0,87.0,3.0,4.4,6.0,0.7,0.6,0.6,10.2,12.3,15.4,13.57,47.0,2.97,12.0,0.6,8.6,10.89,14.28,10.74,47.0,2.84,12.0,0.6,4.76,8.7,10.89,7.9,47.0,2.67,12.0,0.6,1006.5,1007.8,1009.67,1007.97,29.0,1.67,12.0,0.6,2.0,4.0,6.0,4.0,48.0,2.2,12.0,0.5,84.0,87.1,90.0,87.0,3.0,4.4,6.0,0.7,0.6,0.6,87.8,140.3,219.9,152.9,47.0,68.6,12.0,0.6,57.4,107.0,167.7,111.9,47.0,56.6,12.0,0.6,-1.0,-0.3,0.5,-0.26,39.0,0.83,12.0,0.5,-13.6,-3.2,6.0,-3.8,38.0,11.4,12.0,0.5,6.93,6.93,6.93,6.93,1.0,0.0,6.0,1.0,106.8,106.8,106.8,106.8,1.0,0.0,6.0,1.0,191.5,290.2,372.2,283.1,40.0,79.1,12.0,0.5,130.1,180.5,283.0,202.3,40.0,68.5,12.0,0.5,207.1,214.0,248.3,227.4,3.0,32.3,6.0,0.7,173.8,179.6,208.3,190.8,3.0,27.1,6.0,0.7,81.8,81.8,81.8,81.8,1.0,0.0,6.0,1.0,68.6,68.6,68.6,68.6,1.0,0.0,6.0,1.0,1121.5,1861.0,3652.5,2850.0,47.0,1767.5,12.0,0.6,1120.0,1860.0,3650.0,2850.0,47.0,1770.0,12.0,0.6
1907,7,62.4,-3.7,,,,,,,,,,,,,,,,,,,,,,,,,,,,,,,,,,,4.6,6.7,6.7,5.86,5.0,1.15,14.0,0.2,1.44,4.74,4.74,3.15,5.0,2.8,14.0,0.2,3.9,4.74,4.74,4.35,5.0,0.64,14.0,0.2,1008.27,1009.9,1011.26,1009.72,5.0,1.84,14.0,0.2,,,,,,,,,,,,,,,,,,,,,,,,,,,,,,,,,,,,,,,,,,,,,,,,,,,,,,,,,,,,,,,,,,,,,,,,,,,,,,,,,,,,,,,,,,,,,,,,,,,,,,,,,,,,,,,,,,,,,,,,,,,,,,,,,,
1907,7,62.4,-1.7,,,,,,,,,,,,,,,,,,,,,,,,,,,,,,,,,,,2.6,4.6,6.33,4.48,21.0,1.84,18.0,0.6,0.31,3.25,4.6,2.64,21.0,2.22,18.0,0.6,0.0,2.6,4.65,2.56,21.0,2.31,18.0,0.6,1010.06,1010.6,1011.99,1010.78,9.0,1.05,14.0,0.4,,,,,,,,,,,,,,,,,,,,,,,,,,,,,,,,,,,,,,,,,,,,,,,,,,,,,,,,,,,,,,,,,,,,,,,,,,,,,,,,,,,,,,,,,,,,,,,,,,,,,,,,,,,,,,,,,,,,,,,,,,,,,,,,,,
1907,7,62.4,0.3,,,,,,,,,,,,,,,,,,,,,,,,,,,,,,,,,,,2.6,4.6,9.3,5.25,13.0,2.86,14.0,0.6,1.72,2.39,6.25,3.81,13.0,2.58,14.0,0.6,-1.02,2.39,4.91,2.52,13.0,2.96,14.0,0.6,1009.1,1010.65,1011.16,1010.32,10.0,1.13,14.0,0.5,,,,,,,,,,,,,,,,,,,,,,,,,,,,,,,,,,,,,,,,,,,,,,,,,,,,,,,,,,,,,,,,,,,,,,,,,,,,,,,,,,,,,,,,,,,,,,,,,,,,,,,,,,,,,,,,,,,,,,,,,,,,,,,,,,
1907,7,62.4,6.3,26.01,27.0,27.79,26.91,27.0,0.87,20.0,0.4,26.3,27.1,27.8,27.0,24.0,0.94,18.0,0.5,19.4,19.97,20.31,19.86,3.0,0.67,30.0,0.7,87.3,87.3,88.0,87.6,3.0,0.6,30.0,0.7,0.4,0.3,9.3,12.3,15.4,12.14,26.0,2.54,20.0,0.5,8.56,10.89,12.36,10.69,26.0,2.26,20.0,0.5,0.0,4.22,8.0,4.51,26.0,3.81,20.0,0.5,1007.11,1008.8,1009.27,1008.4,8.0,0.96,30.0,0.5,2.0,3.0,5.9,3.6,27.0,1.9,20.0,0.4,87.3,87.3,88.0,87.6,3.0,0.6,30.0,0.7,0.4,0.3,79.6,145.3,169.3,134.1,26.0,52.3,20.0,0.5,0.0,43.7,99.5,59.0,26.0,58.2,20.0,0.5,-0.5,0.0,1.1,0.12,24.0,0.76,18.0,0.5,-7.7,0.0,13.5,1.5,24.0,9.6,18.0,0.5,1.68,2.01,2.58,2.13,3.0,0.66,30.0,0.7,20.7,24.8,25.9,23.3,3.0,4.0,30.0,0.7,228.5,269.7,334.6,280.2,24.0,52.9,18.0,0.5,0.0,97.7,245.8,119.2,24.0,109.0,18.0,0.5,152.8,188.2,191.4,172.5,3.0,31.4,30.0,0.7,128.2,157.9,160.6,144.7,3.0,26.3,30.0,0.7,15.9,19.0,19.8,17.9,3.0,3.1,30.0,0.7,13.3,15.9,16.7,15.0,3.0,2.6,30.0,0.7,804.5,1861.0,3652.5,2016.0,26.0,1194.5,20.0,0.5,805.0,1860.0,3650.0,2015.0,26.0,1195.0,20.0,0.5
1907,7,62.4,8.3,,,,,,,,,,,,,,,,,,,,,,,,,,,,,,,,,,,7.81,10.8,12.3,10.38,10.0,3.17,18.0,0.7,5.53,8.66,10.24,8.46,10.0,2.94,18.0,0.7,3.48,5.25,8.7,5.65,10.0,2.48,18.0,0.7,1007.88,1008.6,1010.1,1008.86,7.0,1.05,18.0,0.9,,,,,,,,,,,,,,,,,,,,,,,,,,,,,,,,,,,,,,,,,,,,,,,,,,,,,,,,,,,,,,,,,,,,,,,,,,,,,,,,,,,,,,,,,,,,,,,,,,,,,,,,,,,,,,,,,,,,,,,,,,,,,,,,,,
1907,7,62.4,10.3,25.53,26.7,27.44,26.59,47.0,0.89,14.0,0.5,26.12,27.1,28.0,27.12,49.0,0.96,14.0,0.5,18.57,18.73,18.73,18.65,3.0,0.14,6.0,0.7,77.6,79.8,79.8,78.8,3.0,1.9,6.0,0.7,0.6,0.3,9.3,12.3,12.3,11.06,48.0,2.61,12.0,0.5,6.58,8.7,11.49,9.32,48.0,2.86,12.0,0.5,3.55,4.74,8.33,5.42,48.0,2.21,12.0,0.5,1006.9,1008.0,1009.57,1008.3,29.0,1.79,14.0,0.4,2.8,4.0,6.0,4.3,50.0,1.6,14.0,0.5,77.6,79.8,79.8,78.8,3.0,1.9,6.0,0.7,0.6,0.3,61.2,107.0,142.2,109.7,48.0,55.1,12.0,0.5,31.7,56.7,102.5,61.3,48.0,33.2,12.0,0.5,,,,,,,,,,,,,,,,,,,,,,,,,,,,,,,,,170.5,236.6,326.5,254.1,47.0,79.8,12.0,0.5,97.7,131.7,210.7,145.2,47.0,58.4,12.0,0.5,188.3,213.7,215.6,202.2,3.0,22.4,6.0,0.7,78.1,78.8,126.1,101.5,3.0,40.3,6.0,0.7,,,,,,,,,,,,,,,,,,,,,,,,,,,,,,,,
1907,7,64.4,-3.7,,,,,,,,,,,,,,,,,,,,,,,,,,,,,,,,,,,1.0,3.6,4.6,3.23,10.0,2.13,18.0,0.7,-1.4,0.0,3.25,0.69,10.0,2.33,18.0,0.7,0.83,2.83,4.46,2.52,10.0,1.75,18.0,0.7,1009.12,1010.1,1012.05,1010.46,9.0,1.43,18.0,0.8,,,,,,,,,,,,,,,,,,,,,,,,,,,,,,,,,,,,,,,,,,,,,,,,,,,,,,,,,,,,,,,,,,,,,,,,,,,,,,,,,,,,,,,,,,,,,,,,,,,,,,,,,,,,,,,,,,,,,,,,,,,,,,,,,,
1907,7,64.4,-1.7,,,,,,,,,,,,,,,,,,,,,,,,,,,,,,,,,,,1.0,4.6,6.7,4.1,21.0,2.26,16.0,0.4,-0.58,2.62,4.6,2.27,21.0,2.43,16.0,0.4,0.0,0.71,5.84,1.77,21.0,2.87,16.0,0.4,1009.37,1010.65,1011.5,1010.38,12.0,1.09,16.0,0.4,,,,,,,,,,,,,,,,,,,,,,,,,,,,,,,,,,,,,,,,,,,,,,,,,,,,,,,,,,,,,,,,,,,,,,,,,,,,,,,,,,,,,,,,,,,,,,,,,,,,,,,,,,,,,,,,,,,,,,,,,,,,,,,,,,
1907,7,64.4,0.3,,,,,,,,,,,,,,,,,,,,,,,,,,,,,,,,,,,2.6,3.6,4.6,3.6,6.0,1.1,10.0,0.3,2.28,2.83,4.23,3.06,6.0,1.02,10.0,0.3,-1.8,-0.02,2.13,0.24,6.0,2.1,10.0,0.3,1009.36,1009.5,1009.91,1009.63,3.0,0.42,8.0,0.7,,,,,,,,,,,,,,,,,,,,,,,,,,,,,,,,,,,,,,,,,,,,,,,,,,,,,,,,,,,,,,,,,,,,,,,,,,,,,,,,,,,,,,,,,,,,,,,,,,,,,,,,,,,,,,,,,,,,,,,,,,,,,,,,,,
1907,7,64.4,6.3,26.2,27.2,27.8,27.16,20.0,0.72,18.0,0.6,25.84,27.8,28.13,27.16,19.0,1.32,18.0,0.6,19.41,19.98,21.36,20.37,3.0,1.47,30.0,0.7,87.4,87.9,88.2,87.8,3.0,0.6,30.0,0.7,0.4,0.4,9.3,11.05,12.3,11.06,20.0,2.67,18.0,0.6,7.15,10.47,12.3,10.47,20.0,2.84,18.0,0.6,0.0,0.0,5.98,1.89,20.0,2.9,18.0,0.6,1007.95,1008.6,1009.0,1008.37,7.0,0.75,30.0,0.4,2.0,3.5,6.0,3.9,20.0,1.9,18.0,0.6,87.4,87.9,88.2,87.8,3.0,0.6,30.0,0.7,0.4,0.4,66.5,116.8,151.3,122.7,20.0,58.2,18.0,0.6,0.0,0.0,55.6,21.0,20.0,35.6,18.0,0.6,-0.87,0.2,1.13,0.06,19.0,0.94,18.0,0.6,-5.9,2.8,16.1,2.2,19.0,10.6,18.0,0.6,1.31,2.68,3.25,2.29,3.0,1.46,30.0,0.7,12.1,24.9,30.2,21.3,3.0,13.6,30.0,0.7,204.2,269.7,345.8,279.9,19.0,71.6,18.0,0.6,0.0,0.0,160.0,54.3,19.0,80.5,18.0,0.6,138.3,142.3,152.1,145.1,3.0,10.5,30.0,0.7,116.0,119.4,127.7,121.8,3.0,8.8,30.0,0.7,9.3,19.1,23.1,16.3,3.0,10.4,30.0,0.7,7.8,16.0,19.4,13.7,3.0,8.7,30.0,0.7,804.5,1401.0,1861.0,1573.0,20.0,1047.5,18.0,0.6,805.0,1400.0,1860.0,1575.0,20.0,1050.0,18.0,0.6
1907,7,64.4,8.3,,,,,,,,,,,,,,,,,,,,,,,,,,,,,,,,,,,6.7,9.3,12.3,9.63,27.0,3.9,16.0,0.6,4.74,9.3,12.3,8.92,27.0,3.73,16.0,0.6,0.0,3.48,6.02,2.7,27.0,2.74,16.0,0.6,1007.24,1008.2,1009.62,1008.43,15.0,1.55,14.0,0.5,,,,,,,,,,,,,,,,,,,,,,,,,,,,,,,,,,,,,,,,,,,,,,,,,,,,,,,,,,,,,,,,,,,,,,,,,,,,,,,,,,,,,,,,,,,,,,,,,,,,,,,,,,,,,,,,,,,,,,,,,,,,,,,,,,
1907,7,64.4,10.3,26.38,26.8,27.5,26.85,35.0,0.66,16.0,0.6,26.84,27.4,28.3,27.45,35.0,0.74,14.0,0.6,18.48,18.49,18.5,18.49,3.0,0.01,4.0,0.7,76.6,76.6,76.6,76.6,3.0,0.0,4.0,0.7,0.4,0.2,6.7,9.3,12.3,9.79,36.0,2.05,14.0,0.6,6.17,8.62,11.8,8.77,36.0,2.21,14.0,0.6,0.0,3.48,6.58,3.35,36.0,2.69,14.0,0.6,1007.0,1008.1,1010.6,1008.59,22.0,1.82,14.0,0.7,2.9,4.0,6.0,4.2,38.0,1.6,14.0,0.6,76.6,76.6,76.6,76.6,3.0,0.0,4.0,0.7,0.4,0.2,41.3,80.2,145.2,89.8,36.0,38.4,14.0,0.6,0.0,32.4,61.2,33.1,36.0,31.6,14.0,0.6,,,,,,,,,,,,,,,,,,,,,,,,,,,,,,,,,166.8,235.4,327.6,241.6,33.0,62.3,12.0,0.5,0.0,94.1,133.6,83.9,33.0,71.0,12.0,0.5,172.6,174.1,174.3,173.5,3.0,1.3,4.0,0.7,46.4,146.1,146.2,97.5,3.0,84.4,4.0,0.7,,,,,,,,,,,,,,,,,,,,,,,,,,,,,,,,
1907,7,66.4,-3.7,,,,,,,,,,,,,,,,,,,,,,,,,,,,,,,,,,,0.0,1.8,6.57,2.54,14.0,2.79,16.0,0.4,0.0,0.0,2.57,1.0,14.0,1.25,16.0,0.4,0.0,1.42,6.05,2.23,14.0,2.6,16.0,0.4,1008.57,1010.3,1011.41,1009.9,7.0,1.42,16.0,0.3,,,,,,,,,,,,,,,,,,,,,,,,,,,,,,,,,,,,,,,,,,,,,,,,,,,,,,,,,,,,,,,,,,,,,,,,,,,,,,,,,,,,,,,,,,,,,,,,,,,,,,,,,,,,,,,,,,,,,,,,,,,,,,,,,,
1907,7,66.4,-1.7,,,,,,,,,,,,,,,,,,,,,,,,,,,,,,,,,,,1.0,2.6,4.6,2.89,14.0,2.09,18.0,0.6,0.06,2.12,4.23,2.41,14.0,2.14,18.0,0.6,-1.68,0.0,0.97,0.27,14.0,1.58,18.0,0.6,1008.94,1010.1,1011.51,1010.16,10.0,1.28,16.0,0.6,,,,,,,,,,,,,,,,,,,,,,,,,,,,,,,,,,,,,,,,,,,,,,,,,,,,,,,,,,,,,,,,,,,,,,,,,,,,,,,,,,,,,,,,,,,,,,,,,,,,,,,,,,,,,,,,,,,,,,,,,,,,,,,,,,
1907,7,66.4,0.3,,,,,,,,,,,,,,,,,,,,,,,,,,,,,,,,,,,2.6,2.6,3.65,3.1,4.0,1.0,10.0,0.8,2.39,2.5,3.46,2.91,4.0,0.89,10.0,0.8,-1.43,-1.02,-0.48,-0.96,4.0,0.74,10.0,0.8,1010.3,1010.3,1010.3,1010.3,1.0,0.0,2.0,0.0,,,,,,,,,,,,,,,,,,,,,,,,,,,,,,,,,,,,,,,,,,,,,,,,,,,,,,,,,,,,,,,,,,,,,,,,,,,,,,,,,,,,,,,,,,,,,,,,,,,,,,,,,,,,,,,,,,,,,,,,,,,,,,,,,,
1907,7,66.4,6.3,26.57,27.25,27.8,27.21,18.0,0.61,18.0,0.4,25.74,27.2,28.0,27.01,18.0,1.08,18.0,0.4,20.2,20.71,21.22,20.71,2.0,1.05,30.0,0.5,88.8,89.9,91.0,89.9,2.0,2.3,30.0,0.5,0.5,0.6,6.7,9.3,12.3,9.72,18.0,2.14,18.0,0.4,6.7,9.3,12.3,9.6,18.0,2.2,18.0,0.4,0.0,0.0,1.3,0.61,18.0,1.37,18.0,0.4,1008.11,1009.15,1009.7,1009.09,8.0,0.76,30.0,0.5,2.0,3.0,5.3,3.8,18.0,1.7,18.0,0.4,88.8,89.9,91.0,89.9,2.0,2.3,30.0,0.5,0.5,0.6,44.9,86.5,151.3,97.7,18.0,42.1,18.0,0.4,0.0,0.0,10.0,5.5,18.0,12.7,18.0,0.4,-0.56,0.0,1.13,0.2,18.0,0.86,18.0,0.4,-4.7,0.0,13.5,3.0,18.0,8.3,18.0,0.4,0.76,1.27,1.78,1.27,2.0,1.06,30.0,0.5,5.9,11.1,16.3,11.1,2.0,10.8,30.0,0.5,189.9,243.2,334.6,258.4,18.0,57.2,18.0,0.4,0.0,0.0,35.8,16.8,18.0,37.5,18.0,0.4,148.1,162.2,176.3,162.2,2.0,29.2,30.0,0.5,26.1,28.6,31.1,28.6,2.0,5.2,30.0,0.5,5.8,10.9,16.1,10.9,2.0,10.6,30.0,0.5,1.0,1.9,2.8,1.9,2.0,1.9,30.0,0.5,301.0,804.5,1861.0,1044.5,18.0,626.5,18.0,0.4,300.0,805.0,1860.0,1045.0,18.0,625.0,18.0,0.4
1907,7,66.4,8.3,26.6,27.1,27.57,27.19,47.0,0.64,14.0,0.4,26.8,27.7,28.3,27.5,46.0,1.03,14.0,0.4,18.64,18.95,19.27,18.95,2.0,0.65,4.0,0.5,77.2,78.5,79.8,78.5,2.0,2.7,4.0,0.5,0.7,0.8,6.7,9.3,9.3,8.43,46.0,2.74,14.0,0.4,4.94,8.56,9.3,7.91,46.0,2.7,14.0,0.4,0.0,1.67,3.63,1.46,46.0,2.6,14.0,0.4,1007.3,1008.4,1009.68,1008.48,29.0,1.44,14.0,0.4,2.0,5.0,7.0,4.8,49.0,2.1,14.0,0.4,77.2,78.5,79.8,78.5,2.0,2.7,4.0,0.5,0.7,0.8,33.1,79.6,86.5,73.8,46.0,50.4,14.0,0.4,0.0,8.1,33.6,14.7,46.0,28.9,14.0,0.4,,,,,,,,,,,,,,,,,,,,,,,,,,,,,,,,,152.8,232.5,272.5,219.8,43.0,72.2,14.0,0.4,0.0,42.1,108.5,40.0,43.0,70.4,14.0,0.4,138.9,174.8,210.8,174.8,2.0,74.4,4.0,0.5,7.1,22.2,37.4,22.2,2.0,31.5,4.0,0.5,,,,,,,,,,,,,,,,,,,,,,,,,,,,,,,,
1907,7,66.4,10.3,26.43,26.95,27.48,26.96,14.0,0.53,20.0,0.4,26.89,27.5,28.35,27.51,13.0,1.04,18.0,0.4,18.47,18.47,18.47,18.47,1.0,0.0,4.0,0.0,76.6,76.6,76.6,76.6,1.0,0.0,4.0,0.0,0.2,0.0,6.7,9.3,14.07,10.08,10.0,3.55,16.0,0.4,6.4,8.93,12.95,9.25,10.0,3.49,16.0,0.4,0.0,3.13,5.5,2.97,10.0,2.91,16.0,0.4,1007.95,1009.0,1010.03,1009.0,7.0,1.32,16.0,0.0,2.0,2.0,6.0,3.5,15.0,1.9,18.0,0.4,76.6,76.6,76.6,76.6,1.0,0.0,4.0,0.0,0.2,0.0,42.8,83.1,184.5,104.0,10.0,74.0,16.0,0.4,0.0,24.6,78.3,33.2,10.0,38.0,16.0,0.4,,,,,,,,,,,,,,,,,,,,,,,,,,,,,,,,,189.4,263.5,374.5,273.0,8.0,91.2,14.0,0.4,0.0,35.7,158.9,73.6,8.0,88.9,14.0,0.4,174.1,174.1,174.1,174.1,1.0,0.0,4.0,0.0,146.1,146.1,146.1,146.1,1.0,0.0,4.0,0.0,,,,,,,,,,,,,,,,,,,,,,,,,,,,,,,,
1907,7,68.4,-3.7,,,,,,,,,,,,,,,,,,,,,,,,,,,,,,,,,,,1.0,4.6,6.7,3.43,16.0,2.62,14.0,0.5,0.0,0.82,4.47,1.86,16.0,1.9,14.0,0.5,-0.44,0.69,5.62,2.04,16.0,2.76,14.0,0.5,1009.1,1010.0,1011.7,1010.05,8.0,1.3,18.0,0.6,,,,,,,,,,,,,,,,,,,,,,,,,,,,,,,,,,,,,,,,,,,,,,,,,,,,,,,,,,,,,,,,,,,,,,,,,,,,,,,,,,,,,,,,,,,,,,,,,,,,,,,,,,,,,,,,,,,,,,,,,,,,,,,,,,
1907,7,68.4,-1.7,,,,,,,,,,,,,,,,,,,,,,,,,,,,,,,,,,,0.0,2.6,4.6,2.51,11.0,2.13,20.0,0.5,0.0,0.93,4.39,1.96,11.0,2.21,20.0,0.5,-1.8,0.0,0.51,-0.3,11.0,1.5,20.0,0.5,1009.5,1010.0,1011.21,1010.26,8.0,1.27,16.0,0.5,,,,,,,,,,,,,,,,,,,,,,,,,,,,,,,,,,,,,,,,,,,,,,,,,,,,,,,,,,,,,,,,,,,,,,,,,,,,,,,,,,,,,,,,,,,,,,,,,,,,,,,,,,,,,,,,,,,,,,,,,,,,,,,,,,
1907,7,68.4,6.3,26.62,27.2,28.0,27.41,21.0,0.7,18.0,0.7,26.7,27.45,28.3,27.4,20.0,0.99,18.0,0.6,19.98,19.98,20.99,20.47,3.0,0.86,30.0,0.3,88.3,88.3,90.5,89.4,3.0,1.9,30.0,0.3,0.5,0.7,6.7,9.3,12.3,9.76,21.0,2.72,18.0,0.7,6.7,9.3,12.3,9.63,21.0,2.76,18.0,0.7,0.0,0.0,0.0,0.22,21.0,1.58,18.0,0.7,1007.93,1009.0,1009.0,1008.57,9.0,0.59,28.0,0.7,3.0,5.5,8.0,5.3,16.0,2.2,22.0,0.6,88.3,88.3,90.5,89.4,3.0,1.9,30.0,0.3,0.5,0.7,44.9,86.5,151.3,101.1,21.0,50.8,18.0,0.7,0.0,0.0,0.0,3.4,21.0,15.7,18.0,0.7,-0.6,-0.3,0.7,0.01,20.0,0.86,18.0,0.6,-6.1,-2.3,8.6,1.4,20.0,9.4,18.0,0.6,1.45,2.01,2.47,1.96,3.0,0.75,30.0,0.3,11.4,12.3,13.1,12.3,3.0,1.2,30.0,0.3,182.4,257.5,330.8,258.5,20.0,70.5,18.0,0.6,0.0,0.0,0.0,6.1,20.0,44.9,18.0,0.6,105.2,133.8,176.7,140.8,3.0,52.7,30.0,0.3,0.0,0.0,23.7,11.6,3.0,20.0,30.0,0.3,11.3,12.3,13.1,12.2,3.0,1.3,30.0,0.3,0.0,0.0,1.3,0.6,3.0,1.1,30.0,0.3,301.0,804.5,1861.0,1130.0,21.0,740.0,18.0,0.7,300.0,805.0,1860.0,1130.0,21.0,740.0,18.0,0.7
1907,7,68.4,8.3,26.8,27.2,27.8,27.28,55.0,0.79,14.0,0.5,27.0,27.8,28.89,27.72,52.0,1.13,12.0,0.5,18.94,19.41,19.43,19.19,5.0,0.4,4.0,0.4,76.7,80.4,80.4,78.9,5.0,2.0,4.0,0.4,0.5,0.5,5.46,6.7,9.3,7.69,54.0,2.21,14.0,0.5,4.6,6.7,9.3,7.17,54.0,2.28,14.0,0.5,-1.77,0.0,3.48,0.52,54.0,2.7,14.0,0.5,1006.94,1008.3,1010.3,1008.67,35.0,1.73,12.0,0.7,2.0,6.0,8.0,5.3,50.0,2.3,14.0,0.5,76.7,80.4,80.4,78.9,5.0,2.0,4.0,0.4,0.5,0.5,24.6,44.9,86.5,59.6,54.0,34.5,14.0,0.5,-8.1,0.0,31.7,5.1,54.0,24.0,14.0,0.5,-1.4,-0.5,0.79,-0.39,49.0,1.09,12.0,0.5,-10.5,-2.8,7.0,-2.5,47.0,8.3,14.0,0.5,6.44,6.44,6.6,6.52,3.0,0.13,4.0,0.3,43.1,43.1,56.0,49.4,3.0,10.9,4.0,0.3,132.9,184.3,261.1,196.4,49.0,60.8,12.0,0.5,-48.8,0.0,98.0,12.2,49.0,75.1,12.0,0.5,75.5,94.9,130.2,100.0,5.0,30.1,4.0,0.4,-11.2,0.0,111.8,43.4,5.0,80.6,4.0,0.4,28.2,43.1,43.1,35.8,3.0,12.7,4.0,0.3,0.0,0.0,39.8,19.4,3.0,33.7,4.0,0.3,181.0,301.0,804.5,567.5,54.0,463.5,14.0,0.5,180.0,300.0,805.0,565.0,54.0,465.0,14.0,0.5
1907,7,70.4,-19.7,,,,,,,,,,,,,,,,,,,,,,,,,,,,,,,,,,,6.7,6.7,6.7,6.7,1.0,0.0,24.0,1.0,-4.74,-4.74,-4.74,-4.74,1.0,0.0,24.0,1.0,4.74,4.74,4.74,4.74,1.0,0.0,24.0,1.0,1016.6,1016.6,1016.6,1016.6,1.0,0.0,24.0,1.0,,,,,,,,,,,,,,,,,,,,,,,,,,,,,,,,,,,,,,,,,,,,,,,,,,,,,,,,,,,,,,,,,,,,,,,,,,,,,,,,,,,,,,,,,,,,,,,,,,,,,,,,,,,,,,,,,,,,,,,,,,,,,,,,,,
1907,7,70.4,-3.7,,,,,,,,,,,,,,,,,,,,,,,,,,,,,,,,,,,1.0,2.6,4.6,3.01,17.0,2.25,14.0,0.6,-0.99,0.39,4.6,2.01,17.0,2.84,14.0,0.6,0.0,0.0,0.96,0.08,17.0,1.54,14.0,0.6,1009.13,1009.35,1010.41,1009.71,10.0,1.07,18.0,0.6,,,,,,,,,,,,,,,,,,,,,,,,,,,,,,,,,,,,,,,,,,,,,,,,,,,,,,,,,,,,,,,,,,,,,,,,,,,,,,,,,,,,,,,,,,,,,,,,,,,,,,,,,,,,,,,,,,,,,,,,,,,,,,,,,,
1907,7,70.4,-1.7,,,,,,,,,,,,,,,,,,,,,,,,,,,,,,,,,,,1.0,2.6,6.7,3.41,16.0,2.3,18.0,0.4,0.35,2.39,5.6,2.41,16.0,2.95,18.0,0.4,-0.78,0.0,1.93,0.41,16.0,1.62,18.0,0.4,1008.39,1009.3,1011.32,1009.61,13.0,1.62,16.0,0.3,,,,,,,,,,,,,,,,,,,,,,,,,,,,,,,,,,,,,,,,,,,,,,,,,,,,,,,,,,,,,,,,,,,,,,,,,,,,,,,,,,,,,,,,,,,,,,,,,,,,,,,,,,,,,,,,,,,,,,,,,,,,,,,,,,
1907,7,70.4,6.3,26.43,27.4,28.1,27.33,24.0,0.79,16.0,0.5,25.79,27.8,28.3,27.23,24.0,1.25,16.0,0.5,20.75,21.35,21.97,21.36,3.0,0.89,30.0,0.7,87.7,88.4,90.9,89.3,3.0,2.5,30.0,0.7,0.6,0.8,6.7,9.3,12.3,8.66,22.0,2.75,16.0,0.5,6.21,8.56,12.3,8.4,22.0,2.82,16.0,0.5,-2.29,0.0,0.0,-0.31,22.0,2.02,16.0,0.5,1007.23,1008.0,1008.77,1008.08,11.0,0.74,26.0,0.5,2.0,5.0,8.0,4.8,24.0,2.8,16.0,0.5,87.7,88.4,90.9,89.3,3.0,2.5,30.0,0.7,0.6,0.8,41.6,79.6,151.3,80.1,22.0,46.3,16.0,0.5,-15.4,0.0,0.0,-1.3,22.0,17.6,16.0,0.5,-0.7,0.05,0.97,0.1,24.0,0.77,16.0,0.5,-4.7,0.0,9.0,1.5,22.0,7.7,16.0,0.5,2.81,2.84,2.96,2.89,3.0,0.11,30.0,0.7,14.8,19.0,19.8,17.4,3.0,3.9,30.0,0.7,175.9,238.4,305.9,227.8,22.0,69.8,16.0,0.5,-64.5,0.0,0.0,-8.9,22.0,56.1,16.0,0.5,106.6,128.9,132.7,119.8,3.0,20.7,30.0,0.7,-48.3,-46.9,-38.8,-43.6,3.0,7.5,30.0,0.7,13.9,17.9,18.6,16.3,3.0,3.7,30.0,0.7,-6.8,-6.5,-5.1,-5.9,3.0,1.3,30.0,0.7,301.0,804.5,1861.0,830.0,22.0,634.5,16.0,0.5,300.0,805.0,1860.0,830.0,22.0,635.0,16.0,0.5
1907,7,70.4,8.3,26.75,27.15,27.8,27.2,48.0,0.47,14.0,0.4,26.03,27.5,28.07,27.21,43.0,1.15,14.0,0.3,19.6,19.97,20.35,19.97,2.0,0.78,4.0,1.0,81.5,83.8,86.2,83.8,2.0,4.9,4.0,1.0,0.8,0.1,4.6,6.7,9.3,7.25,50.0,2.13,14.0,0.4,4.6,6.39,8.56,6.62,50.0,1.92,14.0,0.4,-3.85,0.0,1.8,-1.1,50.0,2.92,14.0,0.4,1007.73,1008.85,1010.0,1008.72,28.0,1.26,14.0,0.3,3.0,6.0,8.0,5.2,52.0,2.2,14.0,0.4,81.5,83.8,86.2,83.8,2.0,4.9,4.0,1.0,0.8,0.1,21.2,43.3,79.6,51.7,50.0,32.1,14.0,0.4,-33.8,0.0,8.3,-10.3,50.0,26.4,14.0,0.4,,,,,,,,,,,,,,,,,,,,,,,,,,,,,,,,,128.1,176.2,227.8,184.3,41.0,53.7,14.0,0.3,-118.5,0.0,30.8,-33.5,41.0,76.2,14.0,0.3,101.6,129.2,156.9,129.2,2.0,57.3,4.0,1.0,-57.1,-47.0,-37.0,-47.0,2.0,20.8,4.0,1.0,,,,,,,,,,,,,,,,,,,,,,,,,,,,,,,,
1907,7,72.4,-17.7,,,,,,,,,,,,,,,,,,,,,,,,,,,,,,,,,,,6.7,6.7,6.7,6.7,1.0,0.0,22.0,1.0,-4.74,-4.74,-4.74,-4.74,1.0,0.0,22.0,1.0,4.74,4.74,4.74,4.74,1.0,0.0,22.0,1.0,1014.3,1014.3,1014.3,1014.3,1.0,0.0,22.0,1.0,,,,,,,,,,,,,,,,,,,,,,,,,,,,,,,,,,,,,,,,,,,,,,,,,,,,,,,,,,,,,,,,,,,,,,,,,,,,,,,,,,,,,,,,,,,,,,,,,,,,,,,,,,,,,,,,,,,,,,,,,,,,,,,,,,
1907,7,72.4,-3.7,,,,,,,,,,,,,,,,,,,,,,,,,,,,,,,,,,,1.0,2.6,2.6,2.34,9.0,1.82,20.0,0.3,-0.71,0.39,1.62,0.71,9.0,1.75,20.0,0.3,0.92,1.0,2.41,0.91,9.0,2.22,20.0,0.3,1008.71,1009.9,1010.39,1009.72,9.0,1.1,16.0,0.3,,,,,,,,,,,,,,,,,,,,,,,,,,,,,,,,,,,,,,,,,,,,,,,,,,,,,,,,,,,,,,,,,,,,,,,,,,,,,,,,,,,,,,,,,,,,,,,,,,,,,,,,,,,,,,,,,,,,,,,,,,,,,,,,,,
1907,7,72.4,-1.7,,,,,,,,,,,,,,,,,,,,,,,,,,,,,,,,,,,0.0,2.6,4.9,2.73,19.0,2.44,16.0,0.4,0.0,0.92,4.24,1.33,19.0,2.85,16.0,0.4,-0.86,0.0,2.43,0.55,19.0,1.88,16.0,0.4,1008.01,1009.8,1010.66,1009.66,16.0,1.26,14.0,0.4,,,,,,,,,,,,,,,,,,,,,,,,,,,,,,,,,,,,,,,,,,,,,,,,,,,,,,,,,,,,,,,,,,,,,,,,,,,,,,,,,,,,,,,,,,,,,,,,,,,,,,,,,,,,,,,,,,,,,,,,,,,,,,,,,,
1907,7,72.4,6.3,26.43,27.1,27.93,27.16,41.0,0.69,16.0,0.5,25.62,27.3,28.26,27.16,40.0,1.39,16.0,0.5,19.27,19.43,21.25,20.22,4.0,1.79,16.0,0.5,80.4,83.8,89.5,84.9,4.0,5.5,16.0,0.5,0.5,0.9,4.9,9.3,11.88,8.04,46.0,2.83,16.0,0.5,4.33,7.63,11.04,7.62,46.0,2.73,16.0,0.5,-3.63,0.0,0.0,-1.01,46.0,2.51,16.0,0.5,1006.4,1007.95,1009.59,1008.01,20.0,1.36,18.0,0.5,2.0,5.5,8.0,5.3,46.0,2.2,16.0,0.5,80.4,83.8,89.5,84.9,4.0,5.5,16.0,0.5,0.5,0.9,21.3,70.4,131.8,68.7,46.0,43.1,16.0,0.5,-33.6,0.0,0.0,-8.4,46.0,25.6,16.0,0.5,-0.69,0.0,0.94,-0.02,36.0,1.08,16.0,0.5,-4.5,0.0,9.5,1.5,36.0,9.8,16.0,0.5,0.22,1.28,2.35,1.28,2.0,2.2,28.0,0.5,0.6,3.3,6.1,3.3,2.0,5.7,28.0,0.5,118.0,204.7,285.2,206.5,40.0,75.9,16.0,0.5,-96.8,0.0,0.0,-29.2,40.0,66.7,16.0,0.5,53.6,119.7,211.3,131.8,4.0,93.3,16.0,0.5,-9.5,-4.3,0.0,-4.7,4.0,5.5,16.0,0.5,0.6,3.3,6.0,3.3,2.0,5.6,28.0,0.5,-1.1,-0.6,-0.1,-0.6,2.0,1.0,28.0,0.5,126.0,804.5,1711.5,705.0,46.0,605.5,16.0,0.5,125.0,805.0,1710.0,705.0,46.0,605.0,16.0,0.5
1907,7,72.4,8.3,26.5,27.2,28.0,27.25,39.0,0.7,14.0,0.5,26.74,27.7,28.42,27.61,35.0,1.14,14.0,0.5,19.96,19.96,19.96,19.96,1.0,0.0,30.0,1.0,88.3,88.3,88.3,88.3,1.0,0.0,30.0,1.0,0.6,0.0,4.6,6.7,9.3,6.59,37.0,2.33,16.0,0.5,4.23,6.17,8.77,6.15,37.0,2.42,16.0,0.5,-2.51,0.0,1.8,-0.32,37.0,2.28,16.0,0.5,1007.75,1009.1,1010.25,1009.22,23.0,1.78,14.0,0.6,3.0,6.0,8.0,5.4,41.0,2.2,14.0,0.5,88.3,88.3,88.3,88.3,1.0,0.0,30.0,1.0,0.6,0.0,19.5,41.3,81.6,45.8,37.0,36.6,16.0,0.5,-16.8,0.0,8.3,-2.9,37.0,17.2,16.0,0.5,-1.19,-0.4,0.4,-0.43,33.0,0.97,14.0,0.5,-8.0,-2.8,2.4,-3.2,31.0,6.6,16.0,0.5,2.68,2.68,2.68,2.68,1.0,0.0,30.0,1.0,7.0,7.0,7.0,7.0,1.0,0.0,30.0,1.0,117.9,175.8,248.3,175.4,31.0,72.5,16.0,0.5,-70.5,0.0,35.4,-9.9,31.0,65.4,16.0,0.5,51.1,51.1,51.1,51.1,1.0,0.0,30.0,1.0,-9.0,-9.0,-9.0,-9.0,1.0,0.0,30.0,1.0,6.9,6.9,6.9,6.9,1.0,0.0,30.0,1.0,-1.2,-1.2,-1.2,-1.2,1.0,0.0,30.0,1.0,97.5,301.0,804.5,402.5,37.0,487.5,16.0,0.5,95.0,300.0,805.0,405.0,37.0,485.0,16.0,0.5
1907,7,74.4,-17.7,,,,,,,,,,,,,,,,,,,,,,,,,,,,,,,,,,,9.3,9.3,9.3,9.3,1.0,0.0,22.0,1.0,-6.58,-6.58,-6.58,-6.58,1.0,0.0,22.0,1.0,6.58,6.58,6.58,6.58,1.0,0.0,22.0,1.0,1014.4,1014.4,1014.4,1014.4,1.0,0.0,22.0,1.0,,,,,,,,,,,,,,,,,,,,,,,,,,,,,,,,,,,,,,,,,,,,,,,,,,,,,,,,,,,,,,,,,,,,,,,,,,,,,,,,,,,,,,,,,,,,,,,,,,,,,,,,,,,,,,,,,,,,,,,,,,,,,,,,,,
1907,7,74.4,-3.7,,,,,,,,,,,,,,,,,,,,,,,,,,,,,,,,,,,1.0,2.6,4.6,2.57,17.0,2.28,14.0,0.5,0.38,1.02,3.25,1.86,17.0,2.28,14.0,0.5,0.0,0.71,2.39,0.77,17.0,1.64,14.0,0.5,1008.9,1009.8,1011.15,1009.95,12.0,1.15,14.0,0.6,,,,,,,,,,,,,,,,,,,,,,,,,,,,,,,,,,,,,,,,,,,,,,,,,,,,,,,,,,,,,,,,,,,,,,,,,,,,,,,,,,,,,,,,,,,,,,,,,,,,,,,,,,,,,,,,,,,,,,,,,,,,,,,,,,
1907,7,74.4,-1.7,,,,,,,,,,,,,,,,,,,,,,,,,,,,,,,,,,,1.0,1.0,5.9,2.98,16.0,3.05,20.0,0.6,0.15,0.96,5.9,2.63,16.0,3.26,20.0,0.6,-0.59,0.0,0.92,0.18,16.0,0.86,20.0,0.6,1008.29,1009.4,1010.73,1009.42,13.0,1.28,18.0,0.6,,,,,,,,,,,,,,,,,,,,,,,,,,,,,,,,,,,,,,,,,,,,,,,,,,,,,,,,,,,,,,,,,,,,,,,,,,,,,,,,,,,,,,,,,,,,,,,,,,,,,,,,,,,,,,,,,,,,,,,,,,,,,,,,,,
1907,7,74.4,6.3,26.63,27.2,27.77,27.15,66.0,0.8,16.0,0.5,25.3,27.4,28.46,27.07,60.0,1.4,16.0,0.5,19.12,19.8,20.29,19.86,6.0,0.81,16.0,0.7,84.3,87.2,88.3,86.6,6.0,1.9,16.0,0.7,0.5,0.8,4.6,6.7,9.3,6.93,61.0,2.47,14.0,0.5,3.25,6.21,8.56,6.19,61.0,2.39,14.0,0.5,-4.74,-1.8,0.0,-1.83,61.0,2.62,14.0,0.5,1006.81,1008.4,1011.0,1008.73,37.0,1.85,16.0,0.5,3.0,5.0,8.0,5.3,67.0,2.1,16.0,0.6,84.3,87.2,88.3,86.6,6.0,1.9,16.0,0.7,0.5,0.8,16.3,41.6,79.6,48.3,61.0,34.6,14.0,0.5,-33.8,-8.3,0.0,-14.9,61.0,24.9,14.0,0.5,-1.08,-0.1,1.56,0.09,59.0,1.15,16.0,0.5,-5.8,-0.9,10.9,1.9,55.0,10.5,16.0,0.5,2.28,3.51,4.9,3.59,5.0,1.76,18.0,0.6,5.9,9.1,32.8,17.8,5.0,16.0,18.0,0.6,93.9,177.3,228.6,167.9,56.0,60.6,16.0,0.5,-119.1,-49.9,0.0,-48.6,56.0,72.1,16.0,0.5,49.0,92.4,144.4,100.1,6.0,58.0,16.0,0.7,-10.8,-4.3,0.0,-6.0,6.0,7.6,16.0,0.7,5.8,9.0,32.8,17.7,5.0,16.1,18.0,0.6,-1.4,-1.2,0.0,-0.8,5.0,0.8,18.0,0.6,97.5,301.0,804.5,464.5,61.0,494.0,14.0,0.5,95.0,300.0,805.0,465.0,61.0,495.0,14.0,0.5
1907,7,74.4,8.3,,,,,,,,,,,,,,,,,,,,,,,,,,,,,,,,,,,6.7,6.7,6.7,7.14,8.0,2.21,12.0,0.8,4.53,6.21,6.7,6.29,8.0,2.5,12.0,0.8,-2.51,-0.79,2.33,-0.69,8.0,3.32,12.0,0.8,1009.63,1010.85,1012.38,1011.0,4.0,1.67,10.0,1.0,,,,,,,,,,,,,,,,,,,,,,,,,,,,,,,,,,,,,,,,,,,,,,,,,,,,,,,,,,,,,,,,,,,,,,,,,,,,,,,,,,,,,,,,,,,,,,,,,,,,,,,,,,,,,,,,,,,,,,,,,,,,,,,,,,
1907,7,74.4,10.3,,,,,,,,,,,,,,,,,,,,,,,,,,,,,,,,,,,1.0,4.6,6.7,4.17,7.0,2.36,10.0,1.0,0.61,4.6,6.3,3.86,7.0,2.54,10.0,1.0,-0.78,0.0,2.29,0.4,7.0,1.35,10.0,1.0,1006.59,1008.3,1009.32,1008.01,7.0,1.31,10.0,1.0,,,,,,,,,,,,,,,,,,,,,,,,,,,,,,,,,,,,,,,,,,,,,,,,,,,,,,,,,,,,,,,,,,,,,,,,,,,,,,,,,,,,,,,,,,,,,,,,,,,,,,,,,,,,,,,,,,,,,,,,,,,,,,,,,,
1907,7,76.4,-3.7,,,,,,,,,,,,,,,,,,,,,,,,,,,,,,,,,,,1.35,2.6,4.6,3.21,15.0,1.46,12.0,0.4,0.21,1.84,3.25,1.96,15.0,1.43,12.0,0.4,0.37,1.84,3.25,1.42,15.0,2.21,12.0,0.4,1008.67,1010.1,1011.33,1009.99,11.0,1.48,14.0,0.4,,,,,,,,,,,,,,,,,,,,,,,,,,,,,,,,,,,,,,,,,,,,,,,,,,,,,,,,,,,,,,,,,,,,,,,,,,,,,,,,,,,,,,,,,,,,,,,,,,,,,,,,,,,,,,,,,,,,,,,,,,,,,,,,,,
1907,7,76.4,-1.7,,,,,,,,,,,,,,,,,,,,,,,,,,,,,,,,,,,1.0,2.6,5.57,3.44,17.0,2.11,18.0,0.4,0.87,2.6,5.32,3.2,17.0,2.18,18.0,0.4,-1.8,0.0,0.81,-0.25,17.0,1.17,18.0,0.4,1006.99,1009.05,1009.68,1008.8,14.0,1.36,18.0,0.4,,,,,,,,,,,,,,,,,,,,,,,,,,,,,,,,,,,,,,,,,,,,,,,,,,,,,,,,,,,,,,,,,,,,,,,,,,,,,,,,,,,,,,,,,,,,,,,,,,,,,,,,,,,,,,,,,,,,,,,,,,,,,,,,,,
1907,7,76.4,6.3,25.9,26.7,27.37,26.66,68.0,0.89,14.0,0.4,25.6,27.0,27.8,26.75,63.0,1.15,14.0,0.4,18.94,18.97,20.44,19.55,5.0,0.82,12.0,0.8,83.7,83.7,87.3,85.1,5.0,2.0,12.0,0.8,0.4,0.6,4.6,6.7,9.3,6.81,64.0,2.5,14.0,0.5,3.25,6.21,9.3,6.15,64.0,2.88,14.0,0.5,-3.25,0.0,0.0,-1.33,64.0,2.18,14.0,0.5,1005.9,1008.7,1010.04,1008.27,38.0,2.17,16.0,0.5,3.0,5.5,8.0,5.0,70.0,2.2,14.0,0.5,83.7,83.7,87.3,85.1,5.0,2.0,12.0,0.8,0.4,0.6,15.0,41.6,86.5,48.6,64.0,37.8,14.0,0.5,-17.5,0.0,0.0,-8.4,64.0,17.3,14.0,0.5,-1.03,-0.05,0.9,-0.09,62.0,0.99,14.0,0.4,-4.6,-0.8,4.6,0.2,58.0,7.2,14.0,0.4,1.53,6.14,6.9,4.6,5.0,2.82,12.0,0.8,4.0,46.2,59.7,35.1,5.0,29.1,12.0,0.8,87.9,171.5,242.1,163.1,59.0,74.7,14.0,0.4,-84.1,0.0,0.0,-32.3,59.0,56.9,14.0,0.4,46.6,126.9,176.2,114.0,5.0,65.9,12.0,0.8,-6.6,0.0,12.5,3.2,5.0,19.0,12.0,0.8,3.5,46.2,59.7,34.9,5.0,29.5,12.0,0.8,-0.5,0.0,0.9,0.2,5.0,1.4,12.0,0.8,97.5,301.0,804.5,446.5,64.0,481.0,14.0,0.5,95.0,300.0,805.0,445.0,64.0,480.0,14.0,0.5
1907,7,76.4,8.3,,,,,,,,,,,,,,,,,,,,,,,,,,,,,,,,,,,4.19,4.6,6.7,4.97,6.0,1.55,4.0,0.7,3.92,4.6,6.18,4.72,6.0,1.41,4.0,0.7,-1.77,0.0,1.35,-0.07,6.0,1.82,4.0,0.7,1007.4,1007.6,1008.76,1008.07,3.0,1.08,2.0,0.3,,,,,,,,,,,,,,,,,,,,,,,,,,,,,,,,,,,,,,,,,,,,,,,,,,,,,,,,,,,,,,,,,,,,,,,,,,,,,,,,,,,,,,,,,,,,,,,,,,,,,,,,,,,,,,,,,,,,,,,,,,,,,,,,,,
1907,7,78.4,-15.7,,,,,,,,,,,,,,,,,,,,,,,,,,,,,,,,,,,6.7,6.7,6.7,6.7,1.0,0.0,20.0,1.0,-4.74,-4.74,-4.74,-4.74,1.0,0.0,20.0,1.0,4.74,4.74,4.74,4.74,1.0,0.0,20.0,1.0,1014.0,1014.0,1014.0,1014.0,1.0,0.0,20.0,1.0,,,,,,,,,,,,,,,,,,,,,,,,,,,,,,,,,,,,,,,,,,,,,,,,,,,,,,,,,,,,,,,,,,,,,,,,,,,,,,,,,,,,,,,,,,,,,,,,,,,,,,,,,,,,,,,,,,,,,,,,,,,,,,,,,,
1907,7,78.4,-3.7,,,,,,,,,,,,,,,,,,,,,,,,,,,,,,,,,,,2.6,4.6,9.3,5.77,11.0,3.06,14.0,0.7,1.08,3.25,7.42,3.81,11.0,3.11,14.0,0.7,1.84,3.25,5.5,3.54,11.0,2.57,14.0,0.7,1009.01,1009.6,1011.48,1010.13,8.0,1.24,18.0,0.8,,,,,,,,,,,,,,,,,,,,,,,,,,,,,,,,,,,,,,,,,,,,,,,,,,,,,,,,,,,,,,,,,,,,,,,,,,,,,,,,,,,,,,,,,,,,,,,,,,,,,,,,,,,,,,,,,,,,,,,,,,,,,,,,,,
1907,7,78.4,-1.7,,,,,,,,,,,,,,,,,,,,,,,,,,,,,,,,,,,1.0,2.6,10.21,4.81,18.0,4.59,14.0,0.4,0.98,2.4,9.78,4.16,18.0,4.03,14.0,0.4,-0.58,0.0,1.84,0.87,18.0,3.18,14.0,0.4,1008.3,1009.0,1010.49,1009.23,16.0,0.95,14.0,0.4,,,,,,,,,,,,,,,,,,,,,,,,,,,,,,,,,,,,,,,,,,,,,,,,,,,,,,,,,,,,,,,,,,,,,,,,,,,,,,,,,,,,,,,,,,,,,,,,,,,,,,,,,,,,,,,,,,,,,,,,,,,,,,,,,,
1907,7,78.4,0.3,,,,,,,,,,,,,,,,,,,,,,,,,,,,,,,,,,,4.6,6.7,10.54,7.43,11.0,2.97,18.0,0.5,4.27,6.7,10.14,7.04,11.0,2.73,18.0,0.5,-4.12,0.0,1.72,-0.82,11.0,2.61,18.0,0.5,1009.1,1009.1,1009.1,1009.1,1.0,0.0,26.0,1.0,,,,,,,,,,,,,,,,,,,,,,,,,,,,,,,,,,,,,,,,,,,,,,,,,,,,,,,,,,,,,,,,,,,,,,,,,,,,,,,,,,,,,,,,,,,,,,,,,,,,,,,,,,,,,,,,,,,,,,,,,,,,,,,,,,
1907,7,78.4,4.3,,,,,,,,,,,,,,,,,,,,,,,,,,,,,,,,,,,5.17,6.7,6.7,6.3,9.0,1.82,8.0,0.3,5.13,6.7,6.7,6.0,9.0,1.45,8.0,0.3,0.0,0.0,0.0,0.73,9.0,2.19,8.0,0.3,1004.0,1004.0,1004.0,1004.0,1.0,0.0,12.0,0.0,,,,,,,,,,,,,,,,,,,,,,,,,,,,,,,,,,,,,,,,,,,,,,,,,,,,,,,,,,,,,,,,,,,,,,,,,,,,,,,,,,,,,,,,,,,,,,,,,,,,,,,,,,,,,,,,,,,,,,,,,,,,,,,,,,
1907,7,78.4,6.3,25.6,26.25,27.09,26.33,80.0,0.85,16.0,0.6,25.85,26.7,27.8,26.76,80.0,1.11,16.0,0.5,18.74,19.14,20.08,19.56,7.0,0.94,16.0,0.4,79.8,87.2,88.3,85.0,7.0,3.8,16.0,0.4,0.5,0.4,3.99,6.7,6.7,5.73,81.0,2.3,16.0,0.6,2.6,4.74,6.7,5.14,81.0,2.48,16.0,0.6,-1.81,0.0,2.51,0.28,81.0,2.35,16.0,0.6,1006.59,1008.0,1009.7,1007.81,45.0,1.73,16.0,0.5,2.0,5.0,8.0,4.9,84.0,2.2,16.0,0.6,79.8,87.2,88.3,85.0,7.0,3.8,16.0,0.4,0.5,0.4,6.8,31.7,44.9,34.5,81.0,29.4,16.0,0.6,-8.3,0.0,16.8,2.5,81.0,18.0,16.0,0.6,-1.4,-0.5,0.5,-0.41,76.0,0.97,16.0,0.5,-7.4,-1.8,3.4,-2.1,71.0,6.2,16.0,0.5,1.74,2.1,2.43,2.08,4.0,0.51,26.0,0.5,4.5,7.6,11.2,7.8,4.0,4.0,26.0,0.5,80.4,130.3,182.8,140.9,75.0,65.5,16.0,0.5,-54.2,0.0,68.8,7.5,75.0,64.2,16.0,0.5,38.1,86.2,100.6,87.1,7.0,45.6,16.0,0.4,0.0,17.1,32.0,18.3,7.0,14.2,16.0,0.4,3.5,6.9,11.0,7.2,4.0,4.4,26.0,0.5,1.9,2.3,3.0,2.4,4.0,0.7,26.0,0.5,73.0,301.0,301.0,284.5,81.0,370.0,16.0,0.6,75.0,300.0,300.0,285.0,81.0,370.0,16.0,0.6
1907,7,78.4,8.3,,,,,,,,,,,,,,,,,,,,,,,,,,,,,,,,,,,6.7,6.7,6.7,6.7,2.0,0.0,30.0,0.5,5.13,5.13,5.13,5.13,2.0,0.0,30.0,0.5,4.31,4.31,4.31,4.31,2.0,0.0,30.0,0.5,1007.3,1007.3,1007.3,1007.3,2.0,0.0,30.0,0.5,,,,,,,,,,,,,,,,,,,,,,,,,,,,,,,,,,,,,,,,,,,,,,,,,,,,,,,,,,,,,,,,,,,,,,,,,,,,,,,,,,,,,,,,,,,,,,,,,,,,,,,,,,,,,,,,,,,,,,,,,,,,,,,,,,
1907,7,80.4,-13.7,,,,,,,,,,,,,,,,,,,,,,,,,,,,,,,,,,,9.3,9.3,9.3,9.3,1.0,0.0,20.0,1.0,-6.58,-6.58,-6.58,-6.58,1.0,0.0,20.0,1.0,6.58,6.58,6.58,6.58,1.0,0.0,20.0,1.0,1011.8,1011.8,1011.8,1011.8,1.0,0.0,20.0,1.0,,,,,,,,,,,,,,,,,,,,,,,,,,,,,,,,,,,,,,,,,,,,,,,,,,,,,,,,,,,,,,,,,,,,,,,,,,,,,,,,,,,,,,,,,,,,,,,,,,,,,,,,,,,,,,,,,,,,,,,,,,,,,,,,,,
1907,7,80.4,-3.7,,,,,,,,,,,,,,,,,,,,,,,,,,,,,,,,,,,3.77,4.6,6.7,5.05,11.0,1.92,12.0,0.4,0.0,2.41,4.27,2.53,11.0,2.63,12.0,0.4,1.41,3.48,5.25,3.35,11.0,2.32,12.0,0.4,1008.78,1009.9,1011.27,1009.94,8.0,1.19,16.0,0.4,,,,,,,,,,,,,,,,,,,,,,,,,,,,,,,,,,,,,,,,,,,,,,,,,,,,,,,,,,,,,,,,,,,,,,,,,,,,,,,,,,,,,,,,,,,,,,,,,,,,,,,,,,,,,,,,,,,,,,,,,,,,,,,,,,
1907,7,80.4,-1.7,,,,,,,,,,,,,,,,,,,,,,,,,,,,,,,,,,,2.6,3.6,5.8,4.02,10.0,1.68,20.0,0.5,2.41,3.42,4.68,3.59,10.0,1.4,20.0,0.5,-2.27,0.0,1.4,-0.36,10.0,2.09,20.0,0.5,1009.3,1009.8,1010.31,1009.54,7.0,1.08,18.0,0.6,,,,,,,,,,,,,,,,,,,,,,,,,,,,,,,,,,,,,,,,,,,,,,,,,,,,,,,,,,,,,,,,,,,,,,,,,,,,,,,,,,,,,,,,,,,,,,,,,,,,,,,,,,,,,,,,,,,,,,,,,,,,,,,,,,
1907,7,80.4,0.3,,,,,,,,,,,,,,,,,,,,,,,,,,,,,,,,,,,2.6,6.7,9.3,6.67,18.0,3.27,16.0,0.6,2.41,6.17,8.88,5.96,18.0,3.04,16.0,0.6,-0.79,1.41,3.48,1.33,18.0,3.01,16.0,0.6,1006.48,1008.2,1009.3,1008.02,9.0,1.44,12.0,0.6,,,,,,,,,,,,,,,,,,,,,,,,,,,,,,,,,,,,,,,,,,,,,,,,,,,,,,,,,,,,,,,,,,,,,,,,,,,,,,,,,,,,,,,,,,,,,,,,,,,,,,,,,,,,,,,,,,,,,,,,,,,,,,,,,,
1907,7,80.4,4.3,25.6,26.1,27.2,26.39,65.0,0.93,16.0,0.4,25.94,26.8,27.93,26.87,60.0,0.98,16.0,0.5,20.19,20.52,21.57,20.88,3.0,1.06,24.0,0.3,87.5,87.9,88.2,87.9,3.0,0.5,24.0,0.3,0.4,0.9,4.6,6.7,9.3,6.8,63.0,2.51,16.0,0.5,3.15,6.6,8.62,6.16,63.0,2.7,16.0,0.5,-1.84,0.0,3.48,0.61,63.0,2.65,16.0,0.5,1006.05,1008.1,1009.55,1008.26,42.0,2.13,18.0,0.4,2.0,5.5,8.0,5.1,52.0,2.3,18.0,0.4,87.5,87.9,88.2,87.9,3.0,0.5,24.0,0.3,0.4,0.9,15.0,44.2,80.2,48.1,63.0,33.9,16.0,0.5,-8.3,0.0,31.8,6.4,63.0,21.2,16.0,0.5,-1.2,-0.5,0.1,-0.46,60.0,0.89,16.0,0.5,-8.4,-2.9,0.7,-3.4,58.0,5.8,16.0,0.5,1.72,2.2,3.1,2.4,3.0,1.03,24.0,0.3,14.2,14.7,20.8,17.4,3.0,5.4,24.0,0.3,70.2,174.5,238.8,161.8,58.0,72.4,16.0,0.5,-49.1,0.0,96.5,18.0,58.0,74.3,16.0,0.5,133.2,135.4,180.9,156.6,3.0,39.4,24.0,0.3,23.5,23.9,31.9,27.6,3.0,7.0,24.0,0.3,13.9,14.5,20.4,17.1,3.0,5.3,24.0,0.3,2.5,2.6,3.6,3.0,3.0,0.9,24.0,0.3,97.5,301.0,804.5,439.0,63.0,424.0,16.0,0.5,95.0,300.0,805.0,440.0,63.0,425.0,16.0,0.5
1907,7,80.4,6.3,,,,,,,,,,,,,,,,,,,,,,,,,,,,,,,,,,,2.6,6.7,7.36,5.46,12.0,2.74,20.0,0.6,2.27,5.13,7.17,4.89,12.0,2.55,20.0,0.6,-0.11,1.41,3.8,1.56,12.0,2.18,20.0,0.6,1007.46,1008.15,1009.62,1008.63,6.0,1.79,28.0,0.8,,,,,,,,,,,,,,,,,,,,,,,,,,,,,,,,,,,,,,,,,,,,,,,,,,,,,,,,,,,,,,,,,,,,,,,,,,,,,,,,,,,,,,,,,,,,,,,,,,,,,,,,,,,,,,,,,,,,,,,,,,,,,,,,,,
1907,7,80.4,8.3,,,,,,,,,,,,,,,,,,,,,,,,,,,,,,,,,,,2.14,4.6,4.6,3.4,3.0,2.08,30.0,0.3,1.8,3.52,3.52,2.68,3.0,1.46,30.0,0.3,0.94,2.96,2.96,1.97,3.0,1.71,30.0,0.3,1006.49,1006.9,1007.86,1007.17,3.0,1.03,30.0,0.3,,,,,,,,,,,,,,,,,,,,,,,,,,,,,,,,,,,,,,,,,,,,,,,,,,,,,,,,,,,,,,,,,,,,,,,,,,,,,,,,,,,,,,,,,,,,,,,,,,,,,,,,,,,,,,,,,,,,,,,,,,,,,,,,,,
1907,7,80.4,10.3,,,,,,,,,,,,,,,,,,,,,,,,,,,,,,,,,,,5.6,8.0,9.3,7.48,4.0,2.28,28.0,0.5,4.29,6.13,7.12,5.73,4.0,1.74,28.0,0.5,3.6,5.14,5.98,4.8,4.0,1.46,28.0,0.5,1006.74,1007.25,1008.12,1007.43,4.0,0.89,28.0,0.5,,,,,,,,,,,,,,,,,,,,,,,,,,,,,,,,,,,,,,,,,,,,,,,,,,,,,,,,,,,,,,,,,,,,,,,,,,,,,,,,,,,,,,,,,,,,,,,,,,,,,,,,,,,,,,,,,,,,,,,,,,,,,,,,,,
1907,7,80.4,12.3,,,,,,,,,,,,,,,,,,,,,,,,,,,,,,,,,,,2.92,3.6,4.28,3.6,2.0,1.41,28.0,0.5,2.23,2.76,3.28,2.76,2.0,1.08,28.0,0.5,1.88,2.31,2.75,2.31,2.0,0.91,28.0,0.5,1004.26,1004.4,1004.54,1004.4,2.0,0.28,28.0,0.5,,,,,,,,,,,,,,,,,,,,,,,,,,,,,,,,,,,,,,,,,,,,,,,,,,,,,,,,,,,,,,,,,,,,,,,,,,,,,,,,,,,,,,,,,,,,,,,,,,,,,,,,,,,,,,,,,,,,,,,,,,,,,,,,,,
1907,7,82.4,-3.7,,,,,,,,,,,,,,,,,,,,,,,,,,,,,,,,,,,1.94,2.6,4.6,3.18,12.0,1.96,10.0,0.6,-1.16,0.0,4.35,1.17,12.0,2.41,10.0,0.6,-1.42,0.49,3.02,0.66,12.0,2.66,10.0,0.6,1009.04,1011.1,1011.48,1010.31,8.0,1.58,14.0,0.5,,,,,,,,,,,,,,,,,,,,,,,,,,,,,,,,,,,,,,,,,,,,,,,,,,,,,,,,,,,,,,,,,,,,,,,,,,,,,,,,,,,,,,,,,,,,,,,,,,,,,,,,,,,,,,,,,,,,,,,,,,,,,,,,,,
1907,7,82.4,-1.7,,,,,,,,,,,,,,,,,,,,,,,,,,,,,,,,,,,2.6,4.6,4.6,3.64,9.0,1.62,20.0,0.4,2.39,4.27,4.27,3.26,9.0,1.47,20.0,0.4,-1.02,1.72,1.72,0.37,9.0,1.81,20.0,0.4,1009.08,1010.2,1010.33,1009.94,7.0,0.8,18.0,0.3,,,,,,,,,,,,,,,,,,,,,,,,,,,,,,,,,,,,,,,,,,,,,,,,,,,,,,,,,,,,,,,,,,,,,,,,,,,,,,,,,,,,,,,,,,,,,,,,,,,,,,,,,,,,,,,,,,,,,,,,,,,,,,,,,,
1907,7,82.4,0.3,,,,,,,,,,,,,,,,,,,,,,,,,,,,,,,,,,,4.6,9.3,11.78,8.34,21.0,3.32,14.0,0.5,4.23,6.7,9.3,7.19,21.0,2.88,14.0,0.5,0.0,3.25,6.58,3.02,21.0,3.46,14.0,0.5,1007.69,1008.55,1009.1,1008.34,10.0,1.08,8.0,0.7,,,,,,,,,,,,,,,,,,,,,,,,,,,,,,,,,,,,,,,,,,,,,,,,,,,,,,,,,,,,,,,,,,,,,,,,,,,,,,,,,,,,,,,,,,,,,,,,,,,,,,,,,,,,,,,,,,,,,,,,,,,,,,,,,,
1907,7,82.4,2.3,,,,,,,,,,,,,,,,,,,,,,,,,,,,,,,,,,,6.7,9.3,9.44,8.61,7.0,2.08,18.0,0.3,6.21,8.62,8.76,8.05,7.0,1.87,18.0,0.3,-0.13,3.48,3.54,2.14,7.0,2.54,18.0,0.3,1007.6,1007.8,1008.69,1008.13,3.0,0.85,4.0,0.3,,,,,,,,,,,,,,,,,,,,,,,,,,,,,,,,,,,,,,,,,,,,,,,,,,,,,,,,,,,,,,,,,,,,,,,,,,,,,,,,,,,,,,,,,,,,,,,,,,,,,,,,,,,,,,,,,,,,,,,,,,,,,,,,,,
1907,7,82.4,4.3,27.0,27.2,27.9,27.31,58.0,0.59,16.0,0.5,26.77,27.5,28.3,27.51,56.0,0.9,16.0,0.5,21.63,22.06,22.08,21.86,3.0,0.37,24.0,0.7,87.9,87.9,88.3,88.1,3.0,0.3,24.0,0.7,0.5,0.8,6.7,9.3,12.3,9.01,57.0,2.74,16.0,0.5,4.6,8.56,9.59,7.5,57.0,2.87,16.0,0.5,1.4,3.63,6.58,3.91,57.0,3.03,16.0,0.5,1005.97,1008.1,1010.0,1008.2,37.0,2.25,16.0,0.5,3.0,6.0,7.4,5.3,55.0,1.8,16.0,0.5,87.9,87.9,88.3,88.1,3.0,0.3,24.0,0.7,0.5,0.8,30.5,79.6,118.6,74.0,57.0,45.7,16.0,0.5,4.2,32.4,61.2,38.5,57.0,37.1,16.0,0.5,-1.13,0.0,0.5,-0.2,56.0,0.76,16.0,0.5,-9.7,0.0,3.1,-2.4,55.0,7.8,16.0,0.5,0.67,0.67,1.68,1.16,3.0,0.85,24.0,0.7,6.8,8.2,20.6,13.6,3.0,11.1,24.0,0.7,128.8,231.1,282.7,209.2,55.0,77.8,16.0,0.5,23.9,99.1,178.1,108.0,55.0,86.3,16.0,0.5,214.0,259.6,265.0,240.0,3.0,41.1,24.0,0.7,46.2,47.2,62.9,54.4,3.0,13.7,24.0,0.7,6.6,8.1,20.3,13.3,3.0,11.0,24.0,0.7,1.6,2.1,3.8,2.7,3.0,1.7,24.0,0.7,301.0,804.5,1861.0,932.5,57.0,779.5,16.0,0.5,300.0,805.0,1860.0,930.0,57.0,780.0,16.0,0.5
1907,7,84.4,-11.7,,,,,,,,,,,,,,,,,,,,,,,,,,,,,,,,,,,9.3,9.3,9.3,9.3,1.0,0.0,18.0,1.0,-6.58,-6.58,-6.58,-6.58,1.0,0.0,18.0,1.0,6.58,6.58,6.58,6.58,1.0,0.0,18.0,1.0,1009.0,1009.0,1009.0,1009.0,1.0,0.0,18.0,1.0,,,,,,,,,,,,,,,,,,,,,,,,,,,,,,,,,,,,,,,,,,,,,,,,,,,,,,,,,,,,,,,,,,,,,,,,,,,,,,,,,,,,,,,,,,,,,,,,,,,,,,,,,,,,,,,,,,,,,,,,,,,,,,,,,,
1907,7,84.4,-3.7,,,,,,,,,,,,,,,,,,,,,,,,,,,,,,,,,,,1.0,4.6,6.95,4.67,13.0,3.58,12.0,0.5,0.0,0.97,3.58,2.18,13.0,3.53,12.0,0.5,-1.11,0.92,6.22,1.96,13.0,3.83,12.0,0.5,1009.4,1010.85,1012.06,1010.68,8.0,1.37,16.0,0.6,,,,,,,,,,,,,,,,,,,,,,,,,,,,,,,,,,,,,,,,,,,,,,,,,,,,,,,,,,,,,,,,,,,,,,,,,,,,,,,,,,,,,,,,,,,,,,,,,,,,,,,,,,,,,,,,,,,,,,,,,,,,,,,,,,
1907,7,84.4,-1.7,,,,,,,,,,,,,,,,,,,,,,,,,,,,,,,,,,,2.6,6.7,8.85,5.93,21.0,3.05,18.0,0.6,2.6,4.74,6.68,5.17,21.0,2.67,18.0,0.6,0.0,1.72,4.74,1.96,21.0,2.63,18.0,0.6,1008.22,1009.2,1010.4,1009.29,12.0,1.23,18.0,0.6,,,,,,,,,,,,,,,,,,,,,,,,,,,,,,,,,,,,,,,,,,,,,,,,,,,,,,,,,,,,,,,,,,,,,,,,,,,,,,,,,,,,,,,,,,,,,,,,,,,,,,,,,,,,,,,,,,,,,,,,,,,,,,,,,,
1907,7,84.4,0.3,,,,,,,,,,,,,,,,,,,,,,,,,,,,,,,,,,,4.6,9.3,15.4,9.31,18.0,4.4,14.0,0.5,4.19,6.7,14.21,8.41,18.0,4.2,14.0,0.5,0.0,3.93,5.84,3.35,18.0,2.57,14.0,0.5,1007.24,1009.05,1009.46,1008.61,10.0,1.09,4.0,0.3,,,,,,,,,,,,,,,,,,,,,,,,,,,,,,,,,,,,,,,,,,,,,,,,,,,,,,,,,,,,,,,,,,,,,,,,,,,,,,,,,,,,,,,,,,,,,,,,,,,,,,,,,,,,,,,,,,,,,,,,,,,,,,,,,,
1907,7,84.4,2.3,,,,,,,,,,,,,,,,,,,,,,,,,,,,,,,,,,,5.93,9.3,12.3,9.04,5.0,3.41,22.0,0.4,5.13,6.58,11.73,7.95,5.0,3.8,22.0,0.4,1.59,3.25,5.33,3.39,5.0,2.45,22.0,0.4,1006.68,1007.85,1008.76,1007.73,4.0,1.23,20.0,0.5,,,,,,,,,,,,,,,,,,,,,,,,,,,,,,,,,,,,,,,,,,,,,,,,,,,,,,,,,,,,,,,,,,,,,,,,,,,,,,,,,,,,,,,,,,,,,,,,,,,,,,,,,,,,,,,,,,,,,,,,,,,,,,,,,,
1907,7,84.4,4.3,26.7,27.05,27.8,27.12,52.0,0.56,16.0,0.4,26.5,27.5,28.25,27.4,48.0,1.01,16.0,0.4,20.97,21.4,21.53,21.25,3.0,0.43,24.0,0.0,89.4,91.5,91.5,90.5,3.0,1.8,24.0,0.0,0.5,0.9,6.7,9.3,12.3,9.4,52.0,2.48,16.0,0.4,6.25,8.62,11.4,8.31,52.0,2.83,16.0,0.4,1.8,3.65,5.87,3.71,52.0,1.98,16.0,0.4,1006.67,1007.9,1010.55,1008.16,34.0,2.17,18.0,0.4,4.0,6.0,8.0,5.3,48.0,2.0,18.0,0.4,89.4,91.5,91.5,90.5,3.0,1.8,24.0,0.0,0.5,0.9,41.9,80.2,140.3,84.5,52.0,45.9,16.0,0.4,8.5,33.1,56.7,35.7,52.0,22.7,16.0,0.4,-1.1,-0.3,1.0,-0.24,48.0,1.01,16.0,0.4,-9.8,-2.5,9.5,-1.5,48.0,9.9,16.0,0.4,1.52,1.95,2.0,1.76,3.0,0.39,24.0,0.0,14.1,18.1,18.6,16.4,3.0,3.6,24.0,0.0,168.0,238.7,306.9,226.0,48.0,76.4,16.0,0.4,48.7,101.4,147.5,99.7,48.0,55.6,16.0,0.4,183.2,187.0,188.2,185.7,3.0,3.8,24.0,0.0,66.7,68.1,68.5,67.6,3.0,1.4,24.0,0.0,13.3,17.0,17.5,15.4,3.0,3.4,24.0,0.0,4.8,6.2,6.4,5.6,3.0,1.2,24.0,0.0,301.0,804.5,1861.0,998.0,52.0,700.5,16.0,0.4,300.0,805.0,1860.0,1000.0,52.0,700.0,16.0,0.4
1907,7,86.4,-11.7,,,,,,,,,,,,,,,,,,,,,,,,,,,,,,,,,,,6.7,6.7,6.7,6.7,1.0,0.0,18.0,1.0,-4.74,-4.74,-4.74,-4.74,1.0,0.0,18.0,1.0,4.74,4.74,4.74,4.74,1.0,0.0,18.0,1.0,1009.3,1009.3,1009.3,1009.3,1.0,0.0,18.0,1.0,,,,,,,,,,,,,,,,,,,,,,,,,,,,,,,,,,,,,,,,,,,,,,,,,,,,,,,,,,,,,,,,,,,,,,,,,,,,,,,,,,,,,,,,,,,,,,,,,,,,,,,,,,,,,,,,,,,,,,,,,,,,,,,,,,
1907,7,86.4,-3.7,,,,,,,,,,,,,,,,,,,,,,,,,,,,,,,,,,,2.6,4.6,6.7,4.87,19.0,2.23,14.0,0.6,-0.1,3.25,4.94,2.46,19.0,2.63,14.0,0.6,-0.1,3.25,6.17,2.78,19.0,2.92,14.0,0.6,1007.75,1010.0,1011.21,1009.7,11.0,1.73,16.0,0.6,,,,,,,,,,,,,,,,,,,,,,,,,,,,,,,,,,,,,,,,,,,,,,,,,,,,,,,,,,,,,,,,,,,,,,,,,,,,,,,,,,,,,,,,,,,,,,,,,,,,,,,,,,,,,,,,,,,,,,,,,,,,,,,,,,
1907,7,86.4,-1.7,,,,,,,,,,,,,,,,,,,,,,,,,,,,,,,,,,,2.6,4.6,9.3,5.48,17.0,3.28,16.0,0.3,1.46,4.23,7.49,4.26,17.0,2.64,16.0,0.3,0.0,3.25,4.74,2.79,17.0,2.86,16.0,0.3,1009.52,1009.95,1010.09,1009.85,8.0,0.62,16.0,0.1,,,,,,,,,,,,,,,,,,,,,,,,,,,,,,,,,,,,,,,,,,,,,,,,,,,,,,,,,,,,,,,,,,,,,,,,,,,,,,,,,,,,,,,,,,,,,,,,,,,,,,,,,,,,,,,,,,,,,,,,,,,,,,,,,,
1907,7,86.4,0.3,,,,,,,,,,,,,,,,,,,,,,,,,,,,,,,,,,,12.3,12.3,12.3,12.3,1.0,0.0,2.0,1.0,11.4,11.4,11.4,11.4,1.0,0.0,2.0,1.0,4.61,4.61,4.61,4.61,1.0,0.0,2.0,1.0,1008.6,1008.6,1008.6,1008.6,1.0,0.0,2.0,1.0,,,,,,,,,,,,,,,,,,,,,,,,,,,,,,,,,,,,,,,,,,,,,,,,,,,,,,,,,,,,,,,,,,,,,,,,,,,,,,,,,,,,,,,,,,,,,,,,,,,,,,,,,,,,,,,,,,,,,,,,,,,,,,,,,,
1907,7,86.4,2.3,,,,,,,,,,,,,,,,,,,,,,,,,,,,,,,,,,,4.6,9.3,12.3,8.73,17.0,3.57,14.0,0.5,3.25,6.7,9.94,6.75,17.0,3.24,14.0,0.5,0.99,4.61,8.7,4.81,17.0,3.21,14.0,0.5,1006.85,1008.2,1011.01,1008.42,13.0,1.97,12.0,0.5,,,,,,,,,,,,,,,,,,,,,,,,,,,,,,,,,,,,,,,,,,,,,,,,,,,,,,,,,,,,,,,,,,,,,,,,,,,,,,,,,,,,,,,,,,,,,,,,,,,,,,,,,,,,,,,,,,,,,,,,,,,,,,,,,,
1907,7,86.4,4.3,26.77,27.5,28.0,27.46,41.0,0.63,16.0,0.5,26.79,27.65,28.5,27.66,38.0,0.77,16.0,0.5,21.75,22.25,22.76,22.25,2.0,1.04,24.0,1.0,91.6,91.6,91.6,91.6,2.0,0.0,24.0,1.0,0.5,0.9,6.7,9.3,12.3,9.26,41.0,2.78,16.0,0.5,3.78,7.12,11.17,7.21,41.0,3.03,16.0,0.5,2.96,4.81,6.7,5.11,41.0,2.52,16.0,0.5,1006.6,1008.2,1010.7,1008.46,24.0,1.71,16.0,0.6,3.0,6.0,7.0,5.2,39.0,1.9,16.0,0.6,91.6,91.6,91.6,91.6,2.0,0.0,24.0,1.0,0.5,0.9,18.3,66.3,139.3,73.5,41.0,45.5,16.0,0.5,16.8,55.6,61.2,51.4,41.0,35.5,16.0,0.5,-0.89,0.0,0.53,-0.19,37.0,0.85,16.0,0.5,-8.6,-0.6,5.6,-1.3,36.0,8.1,16.0,0.5,-0.47,0.54,1.54,0.54,2.0,2.09,24.0,1.0,-4.4,5.0,14.4,5.0,2.0,19.4,24.0,1.0,115.7,198.1,308.2,204.4,37.0,86.3,16.0,0.5,85.2,137.0,183.4,141.7,37.0,68.1,16.0,0.5,160.8,177.1,193.3,177.1,2.0,33.7,24.0,1.0,81.9,100.9,119.8,100.9,2.0,39.2,24.0,1.0,-4.6,3.1,10.8,3.1,2.0,15.9,24.0,1.0,-0.6,4.5,9.6,4.5,2.0,10.6,24.0,1.0,301.0,804.5,1861.0,1002.0,41.0,782.0,16.0,0.5,300.0,805.0,1860.0,1000.0,41.0,780.0,16.0,0.5
1907,7,86.4,6.3,,,,,,,,,,,,,,,,,,,,,,,,,,,,,,,,,,,4.6,9.3,9.59,8.08,13.0,2.66,10.0,0.5,-0.17,6.58,7.27,4.56,13.0,4.1,10.0,0.5,4.26,5.98,6.82,5.77,13.0,1.53,10.0,0.5,1008.68,1011.0,1011.0,1009.87,3.0,1.96,20.0,0.7,,,,,,,,,,,,,,,,,,,,,,,,,,,,,,,,,,,,,,,,,,,,,,,,,,,,,,,,,,,,,,,,,,,,,,,,,,,,,,,,,,,,,,,,,,,,,,,,,,,,,,,,,,,,,,,,,,,,,,,,,,,,,,,,,,
1907,7,88.4,-5.7,,,,,,,,,,,,,,,,,,,,,,,,,,,,,,,,,,,2.6,4.6,6.7,4.63,15.0,2.72,16.0,0.3,-6.7,-3.25,0.0,-3.11,15.0,3.49,16.0,0.3,0.0,0.0,3.43,1.1,15.0,2.54,16.0,0.3,1008.52,1009.0,1010.0,1009.1,8.0,1.12,16.0,0.3,,,,,,,,,,,,,,,,,,,,,,,,,,,,,,,,,,,,,,,,,,,,,,,,,,,,,,,,,,,,,,,,,,,,,,,,,,,,,,,,,,,,,,,,,,,,,,,,,,,,,,,,,,,,,,,,,,,,,,,,,,,,,,,,,,
1907,7,88.4,-3.7,,,,,,,,,,,,,,,,,,,,,,,,,,,,,,,,,,,4.6,4.6,6.7,5.93,9.0,2.75,18.0,0.6,-3.58,-0.97,4.17,0.65,9.0,4.99,18.0,0.6,-0.61,4.27,5.78,3.3,9.0,3.1,18.0,0.6,1008.1,1009.0,1011.18,1009.54,5.0,1.61,20.0,0.6,,,,,,,,,,,,,,,,,,,,,,,,,,,,,,,,,,,,,,,,,,,,,,,,,,,,,,,,,,,,,,,,,,,,,,,,,,,,,,,,,,,,,,,,,,,,,,,,,,,,,,,,,,,,,,,,,,,,,,,,,,,,,,,,,,
1907,7,88.4,-1.7,,,,,,,,,,,,,,,,,,,,,,,,,,,,,,,,,,,1.94,5.65,10.06,5.75,12.0,4.37,14.0,0.7,1.94,5.38,9.31,5.23,12.0,3.89,14.0,0.7,-2.54,0.0,3.77,0.39,12.0,3.18,14.0,0.7,1008.18,1009.9,1011.76,1010.17,7.0,1.88,16.0,0.9,,,,,,,,,,,,,,,,,,,,,,,,,,,,,,,,,,,,,,,,,,,,,,,,,,,,,,,,,,,,,,,,,,,,,,,,,,,,,,,,,,,,,,,,,,,,,,,,,,,,,,,,,,,,,,,,,,,,,,,,,,,,,,,,,,
1907,7,88.4,2.3,,,,,,,,,,,,,,,,,,,,,,,,,,,,,,,,,,,4.63,8.0,9.3,7.75,20.0,3.06,12.0,0.6,3.25,6.39,8.59,5.48,20.0,2.62,12.0,0.6,2.52,5.66,6.7,5.21,20.0,2.36,12.0,0.6,1007.65,1009.25,1010.54,1008.99,16.0,1.47,10.0,0.6,,,,,,,,,,,,,,,,,,,,,,,,,,,,,,,,,,,,,,,,,,,,,,,,,,,,,,,,,,,,,,,,,,,,,,,,,,,,,,,,,,,,,,,,,,,,,,,,,,,,,,,,,,,,,,,,,,,,,,,,,,,,,,,,,,
1907,7,88.4,4.3,26.82,27.3,27.8,27.28,40.0,0.51,16.0,0.5,27.0,27.6,28.2,27.61,39.0,0.73,16.0,0.5,21.53,21.53,21.53,21.53,3.0,0.0,22.0,0.7,91.6,91.6,91.6,91.6,3.0,0.0,22.0,0.7,0.4,0.8,4.6,8.0,9.8,7.94,40.0,2.77,16.0,0.5,1.99,4.67,8.62,4.85,40.0,2.95,16.0,0.5,2.68,4.6,8.56,5.5,40.0,2.92,16.0,0.5,1006.03,1007.85,1009.33,1007.65,22.0,1.5,16.0,0.5,5.0,6.0,8.0,6.1,40.0,1.9,16.0,0.5,91.6,91.6,91.6,91.6,3.0,0.0,22.0,0.7,0.4,0.8,6.9,34.4,80.2,42.7,40.0,33.5,16.0,0.5,17.5,36.0,79.6,49.3,40.0,39.9,16.0,0.5,-0.7,-0.3,0.19,-0.3,39.0,0.71,16.0,0.5,-6.5,-2.0,1.8,-2.0,39.0,5.5,16.0,0.5,2.01,2.01,2.5,2.25,3.0,0.41,22.0,0.7,13.5,13.5,21.6,17.4,3.0,6.8,22.0,0.7,52.0,129.0,238.0,132.3,39.0,80.6,16.0,0.5,83.7,124.0,236.3,153.4,39.0,79.5,16.0,0.5,110.5,110.5,139.8,124.8,3.0,24.8,22.0,0.7,92.7,92.7,117.3,104.7,3.0,20.8,22.0,0.7,10.3,10.3,16.5,13.4,3.0,5.2,22.0,0.7,8.7,8.7,13.9,11.2,3.0,4.4,22.0,0.7,97.5,552.5,941.0,678.5,40.0,592.5,16.0,0.5,95.0,555.0,940.0,680.0,40.0,590.0,16.0,0.5
1907,7,88.4,6.3,,,,,,,,,,,,,,,,,,,,,,,,,,,,,,,,,,,6.17,10.8,12.3,9.63,12.0,3.64,12.0,0.6,3.54,5.67,11.34,7.07,12.0,3.37,12.0,0.6,3.25,4.71,8.9,6.05,12.0,2.92,12.0,0.6,1006.56,1007.8,1011.76,1008.67,6.0,2.58,18.0,0.3,,,,,,,,,,,,,,,,,,,,,,,,,,,,,,,,,,,,,,,,,,,,,,,,,,,,,,,,,,,,,,,,,,,,,,,,,,,,,,,,,,,,,,,,,,,,,,,,,,,,,,,,,,,,,,,,,,,,,,,,,,,,,,,,,,
1907,7,90.4,-9.7,,,,,,,,,,,,,,,,,,,,,,,,,,,,,,,,,,,3.55,5.65,8.06,5.8,4.0,2.87,14.0,0.3,-7.48,-5.24,-2.99,-5.23,4.0,2.88,14.0,0.3,1.78,2.17,3.02,2.39,4.0,0.81,14.0,0.3,1008.8,1008.8,1008.8,1008.8,1.0,0.0,16.0,1.0,,,,,,,,,,,,,,,,,,,,,,,,,,,,,,,,,,,,,,,,,,,,,,,,,,,,,,,,,,,,,,,,,,,,,,,,,,,,,,,,,,,,,,,,,,,,,,,,,,,,,,,,,,,,,,,,,,,,,,,,,,,,,,,,,,
1907,7,90.4,-7.7,,,,,,,,,,,,,,,,,,,,,,,,,,,,,,,,,,,4.6,6.7,9.3,6.69,12.0,2.99,18.0,0.7,-7.27,-4.74,-4.23,-5.66,12.0,2.99,18.0,0.7,0.0,2.62,4.74,2.86,12.0,2.23,18.0,0.7,1008.43,1009.0,1011.01,1009.4,7.0,1.5,14.0,0.7,,,,,,,,,,,,,,,,,,,,,,,,,,,,,,,,,,,,,,,,,,,,,,,,,,,,,,,,,,,,,,,,,,,,,,,,,,,,,,,,,,,,,,,,,,,,,,,,,,,,,,,,,,,,,,,,,,,,,,,,,,,,,,,,,,
1907,7,90.4,-5.7,,,,,,,,,,,,,,,,,,,,,,,,,,,,,,,,,,,2.6,2.6,5.37,3.82,5.0,1.83,16.0,1.0,-2.87,0.0,0.0,-1.43,5.0,2.68,16.0,1.0,2.53,2.6,3.34,2.97,5.0,0.92,16.0,1.0,1010.0,1010.0,1010.0,1010.0,1.0,0.0,16.0,1.0,,,,,,,,,,,,,,,,,,,,,,,,,,,,,,,,,,,,,,,,,,,,,,,,,,,,,,,,,,,,,,,,,,,,,,,,,,,,,,,,,,,,,,,,,,,,,,,,,,,,,,,,,,,,,,,,,,,,,,,,,,,,,,,,,,
1907,7,90.4,-3.7,,,,,,,,,,,,,,,,,,,,,,,,,,,,,,,,,,,2.6,3.6,4.6,3.6,4.0,1.15,18.0,0.3,-2.52,-1.35,-0.46,-1.49,4.0,1.37,18.0,0.3,2.5,2.93,3.78,3.13,4.0,0.84,18.0,0.3,1007.53,1009.3,1009.44,1008.5,3.0,1.56,24.0,0.3,,,,,,,,,,,,,,,,,,,,,,,,,,,,,,,,,,,,,,,,,,,,,,,,,,,,,,,,,,,,,,,,,,,,,,,,,,,,,,,,,,,,,,,,,,,,,,,,,,,,,,,,,,,,,,,,,,,,,,,,,,,,,,,,,,
1907,7,90.4,-1.7,,,,,,,,,,,,,,,,,,,,,,,,,,,,,,,,,,,1.0,2.6,6.23,3.19,15.0,2.7,16.0,0.3,0.77,2.6,5.78,2.89,15.0,2.5,16.0,0.3,-0.79,0.0,2.34,0.32,15.0,1.72,16.0,0.3,1009.11,1010.6,1011.05,1010.26,9.0,1.23,16.0,0.2,,,,,,,,,,,,,,,,,,,,,,,,,,,,,,,,,,,,,,,,,,,,,,,,,,,,,,,,,,,,,,,,,,,,,,,,,,,,,,,,,,,,,,,,,,,,,,,,,,,,,,,,,,,,,,,,,,,,,,,,,,,,,,,,,,
1907,7,90.4,0.3,,,,,,,,,,,,,,,,,,,,,,,,,,,,,,,,,,,2.14,4.6,4.6,3.4,3.0,2.08,10.0,0.7,0.78,3.25,3.94,2.38,3.0,2.44,10.0,0.7,1.18,1.72,2.77,1.97,3.0,1.18,10.0,0.7,1008.07,1009.3,1010.53,1009.3,3.0,1.8,10.0,0.7,,,,,,,,,,,,,,,,,,,,,,,,,,,,,,,,,,,,,,,,,,,,,,,,,,,,,,,,,,,,,,,,,,,,,,,,,,,,,,,,,,,,,,,,,,,,,,,,,,,,,,,,,,,,,,,,,,,,,,,,,,,,,,,,,,
1907,7,90.4,2.3,,,,,,,,,,,,,,,,,,,,,,,,,,,,,,,,,,,4.6,8.0,9.3,7.59,8.0,2.89,14.0,0.4,1.8,3.05,4.68,2.87,8.0,2.45,14.0,0.4,4.24,6.37,8.62,6.75,8.0,2.59,14.0,0.4,1009.59,1010.7,1011.21,1010.46,5.0,0.87,6.0,0.4,,,,,,,,,,,,,,,,,,,,,,,,,,,,,,,,,,,,,,,,,,,,,,,,,,,,,,,,,,,,,,,,,,,,,,,,,,,,,,,,,,,,,,,,,,,,,,,,,,,,,,,,,,,,,,,,,,,,,,,,,,,,,,,,,,
1907,7,90.4,4.3,,,,,,,,,,,,,,,,,,,,,,,,,,,,,,,,,,,4.6,6.7,9.3,7.36,59.0,3.01,14.0,0.5,0.0,4.81,8.32,4.39,59.0,3.25,14.0,0.5,2.62,4.31,8.56,5.17,59.0,2.61,14.0,0.5,1006.9,1008.1,1009.32,1008.16,31.0,1.31,14.0,0.6,,,,,,,,,,,,,,,,,,,,,,,,,,,,,,,,,,,,,,,,,,,,,,,,,,,,,,,,,,,,,,,,,,,,,,,,,,,,,,,,,,,,,,,,,,,,,,,,,,,,,,,,,,,,,,,,,,,,,,,,,,,,,,,,,,
1907,7,90.4,6.3,,,,,,,,,,,,,,,,,,,,,,,,,,,,,,,,,,,6.7,9.3,12.3,10.12,13.0,2.89,16.0,0.5,6.11,8.62,11.32,8.34,13.0,2.36,16.0,0.5,3.39,4.81,7.98,5.31,13.0,2.79,16.0,0.5,1005.0,1006.0,1010.35,1007.24,7.0,2.58,20.0,0.6,,,,,,,,,,,,,,,,,,,,,,,,,,,,,,,,,,,,,,,,,,,,,,,,,,,,,,,,,,,,,,,,,,,,,,,,,,,,,,,,,,,,,,,,,,,,,,,,,,,,,,,,,,,,,,,,,,,,,,,,,,,,,,,,,,
1907,7,92.4,-9.7,,,,,,,,,,,,,,,,,,,,,,,,,,,,,,,,,,,4.6,6.7,6.7,6.07,9.0,1.9,20.0,0.7,-6.56,-4.74,-4.23,-5.11,9.0,1.89,20.0,0.7,1.8,2.62,4.74,2.86,9.0,1.68,20.0,0.7,1006.27,1009.0,1010.87,1008.56,5.0,2.56,18.0,0.4,,,,,,,,,,,,,,,,,,,,,,,,,,,,,,,,,,,,,,,,,,,,,,,,,,,,,,,,,,,,,,,,,,,,,,,,,,,,,,,,,,,,,,,,,,,,,,,,,,,,,,,,,,,,,,,,,,,,,,,,,,,,,,,,,,
1907,7,92.4,-7.7,,,,,,,,,,,,,,,,,,,,,,,,,,,,,,,,,,,6.7,6.7,6.7,6.7,2.0,0.0,20.0,0.5,-6.62,-6.43,-6.25,-6.43,2.0,0.38,20.0,0.5,0.42,1.31,2.2,1.31,2.0,1.85,20.0,0.5,1009.91,1010.35,1010.79,1010.35,2.0,0.92,16.0,0.5,,,,,,,,,,,,,,,,,,,,,,,,,,,,,,,,,,,,,,,,,,,,,,,,,,,,,,,,,,,,,,,,,,,,,,,,,,,,,,,,,,,,,,,,,,,,,,,,,,,,,,,,,,,,,,,,,,,,,,,,,,,,,,,,,,
1907,7,92.4,-5.7,,,,,,,,,,,,,,,,,,,,,,,,,,,,,,,,,,,3.55,4.6,4.6,4.1,4.0,1.0,14.0,0.3,-3.77,-3.25,-1.55,-2.68,4.0,1.85,14.0,0.3,2.18,2.93,3.25,2.73,4.0,0.69,14.0,0.3,1008.8,1008.8,1008.8,1008.8,1.0,0.0,14.0,1.0,,,,,,,,,,,,,,,,,,,,,,,,,,,,,,,,,,,,,,,,,,,,,,,,,,,,,,,,,,,,,,,,,,,,,,,,,,,,,,,,,,,,,,,,,,,,,,,,,,,,,,,,,,,,,,,,,,,,,,,,,,,,,,,,,,
1907,7,92.4,-3.7,,,,,,,,,,,,,,,,,,,,,,,,,,,,,,,,,,,4.6,4.6,4.6,4.6,2.0,0.0,24.0,1.0,-3.25,-3.25,-3.25,-3.25,2.0,0.0,24.0,1.0,3.25,3.25,3.25,3.25,2.0,0.0,24.0,1.0,1009.32,1009.8,1010.28,1009.8,2.0,0.99,24.0,1.0,,,,,,,,,,,,,,,,,,,,,,,,,,,,,,,,,,,,,,,,,,,,,,,,,,,,,,,,,,,,,,,,,,,,,,,,,,,,,,,,,,,,,,,,,,,,,,,,,,,,,,,,,,,,,,,,,,,,,,,,,,,,,,,,,,
1907,7,92.4,-1.7,,,,,,,,,,,,,,,,,,,,,,,,,,,,,,,,,,,0.06,2.6,4.6,3.16,14.0,2.76,14.0,0.6,0.0,1.38,4.51,1.62,14.0,2.77,14.0,0.6,-0.98,0.0,3.25,0.62,14.0,2.73,14.0,0.6,1008.57,1009.9,1011.9,1010.28,9.0,1.84,16.0,0.7,,,,,,,,,,,,,,,,,,,,,,,,,,,,,,,,,,,,,,,,,,,,,,,,,,,,,,,,,,,,,,,,,,,,,,,,,,,,,,,,,,,,,,,,,,,,,,,,,,,,,,,,,,,,,,,,,,,,,,,,,,,,,,,,,,
1907,7,92.4,0.3,,,,,,,,,,,,,,,,,,,,,,,,,,,,,,,,,,,2.6,2.6,6.7,4.14,8.0,3.08,12.0,0.4,-1.84,0.0,4.21,0.72,8.0,3.2,12.0,0.4,1.84,2.22,6.37,3.27,8.0,2.45,12.0,0.4,1009.12,1010.5,1011.08,1010.08,8.0,1.28,12.0,0.4,,,,,,,,,,,,,,,,,,,,,,,,,,,,,,,,,,,,,,,,,,,,,,,,,,,,,,,,,,,,,,,,,,,,,,,,,,,,,,,,,,,,,,,,,,,,,,,,,,,,,,,,,,,,,,,,,,,,,,,,,,,,,,,,,,
1907,7,92.4,4.3,26.7,27.3,27.83,27.23,62.0,0.73,16.0,0.5,25.94,27.0,28.0,27.01,60.0,1.03,14.0,0.5,22.8,23.08,23.36,23.08,2.0,0.59,22.0,1.0,100.0,100.0,100.0,100.0,2.0,0.0,22.0,1.0,0.5,0.9,4.6,9.3,9.3,7.81,64.0,2.78,16.0,0.5,1.72,5.13,8.62,4.97,64.0,3.05,16.0,0.5,2.96,4.46,8.62,5.34,64.0,2.51,16.0,0.5,1007.9,1008.6,1010.12,1008.94,31.0,1.3,14.0,0.5,4.0,6.0,8.0,5.8,64.0,1.8,16.0,0.5,100.0,100.0,100.0,100.0,2.0,0.0,22.0,1.0,0.5,0.9,7.9,41.6,80.2,44.7,64.0,34.6,16.0,0.5,16.8,33.1,80.2,46.7,64.0,35.2,16.0,0.5,-0.4,0.05,1.1,0.32,58.0,0.95,14.0,0.5,-2.8,0.2,9.3,3.3,58.0,8.9,14.0,0.5,-1.12,-0.33,0.46,-0.33,2.0,1.63,22.0,1.0,-5.2,-1.5,2.1,-1.5,2.0,7.5,22.0,1.0,48.3,138.9,223.6,132.5,60.0,80.7,14.0,0.5,75.7,123.8,225.5,143.1,60.0,65.0,14.0,0.5,80.3,81.3,82.3,81.3,2.0,2.1,22.0,1.0,67.4,68.2,69.1,68.2,2.0,1.7,22.0,1.0,-4.0,-1.2,1.6,-1.2,2.0,5.8,22.0,1.0,-3.3,-1.0,1.3,-1.0,2.0,4.8,22.0,1.0,97.5,804.5,804.5,653.0,64.0,575.5,16.0,0.5,95.0,805.0,805.0,655.0,64.0,575.0,16.0,0.5
1907,7,92.4,6.3,,,,,,,,,,,,,,,,,,,,,,,,,,,,,,,,,,,5.5,8.0,12.3,8.79,10.0,3.61,14.0,1.0,0.67,6.67,8.7,5.37,10.0,4.12,14.0,1.0,4.28,5.98,8.7,6.23,10.0,2.57,14.0,1.0,1007.36,1010.3,1010.78,1009.1,3.0,2.71,16.0,1.0,,,,,,,,,,,,,,,,,,,,,,,,,,,,,,,,,,,,,,,,,,,,,,,,,,,,,,,,,,,,,,,,,,,,,,,,,,,,,,,,,,,,,,,,,,,,,,,,,,,,,,,,,,,,,,,,,,,,,,,,,,,,,,,,,,
1907,7,92.4,14.3,,,,,,,,,,,,,,,,,,,,,,,,,,,,,,,,,,,6.7,6.7,6.7,6.7,1.0,0.0,10.0,0.0,4.74,4.74,4.74,4.74,1.0,0.0,10.0,0.0,4.74,4.74,4.74,4.74,1.0,0.0,10.0,0.0,1008.7,1008.7,1008.7,1008.7,1.0,0.0,10.0,0.0,,,,,,,,,,,,,,,,,,,,,,,,,,,,,,,,,,,,,,,,,,,,,,,,,,,,,,,,,,,,,,,,,,,,,,,,,,,,,,,,,,,,,,,,,,,,,,,,,,,,,,,,,,,,,,,,,,,,,,,,,,,,,,,,,,
1907,7,94.4,-13.7,,,,,,,,,,,,,,,,,,,,,,,,,,,,,,,,,,,5.6,6.7,6.7,6.18,4.0,1.05,16.0,0.5,-6.21,-5.47,-3.96,-5.1,4.0,1.42,16.0,0.5,2.51,2.88,4.03,3.25,4.0,1.05,16.0,0.5,1009.16,1009.5,1009.84,1009.5,2.0,0.71,22.0,0.5,,,,,,,,,,,,,,,,,,,,,,,,,,,,,,,,,,,,,,,,,,,,,,,,,,,,,,,,,,,,,,,,,,,,,,,,,,,,,,,,,,,,,,,,,,,,,,,,,,,,,,,,,,,,,,,,,,,,,,,,,,,,,,,,,,
1907,7,94.4,-11.7,,,,,,,,,,,,,,,,,,,,,,,,,,,,,,,,,,,5.83,6.7,6.7,6.55,11.0,1.24,20.0,0.4,-6.21,-6.17,-4.54,-5.39,11.0,1.08,20.0,0.4,2.51,2.62,4.74,3.5,11.0,1.48,20.0,0.4,1006.0,1009.0,1010.37,1008.4,5.0,2.3,22.0,0.6,,,,,,,,,,,,,,,,,,,,,,,,,,,,,,,,,,,,,,,,,,,,,,,,,,,,,,,,,,,,,,,,,,,,,,,,,,,,,,,,,,,,,,,,,,,,,,,,,,,,,,,,,,,,,,,,,,,,,,,,,,,,,,,,,,
1907,7,94.4,-5.7,,,,,,,,,,,,,,,,,,,,,,,,,,,,,,,,,,,4.6,4.6,6.03,5.3,3.0,1.21,14.0,1.0,-5.55,-4.23,-3.56,-4.55,3.0,1.48,14.0,1.0,2.06,2.62,3.05,2.56,3.0,0.73,14.0,1.0,1007.5,1007.5,1007.5,1007.5,1.0,0.0,14.0,1.0,,,,,,,,,,,,,,,,,,,,,,,,,,,,,,,,,,,,,,,,,,,,,,,,,,,,,,,,,,,,,,,,,,,,,,,,,,,,,,,,,,,,,,,,,,,,,,,,,,,,,,,,,,,,,,,,,,,,,,,,,,,,,,,,,,
1907,7,94.4,-3.7,,,,,,,,,,,,,,,,,,,,,,,,,,,,,,,,,,,0.0,0.0,0.0,0.0,1.0,0.0,12.0,1.0,0.0,0.0,0.0,0.0,1.0,0.0,12.0,1.0,0.0,0.0,0.0,0.0,1.0,0.0,12.0,1.0,1008.32,1009.0,1009.68,1009.0,2.0,1.41,12.0,1.0,,,,,,,,,,,,,,,,,,,,,,,,,,,,,,,,,,,,,,,,,,,,,,,,,,,,,,,,,,,,,,,,,,,,,,,,,,,,,,,,,,,,,,,,,,,,,,,,,,,,,,,,,,,,,,,,,,,,,,,,,,,,,,,,,,
1907,7,94.4,-1.7,,,,,,,,,,,,,,,,,,,,,,,,,,,,,,,,,,,0.0,2.6,4.6,2.75,19.0,2.1,14.0,0.4,-2.04,0.0,3.25,0.57,19.0,2.43,14.0,0.4,-1.74,0.0,3.25,0.14,19.0,2.47,14.0,0.4,1008.2,1010.0,1010.5,1009.65,12.0,0.98,16.0,0.3,,,,,,,,,,,,,,,,,,,,,,,,,,,,,,,,,,,,,,,,,,,,,,,,,,,,,,,,,,,,,,,,,,,,,,,,,,,,,,,,,,,,,,,,,,,,,,,,,,,,,,,,,,,,,,,,,,,,,,,,,,,,,,,,,,
1907,7,94.4,0.3,,,,,,,,,,,,,,,,,,,,,,,,,,,,,,,,,,,0.11,3.6,6.7,3.86,8.0,3.5,10.0,0.6,-1.63,0.0,4.74,1.37,8.0,3.53,10.0,0.6,0.0,2.55,4.74,2.52,8.0,2.74,10.0,0.6,1010.09,1011.2,1011.62,1010.86,7.0,0.85,12.0,0.7,,,,,,,,,,,,,,,,,,,,,,,,,,,,,,,,,,,,,,,,,,,,,,,,,,,,,,,,,,,,,,,,,,,,,,,,,,,,,,,,,,,,,,,,,,,,,,,,,,,,,,,,,,,,,,,,,,,,,,,,,,,,,,,,,,
1907,7,94.4,2.3,,,,,,,,,,,,,,,,,,,,,,,,,,,,,,,,,,,9.3,9.3,9.3,9.3,3.0,0.0,16.0,0.3,8.56,8.56,8.6,8.58,3.0,0.04,16.0,0.3,-3.63,-3.63,1.22,-1.26,3.0,4.11,16.0,0.3,1009.03,1009.1,1009.65,1009.33,3.0,0.49,16.0,0.3,,,,,,,,,,,,,,,,,,,,,,,,,,,,,,,,,,,,,,,,,,,,,,,,,,,,,,,,,,,,,,,,,,,,,,,,,,,,,,,,,,,,,,,,,,,,,,,,,,,,,,,,,,,,,,,,,,,,,,,,,,,,,,,,,,
1907,7,94.4,4.3,26.78,27.5,28.42,27.55,69.0,0.92,16.0,0.4,25.73,27.3,28.5,27.15,68.0,1.26,16.0,0.4,21.5,21.5,21.5,21.5,1.0,0.0,22.0,0.0,91.6,91.6,91.6,91.6,1.0,0.0,22.0,0.0,0.9,0.9,2.6,6.7,9.3,6.19,65.0,3.19,16.0,0.4,0.74,4.74,6.58,4.26,65.0,2.87,16.0,0.4,0.44,2.96,6.58,3.62,65.0,3.01,16.0,0.4,1007.3,1008.8,1010.38,1008.85,36.0,1.89,16.0,0.4,2.1,5.0,8.0,5.2,71.0,2.2,16.0,0.4,91.6,91.6,91.6,91.6,1.0,0.0,22.0,0.0,0.9,0.9,0.7,31.7,61.2,33.2,65.0,30.9,16.0,0.4,0.4,16.8,61.2,29.6,65.0,32.8,16.0,0.4,-0.5,0.2,1.5,0.38,66.0,1.09,16.0,0.4,-2.5,0.1,11.4,3.0,61.0,7.5,16.0,0.4,2.01,2.01,2.01,2.01,1.0,0.0,22.0,0.0,9.3,9.3,9.3,9.3,1.0,0.0,22.0,0.0,23.5,128.2,182.3,118.2,62.0,76.5,16.0,0.4,19.9,82.2,185.2,101.2,62.0,79.8,16.0,0.4,75.8,75.8,75.8,75.8,1.0,0.0,22.0,0.0,63.6,63.6,63.6,63.6,1.0,0.0,22.0,0.0,7.1,7.1,7.1,7.1,1.0,0.0,22.0,0.0,5.9,5.9,5.9,5.9,1.0,0.0,22.0,0.0,17.5,301.0,804.5,422.5,65.0,482.5,16.0,0.4,20.0,300.0,805.0,425.0,65.0,480.0,16.0,0.4
1907,7,94.4,6.3,27.11,27.2,27.8,27.45,8.0,0.46,20.0,0.6,26.6,26.7,27.72,26.94,8.0,0.63,20.0,0.6,21.49,21.49,21.49,21.49,1.0,0.0,22.0,0.0,91.6,91.6,91.6,91.6,1.0,0.0,22.0,0.0,0.1,0.0,6.7,9.3,9.3,8.06,8.0,1.83,20.0,0.6,3.63,5.13,6.58,5.1,8.0,1.38,20.0,0.6,4.31,6.58,8.34,6.05,8.0,2.04,20.0,0.6,1004.76,1006.9,1011.02,1007.26,8.0,2.91,20.0,0.6,4.0,7.0,8.0,6.3,7.0,1.7,20.0,0.6,91.6,91.6,91.6,91.6,1.0,0.0,22.0,0.0,0.1,0.0,33.8,34.4,61.2,42.0,8.0,17.0,20.0,0.6,28.9,61.2,77.6,51.8,8.0,24.8,20.0,0.6,-0.09,0.6,1.09,0.51,8.0,0.75,20.0,0.6,-0.8,5.6,9.1,3.9,8.0,5.9,20.0,0.6,2.01,2.01,2.01,2.01,1.0,0.0,22.0,0.0,9.2,9.2,9.2,9.2,1.0,0.0,22.0,0.0,98.8,137.0,174.6,136.7,8.0,34.5,20.0,0.6,115.0,173.3,225.7,163.1,8.0,56.1,20.0,0.6,75.7,75.7,75.7,75.7,1.0,0.0,22.0,0.0,63.5,63.5,63.5,63.5,1.0,0.0,22.0,0.0,7.1,7.1,7.1,7.1,1.0,0.0,22.0,0.0,5.9,5.9,5.9,5.9,1.0,0.0,22.0,0.0,301.0,804.5,804.5,590.0,8.0,302.5,20.0,0.6,300.0,805.0,805.0,590.0,8.0,300.0,20.0,0.6
1907,7,94.4,8.3,,,,,,,,,,,,,,,,,,,,,,,,,,,,,,,,,,,3.55,5.65,8.06,5.8,4.0,2.87,18.0,0.5,2.51,4.0,5.7,4.1,4.0,2.03,18.0,0.5,2.51,4.0,5.7,4.1,4.0,2.03,18.0,0.5,1004.85,1005.6,1005.8,1005.33,3.0,0.74,18.0,0.3,,,,,,,,,,,,,,,,,,,,,,,,,,,,,,,,,,,,,,,,,,,,,,,,,,,,,,,,,,,,,,,,,,,,,,,,,,,,,,,,,,,,,,,,,,,,,,,,,,,,,,,,,,,,,,,,,,,,,,,,,,,,,,,,,,
1907,7,94.4,10.3,,,,,,,,,,,,,,,,,,,,,,,,,,,,,,,,,,,7.53,9.3,9.3,8.43,3.0,1.5,18.0,0.3,5.32,6.58,6.58,5.96,3.0,1.06,18.0,0.3,5.32,6.58,6.58,5.96,3.0,1.06,18.0,0.3,1004.32,1004.8,1005.35,1004.83,3.0,0.75,18.0,0.3,,,,,,,,,,,,,,,,,,,,,,,,,,,,,,,,,,,,,,,,,,,,,,,,,,,,,,,,,,,,,,,,,,,,,,,,,,,,,,,,,,,,,,,,,,,,,,,,,,,,,,,,,,,,,,,,,,,,,,,,,,,,,,,,,,
1907,7,94.4,12.3,,,,,,,,,,,,,,,,,,,,,,,,,,,,,,,,,,,4.6,4.6,6.03,5.3,3.0,1.21,18.0,0.7,3.25,3.25,4.27,3.75,3.0,0.86,18.0,0.7,3.25,3.25,4.27,3.75,3.0,0.86,18.0,0.7,1002.18,1003.0,1003.48,1002.83,3.0,0.96,18.0,0.7,,,,,,,,,,,,,,,,,,,,,,,,,,,,,,,,,,,,,,,,,,,,,,,,,,,,,,,,,,,,,,,,,,,,,,,,,,,,,,,,,,,,,,,,,,,,,,,,,,,,,,,,,,,,,,,,,,,,,,,,,,,,,,,,,,
1907,7,94.4,14.3,,,,,,,,,,,,,,,,,,,,,,,,,,,,,,,,,,,3.23,4.6,4.6,3.93,3.0,1.15,10.0,0.3,2.29,3.25,3.25,2.78,3.0,0.82,10.0,0.3,2.29,3.25,3.25,2.78,3.0,0.82,10.0,0.3,1009.35,1009.9,1009.97,1009.67,3.0,0.49,10.0,0.3,,,,,,,,,,,,,,,,,,,,,,,,,,,,,,,,,,,,,,,,,,,,,,,,,,,,,,,,,,,,,,,,,,,,,,,,,,,,,,,,,,,,,,,,,,,,,,,,,,,,,,,,,,,,,,,,,,,,,,,,,,,,,,,,,,
1907,7,96.4,-15.7,,,,,,,,,,,,,,,,,,,,,,,,,,,,,,,,,,,4.6,6.7,7.24,6.43,6.0,1.74,20.0,0.2,-5.12,-4.74,-3.25,-4.55,6.0,1.23,20.0,0.2,3.25,4.74,5.12,4.55,6.0,1.23,20.0,0.2,1009.32,1010.0,1010.68,1010.0,3.0,1.0,24.0,0.3,,,,,,,,,,,,,,,,,,,,,,,,,,,,,,,,,,,,,,,,,,,,,,,,,,,,,,,,,,,,,,,,,,,,,,,,,,,,,,,,,,,,,,,,,,,,,,,,,,,,,,,,,,,,,,,,,,,,,,,,,,,,,,,,,,
1907,7,96.4,-13.7,,,,,,,,,,,,,,,,,,,,,,,,,,,,,,,,,,,4.6,5.65,6.7,5.65,8.0,1.12,20.0,0.8,-6.17,-4.0,-3.25,-4.54,8.0,1.45,20.0,0.8,2.62,3.25,3.25,3.19,8.0,0.71,20.0,0.8,1009.0,1009.0,1010.37,1009.67,3.0,1.15,20.0,0.7,,,,,,,,,,,,,,,,,,,,,,,,,,,,,,,,,,,,,,,,,,,,,,,,,,,,,,,,,,,,,,,,,,,,,,,,,,,,,,,,,,,,,,,,,,,,,,,,,,,,,,,,,,,,,,,,,,,,,,,,,,,,,,,,,,
1907,7,96.4,-1.7,,,,,,,,,,,,,,,,,,,,,,,,,,,,,,,,,,,0.0,2.6,4.6,2.25,22.0,1.95,14.0,0.5,0.0,0.0,2.39,0.65,22.0,1.92,14.0,0.5,-2.54,0.0,1.84,-0.31,22.0,2.21,14.0,0.5,1009.49,1010.25,1011.29,1010.32,18.0,1.01,16.0,0.5,,,,,,,,,,,,,,,,,,,,,,,,,,,,,,,,,,,,,,,,,,,,,,,,,,,,,,,,,,,,,,,,,,,,,,,,,,,,,,,,,,,,,,,,,,,,,,,,,,,,,,,,,,,,,,,,,,,,,,,,,,,,,,,,,,
1907,7,96.4,0.3,,,,,,,,,,,,,,,,,,,,,,,,,,,,,,,,,,,1.65,4.6,5.37,3.7,5.0,2.53,14.0,0.6,-0.67,3.25,3.79,1.88,5.0,2.71,14.0,0.6,-1.73,1.84,3.25,0.72,5.0,3.33,14.0,0.6,1008.48,1008.6,1009.15,1008.83,7.0,0.64,14.0,0.7,,,,,,,,,,,,,,,,,,,,,,,,,,,,,,,,,,,,,,,,,,,,,,,,,,,,,,,,,,,,,,,,,,,,,,,,,,,,,,,,,,,,,,,,,,,,,,,,,,,,,,,,,,,,,,,,,,,,,,,,,,,,,,,,,,
1907,7,96.4,4.3,27.43,28.2,29.0,28.28,72.0,0.87,16.0,0.5,26.59,27.8,28.57,27.63,68.0,1.25,16.0,0.5,22.03,22.03,22.03,22.03,2.0,0.01,22.0,1.0,89.8,94.0,98.1,94.0,2.0,8.5,22.0,1.0,0.6,0.8,1.0,2.6,4.6,2.85,70.0,1.75,16.0,0.5,-0.77,1.7,3.25,1.23,70.0,2.37,16.0,0.5,-0.97,0.2,1.84,0.51,70.0,1.97,16.0,0.5,1007.0,1009.45,1010.7,1009.17,36.0,1.93,16.0,0.6,2.0,4.0,6.0,4.5,73.0,1.9,16.0,0.5,89.8,94.0,98.1,94.0,2.0,8.5,22.0,1.0,0.6,0.8,-0.8,4.6,15.0,5.3,70.0,13.5,16.0,0.5,-2.5,0.2,6.8,1.8,70.0,9.8,16.0,0.5,-0.15,0.5,1.65,0.72,67.0,1.03,16.0,0.5,-0.3,1.1,4.7,2.1,64.0,3.3,16.0,0.5,2.2,2.2,2.2,2.2,2.0,0.0,22.0,1.0,2.8,4.0,5.2,4.0,2.0,2.5,22.0,1.0,-8.7,48.2,91.4,39.5,65.0,62.5,16.0,0.5,-27.2,0.0,51.9,12.0,65.0,56.0,16.0,0.5,0.0,0.0,0.0,0.0,2.0,0.0,22.0,1.0,27.6,39.7,51.7,39.7,2.0,24.9,22.0,1.0,0.0,0.0,0.0,0.0,2.0,0.0,22.0,1.0,2.8,4.0,5.2,4.0,2.0,2.5,22.0,1.0,1.0,17.5,97.5,53.5,70.0,108.5,16.0,0.5,0.0,20.0,95.0,55.0,70.0,110.0,16.0,0.5
1907,7,96.4,14.3,,,,,,,,,,,,,,,,,,,,,,,,,,,,,,,,,,,4.55,6.7,6.7,5.68,4.0,2.05,14.0,0.5,1.15,2.51,3.73,2.44,4.0,1.94,14.0,0.5,2.77,5.45,6.45,4.64,4.0,2.58,14.0,0.5,1003.52,1004.55,1006.73,1005.1,4.0,2.35,14.0,0.5,,,,,,,,,,,,,,,,,,,,,,,,,,,,,,,,,,,,,,,,,,,,,,,,,,,,,,,,,,,,,,,,,,,,,,,,,,,,,,,,,,,,,,,,,,,,,,,,,,,,,,,,,,,,,,,,,,,,,,,,,,,,,,,,,,
1907,7,98.4,-17.7,,,,,,,,,,,,,,,,,,,,,,,,,,,,,,,,,,,4.6,6.7,6.7,6.0,6.0,1.08,22.0,0.8,-4.74,-4.74,-4.32,-4.47,6.0,0.6,22.0,0.8,2.58,4.74,4.74,3.7,6.0,1.91,22.0,0.8,1010.63,1012.0,1012.68,1011.67,3.0,1.53,24.0,0.7,,,,,,,,,,,,,,,,,,,,,,,,,,,,,,,,,,,,,,,,,,,,,,,,,,,,,,,,,,,,,,,,,,,,,,,,,,,,,,,,,,,,,,,,,,,,,,,,,,,,,,,,,,,,,,,,,,,,,,,,,,,,,,,,,,
1907,7,98.4,-15.7,,,,,,,,,,,,,,,,,,,,,,,,,,,,,,,,,,,4.6,6.7,6.7,5.86,5.0,1.15,20.0,0.4,-5.28,-4.74,-4.11,-4.71,5.0,1.05,20.0,0.4,1.59,3.25,4.74,3.05,5.0,1.96,20.0,0.4,1012.0,1012.0,1012.0,1012.0,1.0,0.0,28.0,0.0,,,,,,,,,,,,,,,,,,,,,,,,,,,,,,,,,,,,,,,,,,,,,,,,,,,,,,,,,,,,,,,,,,,,,,,,,,,,,,,,,,,,,,,,,,,,,,,,,,,,,,,,,,,,,,,,,,,,,,,,,,,,,,,,,,
1907,7,98.4,-1.7,,,,,,,,,,,,,,,,,,,,,,,,,,,,,,,,,,,2.6,4.6,6.7,4.18,18.0,2.19,14.0,0.3,-1.4,2.6,4.6,1.68,18.0,3.72,14.0,0.3,-2.73,0.0,0.31,-0.72,18.0,2.43,14.0,0.3,1008.22,1009.25,1010.99,1009.6,14.0,1.3,16.0,0.4,,,,,,,,,,,,,,,,,,,,,,,,,,,,,,,,,,,,,,,,,,,,,,,,,,,,,,,,,,,,,,,,,,,,,,,,,,,,,,,,,,,,,,,,,,,,,,,,,,,,,,,,,,,,,,,,,,,,,,,,,,,,,,,,,,
1907,7,98.4,2.3,,,,,,,,,,,,,,,,,,,,,,,,,,,,,,,,,,,1.0,1.0,4.6,2.26,12.0,2.03,20.0,0.6,-1.36,0.0,0.18,-0.5,12.0,1.25,20.0,0.6,-0.25,1.0,3.6,1.63,12.0,2.23,20.0,0.6,1006.63,1007.3,1010.94,1008.44,9.0,2.55,18.0,0.7,,,,,,,,,,,,,,,,,,,,,,,,,,,,,,,,,,,,,,,,,,,,,,,,,,,,,,,,,,,,,,,,,,,,,,,,,,,,,,,,,,,,,,,,,,,,,,,,,,,,,,,,,,,,,,,,,,,,,,,,,,,,,,,,,,
1907,7,98.4,4.3,27.73,28.45,29.17,28.45,66.0,0.76,16.0,0.4,26.6,27.8,29.0,27.8,65.0,1.18,16.0,0.4,21.41,21.45,21.49,21.45,2.0,0.08,20.0,0.0,88.9,90.0,91.1,90.0,2.0,2.2,20.0,0.0,0.4,0.8,1.0,2.6,4.6,2.79,60.0,2.02,18.0,0.4,-1.84,0.0,3.0,0.54,60.0,2.47,18.0,0.4,-1.8,0.8,3.02,0.62,60.0,2.29,18.0,0.4,1006.96,1008.0,1011.58,1008.79,30.0,2.61,16.0,0.3,2.0,5.0,6.0,4.8,52.0,1.9,16.0,0.4,88.9,90.0,91.1,90.0,2.0,2.2,20.0,0.0,0.4,0.8,-4.8,0.0,15.0,2.1,60.0,13.2,18.0,0.4,-4.8,0.8,12.4,2.8,60.0,12.4,18.0,0.4,-0.5,0.75,1.5,0.66,64.0,1.2,16.0,0.4,-0.1,0.8,4.0,1.7,57.0,4.3,18.0,0.4,2.97,3.22,3.47,3.22,2.0,0.53,20.0,0.0,4.2,5.5,6.8,5.5,2.0,2.7,20.0,0.0,-52.4,4.8,87.8,15.8,58.0,68.7,16.0,0.4,-42.5,25.2,88.8,19.7,58.0,63.7,16.0,0.4,0.0,0.0,0.0,0.0,2.0,0.0,20.0,0.0,26.9,38.6,50.2,38.6,2.0,24.1,20.0,0.0,0.0,0.0,0.0,0.0,2.0,0.0,20.0,0.0,4.2,5.5,6.8,5.5,2.0,2.7,20.0,0.0,1.0,17.5,97.5,59.5,60.0,95.0,18.0,0.4,0.0,20.0,95.0,60.0,60.0,95.0,18.0,0.4
1907,7,100.4,-19.7,,,,,,,,,,,,,,,,,,,,,,,,,,,,,,,,,,,4.19,8.0,9.3,6.97,6.0,2.87,22.0,0.2,-7.14,-5.66,-2.79,-5.24,6.0,2.9,22.0,0.2,1.9,4.0,6.58,3.92,6.0,2.57,22.0,0.2,1013.63,1015.0,1015.0,1014.33,3.0,1.15,24.0,0.3,,,,,,,,,,,,,,,,,,,,,,,,,,,,,,,,,,,,,,,,,,,,,,,,,,,,,,,,,,,,,,,,,,,,,,,,,,,,,,,,,,,,,,,,,,,,,,,,,,,,,,,,,,,,,,,,,,,,,,,,,,,,,,,,,,
1907,7,100.4,-17.7,,,,,,,,,,,,,,,,,,,,,,,,,,,,,,,,,,,4.5,6.7,6.7,5.81,7.0,1.62,16.0,0.4,-6.7,-4.74,-4.47,-4.86,7.0,1.63,16.0,0.4,0.0,1.84,4.74,2.29,7.0,2.38,16.0,0.4,1012.63,1014.0,1014.0,1013.33,3.0,1.15,22.0,0.7,,,,,,,,,,,,,,,,,,,,,,,,,,,,,,,,,,,,,,,,,,,,,,,,,,,,,,,,,,,,,,,,,,,,,,,,,,,,,,,,,,,,,,,,,,,,,,,,,,,,,,,,,,,,,,,,,,,,,,,,,,,,,,,,,,
1907,7,100.4,-7.7,,,,,,,,,,,,,,,,,,,,,,,,,,,,,,,,,,,1.0,1.0,5.35,3.08,4.0,4.15,10.0,0.3,-5.21,-0.35,0.0,-2.5,4.0,4.54,10.0,0.3,0.34,0.85,1.0,0.68,4.0,0.47,10.0,0.3,1011.0,1011.0,1011.0,1011.0,1.0,0.0,8.0,0.0,,,,,,,,,,,,,,,,,,,,,,,,,,,,,,,,,,,,,,,,,,,,,,,,,,,,,,,,,,,,,,,,,,,,,,,,,,,,,,,,,,,,,,,,,,,,,,,,,,,,,,,,,,,,,,,,,,,,,,,,,,,,,,,,,,
1907,7,100.4,-3.7,,,,,,,,,,,,,,,,,,,,,,,,,,,,,,,,,,,0.86,2.6,7.07,3.65,19.0,3.17,12.0,0.5,-2.85,0.0,2.53,-0.38,19.0,3.06,12.0,0.5,-4.82,-0.92,0.97,-1.89,19.0,3.29,12.0,0.5,1007.92,1009.0,1010.45,1009.08,12.0,1.34,16.0,0.6,,,,,,,,,,,,,,,,,,,,,,,,,,,,,,,,,,,,,,,,,,,,,,,,,,,,,,,,,,,,,,,,,,,,,,,,,,,,,,,,,,,,,,,,,,,,,,,,,,,,,,,,,,,,,,,,,,,,,,,,,,,,,,,,,,
1907,7,100.4,-1.7,,,,,,,,,,,,,,,,,,,,,,,,,,,,,,,,,,,0.11,2.6,4.6,2.5,8.0,2.0,10.0,0.4,0.0,1.21,3.18,1.51,8.0,1.81,10.0,0.4,-3.09,-0.46,0.0,-1.2,8.0,1.9,10.0,0.4,1008.93,1009.8,1010.82,1010.02,6.0,1.56,12.0,0.5,,,,,,,,,,,,,,,,,,,,,,,,,,,,,,,,,,,,,,,,,,,,,,,,,,,,,,,,,,,,,,,,,,,,,,,,,,,,,,,,,,,,,,,,,,,,,,,,,,,,,,,,,,,,,,,,,,,,,,,,,,,,,,,,,,
1907,7,100.4,2.3,27.76,28.35,29.38,28.47,74.0,0.83,18.0,0.7,26.7,28.1,29.2,27.97,67.0,1.41,16.0,0.6,21.22,22.81,23.28,22.26,3.0,1.58,18.0,1.0,87.5,88.0,88.3,87.9,3.0,0.6,18.0,1.0,0.3,0.6,1.0,2.6,4.6,2.78,68.0,1.84,18.0,0.6,-2.42,0.0,1.89,-0.21,68.0,2.13,18.0,0.6,-0.73,1.0,3.52,1.41,68.0,2.15,18.0,0.6,1007.12,1008.55,1009.98,1008.97,34.0,1.83,18.0,0.6,2.0,4.0,6.0,4.0,58.0,2.0,16.0,0.6,87.5,88.0,88.3,87.9,3.0,0.6,18.0,1.0,0.3,0.6,-6.5,0.0,4.9,-1.7,68.0,11.6,18.0,0.6,-0.7,1.7,16.2,6.6,68.0,12.6,18.0,0.6,-0.6,0.6,2.2,0.55,67.0,1.54,16.0,0.6,-2.7,0.9,4.9,1.0,62.0,4.3,18.0,0.6,-0.82,-0.8,2.29,0.7,3.0,2.62,18.0,1.0,-1.7,-0.8,11.4,4.7,3.0,10.7,18.0,1.0,-69.8,0.0,51.6,-8.3,62.0,58.9,18.0,0.6,-20.1,29.1,96.6,38.2,62.0,60.2,18.0,0.6,0.0,0.0,0.0,0.0,3.0,0.0,18.0,1.0,34.9,59.3,83.1,59.0,3.0,35.3,18.0,1.0,0.0,0.0,0.0,0.0,3.0,0.0,18.0,1.0,-1.7,-0.8,11.4,4.7,3.0,10.7,18.0,1.0,1.0,17.5,97.5,55.5,68.0,118.0,18.0,0.6,0.0,20.0,95.0,55.0,68.0,120.0,18.0,0.6
1907,7,100.4,4.3,27.47,28.3,30.0,28.5,29.0,1.21,16.0,0.3,26.37,27.8,29.4,27.76,29.0,1.43,16.0,0.3,19.0,20.12,21.41,20.2,3.0,1.76,18.0,0.0,87.4,87.9,90.4,88.9,3.0,2.3,18.0,0.0,0.0,0.5,1.0,2.6,6.7,3.48,26.0,2.12,18.0,0.3,-2.25,-0.32,4.35,0.43,26.0,3.03,18.0,0.3,-2.29,-0.41,3.28,0.41,26.0,2.75,18.0,0.3,1007.2,1008.3,1009.32,1008.72,9.0,2.44,16.0,0.2,3.0,5.0,8.0,5.3,27.0,1.9,18.0,0.3,87.4,87.9,90.4,88.9,3.0,2.3,18.0,0.0,0.0,0.5,-5.9,-0.3,20.4,4.6,26.0,17.7,18.0,0.3,-6.8,-0.4,15.1,3.2,26.0,15.0,18.0,0.3,-0.78,0.6,1.66,0.74,29.0,1.6,16.0,0.3,-1.7,1.4,7.4,2.3,26.0,6.6,18.0,0.3,1.53,3.39,4.5,3.02,3.0,2.2,18.0,0.0,2.0,5.0,17.1,9.5,3.0,11.7,18.0,0.0,-62.7,-8.4,117.4,10.4,26.0,82.2,18.0,0.3,-62.1,-11.3,96.5,12.6,26.0,77.6,18.0,0.3,-13.4,-11.9,66.7,25.7,3.0,67.1,18.0,0.0,15.0,16.9,64.5,39.2,3.0,41.1,18.0,0.0,-2.3,-0.4,11.7,4.6,3.0,11.2,18.0,0.0,1.6,3.8,11.2,6.3,3.0,7.4,18.0,0.0,1.0,17.5,301.0,91.5,26.0,121.0,18.0,0.3,0.0,20.0,300.0,90.0,26.0,120.0,18.0,0.3
1907,7,102.4,-21.7,,,,,,,,,,,,,,,,,,,,,,,,,,,,,,,,,,,1.0,2.6,5.05,3.3,5.0,3.45,24.0,0.6,-2.49,-0.97,-0.59,-1.51,5.0,1.31,24.0,0.6,0.85,1.84,4.66,2.89,5.0,3.24,24.0,0.6,1014.63,1016.0,1016.68,1015.67,3.0,1.53,24.0,0.7,,,,,,,,,,,,,,,,,,,,,,,,,,,,,,,,,,,,,,,,,,,,,,,,,,,,,,,,,,,,,,,,,,,,,,,,,,,,,,,,,,,,,,,,,,,,,,,,,,,,,,,,,,,,,,,,,,,,,,,,,,,,,,,,,,
1907,7,102.4,-19.7,,,,,,,,,,,,,,,,,,,,,,,,,,,,,,,,,,,4.6,5.65,6.7,5.73,8.0,2.04,18.0,0.8,-6.47,-3.44,-1.92,-3.88,8.0,1.97,18.0,0.8,0.0,2.55,5.96,3.01,8.0,3.18,18.0,0.8,1014.63,1016.0,1016.68,1015.67,3.0,1.53,22.0,0.3,,,,,,,,,,,,,,,,,,,,,,,,,,,,,,,,,,,,,,,,,,,,,,,,,,,,,,,,,,,,,,,,,,,,,,,,,,,,,,,,,,,,,,,,,,,,,,,,,,,,,,,,,,,,,,,,,,,,,,,,,,,,,,,,,,
1907,7,102.4,-7.7,,,,,,,,,,,,,,,,,,,,,,,,,,,,,,,,,,,1.76,2.6,2.6,2.2,4.0,0.8,12.0,0.5,-1.84,-1.27,0.63,-0.64,4.0,1.73,12.0,0.5,1.25,1.84,1.84,1.56,4.0,0.57,12.0,0.5,1008.7,1008.7,1008.7,1008.7,1.0,0.0,18.0,0.0,,,,,,,,,,,,,,,,,,,,,,,,,,,,,,,,,,,,,,,,,,,,,,,,,,,,,,,,,,,,,,,,,,,,,,,,,,,,,,,,,,,,,,,,,,,,,,,,,,,,,,,,,,,,,,,,,,,,,,,,,,,,,,,,,,
1907,7,102.4,-5.7,,,,,,,,,,,,,,,,,,,,,,,,,,,,,,,,,,,1.53,4.6,4.6,3.6,22.0,1.99,12.0,0.5,-2.35,0.0,3.25,0.18,22.0,2.99,12.0,0.5,-3.25,0.35,2.61,0.37,22.0,2.9,12.0,0.5,1009.3,1010.0,1011.13,1010.15,15.0,1.0,14.0,0.5,,,,,,,,,,,,,,,,,,,,,,,,,,,,,,,,,,,,,,,,,,,,,,,,,,,,,,,,,,,,,,,,,,,,,,,,,,,,,,,,,,,,,,,,,,,,,,,,,,,,,,,,,,,,,,,,,,,,,,,,,,,,,,,,,,
1907,7,102.4,-3.7,,,,,,,,,,,,,,,,,,,,,,,,,,,,,,,,,,,7.11,8.0,8.89,8.0,2.0,1.84,18.0,1.0,1.04,3.29,5.53,3.29,2.0,4.65,18.0,1.0,-4.47,0.06,4.59,0.06,2.0,9.39,18.0,1.0,1006.9,1006.9,1006.9,1006.9,1.0,0.0,18.0,1.0,,,,,,,,,,,,,,,,,,,,,,,,,,,,,,,,,,,,,,,,,,,,,,,,,,,,,,,,,,,,,,,,,,,,,,,,,,,,,,,,,,,,,,,,,,,,,,,,,,,,,,,,,,,,,,,,,,,,,,,,,,,,,,,,,,
1907,7,102.4,-1.7,,,,,,,,,,,,,,,,,,,,,,,,,,,,,,,,,,,1.0,1.0,1.0,1.0,1.0,0.0,24.0,0.0,-1.0,-1.0,-1.0,-1.0,1.0,0.0,24.0,0.0,0.0,0.0,0.0,0.0,1.0,0.0,24.0,0.0,1007.8,1007.8,1007.8,1007.8,1.0,0.0,24.0,0.0,,,,,,,,,,,,,,,,,,,,,,,,,,,,,,,,,,,,,,,,,,,,,,,,,,,,,,,,,,,,,,,,,,,,,,,,,,,,,,,,,,,,,,,,,,,,,,,,,,,,,,,,,,,,,,,,,,,,,,,,,,,,,,,,,,
1907,7,102.4,0.3,27.8,28.3,29.0,28.35,56.0,0.72,16.0,0.5,26.7,27.8,29.0,27.62,52.0,1.37,16.0,0.5,20.48,20.48,20.48,20.48,2.0,0.0,18.0,0.0,87.3,87.3,87.3,87.3,2.0,0.0,18.0,0.0,0.3,0.9,1.0,2.6,5.4,3.38,49.0,2.05,16.0,0.5,-2.55,0.0,2.52,0.02,49.0,2.84,16.0,0.5,0.0,1.8,3.7,1.73,49.0,2.17,16.0,0.5,1008.3,1009.4,1010.91,1009.65,19.0,1.89,16.0,0.5,2.0,4.0,7.0,4.4,45.0,2.2,16.0,0.5,87.3,87.3,87.3,87.3,2.0,0.0,18.0,0.0,0.3,0.9,-11.7,0.0,8.8,1.0,49.0,16.5,16.0,0.5,0.0,4.8,17.0,6.9,49.0,12.6,16.0,0.5,-0.69,0.95,2.18,0.78,52.0,1.48,16.0,0.5,-4.1,1.1,6.3,2.0,47.0,7.3,16.0,0.5,3.02,3.02,3.02,3.02,2.0,0.0,18.0,0.0,7.8,7.8,7.8,7.8,2.0,0.0,18.0,0.0,-75.8,0.0,59.0,-3.4,47.0,73.8,16.0,0.5,0.0,50.1,99.7,50.0,47.0,61.4,16.0,0.5,6.5,20.4,34.3,20.4,2.0,28.8,18.0,0.0,37.2,43.7,50.2,43.7,2.0,13.4,18.0,0.0,1.0,3.0,5.1,3.0,2.0,4.2,18.0,0.0,5.5,6.4,7.4,6.4,2.0,2.0,18.0,0.0,1.0,17.5,175.0,82.0,49.0,105.0,16.0,0.5,0.0,20.0,175.0,80.0,49.0,105.0,16.0,0.5
1907,7,102.4,2.3,,,,,,,,,,,,,,,,,,,,,,,,,,,,,,,,,,,1.0,2.6,5.47,3.51,11.0,2.61,16.0,0.0,-2.78,0.0,1.33,-0.8,11.0,2.97,16.0,0.0,-1.41,1.0,3.66,1.08,11.0,3.1,16.0,0.0,1008.69,1009.65,1012.32,1010.42,6.0,2.45,16.0,0.0,,,,,,,,,,,,,,,,,,,,,,,,,,,,,,,,,,,,,,,,,,,,,,,,,,,,,,,,,,,,,,,,,,,,,,,,,,,,,,,,,,,,,,,,,,,,,,,,,,,,,,,,,,,,,,,,,,,,,,,,,,,,,,,,,,
1907,7,104.4,-23.7,,,,,,,,,,,,,,,,,,,,,,,,,,,,,,,,,,,1.51,2.6,3.97,2.73,3.0,1.8,18.0,0.7,-3.36,-0.71,0.47,-1.43,3.0,2.88,18.0,0.7,0.22,0.71,1.86,1.03,3.0,1.23,18.0,0.7,1015.0,1015.0,1015.0,1015.0,1.0,0.0,26.0,0.0,,,,,,,,,,,,,,,,,,,,,,,,,,,,,,,,,,,,,,,,,,,,,,,,,,,,,,,,,,,,,,,,,,,,,,,,,,,,,,,,,,,,,,,,,,,,,,,,,,,,,,,,,,,,,,,,,,,,,,,,,,,,,,,,,,
1907,7,104.4,-21.7,,,,,,,,,,,,,,,,,,,,,,,,,,,,,,,,,,,2.82,6.7,9.3,6.19,8.0,3.2,16.0,0.3,-9.01,-4.19,-0.08,-4.17,8.0,4.07,16.0,0.3,0.0,1.55,4.72,2.62,8.0,3.12,16.0,0.3,1016.63,1018.0,1019.37,1018.0,3.0,2.0,22.0,0.7,,,,,,,,,,,,,,,,,,,,,,,,,,,,,,,,,,,,,,,,,,,,,,,,,,,,,,,,,,,,,,,,,,,,,,,,,,,,,,,,,,,,,,,,,,,,,,,,,,,,,,,,,,,,,,,,,,,,,,,,,,,,,,,,,,
1907,7,104.4,-9.7,,,,,,,,,,,,,,,,,,,,,,,,,,,,,,,,,,,6.84,10.8,12.3,9.63,4.0,3.64,16.0,0.8,-10.07,-7.64,-4.83,-7.46,4.0,3.41,16.0,0.8,3.99,5.69,7.69,5.83,4.0,2.34,16.0,0.8,1011.1,1011.1,1011.1,1011.1,1.0,0.0,2.0,1.0,,,,,,,,,,,,,,,,,,,,,,,,,,,,,,,,,,,,,,,,,,,,,,,,,,,,,,,,,,,,,,,,,,,,,,,,,,,,,,,,,,,,,,,,,,,,,,,,,,,,,,,,,,,,,,,,,,,,,,,,,,,,,,,,,,
1907,7,104.4,-7.7,,,,,,,,,,,,,,,,,,,,,,,,,,,,,,,,,,,2.6,4.6,6.7,4.95,16.0,3.18,12.0,0.6,-6.42,-4.6,0.0,-3.55,16.0,3.25,12.0,0.6,0.0,0.92,3.64,1.68,16.0,3.03,12.0,0.6,1009.23,1010.45,1011.09,1010.23,8.0,0.89,6.0,0.6,,,,,,,,,,,,,,,,,,,,,,,,,,,,,,,,,,,,,,,,,,,,,,,,,,,,,,,,,,,,,,,,,,,,,,,,,,,,,,,,,,,,,,,,,,,,,,,,,,,,,,,,,,,,,,,,,,,,,,,,,,,,,,,,,,
1907,7,104.4,-5.7,,,,,,,,,,,,,,,,,,,,,,,,,,,,,,,,,,,0.32,1.0,1.0,0.67,3.0,0.58,6.0,0.7,-0.68,0.0,0.0,-0.33,3.0,0.58,6.0,0.7,0.0,0.0,0.68,0.33,3.0,0.58,6.0,0.7,1009.96,1010.3,1010.64,1010.3,2.0,0.71,8.0,1.0,,,,,,,,,,,,,,,,,,,,,,,,,,,,,,,,,,,,,,,,,,,,,,,,,,,,,,,,,,,,,,,,,,,,,,,,,,,,,,,,,,,,,,,,,,,,,,,,,,,,,,,,,,,,,,,,,,,,,,,,,,,,,,,,,,
1907,7,104.4,-3.7,,,,,,,,,,,,,,,,,,,,,,,,,,,,,,,,,,,1.0,2.6,6.7,3.6,5.0,2.9,16.0,0.8,-4.74,-1.84,0.71,-1.98,5.0,2.72,16.0,0.8,-0.71,1.84,4.74,1.98,5.0,2.72,16.0,0.8,1007.22,1008.3,1010.21,1008.58,5.0,2.01,16.0,0.8,,,,,,,,,,,,,,,,,,,,,,,,,,,,,,,,,,,,,,,,,,,,,,,,,,,,,,,,,,,,,,,,,,,,,,,,,,,,,,,,,,,,,,,,,,,,,,,,,,,,,,,,,,,,,,,,,,,,,,,,,,,,,,,,,,
1907,7,104.4,-1.7,,,,,,,,,,,,,,,,,,,,,,,,,,,,,,,,,,,1.0,2.6,4.6,3.0,7.0,1.63,16.0,0.4,-3.25,-1.0,0.12,-1.19,7.0,2.07,16.0,0.4,0.0,1.02,3.32,1.73,7.0,1.93,16.0,0.4,1007.5,1009.1,1009.87,1009.0,7.0,1.39,16.0,0.4,,,,,,,,,,,,,,,,,,,,,,,,,,,,,,,,,,,,,,,,,,,,,,,,,,,,,,,,,,,,,,,,,,,,,,,,,,,,,,,,,,,,,,,,,,,,,,,,,,,,,,,,,,,,,,,,,,,,,,,,,,,,,,,,,,
1907,7,104.4,0.3,,,,,,,,,,,,,,,,,,,,,,,,,,,,,,,,,,,1.0,2.6,4.6,3.03,29.0,1.98,16.0,0.3,-1.54,0.0,0.89,-0.17,29.0,1.7,16.0,0.3,0.29,2.44,4.6,2.26,29.0,2.29,16.0,0.3,1008.1,1009.0,1009.41,1008.95,11.0,1.26,14.0,0.4,,,,,,,,,,,,,,,,,,,,,,,,,,,,,,,,,,,,,,,,,,,,,,,,,,,,,,,,,,,,,,,,,,,,,,,,,,,,,,,,,,,,,,,,,,,,,,,,,,,,,,,,,,,,,,,,,,,,,,,,,,,,,,,,,,
1907,7,104.4,2.3,27.02,28.0,28.9,27.94,52.0,0.81,16.0,0.4,26.69,27.8,28.5,27.57,45.0,0.94,18.0,0.4,21.85,22.28,22.61,22.23,4.0,0.59,14.0,0.5,91.6,91.9,92.1,91.9,4.0,0.3,14.0,0.5,0.6,0.5,1.0,3.6,4.6,3.47,50.0,1.9,16.0,0.4,-1.87,0.0,1.99,0.23,50.0,2.08,16.0,0.4,0.85,2.6,4.6,2.7,50.0,2.02,16.0,0.4,1009.3,1010.3,1011.84,1010.56,17.0,1.81,14.0,0.5,2.0,5.0,7.2,4.6,44.0,2.4,16.0,0.4,91.6,91.9,92.1,91.9,4.0,0.3,14.0,0.5,0.6,0.5,-5.4,0.0,6.9,1.0,50.0,11.2,16.0,0.4,0.9,6.8,21.2,12.3,50.0,12.4,16.0,0.4,-0.21,0.3,1.1,0.36,45.0,0.97,18.0,0.4,-0.5,0.0,2.8,0.8,44.0,3.4,16.0,0.4,0.78,1.97,2.42,1.62,4.0,1.32,14.0,0.5,2.0,5.1,9.2,5.6,4.0,5.6,14.0,0.5,-56.7,0.0,55.5,6.2,44.0,59.2,16.0,0.4,23.0,82.5,130.7,76.3,44.0,58.4,16.0,0.4,20.4,43.6,62.2,41.4,4.0,32.1,14.0,0.5,36.5,48.4,62.9,49.6,4.0,15.3,14.0,0.5,1.8,3.9,7.1,4.4,4.0,4.1,14.0,0.5,1.2,3.3,5.9,3.5,4.0,3.7,14.0,0.5,1.0,57.5,97.5,78.5,50.0,92.5,16.0,0.4,0.0,55.0,95.0,80.0,50.0,95.0,16.0,0.4
1907,7,104.4,4.3,,,,,,,,,,,,,,,,,,,,,,,,,,,,,,,,,,,1.0,4.6,6.7,4.17,7.0,2.36,14.0,0.6,-0.64,0.0,2.4,0.53,7.0,2.46,14.0,0.6,0.73,4.6,5.83,3.28,7.0,2.64,14.0,0.6,1010.0,1010.0,1010.0,1010.0,1.0,0.0,2.0,1.0,,,,,,,,,,,,,,,,,,,,,,,,,,,,,,,,,,,,,,,,,,,,,,,,,,,,,,,,,,,,,,,,,,,,,,,,,,,,,,,,,,,,,,,,,,,,,,,,,,,,,,,,,,,,,,,,,,,,,,,,,,,,,,,,,,
1907,7,106.4,-25.7,,,,,,,,,,,,,,,,,,,,,,,,,,,,,,,,,,,3.29,6.7,6.7,5.14,5.0,2.49,16.0,0.2,-1.19,0.0,1.19,0.05,5.0,2.1,16.0,0.2,2.4,6.17,6.7,4.75,5.0,2.57,16.0,0.2,1015.43,1018.5,1021.57,1018.5,2.0,6.36,22.0,0.5,,,,,,,,,,,,,,,,,,,,,,,,,,,,,,,,,,,,,,,,,,,,,,,,,,,,,,,,,,,,,,,,,,,,,,,,,,,,,,,,,,,,,,,,,,,,,,,,,,,,,,,,,,,,,,,,,,,,,,,,,,,,,,,,,,
1907,7,106.4,-23.7,,,,,,,,,,,,,,,,,,,,,,,,,,,,,,,,,,,1.18,4.6,6.7,4.56,8.0,2.95,18.0,0.6,-4.72,-1.8,0.78,-1.84,8.0,3.51,18.0,0.6,0.45,2.1,6.01,2.88,8.0,2.61,18.0,0.6,1016.0,1018.0,1021.57,1018.75,4.0,3.4,22.0,0.3,,,,,,,,,,,,,,,,,,,,,,,,,,,,,,,,,,,,,,,,,,,,,,,,,,,,,,,,,,,,,,,,,,,,,,,,,,,,,,,,,,,,,,,,,,,,,,,,,,,,,,,,,,,,,,,,,,,,,,,,,,,,,,,,,,
1907,7,106.4,-9.7,,,,,,,,,,,,,,,,,,,,,,,,,,,,,,,,,,,2.6,2.6,2.6,2.6,1.0,0.0,2.0,0.0,-0.97,-0.97,-0.97,-0.97,1.0,0.0,2.0,0.0,2.41,2.41,2.41,2.41,1.0,0.0,2.0,0.0,1012.1,1012.1,1012.1,1012.1,1.0,0.0,2.0,0.0,,,,,,,,,,,,,,,,,,,,,,,,,,,,,,,,,,,,,,,,,,,,,,,,,,,,,,,,,,,,,,,,,,,,,,,,,,,,,,,,,,,,,,,,,,,,,,,,,,,,,,,,,,,,,,,,,,,,,,,,,,,,,,,,,,
1907,7,106.4,-5.7,,,,,,,,,,,,,,,,,,,,,,,,,,,,,,,,,,,1.0,2.6,4.6,2.98,21.0,2.13,14.0,0.2,-4.6,-1.84,0.37,-2.0,21.0,2.31,14.0,0.2,-1.82,0.0,1.69,-0.22,21.0,2.06,14.0,0.2,1008.86,1009.7,1010.48,1009.64,17.0,1.27,14.0,0.1,,,,,,,,,,,,,,,,,,,,,,,,,,,,,,,,,,,,,,,,,,,,,,,,,,,,,,,,,,,,,,,,,,,,,,,,,,,,,,,,,,,,,,,,,,,,,,,,,,,,,,,,,,,,,,,,,,,,,,,,,,,,,,,,,,
1907,7,106.4,-3.7,,,,,,,,,,,,,,,,,,,,,,,,,,,,,,,,,,,1.0,2.6,4.7,3.01,7.0,2.03,14.0,0.9,-3.32,-1.84,-0.63,-1.85,7.0,1.84,14.0,0.9,-0.6,1.02,2.45,0.59,7.0,2.63,14.0,0.9,1008.73,1009.35,1010.35,1009.52,6.0,1.09,14.0,0.8,,,,,,,,,,,,,,,,,,,,,,,,,,,,,,,,,,,,,,,,,,,,,,,,,,,,,,,,,,,,,,,,,,,,,,,,,,,,,,,,,,,,,,,,,,,,,,,,,,,,,,,,,,,,,,,,,,,,,,,,,,,,,,,,,,
1907,7,106.4,-1.7,,,,,,,,,,,,,,,,,,,,,,,,,,,,,,,,,,,2.6,3.6,4.6,3.6,4.0,1.15,12.0,0.3,-1.72,-1.35,-0.97,-1.35,4.0,0.43,12.0,0.3,2.41,3.34,4.27,3.34,4.0,1.07,12.0,0.3,1006.65,1007.75,1007.96,1007.33,4.0,1.1,12.0,0.3,,,,,,,,,,,,,,,,,,,,,,,,,,,,,,,,,,,,,,,,,,,,,,,,,,,,,,,,,,,,,,,,,,,,,,,,,,,,,,,,,,,,,,,,,,,,,,,,,,,,,,,,,,,,,,,,,,,,,,,,,,,,,,,,,,
1907,7,106.4,0.3,,,,,,,,,,,,,,,,,,,,,,,,,,,,,,,,,,,4.6,4.6,4.6,4.6,1.0,0.0,12.0,0.0,0.0,0.0,0.0,0.0,1.0,0.0,12.0,0.0,4.6,4.6,4.6,4.6,1.0,0.0,12.0,0.0,1008.5,1008.5,1008.5,1008.5,1.0,0.0,12.0,0.0,,,,,,,,,,,,,,,,,,,,,,,,,,,,,,,,,,,,,,,,,,,,,,,,,,,,,,,,,,,,,,,,,,,,,,,,,,,,,,,,,,,,,,,,,,,,,,,,,,,,,,,,,,,,,,,,,,,,,,,,,,,,,,,,,,
1907,7,106.4,2.3,,,,,,,,,,,,,,,,,,,,,,,,,,,,,,,,,,,3.86,6.7,6.7,5.4,6.0,2.31,16.0,0.8,0.0,0.38,2.71,1.23,6.0,1.75,16.0,0.8,3.78,5.71,6.7,5.01,6.0,2.31,16.0,0.8,1008.48,1009.0,1009.26,1008.88,4.0,0.63,12.0,1.0,,,,,,,,,,,,,,,,,,,,,,,,,,,,,,,,,,,,,,,,,,,,,,,,,,,,,,,,,,,,,,,,,,,,,,,,,,,,,,,,,,,,,,,,,,,,,,,,,,,,,,,,,,,,,,,,,,,,,,,,,,,,,,,,,,
1907,7,106.4,4.3,27.8,28.3,29.0,28.23,51.0,0.8,16.0,0.6,26.7,28.0,29.44,28.06,49.0,1.2,16.0,0.6,20.39,21.04,21.7,21.04,2.0,1.35,14.0,1.0,88.5,89.7,90.9,89.7,2.0,2.5,14.0,1.0,0.2,0.4,1.0,4.6,6.7,4.17,53.0,3.25,16.0,0.6,0.0,1.0,4.84,1.96,53.0,2.55,16.0,0.6,0.54,2.44,6.22,3.16,53.0,2.77,16.0,0.6,1008.6,1009.3,1011.7,1010.07,23.0,1.83,14.0,0.6,2.0,4.0,7.4,4.3,49.0,2.3,16.0,0.5,88.5,89.7,90.9,89.7,2.0,2.5,14.0,1.0,0.2,0.4,0.0,2.3,30.3,14.7,53.0,27.1,16.0,0.6,0.5,6.4,44.7,21.3,53.0,29.6,16.0,0.6,-0.74,0.2,1.0,0.1,47.0,0.92,16.0,0.6,-1.4,0.0,5.1,1.0,46.0,4.8,16.0,0.5,2.49,3.14,3.79,3.14,2.0,1.34,14.0,1.0,6.5,8.2,9.8,8.2,2.0,3.5,14.0,1.0,0.0,28.9,103.2,50.8,48.0,67.7,16.0,0.5,17.9,67.2,171.9,91.3,48.0,78.4,16.0,0.5,40.6,41.9,43.2,41.9,2.0,2.7,14.0,1.0,34.1,35.2,36.3,35.2,2.0,2.3,14.0,1.0,5.0,6.3,7.5,6.3,2.0,2.7,14.0,1.0,4.2,5.2,6.3,5.2,2.0,2.2,14.0,1.0,1.0,97.5,301.0,233.0,53.0,457.0,16.0,0.6,0.0,95.0,300.0,235.0,53.0,455.0,16.0,0.6
1907,7,106.4,6.3,27.8,28.1,28.54,28.15,32.0,0.6,18.0,0.6,26.68,27.8,28.42,27.72,31.0,1.2,16.0,0.5,21.36,21.36,21.36,21.36,1.0,0.0,14.0,0.0,88.4,88.4,88.4,88.4,1.0,0.0,14.0,0.0,0.9,0.1,1.0,4.6,6.7,4.16,33.0,2.8,18.0,0.6,0.0,1.67,3.52,1.89,33.0,2.19,18.0,0.6,0.71,2.96,5.75,3.2,33.0,2.57,18.0,0.6,1009.0,1010.2,1013.68,1011.07,14.0,2.4,16.0,0.6,2.0,4.5,8.0,4.8,28.0,2.6,16.0,0.6,88.4,88.4,88.4,88.4,1.0,0.0,14.0,0.0,0.9,0.1,0.0,5.2,28.4,12.3,33.0,19.7,18.0,0.6,0.7,13.6,38.5,19.7,33.0,25.1,18.0,0.6,0.0,0.5,1.54,0.48,30.0,1.36,18.0,0.6,0.0,1.2,8.4,2.2,30.0,8.2,18.0,0.6,2.84,2.84,2.84,2.84,1.0,0.0,14.0,0.0,7.4,7.4,7.4,7.4,1.0,0.0,14.0,0.0,0.0,46.0,109.9,56.6,31.0,62.7,16.0,0.5,20.8,88.7,158.7,92.3,31.0,70.7,16.0,0.5,42.5,42.5,42.5,42.5,1.0,0.0,14.0,0.0,35.7,35.7,35.7,35.7,1.0,0.0,14.0,0.0,5.7,5.7,5.7,5.7,1.0,0.0,14.0,0.0,4.8,4.8,4.8,4.8,1.0,0.0,14.0,0.0,1.0,97.5,301.0,181.0,33.0,346.0,18.0,0.6,0.0,95.0,300.0,180.0,33.0,345.0,18.0,0.6
1907,7,106.4,8.3,,,,,,,,,,,,,,,,,,,,,,,,,,,,,,,,,,,5.93,6.7,6.7,6.28,5.0,0.94,20.0,0.6,2.5,3.25,5.0,3.74,5.0,1.58,20.0,0.6,2.98,5.13,6.21,4.67,5.0,1.72,20.0,0.6,1007.9,1007.9,1007.9,1007.9,1.0,0.0,22.0,1.0,,,,,,,,,,,,,,,,,,,,,,,,,,,,,,,,,,,,,,,,,,,,,,,,,,,,,,,,,,,,,,,,,,,,,,,,,,,,,,,,,,,,,,,,,,,,,,,,,,,,,,,,,,,,,,,,,,,,,,,,,,,,,,,,,,
1907,7,108.4,-27.7,,,,,,,,,,,,,,,,,,,,,,,,,,,,,,,,,,,3.71,6.7,9.63,6.68,4.0,4.61,18.0,0.8,0.34,2.72,6.81,3.54,4.0,4.02,18.0,0.8,2.63,5.72,7.75,5.21,4.0,3.41,18.0,0.8,1011.38,1016.5,1021.62,1016.5,2.0,10.61,22.0,0.5,,,,,,,,,,,,,,,,,,,,,,,,,,,,,,,,,,,,,,,,,,,,,,,,,,,,,,,,,,,,,,,,,,,,,,,,,,,,,,,,,,,,,,,,,,,,,,,,,,,,,,,,,,,,,,,,,,,,,,,,,,,,,,,,,,
1907,7,108.4,-25.7,,,,,,,,,,,,,,,,,,,,,,,,,,,,,,,,,,,2.6,6.7,6.7,4.81,9.0,2.52,18.0,0.6,-1.58,0.0,4.74,1.35,9.0,2.85,18.0,0.6,1.99,4.74,5.81,3.96,9.0,2.15,18.0,0.6,1013.48,1018.0,1022.52,1018.0,4.0,5.23,22.0,0.8,,,,,,,,,,,,,,,,,,,,,,,,,,,,,,,,,,,,,,,,,,,,,,,,,,,,,,,,,,,,,,,,,,,,,,,,,,,,,,,,,,,,,,,,,,,,,,,,,,,,,,,,,,,,,,,,,,,,,,,,,,,,,,,,,,
1907,7,108.4,-13.7,,,,,,,,,,,,,,,,,,,,,,,,,,,,,,,,,,,6.7,6.7,6.7,6.7,1.0,0.0,14.0,1.0,-6.21,-6.21,-6.21,-6.21,1.0,0.0,14.0,1.0,2.51,2.51,2.51,2.51,1.0,0.0,14.0,1.0,1012.0,1012.0,1012.0,1012.0,1.0,0.0,14.0,1.0,,,,,,,,,,,,,,,,,,,,,,,,,,,,,,,,,,,,,,,,,,,,,,,,,,,,,,,,,,,,,,,,,,,,,,,,,,,,,,,,,,,,,,,,,,,,,,,,,,,,,,,,,,,,,,,,,,,,,,,,,,,,,,,,,,
1907,7,108.4,-11.7,,,,,,,,,,,,,,,,,,,,,,,,,,,,,,,,,,,6.7,6.7,6.7,6.7,2.0,0.0,14.0,0.5,-6.21,-6.21,-6.21,-6.21,2.0,0.0,14.0,0.5,2.51,2.51,2.51,2.51,2.0,0.0,14.0,0.5,1011.16,1011.5,1011.84,1011.5,2.0,0.71,14.0,0.5,,,,,,,,,,,,,,,,,,,,,,,,,,,,,,,,,,,,,,,,,,,,,,,,,,,,,,,,,,,,,,,,,,,,,,,,,,,,,,,,,,,,,,,,,,,,,,,,,,,,,,,,,,,,,,,,,,,,,,,,,,,,,,,,,,
1907,7,108.4,-9.7,,,,,,,,,,,,,,,,,,,,,,,,,,,,,,,,,,,6.7,6.7,8.47,7.57,3.0,1.5,14.0,0.3,-5.99,-4.74,-4.74,-5.35,3.0,1.06,14.0,0.3,4.74,4.74,5.99,5.35,3.0,1.06,14.0,0.3,1011.0,1011.0,1011.68,1011.33,3.0,0.58,14.0,0.3,,,,,,,,,,,,,,,,,,,,,,,,,,,,,,,,,,,,,,,,,,,,,,,,,,,,,,,,,,,,,,,,,,,,,,,,,,,,,,,,,,,,,,,,,,,,,,,,,,,,,,,,,,,,,,,,,,,,,,,,,,,,,,,,,,
1907,7,108.4,-7.7,,,,,,,,,,,,,,,,,,,,,,,,,,,,,,,,,,,1.0,3.6,7.36,4.16,12.0,2.97,20.0,0.4,-4.85,0.0,1.58,-0.99,12.0,3.82,20.0,0.4,-2.62,1.0,3.47,1.02,12.0,3.3,20.0,0.4,1008.64,1009.0,1010.17,1009.06,8.0,1.56,16.0,0.8,,,,,,,,,,,,,,,,,,,,,,,,,,,,,,,,,,,,,,,,,,,,,,,,,,,,,,,,,,,,,,,,,,,,,,,,,,,,,,,,,,,,,,,,,,,,,,,,,,,,,,,,,,,,,,,,,,,,,,,,,,,,,,,,,,
1907,7,108.4,-5.7,,,,,,,,,,,,,,,,,,,,,,,,,,,,,,,,,,,1.25,1.8,2.35,1.8,2.0,1.13,18.0,0.0,-0.66,0.01,0.69,0.01,2.0,1.4,18.0,0.0,-2.03,-1.21,-0.38,-1.21,2.0,1.7,18.0,0.0,1009.0,1009.0,1009.0,1009.0,1.0,0.0,30.0,0.0,,,,,,,,,,,,,,,,,,,,,,,,,,,,,,,,,,,,,,,,,,,,,,,,,,,,,,,,,,,,,,,,,,,,,,,,,,,,,,,,,,,,,,,,,,,,,,,,,,,,,,,,,,,,,,,,,,,,,,,,,,,,,,,,,,
1907,7,108.4,0.3,,,,,,,,,,,,,,,,,,,,,,,,,,,,,,,,,,,5.93,6.7,9.3,7.32,5.0,2.0,12.0,0.8,-0.63,0.0,3.63,1.11,5.0,2.41,12.0,0.8,5.81,6.7,8.56,6.96,5.0,1.77,12.0,0.8,1006.49,1007.9,1009.08,1007.77,6.0,1.39,12.0,0.8,,,,,,,,,,,,,,,,,,,,,,,,,,,,,,,,,,,,,,,,,,,,,,,,,,,,,,,,,,,,,,,,,,,,,,,,,,,,,,,,,,,,,,,,,,,,,,,,,,,,,,,,,,,,,,,,,,,,,,,,,,,,,,,,,,
1907,7,108.4,2.3,,,,,,,,,,,,,,,,,,,,,,,,,,,,,,,,,,,4.5,4.6,6.82,5.59,7.0,2.16,12.0,0.1,2.94,2.96,4.83,3.93,7.0,1.47,12.0,0.1,3.36,3.52,4.83,3.8,7.0,2.01,12.0,0.1,1007.0,1008.3,1009.3,1008.19,8.0,1.18,12.0,0.1,,,,,,,,,,,,,,,,,,,,,,,,,,,,,,,,,,,,,,,,,,,,,,,,,,,,,,,,,,,,,,,,,,,,,,,,,,,,,,,,,,,,,,,,,,,,,,,,,,,,,,,,,,,,,,,,,,,,,,,,,,,,,,,,,,
1907,7,108.4,4.3,,,,,,,,,,,,,,,,,,,,,,,,,,,,,,,,,,,3.46,6.7,6.7,5.56,10.0,2.4,14.0,0.8,2.14,3.13,4.74,3.19,10.0,1.44,14.0,0.8,1.51,4.74,6.17,4.26,10.0,2.57,14.0,0.8,1007.44,1008.9,1009.76,1008.72,10.0,1.13,14.0,0.8,,,,,,,,,,,,,,,,,,,,,,,,,,,,,,,,,,,,,,,,,,,,,,,,,,,,,,,,,,,,,,,,,,,,,,,,,,,,,,,,,,,,,,,,,,,,,,,,,,,,,,,,,,,,,,,,,,,,,,,,,,,,,,,,,,
1907,7,108.4,6.3,28.0,28.3,28.98,28.37,34.0,0.55,14.0,0.5,27.18,28.0,28.53,27.95,32.0,0.95,14.0,0.5,20.58,20.77,21.46,21.01,3.0,0.68,14.0,0.3,88.7,91.5,94.6,91.6,3.0,4.3,14.0,0.3,0.2,0.5,1.0,2.6,6.7,3.99,33.0,2.87,14.0,0.5,0.71,2.6,5.13,3.02,33.0,2.25,14.0,0.5,0.65,1.72,4.62,2.29,33.0,2.19,14.0,0.5,1007.51,1008.6,1010.68,1009.1,17.0,2.07,12.0,0.6,2.0,5.0,8.0,4.6,31.0,2.4,14.0,0.5,88.7,91.5,94.6,91.6,3.0,4.3,14.0,0.3,0.2,0.5,0.7,6.8,34.4,18.1,33.0,22.0,14.0,0.5,0.6,4.8,31.5,14.5,33.0,20.7,14.0,0.5,-0.2,0.5,1.22,0.48,31.0,0.92,14.0,0.5,-0.4,2.9,5.3,2.8,29.0,5.0,14.0,0.4,2.79,3.48,4.24,3.51,3.0,1.07,14.0,0.3,14.4,21.1,22.6,18.6,3.0,6.4,14.0,0.3,21.2,73.6,149.7,88.1,30.0,59.9,14.0,0.5,19.8,50.6,123.8,67.6,30.0,62.0,14.0,0.5,73.6,76.7,97.1,85.2,3.0,18.7,14.0,0.3,61.8,64.4,81.5,71.5,3.0,15.7,14.0,0.3,11.1,16.2,17.3,14.3,3.0,4.9,14.0,0.3,9.3,13.6,14.6,12.0,3.0,4.1,14.0,0.3,1.0,17.5,301.0,175.5,33.0,283.0,14.0,0.5,0.0,20.0,300.0,175.0,33.0,285.0,14.0,0.5
1907,7,108.4,8.3,27.79,28.3,28.9,28.15,57.0,0.71,16.0,0.5,26.7,27.8,28.8,27.67,53.0,1.04,16.0,0.5,21.38,21.38,21.38,21.38,1.0,0.0,14.0,1.0,88.4,88.4,88.4,88.4,1.0,0.0,14.0,1.0,0.6,0.1,2.6,4.6,9.3,5.37,60.0,3.81,16.0,0.5,0.93,2.93,7.62,4.05,60.0,3.2,16.0,0.5,0.23,2.14,6.15,2.99,60.0,2.79,16.0,0.5,1007.18,1009.0,1012.16,1009.36,30.0,2.65,14.0,0.5,2.0,3.0,8.0,4.1,54.0,2.5,14.0,0.5,88.4,88.4,88.4,88.4,1.0,0.0,14.0,1.0,0.6,0.1,1.5,11.1,75.1,33.1,60.0,41.7,16.0,0.5,0.2,5.8,64.4,24.4,60.0,34.0,16.0,0.5,-0.5,0.45,1.28,0.47,52.0,0.93,16.0,0.5,-1.3,0.5,7.4,3.5,51.0,8.3,16.0,0.5,2.85,2.85,2.85,2.85,1.0,0.0,14.0,1.0,13.1,13.1,13.1,13.1,1.0,0.0,14.0,1.0,25.2,85.0,217.7,112.7,52.0,87.2,16.0,0.5,20.8,68.7,179.5,90.3,52.0,77.8,16.0,0.5,75.3,75.3,75.3,75.3,1.0,0.0,14.0,1.0,63.2,63.2,63.2,63.2,1.0,0.0,14.0,1.0,10.0,10.0,10.0,10.0,1.0,0.0,14.0,1.0,8.4,8.4,8.4,8.4,1.0,0.0,14.0,1.0,17.5,97.5,804.5,421.5,60.0,654.0,16.0,0.5,20.0,95.0,805.0,420.0,60.0,655.0,16.0,0.5
1907,7,108.4,10.3,,,,,,,,,,,,,,,,,,,,,,,,,,,,,,,,,,,2.45,4.6,12.3,6.28,13.0,4.54,14.0,0.2,0.99,3.25,8.96,4.33,13.0,3.88,14.0,0.2,1.75,3.25,6.53,4.12,13.0,3.1,14.0,0.2,1008.34,1009.1,1009.87,1008.86,10.0,1.25,10.0,0.3,,,,,,,,,,,,,,,,,,,,,,,,,,,,,,,,,,,,,,,,,,,,,,,,,,,,,,,,,,,,,,,,,,,,,,,,,,,,,,,,,,,,,,,,,,,,,,,,,,,,,,,,,,,,,,,,,,,,,,,,,,,,,,,,,,
1907,7,108.4,12.3,,,,,,,,,,,,,,,,,,,,,,,,,,,,,,,,,,,4.09,6.7,10.06,6.73,12.0,3.55,18.0,0.8,0.0,3.71,7.51,3.74,12.0,3.46,18.0,0.8,2.19,4.46,6.81,4.57,12.0,3.47,18.0,0.8,1006.37,1008.0,1009.23,1008.06,8.0,1.64,16.0,0.8,,,,,,,,,,,,,,,,,,,,,,,,,,,,,,,,,,,,,,,,,,,,,,,,,,,,,,,,,,,,,,,,,,,,,,,,,,,,,,,,,,,,,,,,,,,,,,,,,,,,,,,,,,,,,,,,,,,,,,,,,,,,,,,,,,
1907,7,108.4,14.3,,,,,,,,,,,,,,,,,,,,,,,,,,,,,,,,,,,6.7,6.7,8.06,7.35,4.0,1.3,22.0,0.5,3.82,5.67,7.83,5.82,4.0,2.77,22.0,0.5,1.19,3.41,5.28,3.25,4.0,2.63,22.0,0.5,1009.0,1009.0,1009.0,1009.0,1.0,0.0,22.0,1.0,,,,,,,,,,,,,,,,,,,,,,,,,,,,,,,,,,,,,,,,,,,,,,,,,,,,,,,,,,,,,,,,,,,,,,,,,,,,,,,,,,,,,,,,,,,,,,,,,,,,,,,,,,,,,,,,,,,,,,,,,,,,,,,,,,
1907,7,110.4,-29.7,,,,,,,,,,,,,,,,,,,,,,,,,,,,,,,,,,,5.2,12.3,13.43,9.86,5.0,5.13,16.0,0.2,2.26,10.89,11.68,7.77,5.0,5.14,16.0,0.2,1.17,4.81,7.92,4.75,5.0,4.21,16.0,0.2,1020.0,1020.0,1020.0,1020.0,1.0,0.0,20.0,0.0,,,,,,,,,,,,,,,,,,,,,,,,,,,,,,,,,,,,,,,,,,,,,,,,,,,,,,,,,,,,,,,,,,,,,,,,,,,,,,,,,,,,,,,,,,,,,,,,,,,,,,,,,,,,,,,,,,,,,,,,,,,,,,,,,,
1907,7,110.4,-27.7,,,,,,,,,,,,,,,,,,,,,,,,,,,,,,,,,,,1.97,6.7,11.49,6.73,9.0,5.0,18.0,0.3,0.27,3.25,7.91,3.92,9.0,3.49,18.0,0.3,0.0,4.6,8.03,4.64,9.0,4.72,18.0,0.3,1010.81,1019.0,1020.37,1015.67,3.0,7.57,22.0,0.3,,,,,,,,,,,,,,,,,,,,,,,,,,,,,,,,,,,,,,,,,,,,,,,,,,,,,,,,,,,,,,,,,,,,,,,,,,,,,,,,,,,,,,,,,,,,,,,,,,,,,,,,,,,,,,,,,,,,,,,,,,,,,,,,,,
1907,7,110.4,-23.7,,,,,,,,,,,,,,,,,,,,,,,,,,,,,,,,,,,4.5,4.6,4.6,4.31,7.0,0.76,14.0,0.1,-1.72,0.0,3.25,0.9,7.0,2.31,14.0,0.1,-4.27,3.25,3.32,0.46,7.0,3.97,14.0,0.1,1012.95,1014.5,1015.21,1014.1,4.0,1.52,12.0,0.3,,,,,,,,,,,,,,,,,,,,,,,,,,,,,,,,,,,,,,,,,,,,,,,,,,,,,,,,,,,,,,,,,,,,,,,,,,,,,,,,,,,,,,,,,,,,,,,,,,,,,,,,,,,,,,,,,,,,,,,,,,,,,,,,,,
1907,7,110.4,-21.7,,,,,,,,,,,,,,,,,,,,,,,,,,,,,,,,,,,3.23,4.6,6.03,4.63,3.0,2.05,14.0,1.0,-1.71,0.0,0.0,-0.84,3.0,1.45,14.0,1.0,-3.42,2.6,3.97,0.33,3.0,5.75,14.0,1.0,1012.16,1012.5,1012.84,1012.5,2.0,0.71,12.0,1.0,,,,,,,,,,,,,,,,,,,,,,,,,,,,,,,,,,,,,,,,,,,,,,,,,,,,,,,,,,,,,,,,,,,,,,,,,,,,,,,,,,,,,,,,,,,,,,,,,,,,,,,,,,,,,,,,,,,,,,,,,,,,,,,,,,
1907,7,110.4,-19.7,,,,,,,,,,,,,,,,,,,,,,,,,,,,,,,,,,,4.6,4.6,4.6,4.6,4.0,0.0,12.0,0.0,-4.25,-3.74,-2.49,-3.39,4.0,1.16,12.0,0.0,1.76,2.53,3.77,2.75,4.0,1.21,12.0,0.0,1011.95,1013.0,1013.52,1012.75,4.0,1.26,12.0,0.0,,,,,,,,,,,,,,,,,,,,,,,,,,,,,,,,,,,,,,,,,,,,,,,,,,,,,,,,,,,,,,,,,,,,,,,,,,,,,,,,,,,,,,,,,,,,,,,,,,,,,,,,,,,,,,,,,,,,,,,,,,,,,,,,,,
1907,7,110.4,-17.7,,,,,,,,,,,,,,,,,,,,,,,,,,,,,,,,,,,4.6,4.6,4.6,4.6,3.0,0.0,14.0,1.0,-1.8,-1.8,-1.8,-1.8,3.0,0.0,14.0,1.0,4.23,4.23,4.23,4.23,3.0,0.0,14.0,1.0,1012.0,1012.0,1012.68,1012.33,3.0,0.58,14.0,1.0,,,,,,,,,,,,,,,,,,,,,,,,,,,,,,,,,,,,,,,,,,,,,,,,,,,,,,,,,,,,,,,,,,,,,,,,,,,,,,,,,,,,,,,,,,,,,,,,,,,,,,,,,,,,,,,,,,,,,,,,,,,,,,,,,,
1907,7,110.4,-15.7,,,,,,,,,,,,,,,,,,,,,,,,,,,,,,,,,,,4.6,4.6,4.6,4.6,3.0,0.0,14.0,0.0,-4.26,-4.23,-2.57,-3.43,3.0,1.42,14.0,0.0,1.75,1.8,3.46,2.58,3.0,1.43,14.0,0.0,1013.0,1013.0,1013.2,1013.1,3.0,0.17,14.0,0.0,,,,,,,,,,,,,,,,,,,,,,,,,,,,,,,,,,,,,,,,,,,,,,,,,,,,,,,,,,,,,,,,,,,,,,,,,,,,,,,,,,,,,,,,,,,,,,,,,,,,,,,,,,,,,,,,,,,,,,,,,,,,,,,,,,
1907,7,110.4,-13.7,,,,,,,,,,,,,,,,,,,,,,,,,,,,,,,,,,,6.7,6.7,6.7,6.7,2.0,0.0,14.0,0.5,-4.4,-3.68,-2.95,-3.68,2.0,1.5,14.0,0.5,4.96,5.45,5.94,5.45,2.0,1.01,14.0,0.5,1011.32,1012.0,1012.68,1012.0,2.0,1.41,14.0,0.5,,,,,,,,,,,,,,,,,,,,,,,,,,,,,,,,,,,,,,,,,,,,,,,,,,,,,,,,,,,,,,,,,,,,,,,,,,,,,,,,,,,,,,,,,,,,,,,,,,,,,,,,,,,,,,,,,,,,,,,,,,,,,,,,,,
1907,7,110.4,-9.7,,,,,,,,,,,,,,,,,,,,,,,,,,,,,,,,,,,6.7,6.7,6.7,6.7,4.0,0.0,18.0,0.3,-6.3,-6.3,-6.23,-6.26,4.0,0.06,18.0,0.3,2.29,2.29,2.46,2.37,4.0,0.16,18.0,0.3,1007.95,1009.5,1010.42,1009.2,4.0,1.64,18.0,0.3,,,,,,,,,,,,,,,,,,,,,,,,,,,,,,,,,,,,,,,,,,,,,,,,,,,,,,,,,,,,,,,,,,,,,,,,,,,,,,,,,,,,,,,,,,,,,,,,,,,,,,,,,,,,,,,,,,,,,,,,,,,,,,,,,,
1907,7,110.4,-7.7,,,,,,,,,,,,,,,,,,,,,,,,,,,,,,,,,,,2.6,2.6,4.8,3.92,13.0,2.19,16.0,0.3,-4.8,-2.6,-1.51,-3.14,13.0,2.61,16.0,0.3,-1.09,0.0,1.69,0.25,13.0,1.97,16.0,0.3,1007.79,1009.25,1010.21,1009.08,6.0,1.43,20.0,0.5,,,,,,,,,,,,,,,,,,,,,,,,,,,,,,,,,,,,,,,,,,,,,,,,,,,,,,,,,,,,,,,,,,,,,,,,,,,,,,,,,,,,,,,,,,,,,,,,,,,,,,,,,,,,,,,,,,,,,,,,,,,,,,,,,,
1907,7,110.4,2.3,,,,,,,,,,,,,,,,,,,,,,,,,,,,,,,,,,,1.0,1.8,4.75,2.83,4.0,2.69,26.0,1.0,0.38,1.11,3.36,1.84,4.0,2.05,26.0,1.0,-0.05,1.38,3.36,1.64,4.0,2.36,26.0,1.0,1007.95,1008.3,1008.86,1008.4,4.0,0.56,26.0,1.0,,,,,,,,,,,,,,,,,,,,,,,,,,,,,,,,,,,,,,,,,,,,,,,,,,,,,,,,,,,,,,,,,,,,,,,,,,,,,,,,,,,,,,,,,,,,,,,,,,,,,,,,,,,,,,,,,,,,,,,,,,,,,,,,,,
1907,7,110.4,4.3,,,,,,,,,,,,,,,,,,,,,,,,,,,,,,,,,,,3.87,4.6,5.37,4.62,5.0,1.45,14.0,0.6,2.89,3.98,4.83,3.91,5.0,1.31,14.0,0.6,1.57,2.3,3.29,2.39,5.0,0.91,14.0,0.6,1006.85,1007.0,1007.11,1006.98,5.0,0.25,14.0,0.6,,,,,,,,,,,,,,,,,,,,,,,,,,,,,,,,,,,,,,,,,,,,,,,,,,,,,,,,,,,,,,,,,,,,,,,,,,,,,,,,,,,,,,,,,,,,,,,,,,,,,,,,,,,,,,,,,,,,,,,,,,,,,,,,,,
1907,7,110.4,6.3,,,,,,,,,,,,,,,,,,,,,,,,,,,,,,,,,,,1.0,1.0,1.0,1.0,1.0,0.0,14.0,0.0,-1.0,-1.0,-1.0,-1.0,1.0,0.0,14.0,0.0,0.0,0.0,0.0,0.0,1.0,0.0,14.0,0.0,1009.6,1009.6,1009.6,1009.6,1.0,0.0,14.0,0.0,,,,,,,,,,,,,,,,,,,,,,,,,,,,,,,,,,,,,,,,,,,,,,,,,,,,,,,,,,,,,,,,,,,,,,,,,,,,,,,,,,,,,,,,,,,,,,,,,,,,,,,,,,,,,,,,,,,,,,,,,,,,,,,,,,
1907,7,110.4,8.3,27.92,28.1,28.5,28.17,11.0,0.3,12.0,0.5,27.96,28.9,29.02,28.54,7.0,0.77,12.0,0.1,22.04,22.04,22.04,22.04,1.0,0.0,12.0,0.0,87.9,87.9,87.9,87.9,1.0,0.0,12.0,0.0,0.0,0.8,2.6,4.6,7.36,5.23,12.0,2.34,10.0,0.5,0.89,3.25,6.04,3.44,12.0,2.38,10.0,0.5,2.43,3.25,4.95,3.61,12.0,1.62,10.0,0.5,1007.89,1010.65,1013.41,1010.65,2.0,5.73,14.0,0.5,2.0,2.0,3.1,2.7,7.0,1.1,8.0,0.4,87.9,87.9,87.9,87.9,1.0,0.0,12.0,0.0,0.0,0.8,2.3,15.0,45.2,22.5,12.0,22.2,10.0,0.5,6.4,15.0,35.7,21.7,12.0,19.6,10.0,0.5,-1.02,-0.5,0.03,-0.49,7.0,0.67,12.0,0.1,-4.3,-2.3,0.3,-2.2,7.0,4.7,12.0,0.1,2.2,2.2,2.2,2.2,1.0,0.0,12.0,0.0,14.7,14.7,14.7,14.7,1.0,0.0,12.0,0.0,24.6,148.3,183.8,120.3,7.0,77.2,12.0,0.1,69.8,124.5,164.4,115.9,7.0,54.2,12.0,0.1,113.1,113.1,113.1,113.1,1.0,0.0,12.0,0.0,94.9,94.9,94.9,94.9,1.0,0.0,12.0,0.0,11.3,11.3,11.3,11.3,1.0,0.0,12.0,0.0,9.5,9.5,9.5,9.5,1.0,0.0,12.0,0.0,17.5,97.5,429.0,229.0,12.0,285.0,10.0,0.5,20.0,95.0,430.0,230.0,12.0,285.0,10.0,0.5
1907,7,110.4,10.3,27.8,28.0,28.5,28.02,39.0,0.58,14.0,0.6,26.91,28.5,29.0,28.08,37.0,1.02,14.0,0.6,22.07,22.07,24.15,23.08,3.0,1.76,12.0,0.3,87.9,87.9,96.2,92.0,3.0,7.0,12.0,0.3,0.4,0.4,2.6,4.6,9.22,5.13,39.0,3.32,14.0,0.6,0.65,3.25,5.13,3.33,39.0,2.7,14.0,0.6,1.73,2.96,5.95,3.57,39.0,2.51,14.0,0.6,1006.37,1007.6,1008.91,1007.95,15.0,2.22,10.0,0.7,2.0,3.5,6.0,3.9,36.0,1.8,12.0,0.6,87.9,87.9,96.2,92.0,3.0,7.0,12.0,0.3,0.4,0.4,0.6,16.2,51.2,25.0,39.0,32.6,14.0,0.6,4.8,13.6,43.2,25.7,39.0,33.2,14.0,0.6,-0.9,-0.5,1.0,-0.05,37.0,0.92,14.0,0.6,-3.5,-1.3,5.2,0.5,37.0,7.2,14.0,0.6,0.1,2.2,2.2,1.18,3.0,1.78,12.0,0.3,-2.3,10.1,10.1,4.0,3.0,10.5,12.0,0.3,20.5,94.1,149.8,95.8,37.0,75.1,14.0,0.6,47.2,78.9,160.1,101.6,37.0,73.0,14.0,0.6,77.8,77.8,146.8,111.5,3.0,58.4,12.0,0.3,65.2,65.2,123.2,93.5,3.0,49.0,12.0,0.3,-1.8,7.8,7.8,3.1,3.0,8.1,12.0,0.3,-1.5,6.5,6.5,2.6,3.0,6.8,12.0,0.3,17.5,97.5,789.0,333.0,39.0,566.0,14.0,0.6,20.0,95.0,790.0,335.0,39.0,565.0,14.0,0.6
1907,7,110.4,12.3,27.21,28.0,28.5,27.97,27.0,0.73,12.0,0.3,27.58,28.2,29.0,28.26,25.0,0.72,12.0,0.2,22.05,22.05,22.06,22.05,2.0,0.01,12.0,1.0,87.9,87.9,87.9,87.9,2.0,0.0,12.0,1.0,0.5,0.4,2.6,4.6,4.6,4.36,30.0,2.05,12.0,0.3,0.0,0.0,3.25,1.22,30.0,2.37,12.0,0.3,1.93,3.25,4.6,3.64,30.0,1.72,12.0,0.3,1006.21,1007.15,1008.29,1007.07,14.0,1.19,10.0,0.4,2.0,2.0,4.0,2.7,30.0,1.7,12.0,0.3,87.9,87.9,87.9,87.9,2.0,0.0,12.0,1.0,0.5,0.4,0.0,0.0,15.5,8.7,30.0,18.0,12.0,0.3,5.0,15.2,21.2,18.8,30.0,19.2,12.0,0.3,-0.67,-0.35,0.27,-0.26,24.0,0.61,12.0,0.2,-2.8,-0.9,1.7,-0.7,24.0,3.0,12.0,0.2,2.2,2.2,2.2,2.2,2.0,0.0,12.0,1.0,10.1,10.1,10.1,10.1,2.0,0.0,12.0,1.0,-8.9,0.0,92.0,28.9,25.0,70.7,12.0,0.2,55.0,85.5,133.7,105.1,25.0,52.5,12.0,0.2,12.3,38.8,65.4,38.8,2.0,54.9,12.0,1.0,71.0,83.3,95.7,83.3,2.0,25.6,12.0,1.0,1.2,3.9,6.5,3.9,2.0,5.5,12.0,1.0,7.1,8.3,9.5,8.3,2.0,2.6,12.0,1.0,17.5,97.5,97.5,147.5,30.0,246.0,12.0,0.3,20.0,95.0,95.0,145.0,30.0,245.0,12.0,0.3
1907,7,110.4,14.3,27.2,28.0,28.9,28.03,12.0,0.74,14.0,0.5,26.59,28.0,29.06,27.96,13.0,1.35,12.0,0.5,20.99,22.06,23.07,22.03,3.0,1.52,12.0,0.3,87.5,87.9,88.0,87.8,3.0,0.4,12.0,0.3,0.2,0.5,2.6,4.6,4.6,4.15,13.0,1.22,12.0,0.5,0.0,0.0,3.63,1.22,13.0,2.03,12.0,0.5,2.16,4.31,4.6,3.25,13.0,1.71,12.0,0.5,1004.5,1007.1,1008.98,1006.65,13.0,2.58,14.0,0.4,2.0,3.0,8.0,4.5,14.0,3.0,14.0,0.4,87.5,87.9,88.0,87.8,3.0,0.4,12.0,0.3,0.2,0.5,0.0,0.0,16.7,6.0,13.0,11.1,12.0,0.5,5.6,21.2,21.2,14.5,13.0,9.5,12.0,0.5,-1.0,0.0,1.31,0.2,11.0,1.07,14.0,0.5,-2.7,0.0,5.3,0.9,11.0,3.8,14.0,0.5,2.06,3.08,4.12,3.09,3.0,1.51,12.0,0.3,7.3,14.1,18.9,13.1,3.0,8.6,12.0,0.3,0.0,0.0,96.3,32.5,13.0,54.3,12.0,0.5,62.1,119.7,129.2,92.2,13.0,48.4,12.0,0.5,0.0,0.0,0.0,0.0,3.0,0.0,12.0,0.3,71.7,94.3,99.2,85.6,3.0,21.5,12.0,0.3,0.0,0.0,0.0,0.0,3.0,0.0,12.0,0.3,7.3,14.1,18.9,13.1,3.0,8.6,12.0,0.3,17.5,97.5,97.5,88.5,13.0,74.0,12.0,0.5,20.0,95.0,95.0,90.0,13.0,75.0,12.0,0.5
1907,7,110.4,16.3,27.8,28.2,28.56,28.08,16.0,0.57,16.0,0.7,26.07,28.05,29.03,27.83,12.0,1.39,16.0,0.6,22.27,22.76,23.26,22.76,2.0,1.03,12.0,1.0,87.9,88.0,88.0,88.0,2.0,0.1,12.0,1.0,0.2,0.4,2.6,4.6,6.7,5.21,16.0,2.19,14.0,0.7,0.0,1.8,5.7,2.21,16.0,3.22,14.0,0.7,-2.12,3.42,4.6,1.84,16.0,3.82,14.0,0.7,1000.74,1008.0,1009.14,1006.41,15.0,4.31,14.0,0.8,3.0,4.0,7.6,4.6,15.0,2.2,14.0,0.8,87.9,88.0,88.0,88.0,2.0,0.1,12.0,1.0,0.2,0.4,0.0,7.3,38.2,15.9,16.0,27.7,14.0,0.7,-11.3,13.1,21.2,8.7,16.0,24.6,14.0,0.7,-0.65,0.15,1.46,0.3,12.0,1.45,16.0,0.6,-2.5,-0.9,9.6,3.1,11.0,8.2,16.0,0.5,0.24,0.75,1.25,0.75,2.0,1.05,12.0,1.0,0.6,1.9,3.3,1.9,2.0,2.7,12.0,1.0,29.9,53.3,143.0,81.1,11.0,76.4,16.0,0.5,-87.5,23.7,120.7,12.9,11.0,101.4,16.0,0.5,0.0,0.0,0.0,0.0,2.0,0.0,12.0,1.0,57.9,59.2,60.5,59.2,2.0,2.7,12.0,1.0,0.0,0.0,0.0,0.0,2.0,0.0,12.0,1.0,0.6,1.9,3.3,1.9,2.0,2.7,12.0,1.0,17.5,97.5,301.0,216.5,16.0,253.5,14.0,0.7,20.0,95.0,300.0,215.0,16.0,255.0,14.0,0.7
1907,7,110.4,18.3,27.92,28.9,29.34,28.7,11.0,0.72,16.0,0.5,27.29,28.5,28.94,28.17,11.0,0.96,14.0,0.4,22.12,22.39,22.65,22.39,2.0,0.55,10.0,0.5,88.0,88.2,88.4,88.2,2.0,0.4,10.0,0.5,0.6,0.0,3.46,4.6,4.6,4.41,10.0,1.16,14.0,0.4,-3.25,0.0,1.8,-0.26,10.0,3.24,14.0,0.4,-1.86,2.6,4.25,1.72,10.0,3.01,14.0,0.4,998.12,1007.4,1009.58,1005.46,8.0,5.79,14.0,0.4,2.3,3.0,7.5,4.1,9.0,2.7,12.0,0.3,88.0,88.2,88.4,88.2,2.0,0.4,10.0,0.5,0.6,0.0,-15.0,0.0,8.3,0.2,10.0,18.4,14.0,0.4,-8.6,7.3,19.6,7.1,10.0,13.7,14.0,0.4,-0.46,0.35,1.8,0.7,10.0,1.12,16.0,0.4,-1.7,0.5,8.3,3.0,9.0,5.1,14.0,0.4,2.39,2.66,2.94,2.66,2.0,0.57,10.0,0.5,8.4,9.2,10.0,9.2,2.0,1.7,10.0,0.5,-90.1,0.0,51.2,-6.7,10.0,90.9,14.0,0.4,-50.2,74.6,122.4,50.3,10.0,85.5,14.0,0.4,0.0,0.0,0.0,0.0,2.0,0.0,10.0,0.5,64.7,81.0,97.2,81.0,2.0,33.6,10.0,0.5,0.0,0.0,0.0,0.0,2.0,0.0,10.0,0.5,8.4,9.2,10.0,9.2,2.0,1.7,10.0,0.5,51.5,97.5,97.5,101.5,10.0,77.5,14.0,0.4,50.0,95.0,95.0,100.0,10.0,75.0,14.0,0.4
1907,7,112.4,-31.7,,,,,,,,,,,,,,,,,,,,,,,,,,,,,,,,,,,1.18,9.3,12.3,7.39,8.0,5.32,14.0,0.5,-0.87,0.0,11.1,3.38,8.0,6.06,14.0,0.5,-8.69,-3.51,-0.11,-3.75,8.0,4.97,14.0,0.5,1004.67,1019.0,1020.37,1012.67,3.0,12.74,14.0,0.7,,,,,,,,,,,,,,,,,,,,,,,,,,,,,,,,,,,,,,,,,,,,,,,,,,,,,,,,,,,,,,,,,,,,,,,,,,,,,,,,,,,,,,,,,,,,,,,,,,,,,,,,,,,,,,,,,,,,,,,,,,,,,,,,,,
1907,7,112.4,-29.7,,,,,,,,,,,,,,,,,,,,,,,,,,,,,,,,,,,1.86,6.7,9.3,6.6,17.0,4.46,16.0,0.6,0.0,4.74,7.83,4.72,17.0,4.72,16.0,0.6,-3.57,1.84,4.74,0.65,17.0,4.45,16.0,0.6,1015.95,1018.0,1019.1,1017.74,7.0,1.98,14.0,0.3,,,,,,,,,,,,,,,,,,,,,,,,,,,,,,,,,,,,,,,,,,,,,,,,,,,,,,,,,,,,,,,,,,,,,,,,,,,,,,,,,,,,,,,,,,,,,,,,,,,,,,,,,,,,,,,,,,,,,,,,,,,,,,,,,,
1907,7,112.4,-27.7,,,,,,,,,,,,,,,,,,,,,,,,,,,,,,,,,,,1.0,1.8,2.6,1.8,4.0,0.92,14.0,0.5,-0.52,0.92,2.13,0.81,4.0,1.58,14.0,0.5,-0.52,0.51,1.45,0.46,4.0,1.23,14.0,0.5,1017.0,1017.0,1017.0,1017.0,2.0,0.0,12.0,1.0,,,,,,,,,,,,,,,,,,,,,,,,,,,,,,,,,,,,,,,,,,,,,,,,,,,,,,,,,,,,,,,,,,,,,,,,,,,,,,,,,,,,,,,,,,,,,,,,,,,,,,,,,,,,,,,,,,,,,,,,,,,,,,,,,,
1907,7,112.4,-25.7,,,,,,,,,,,,,,,,,,,,,,,,,,,,,,,,,,,4.6,4.6,4.6,4.6,2.0,0.0,12.0,0.5,4.23,4.23,4.23,4.23,2.0,0.0,12.0,0.5,1.8,1.8,1.8,1.8,2.0,0.0,12.0,0.5,1015.16,1015.5,1015.84,1015.5,2.0,0.71,12.0,0.5,,,,,,,,,,,,,,,,,,,,,,,,,,,,,,,,,,,,,,,,,,,,,,,,,,,,,,,,,,,,,,,,,,,,,,,,,,,,,,,,,,,,,,,,,,,,,,,,,,,,,,,,,,,,,,,,,,,,,,,,,,,,,,,,,,
1907,7,112.4,-9.7,,,,,,,,,,,,,,,,,,,,,,,,,,,,,,,,,,,4.6,4.6,6.03,5.3,3.0,1.21,18.0,0.7,-5.67,-4.32,-4.32,-4.98,3.0,1.14,18.0,0.7,1.57,1.57,2.06,1.81,3.0,0.41,18.0,0.7,1011.0,1011.0,1011.68,1011.33,3.0,0.58,18.0,0.7,,,,,,,,,,,,,,,,,,,,,,,,,,,,,,,,,,,,,,,,,,,,,,,,,,,,,,,,,,,,,,,,,,,,,,,,,,,,,,,,,,,,,,,,,,,,,,,,,,,,,,,,,,,,,,,,,,,,,,,,,,,,,,,,,,
1907,7,112.4,-7.7,,,,,,,,,,,,,,,,,,,,,,,,,,,,,,,,,,,2.6,4.6,4.9,4.41,19.0,1.34,18.0,0.5,-4.32,-4.23,-1.89,-3.35,19.0,2.14,18.0,0.5,1.57,1.8,2.3,1.64,19.0,1.72,18.0,0.5,1009.0,1009.0,1009.98,1009.29,8.0,1.45,22.0,0.6,,,,,,,,,,,,,,,,,,,,,,,,,,,,,,,,,,,,,,,,,,,,,,,,,,,,,,,,,,,,,,,,,,,,,,,,,,,,,,,,,,,,,,,,,,,,,,,,,,,,,,,,,,,,,,,,,,,,,,,,,,,,,,,,,,
1907,7,112.4,6.3,,,,,,,,,,,,,,,,,,,,,,,,,,,,,,,,,,,7.53,9.3,9.3,8.43,3.0,1.5,12.0,0.7,5.79,8.05,8.05,6.95,3.0,1.91,12.0,0.7,4.65,4.65,4.71,4.68,3.0,0.05,12.0,0.7,1006.0,1006.0,1007.23,1006.6,3.0,1.04,12.0,0.7,,,,,,,,,,,,,,,,,,,,,,,,,,,,,,,,,,,,,,,,,,,,,,,,,,,,,,,,,,,,,,,,,,,,,,,,,,,,,,,,,,,,,,,,,,,,,,,,,,,,,,,,,,,,,,,,,,,,,,,,,,,,,,,,,,
1907,7,112.4,10.3,,,,,,,,,,,,,,,,,,,,,,,,,,,,,,,,,,,4.6,5.65,6.7,5.65,8.0,1.12,16.0,0.9,2.43,3.52,4.74,2.98,8.0,2.66,16.0,0.9,2.96,4.0,4.74,4.08,8.0,1.24,16.0,0.9,1006.63,1013.7,1013.91,1010.43,4.0,6.82,18.0,0.8,,,,,,,,,,,,,,,,,,,,,,,,,,,,,,,,,,,,,,,,,,,,,,,,,,,,,,,,,,,,,,,,,,,,,,,,,,,,,,,,,,,,,,,,,,,,,,,,,,,,,,,,,,,,,,,,,,,,,,,,,,,,,,,,,,
1907,7,112.4,12.3,,,,,,,,,,,,,,,,,,,,,,,,,,,,,,,,,,,2.52,4.6,9.3,5.44,7.0,3.18,14.0,0.7,0.0,1.57,6.01,2.39,7.0,2.79,14.0,0.7,2.52,4.6,6.6,4.64,7.0,2.26,14.0,0.7,1008.46,1008.8,1009.14,1008.8,2.0,0.71,10.0,1.0,,,,,,,,,,,,,,,,,,,,,,,,,,,,,,,,,,,,,,,,,,,,,,,,,,,,,,,,,,,,,,,,,,,,,,,,,,,,,,,,,,,,,,,,,,,,,,,,,,,,,,,,,,,,,,,,,,,,,,,,,,,,,,,,,,
1907,7,112.4,14.3,,,,,,,,,,,,,,,,,,,,,,,,,,,,,,,,,,,2.6,2.6,6.7,4.09,28.0,2.02,12.0,0.7,0.0,0.0,2.16,0.93,28.0,1.41,12.0,0.7,2.39,2.6,6.26,3.82,28.0,1.84,12.0,0.7,1007.3,1007.85,1009.08,1008.09,12.0,0.85,8.0,0.7,,,,,,,,,,,,,,,,,,,,,,,,,,,,,,,,,,,,,,,,,,,,,,,,,,,,,,,,,,,,,,,,,,,,,,,,,,,,,,,,,,,,,,,,,,,,,,,,,,,,,,,,,,,,,,,,,,,,,,,,,,,,,,,,,,
1907,7,112.4,16.3,,,,,,,,,,,,,,,,,,,,,,,,,,,,,,,,,,,2.6,2.6,4.6,3.52,21.0,1.66,12.0,0.3,-0.93,0.0,1.66,0.09,21.0,1.6,12.0,0.3,1.84,2.6,4.6,3.15,21.0,1.69,12.0,0.3,1007.78,1008.3,1009.59,1008.46,9.0,0.95,8.0,0.4,,,,,,,,,,,,,,,,,,,,,,,,,,,,,,,,,,,,,,,,,,,,,,,,,,,,,,,,,,,,,,,,,,,,,,,,,,,,,,,,,,,,,,,,,,,,,,,,,,,,,,,,,,,,,,,,,,,,,,,,,,,,,,,,,,
1907,7,112.4,18.3,27.8,28.5,29.47,28.59,41.0,0.87,14.0,0.7,27.8,28.5,29.51,28.65,37.0,1.19,14.0,0.6,21.97,21.97,21.97,21.97,1.0,0.0,10.0,0.0,87.9,87.9,87.9,87.9,1.0,0.0,10.0,0.0,0.0,0.7,2.6,4.6,4.6,4.34,40.0,2.4,12.0,0.6,-0.79,0.0,1.8,0.03,40.0,2.49,12.0,0.6,0.0,3.25,4.6,2.84,40.0,3.25,12.0,0.6,1006.18,1008.0,1009.7,1006.71,16.0,4.46,12.0,0.6,2.0,3.0,5.0,3.4,34.0,1.6,12.0,0.6,87.9,87.9,87.9,87.9,1.0,0.0,10.0,0.0,0.0,0.7,-2.1,0.0,8.0,-1.7,40.0,20.8,12.0,0.6,0.0,15.0,21.2,14.1,40.0,31.4,12.0,0.6,-1.11,0.0,1.03,-0.04,37.0,1.13,14.0,0.6,-4.3,0.0,3.6,-0.5,36.0,5.1,14.0,0.6,3.06,3.06,3.06,3.06,1.0,0.0,10.0,0.0,14.1,14.1,14.1,14.1,1.0,0.0,10.0,0.0,-47.3,0.0,61.9,2.4,36.0,73.2,14.0,0.6,0.0,82.8,133.6,75.6,36.0,92.7,14.0,0.6,0.0,0.0,0.0,0.0,1.0,0.0,10.0,0.0,101.1,101.1,101.1,101.1,1.0,0.0,10.0,0.0,0.0,0.0,0.0,0.0,1.0,0.0,10.0,0.0,14.1,14.1,14.1,14.1,1.0,0.0,10.0,0.0,17.5,97.5,97.5,176.5,40.0,400.0,12.0,0.6,20.0,95.0,95.0,175.0,40.0,400.0,12.0,0.6
1907,7,112.4,20.3,27.5,28.3,29.0,28.19,48.0,0.85,18.0,0.5,27.49,28.3,29.0,28.26,45.0,0.99,18.0,0.4,21.98,21.99,22.51,22.24,3.0,0.44,10.0,1.0,87.9,87.9,88.3,88.1,3.0,0.3,10.0,1.0,0.6,0.4,1.0,2.6,4.6,3.42,47.0,1.78,16.0,0.4,-2.85,0.0,1.67,-0.2,47.0,2.2,16.0,0.4,0.0,1.99,4.6,1.98,47.0,2.5,16.0,0.4,1005.61,1008.0,1010.09,1007.14,20.0,3.63,12.0,0.8,2.0,3.0,6.0,3.9,48.0,2.1,16.0,0.5,87.9,87.9,88.3,88.1,3.0,0.3,10.0,1.0,0.6,0.4,-11.5,0.0,5.2,-0.9,47.0,10.1,16.0,0.4,0.0,5.2,21.2,9.5,47.0,16.0,16.0,0.4,-0.67,0.0,0.92,0.0,44.0,0.78,18.0,0.4,-2.3,0.0,3.2,0.4,40.0,3.4,16.0,0.4,1.92,3.06,3.06,2.51,3.0,0.97,10.0,1.0,5.0,8.0,8.0,6.5,3.0,2.5,10.0,1.0,-79.1,0.0,54.5,-4.5,41.0,63.5,16.0,0.4,0.0,54.8,127.9,54.5,41.0,72.0,16.0,0.4,13.9,43.8,43.8,29.2,3.0,25.3,10.0,1.0,36.7,36.8,52.0,44.2,3.0,12.9,10.0,1.0,1.9,6.1,6.1,4.1,3.0,3.5,10.0,1.0,4.1,5.1,5.1,4.6,3.0,0.9,10.0,1.0,1.0,17.5,97.5,75.5,47.0,127.5,16.0,0.4,0.0,20.0,95.0,75.0,47.0,125.0,16.0,0.4
1907,7,114.4,-35.7,,,,,,,,,,,,,,,,,,,,,,,,,,,,,,,,,,,3.04,4.6,9.3,5.86,15.0,3.22,14.0,0.7,0.2,3.25,8.15,4.05,15.0,4.21,14.0,0.7,-4.53,-3.25,0.0,-2.41,15.0,2.38,14.0,0.7,1005.81,1017.0,1025.05,1015.5,4.0,11.47,16.0,0.8,,,,,,,,,,,,,,,,,,,,,,,,,,,,,,,,,,,,,,,,,,,,,,,,,,,,,,,,,,,,,,,,,,,,,,,,,,,,,,,,,,,,,,,,,,,,,,,,,,,,,,,,,,,,,,,,,,,,,,,,,,,,,,,,,,
1907,7,114.4,-33.7,,,,,,,,,,,,,,,,,,,,,,,,,,,,,,,,,,,2.6,4.6,8.43,5.16,22.0,3.16,14.0,0.4,0.0,1.84,6.44,3.17,22.0,3.74,14.0,0.4,-4.6,-2.51,-0.57,-2.45,22.0,2.67,14.0,0.4,1002.9,1011.0,1023.1,1011.57,7.0,9.85,18.0,0.1,,,,,,,,,,,,,,,,,,,,,,,,,,,,,,,,,,,,,,,,,,,,,,,,,,,,,,,,,,,,,,,,,,,,,,,,,,,,,,,,,,,,,,,,,,,,,,,,,,,,,,,,,,,,,,,,,,,,,,,,,,,,,,,,,,
1907,7,114.4,-31.7,,,,,,,,,,,,,,,,,,,,,,,,,,,,,,,,,,,2.6,6.7,9.3,6.63,16.0,3.37,16.0,0.3,0.0,3.95,8.62,3.64,16.0,4.07,16.0,0.3,-5.48,2.06,3.48,-0.05,16.0,5.24,16.0,0.3,1004.38,1019.0,1020.0,1014.17,6.0,8.33,20.0,0.3,,,,,,,,,,,,,,,,,,,,,,,,,,,,,,,,,,,,,,,,,,,,,,,,,,,,,,,,,,,,,,,,,,,,,,,,,,,,,,,,,,,,,,,,,,,,,,,,,,,,,,,,,,,,,,,,,,,,,,,,,,,,,,,,,,
1907,7,114.4,-9.7,,,,,,,,,,,,,,,,,,,,,,,,,,,,,,,,,,,4.6,4.6,6.03,5.3,3.0,1.21,20.0,0.3,-5.67,-4.32,-4.32,-4.98,3.0,1.14,20.0,0.3,1.57,1.57,2.06,1.81,3.0,0.41,20.0,0.3,1010.32,1011.0,1011.68,1011.0,3.0,1.0,20.0,0.3,,,,,,,,,,,,,,,,,,,,,,,,,,,,,,,,,,,,,,,,,,,,,,,,,,,,,,,,,,,,,,,,,,,,,,,,,,,,,,,,,,,,,,,,,,,,,,,,,,,,,,,,,,,,,,,,,,,,,,,,,,,,,,,,,,
1907,7,114.4,-7.7,,,,,,,,,,,,,,,,,,,,,,,,,,,,,,,,,,,3.04,4.6,4.6,4.09,15.0,1.11,12.0,0.3,-4.23,-2.3,-1.07,-2.37,15.0,1.79,12.0,0.3,0.37,2.96,4.27,2.59,15.0,1.67,12.0,0.3,1008.32,1009.0,1009.68,1009.0,3.0,1.0,24.0,0.0,,,,,,,,,,,,,,,,,,,,,,,,,,,,,,,,,,,,,,,,,,,,,,,,,,,,,,,,,,,,,,,,,,,,,,,,,,,,,,,,,,,,,,,,,,,,,,,,,,,,,,,,,,,,,,,,,,,,,,,,,,,,,,,,,,
1907,7,114.4,6.3,,,,,,,,,,,,,,,,,,,,,,,,,,,,,,,,,,,4.6,4.6,4.6,4.6,3.0,0.0,12.0,0.3,4.18,4.6,4.6,4.39,3.0,0.36,12.0,0.3,0.0,0.0,1.57,0.77,3.0,1.33,12.0,0.3,1007.32,1008.0,1008.68,1008.0,3.0,1.0,12.0,0.3,,,,,,,,,,,,,,,,,,,,,,,,,,,,,,,,,,,,,,,,,,,,,,,,,,,,,,,,,,,,,,,,,,,,,,,,,,,,,,,,,,,,,,,,,,,,,,,,,,,,,,,,,,,,,,,,,,,,,,,,,,,,,,,,,,
1907,7,114.4,12.3,,,,,,,,,,,,,,,,,,,,,,,,,,,,,,,,,,,2.6,4.6,5.03,4.28,6.0,1.54,14.0,0.5,-0.41,2.3,3.52,1.61,6.0,2.19,14.0,0.5,1.67,2.96,4.92,3.34,6.0,1.76,14.0,0.5,1007.15,1013.7,1013.91,1010.68,4.0,6.32,18.0,0.5,,,,,,,,,,,,,,,,,,,,,,,,,,,,,,,,,,,,,,,,,,,,,,,,,,,,,,,,,,,,,,,,,,,,,,,,,,,,,,,,,,,,,,,,,,,,,,,,,,,,,,,,,,,,,,,,,,,,,,,,,,,,,,,,,,
1907,7,114.4,16.3,,,,,,,,,,,,,,,,,,,,,,,,,,,,,,,,,,,1.57,2.8,4.03,2.8,2.0,2.55,20.0,0.5,0.61,1.09,1.57,1.09,2.0,0.99,20.0,0.5,1.45,2.58,3.71,2.58,2.0,2.34,20.0,0.5,1008.0,1008.0,1008.0,1008.0,1.0,0.0,8.0,1.0,,,,,,,,,,,,,,,,,,,,,,,,,,,,,,,,,,,,,,,,,,,,,,,,,,,,,,,,,,,,,,,,,,,,,,,,,,,,,,,,,,,,,,,,,,,,,,,,,,,,,,,,,,,,,,,,,,,,,,,,,,,,,,,,,,
1907,7,114.4,18.3,,,,,,,,,,,,,,,,,,,,,,,,,,,,,,,,,,,1.0,1.0,6.25,2.95,8.0,3.24,18.0,0.1,0.0,0.0,0.0,-0.29,8.0,1.98,18.0,0.1,-1.01,0.0,1.0,0.57,8.0,4.01,18.0,0.1,1001.97,1006.8,1008.12,1005.26,5.0,3.61,12.0,0.2,,,,,,,,,,,,,,,,,,,,,,,,,,,,,,,,,,,,,,,,,,,,,,,,,,,,,,,,,,,,,,,,,,,,,,,,,,,,,,,,,,,,,,,,,,,,,,,,,,,,,,,,,,,,,,,,,,,,,,,,,,,,,,,,,,
1907,7,114.4,20.3,,,,,,,,,,,,,,,,,,,,,,,,,,,,,,,,,,,1.0,3.6,9.3,4.5,28.0,3.6,18.0,0.5,-6.03,0.0,0.51,-1.96,28.0,3.81,18.0,0.5,-0.91,1.42,5.93,2.02,28.0,3.36,18.0,0.5,999.62,1004.6,1012.93,1005.79,15.0,5.46,14.0,0.6,,,,,,,,,,,,,,,,,,,,,,,,,,,,,,,,,,,,,,,,,,,,,,,,,,,,,,,,,,,,,,,,,,,,,,,,,,,,,,,,,,,,,,,,,,,,,,,,,,,,,,,,,,,,,,,,,,,,,,,,,,,,,,,,,,
1907,7,114.4,22.3,26.7,28.0,28.5,27.73,64.0,1.08,20.0,0.5,27.0,27.8,28.9,27.85,62.0,1.13,18.0,0.4,20.94,21.12,21.73,21.33,3.0,0.61,8.0,0.7,82.1,84.4,86.8,84.4,3.0,3.5,8.0,0.7,0.5,0.2,2.6,4.6,6.7,4.3,66.0,2.29,18.0,0.5,-4.03,1.0,3.25,0.24,66.0,3.47,18.0,0.5,-2.22,1.92,4.51,1.33,66.0,3.18,18.0,0.5,1000.36,1004.35,1008.0,1003.96,30.0,4.87,18.0,0.5,2.0,5.0,6.1,4.6,57.0,2.0,18.0,0.5,82.1,84.4,86.8,84.4,3.0,3.5,8.0,0.7,0.5,0.2,-18.5,1.0,16.2,-1.7,66.0,26.3,18.0,0.5,-6.6,5.2,20.8,5.4,66.0,21.1,18.0,0.5,-1.1,0.0,0.7,-0.12,60.0,1.2,20.0,0.4,-5.1,0.0,3.3,-0.5,59.0,5.2,20.0,0.4,0.37,1.16,1.44,0.91,3.0,0.81,8.0,0.7,1.7,5.3,6.6,4.2,3.0,3.7,8.0,0.7,-105.6,23.9,94.7,7.8,61.0,97.8,18.0,0.4,-66.6,53.1,126.3,36.4,61.0,91.4,18.0,0.4,73.8,74.4,76.6,75.2,3.0,2.1,8.0,0.7,61.9,62.4,64.2,63.1,3.0,1.8,8.0,0.7,1.3,4.1,5.1,3.2,3.0,2.9,8.0,0.7,1.1,3.4,4.3,2.7,3.0,2.4,8.0,0.7,17.5,97.5,301.0,153.5,66.0,266.5,18.0,0.5,20.0,95.0,300.0,155.0,66.0,265.0,18.0,0.5
1907,7,116.4,-35.7,,,,,,,,,,,,,,,,,,,,,,,,,,,,,,,,,,,2.73,4.6,9.14,5.03,14.0,2.86,14.0,0.3,1.05,3.25,6.46,3.33,14.0,2.28,14.0,0.3,-4.58,-1.63,3.16,-0.84,14.0,4.18,14.0,0.3,1005.79,1014.5,1024.21,1014.83,6.0,9.75,16.0,0.5,,,,,,,,,,,,,,,,,,,,,,,,,,,,,,,,,,,,,,,,,,,,,,,,,,,,,,,,,,,,,,,,,,,,,,,,,,,,,,,,,,,,,,,,,,,,,,,,,,,,,,,,,,,,,,,,,,,,,,,,,,,,,,,,,,
1907,7,116.4,-9.7,,,,,,,,,,,,,,,,,,,,,,,,,,,,,,,,,,,4.93,5.65,6.37,5.65,2.0,1.48,12.0,0.0,-5.66,-4.3,-2.93,-4.3,2.0,2.83,12.0,0.0,2.56,3.14,3.72,3.14,2.0,1.2,12.0,0.0,1011.0,1011.0,1011.0,1011.0,1.0,0.0,20.0,0.0,,,,,,,,,,,,,,,,,,,,,,,,,,,,,,,,,,,,,,,,,,,,,,,,,,,,,,,,,,,,,,,,,,,,,,,,,,,,,,,,,,,,,,,,,,,,,,,,,,,,,,,,,,,,,,,,,,,,,,,,,,,,,,,,,,
1907,7,116.4,-7.7,,,,,,,,,,,,,,,,,,,,,,,,,,,,,,,,,,,4.0,4.6,6.7,4.99,18.0,1.7,14.0,0.9,-4.74,-3.97,-1.78,-3.35,18.0,1.84,14.0,0.9,0.0,3.98,4.74,2.85,18.0,2.33,14.0,0.9,1007.79,1009.5,1011.41,1009.67,6.0,2.16,22.0,1.0,,,,,,,,,,,,,,,,,,,,,,,,,,,,,,,,,,,,,,,,,,,,,,,,,,,,,,,,,,,,,,,,,,,,,,,,,,,,,,,,,,,,,,,,,,,,,,,,,,,,,,,,,,,,,,,,,,,,,,,,,,,,,,,,,,
1907,7,116.4,-3.7,,,,,,,,,,,,,,,,,,,,,,,,,,,,,,,,,,,2.6,2.6,2.6,2.6,2.0,0.0,16.0,0.5,-2.57,-2.5,-2.43,-2.5,2.0,0.15,16.0,0.5,0.16,0.51,0.85,0.51,2.0,0.72,16.0,0.5,1008.31,1008.75,1009.19,1008.75,2.0,0.92,16.0,0.5,,,,,,,,,,,,,,,,,,,,,,,,,,,,,,,,,,,,,,,,,,,,,,,,,,,,,,,,,,,,,,,,,,,,,,,,,,,,,,,,,,,,,,,,,,,,,,,,,,,,,,,,,,,,,,,,,,,,,,,,,,,,,,,,,,
1907,7,116.4,-1.7,,,,,,,,,,,,,,,,,,,,,,,,,,,,,,,,,,,1.0,1.0,1.0,1.0,3.0,0.0,16.0,1.0,-0.71,-0.71,0.4,-0.16,3.0,0.94,16.0,1.0,-0.61,-0.39,0.36,-0.13,3.0,0.74,16.0,1.0,1005.46,1007.1,1009.01,1007.23,3.0,2.6,16.0,1.0,,,,,,,,,,,,,,,,,,,,,,,,,,,,,,,,,,,,,,,,,,,,,,,,,,,,,,,,,,,,,,,,,,,,,,,,,,,,,,,,,,,,,,,,,,,,,,,,,,,,,,,,,,,,,,,,,,,,,,,,,,,,,,,,,,
1907,7,116.4,6.3,,,,,,,,,,,,,,,,,,,,,,,,,,,,,,,,,,,0.0,0.0,3.14,1.53,3.0,2.66,12.0,0.7,0.0,0.0,3.14,1.53,3.0,2.66,12.0,0.7,0.0,0.0,0.0,0.0,3.0,0.0,12.0,0.7,1007.32,1008.0,1008.75,1008.03,3.0,1.05,12.0,0.7,,,,,,,,,,,,,,,,,,,,,,,,,,,,,,,,,,,,,,,,,,,,,,,,,,,,,,,,,,,,,,,,,,,,,,,,,,,,,,,,,,,,,,,,,,,,,,,,,,,,,,,,,,,,,,,,,,,,,,,,,,,,,,,,,,
1907,7,116.4,12.3,,,,,,,,,,,,,,,,,,,,,,,,,,,,,,,,,,,2.82,6.7,6.7,5.41,8.0,1.88,14.0,0.8,0.0,0.0,1.99,1.11,8.0,2.53,14.0,0.8,1.67,5.48,6.7,4.45,8.0,2.58,14.0,0.8,1012.7,1012.7,1013.18,1012.93,3.0,0.4,14.0,0.7,,,,,,,,,,,,,,,,,,,,,,,,,,,,,,,,,,,,,,,,,,,,,,,,,,,,,,,,,,,,,,,,,,,,,,,,,,,,,,,,,,,,,,,,,,,,,,,,,,,,,,,,,,,,,,,,,,,,,,,,,,,,,,,,,,
1907,7,116.4,16.3,,,,,,,,,,,,,,,,,,,,,,,,,,,,,,,,,,,3.14,4.6,6.7,5.53,9.0,3.19,20.0,0.4,-0.02,4.27,5.81,3.33,9.0,4.44,20.0,0.4,-1.53,1.72,4.14,1.06,9.0,3.35,20.0,0.4,1000.27,1002.65,1003.94,1002.15,6.0,1.99,20.0,0.5,,,,,,,,,,,,,,,,,,,,,,,,,,,,,,,,,,,,,,,,,,,,,,,,,,,,,,,,,,,,,,,,,,,,,,,,,,,,,,,,,,,,,,,,,,,,,,,,,,,,,,,,,,,,,,,,,,,,,,,,,,,,,,,,,,
1907,7,116.4,18.3,,,,,,,,,,,,,,,,,,,,,,,,,,,,,,,,,,,1.0,2.6,5.23,3.46,18.0,2.79,18.0,0.6,-1.05,0.47,2.4,0.4,18.0,2.67,18.0,0.6,-1.84,0.84,2.8,1.24,18.0,3.4,18.0,0.6,999.09,1003.8,1013.29,1005.55,11.0,6.64,14.0,0.6,,,,,,,,,,,,,,,,,,,,,,,,,,,,,,,,,,,,,,,,,,,,,,,,,,,,,,,,,,,,,,,,,,,,,,,,,,,,,,,,,,,,,,,,,,,,,,,,,,,,,,,,,,,,,,,,,,,,,,,,,,,,,,,,,,
1907,7,116.4,20.3,,,,,,,,,,,,,,,,,,,,,,,,,,,,,,,,,,,1.0,1.8,2.6,1.8,4.0,0.92,24.0,0.5,-1.35,-0.97,0.08,-0.65,4.0,1.16,24.0,0.5,-1.04,0.17,1.42,0.19,4.0,1.8,24.0,0.5,1009.8,1009.8,1009.8,1009.8,1.0,0.0,6.0,1.0,,,,,,,,,,,,,,,,,,,,,,,,,,,,,,,,,,,,,,,,,,,,,,,,,,,,,,,,,,,,,,,,,,,,,,,,,,,,,,,,,,,,,,,,,,,,,,,,,,,,,,,,,,,,,,,,,,,,,,,,,,,,,,,,,,
1907,7,116.4,22.3,25.6,26.85,28.0,26.95,82.0,1.24,18.0,0.5,26.1,27.1,28.1,27.16,85.0,1.26,18.0,0.5,22.97,22.97,22.97,22.97,1.0,0.0,8.0,1.0,91.6,91.6,91.6,91.6,1.0,0.0,8.0,1.0,0.9,0.8,1.0,4.6,6.7,3.99,84.0,2.58,18.0,0.5,-3.2,0.78,2.96,0.27,84.0,3.26,18.0,0.5,-2.13,1.67,4.59,1.5,84.0,3.13,18.0,0.5,999.36,1004.6,1008.4,1003.82,37.0,5.0,16.0,0.5,2.0,4.0,7.0,4.5,74.0,2.3,18.0,0.5,91.6,91.6,91.6,91.6,1.0,0.0,8.0,1.0,0.9,0.8,-14.7,0.9,16.1,-0.8,84.0,25.6,18.0,0.5,-5.8,4.6,21.1,6.8,84.0,19.8,18.0,0.5,-1.2,0.0,1.1,-0.19,82.0,1.36,18.0,0.5,-6.0,0.0,4.5,-0.8,80.0,6.5,18.0,0.5,-1.72,-1.72,-1.72,-1.72,1.0,0.0,8.0,1.0,-7.9,-7.9,-7.9,-7.9,1.0,0.0,8.0,1.0,-87.7,20.5,84.3,7.9,83.0,89.0,18.0,0.5,-58.1,49.6,124.2,42.4,83.0,85.4,18.0,0.5,80.9,80.9,80.9,80.9,1.0,0.0,8.0,1.0,67.9,67.9,67.9,67.9,1.0,0.0,8.0,1.0,-6.0,-6.0,-6.0,-6.0,1.0,0.0,8.0,1.0,-5.1,-5.1,-5.1,-5.1,1.0,0.0,8.0,1.0,1.0,97.5,301.0,147.0,84.0,246.0,18.0,0.5,0.0,95.0,300.0,145.0,84.0,245.0,18.0,0.5
1907,7,116.4,38.3,,,,,,,,,,,,,,,,,,,,,,,,,,,,,,,,,,,2.92,3.6,4.28,3.6,2.0,1.41,26.0,0.5,-2.49,-1.48,-0.47,-1.48,2.0,2.09,26.0,0.5,2.75,3.06,3.38,3.06,2.0,0.65,26.0,0.5,1007.07,1007.85,1008.64,1007.85,2.0,1.63,26.0,0.5,,,,,,,,,,,,,,,,,,,,,,,,,,,,,,,,,,,,,,,,,,,,,,,,,,,,,,,,,,,,,,,,,,,,,,,,,,,,,,,,,,,,,,,,,,,,,,,,,,,,,,,,,,,,,,,,,,,,,,,,,,,,,,,,,,
1907,7,118.4,-35.7,,,,,,,,,,,,,,,,,,,,,,,,,,,,,,,,,,,2.6,4.6,9.3,6.49,15.0,3.52,14.0,0.5,2.6,4.6,8.61,5.58,15.0,3.51,14.0,0.5,-3.43,0.0,2.58,-0.07,15.0,3.44,14.0,0.5,1003.0,1006.5,1009.83,1006.83,6.0,3.82,18.0,0.5,,,,,,,,,,,,,,,,,,,,,,,,,,,,,,,,,,,,,,,,,,,,,,,,,,,,,,,,,,,,,,,,,,,,,,,,,,,,,,,,,,,,,,,,,,,,,,,,,,,,,,,,,,,,,,,,,,,,,,,,,,,,,,,,,,
1907,7,118.4,-7.7,,,,,,,,,,,,,,,,,,,,,,,,,,,,,,,,,,,3.14,4.6,4.6,4.16,9.0,0.88,12.0,0.3,-4.3,-3.52,0.95,-1.91,9.0,3.01,12.0,0.3,0.42,2.3,2.96,1.77,9.0,1.87,12.0,0.3,1010.0,1010.0,1010.0,1010.0,2.0,0.0,20.0,0.0,,,,,,,,,,,,,,,,,,,,,,,,,,,,,,,,,,,,,,,,,,,,,,,,,,,,,,,,,,,,,,,,,,,,,,,,,,,,,,,,,,,,,,,,,,,,,,,,,,,,,,,,,,,,,,,,,,,,,,,,,,,,,,,,,,
1907,7,118.4,-5.7,,,,,,,,,,,,,,,,,,,,,,,,,,,,,,,,,,,1.0,4.6,4.6,3.73,10.0,1.99,16.0,0.3,-3.41,-1.15,0.0,-1.49,10.0,1.63,16.0,0.3,1.0,3.1,4.34,2.94,10.0,2.17,16.0,0.3,1009.27,1010.0,1010.07,1009.64,5.0,0.92,20.0,0.4,,,,,,,,,,,,,,,,,,,,,,,,,,,,,,,,,,,,,,,,,,,,,,,,,,,,,,,,,,,,,,,,,,,,,,,,,,,,,,,,,,,,,,,,,,,,,,,,,,,,,,,,,,,,,,,,,,,,,,,,,,,,,,,,,,
1907,7,118.4,-3.7,,,,,,,,,,,,,,,,,,,,,,,,,,,,,,,,,,,1.76,2.6,2.6,2.2,4.0,0.8,10.0,0.3,-1.84,-0.92,0.0,-0.92,4.0,1.06,10.0,0.3,-2.24,-1.42,0.49,-0.9,4.0,1.94,10.0,0.3,1007.85,1008.1,1009.3,1008.55,4.0,1.12,10.0,0.3,,,,,,,,,,,,,,,,,,,,,,,,,,,,,,,,,,,,,,,,,,,,,,,,,,,,,,,,,,,,,,,,,,,,,,,,,,,,,,,,,,,,,,,,,,,,,,,,,,,,,,,,,,,,,,,,,,,,,,,,,,,,,,,,,,
1907,7,118.4,-1.7,,,,,,,,,,,,,,,,,,,,,,,,,,,,,,,,,,,0.48,1.8,2.6,1.55,4.0,1.28,12.0,0.5,-0.37,0.0,0.0,-0.18,4.0,0.35,12.0,0.5,-2.6,-1.65,-0.34,-1.48,4.0,1.33,12.0,0.5,1006.16,1006.7,1008.49,1007.18,5.0,1.42,12.0,0.6,,,,,,,,,,,,,,,,,,,,,,,,,,,,,,,,,,,,,,,,,,,,,,,,,,,,,,,,,,,,,,,,,,,,,,,,,,,,,,,,,,,,,,,,,,,,,,,,,,,,,,,,,,,,,,,,,,,,,,,,,,,,,,,,,,
1907,7,118.4,0.3,,,,,,,,,,,,,,,,,,,,,,,,,,,,,,,,,,,0.0,1.0,1.0,0.63,8.0,0.52,14.0,0.5,-0.89,0.0,0.82,-0.01,8.0,0.74,14.0,0.5,0.0,0.0,0.33,0.17,8.0,0.36,14.0,0.5,1006.79,1007.8,1008.3,1007.71,8.0,0.73,14.0,0.5,,,,,,,,,,,,,,,,,,,,,,,,,,,,,,,,,,,,,,,,,,,,,,,,,,,,,,,,,,,,,,,,,,,,,,,,,,,,,,,,,,,,,,,,,,,,,,,,,,,,,,,,,,,,,,,,,,,,,,,,,,,,,,,,,,
1907,7,118.4,2.3,,,,,,,,,,,,,,,,,,,,,,,,,,,,,,,,,,,0.95,1.0,2.6,1.31,7.0,0.95,14.0,0.3,-1.84,0.0,0.71,-0.32,7.0,1.16,14.0,0.3,-1.84,0.0,0.71,-0.32,7.0,1.16,14.0,0.3,1005.5,1007.3,1007.42,1006.83,7.0,0.97,14.0,0.3,,,,,,,,,,,,,,,,,,,,,,,,,,,,,,,,,,,,,,,,,,,,,,,,,,,,,,,,,,,,,,,,,,,,,,,,,,,,,,,,,,,,,,,,,,,,,,,,,,,,,,,,,,,,,,,,,,,,,,,,,,,,,,,,,,
1907,7,118.4,4.3,,,,,,,,,,,,,,,,,,,,,,,,,,,,,,,,,,,0.0,1.0,1.0,0.67,6.0,0.52,16.0,1.0,-0.15,0.35,0.71,0.24,6.0,0.58,16.0,1.0,-0.15,0.35,0.71,0.24,6.0,0.58,16.0,1.0,1006.63,1008.4,1009.72,1008.18,6.0,1.65,16.0,1.0,,,,,,,,,,,,,,,,,,,,,,,,,,,,,,,,,,,,,,,,,,,,,,,,,,,,,,,,,,,,,,,,,,,,,,,,,,,,,,,,,,,,,,,,,,,,,,,,,,,,,,,,,,,,,,,,,,,,,,,,,,,,,,,,,,
1907,7,118.4,6.3,,,,,,,,,,,,,,,,,,,,,,,,,,,,,,,,,,,0.0,0.0,0.68,0.33,3.0,0.58,16.0,0.0,0.0,0.0,0.0,0.0,3.0,0.0,16.0,0.0,0.0,0.0,0.68,0.33,3.0,0.58,16.0,0.0,1007.09,1007.7,1008.52,1007.8,3.0,1.05,16.0,0.0,,,,,,,,,,,,,,,,,,,,,,,,,,,,,,,,,,,,,,,,,,,,,,,,,,,,,,,,,,,,,,,,,,,,,,,,,,,,,,,,,,,,,,,,,,,,,,,,,,,,,,,,,,,,,,,,,,,,,,,,,,,,,,,,,,
1907,7,118.4,8.3,,,,,,,,,,,,,,,,,,,,,,,,,,,,,,,,,,,0.0,0.0,0.68,0.33,3.0,0.58,10.0,0.3,0.0,0.0,0.59,0.29,3.0,0.5,10.0,0.3,0.0,0.0,0.34,0.17,3.0,0.29,10.0,0.3,1008.32,1009.0,1009.0,1008.67,3.0,0.58,10.0,0.3,,,,,,,,,,,,,,,,,,,,,,,,,,,,,,,,,,,,,,,,,,,,,,,,,,,,,,,,,,,,,,,,,,,,,,,,,,,,,,,,,,,,,,,,,,,,,,,,,,,,,,,,,,,,,,,,,,,,,,,,,,,,,,,,,,
1907,7,118.4,12.3,,,,,,,,,,,,,,,,,,,,,,,,,,,,,,,,,,,2.6,6.7,9.44,6.7,7.0,3.46,16.0,0.3,-1.72,0.0,8.63,2.54,7.0,4.77,16.0,0.3,1.9,4.74,6.8,4.62,7.0,3.02,16.0,0.3,1004.39,1006.1,1012.37,1007.96,5.0,4.22,16.0,0.4,,,,,,,,,,,,,,,,,,,,,,,,,,,,,,,,,,,,,,,,,,,,,,,,,,,,,,,,,,,,,,,,,,,,,,,,,,,,,,,,,,,,,,,,,,,,,,,,,,,,,,,,,,,,,,,,,,,,,,,,,,,,,,,,,,
1907,7,118.4,14.3,,,,,,,,,,,,,,,,,,,,,,,,,,,,,,,,,,,2.6,4.6,9.3,6.23,19.0,3.29,18.0,0.6,1.81,4.27,8.63,4.82,19.0,3.14,18.0,0.6,0.0,2.96,6.23,3.04,19.0,2.75,18.0,0.6,1002.82,1003.8,1008.53,1005.3,11.0,4.22,18.0,0.7,,,,,,,,,,,,,,,,,,,,,,,,,,,,,,,,,,,,,,,,,,,,,,,,,,,,,,,,,,,,,,,,,,,,,,,,,,,,,,,,,,,,,,,,,,,,,,,,,,,,,,,,,,,,,,,,,,,,,,,,,,,,,,,,,,
1907,7,118.4,16.3,,,,,,,,,,,,,,,,,,,,,,,,,,,,,,,,,,,1.0,2.6,4.47,2.9,14.0,3.25,18.0,0.6,-0.5,0.0,1.84,0.74,14.0,2.73,18.0,0.6,0.05,1.39,3.2,2.16,14.0,2.56,18.0,0.6,1004.17,1013.55,1014.1,1010.12,6.0,5.96,12.0,0.7,,,,,,,,,,,,,,,,,,,,,,,,,,,,,,,,,,,,,,,,,,,,,,,,,,,,,,,,,,,,,,,,,,,,,,,,,,,,,,,,,,,,,,,,,,,,,,,,,,,,,,,,,,,,,,,,,,,,,,,,,,,,,,,,,,
1907,7,118.4,22.3,,,,,,,,,,,,,,,,,,,,,,,,,,,,,,,,,,,2.6,4.6,6.7,4.17,19.0,1.81,20.0,0.6,-3.47,1.57,3.0,0.1,19.0,3.25,20.0,0.6,-2.39,0.0,3.64,0.53,19.0,3.28,20.0,0.6,993.5,1001.2,1004.6,1000.22,10.0,5.55,20.0,0.8,,,,,,,,,,,,,,,,,,,,,,,,,,,,,,,,,,,,,,,,,,,,,,,,,,,,,,,,,,,,,,,,,,,,,,,,,,,,,,,,,,,,,,,,,,,,,,,,,,,,,,,,,,,,,,,,,,,,,,,,,,,,,,,,,,
1907,7,118.4,24.3,25.6,26.8,28.0,26.78,76.0,1.32,18.0,0.5,25.6,26.8,27.8,26.69,78.0,1.13,18.0,0.5,20.78,20.87,20.96,20.87,2.0,0.19,6.0,1.0,92.1,93.5,94.8,93.5,2.0,2.7,6.0,1.0,0.5,0.1,1.1,4.6,6.7,4.25,77.0,2.53,18.0,0.5,-1.67,1.0,3.25,0.84,77.0,3.01,18.0,0.5,-2.27,2.44,4.32,1.35,77.0,3.61,18.0,0.5,998.7,1003.9,1009.04,1003.74,36.0,5.39,16.0,0.6,2.0,6.0,8.0,5.0,70.0,2.2,18.0,0.5,92.1,93.5,94.8,93.5,2.0,2.7,6.0,1.0,0.5,0.1,-7.2,2.3,15.4,3.8,77.0,22.1,18.0,0.5,-6.7,6.4,28.9,6.5,77.0,26.2,18.0,0.5,-1.06,0.0,1.26,0.15,73.0,1.45,18.0,0.5,-5.1,0.0,3.7,-0.5,70.0,5.2,18.0,0.5,-0.85,-0.3,0.25,-0.3,2.0,1.14,6.0,1.0,-5.7,-2.0,1.7,-2.0,2.0,7.6,6.0,1.0,-47.6,25.0,88.5,19.2,73.0,80.1,18.0,0.5,-58.5,58.4,118.9,33.1,73.0,95.7,18.0,0.5,106.7,107.1,107.6,107.1,2.0,1.0,6.0,1.0,89.5,89.9,90.3,89.9,2.0,0.8,6.0,1.0,-4.4,-1.6,1.3,-1.6,2.0,5.9,6.0,1.0,-3.7,-1.3,1.1,-1.3,2.0,4.9,6.0,1.0,2.0,97.5,301.0,163.5,77.0,235.0,18.0,0.5,0.0,95.0,300.0,165.0,77.0,235.0,18.0,0.5
1907,7,118.4,36.3,,,,,,,,,,,,,,,,,,,,,,,,,,,,,,,,,,,4.6,4.6,4.6,4.6,1.0,0.0,30.0,0.0,-2.96,-2.96,-2.96,-2.96,1.0,0.0,30.0,0.0,3.52,3.52,3.52,3.52,1.0,0.0,30.0,0.0,1007.4,1007.4,1007.4,1007.4,1.0,0.0,30.0,0.0,,,,,,,,,,,,,,,,,,,,,,,,,,,,,,,,,,,,,,,,,,,,,,,,,,,,,,,,,,,,,,,,,,,,,,,,,,,,,,,,,,,,,,,,,,,,,,,,,,,,,,,,,,,,,,,,,,,,,,,,,,,,,,,,,,
1907,7,118.4,38.3,,,,,,,,,,,,,,,,,,,,,,,,,,,,,,,,,,,2.6,4.6,4.6,3.94,36.0,1.67,20.0,0.4,-4.31,-0.35,1.44,-0.92,36.0,2.49,20.0,0.4,-0.7,1.31,4.6,1.29,36.0,3.15,20.0,0.4,1004.0,1008.4,1011.77,1008.16,31.0,3.27,18.0,0.5,,,,,,,,,,,,,,,,,,,,,,,,,,,,,,,,,,,,,,,,,,,,,,,,,,,,,,,,,,,,,,,,,,,,,,,,,,,,,,,,,,,,,,,,,,,,,,,,,,,,,,,,,,,,,,,,,,,,,,,,,,,,,,,,,,
1907,7,120.4,-35.7,,,,,,,,,,,,,,,,,,,,,,,,,,,,,,,,,,,2.6,5.65,9.3,5.95,16.0,3.47,16.0,0.4,-2.54,0.5,7.56,1.92,16.0,5.66,16.0,0.4,-4.78,-1.41,1.07,-1.39,16.0,3.43,16.0,0.4,1000.59,1008.5,1013.21,1007.33,6.0,6.15,18.0,0.3,,,,,,,,,,,,,,,,,,,,,,,,,,,,,,,,,,,,,,,,,,,,,,,,,,,,,,,,,,,,,,,,,,,,,,,,,,,,,,,,,,,,,,,,,,,,,,,,,,,,,,,,,,,,,,,,,,,,,,,,,,,,,,,,,,
1907,7,120.4,6.3,,,,,,,,,,,,,,,,,,,,,,,,,,,,,,,,,,,1.0,1.0,1.0,1.0,3.0,0.0,16.0,0.3,-0.36,0.37,0.8,0.22,3.0,0.86,16.0,0.3,-0.86,-0.71,-0.22,-0.54,3.0,0.48,16.0,0.3,1008.39,1009.7,1011.27,1009.83,4.0,2.25,20.0,0.5,,,,,,,,,,,,,,,,,,,,,,,,,,,,,,,,,,,,,,,,,,,,,,,,,,,,,,,,,,,,,,,,,,,,,,,,,,,,,,,,,,,,,,,,,,,,,,,,,,,,,,,,,,,,,,,,,,,,,,,,,,,,,,,,,,
1907,7,120.4,8.3,,,,,,,,,,,,,,,,,,,,,,,,,,,,,,,,,,,1.0,2.6,4.6,2.66,12.0,1.89,18.0,0.6,0.62,2.2,4.27,2.11,12.0,1.63,18.0,0.6,-0.18,0.93,1.89,1.17,12.0,1.5,18.0,0.6,1008.16,1009.0,1011.3,1009.75,11.0,2.35,18.0,0.6,,,,,,,,,,,,,,,,,,,,,,,,,,,,,,,,,,,,,,,,,,,,,,,,,,,,,,,,,,,,,,,,,,,,,,,,,,,,,,,,,,,,,,,,,,,,,,,,,,,,,,,,,,,,,,,,,,,,,,,,,,,,,,,,,,
1907,7,120.4,10.3,,,,,,,,,,,,,,,,,,,,,,,,,,,,,,,,,,,0.0,1.0,2.42,1.28,8.0,1.6,18.0,0.5,0.0,0.0,0.7,0.31,8.0,0.76,18.0,0.5,-1.72,-0.35,0.0,-0.9,8.0,1.67,18.0,0.5,1007.2,1009.1,1009.57,1009.18,8.0,2.46,18.0,0.5,,,,,,,,,,,,,,,,,,,,,,,,,,,,,,,,,,,,,,,,,,,,,,,,,,,,,,,,,,,,,,,,,,,,,,,,,,,,,,,,,,,,,,,,,,,,,,,,,,,,,,,,,,,,,,,,,,,,,,,,,,,,,,,,,,
1907,7,120.4,12.3,,,,,,,,,,,,,,,,,,,,,,,,,,,,,,,,,,,0.0,4.6,6.7,3.66,9.0,3.52,16.0,0.8,-0.29,0.0,4.61,2.18,9.0,3.69,16.0,0.8,-0.67,0.0,3.92,1.11,9.0,2.67,16.0,0.8,1006.32,1007.9,1011.1,1008.56,7.0,2.9,12.0,0.6,,,,,,,,,,,,,,,,,,,,,,,,,,,,,,,,,,,,,,,,,,,,,,,,,,,,,,,,,,,,,,,,,,,,,,,,,,,,,,,,,,,,,,,,,,,,,,,,,,,,,,,,,,,,,,,,,,,,,,,,,,,,,,,,,,
1907,7,120.4,14.3,,,,,,,,,,,,,,,,,,,,,,,,,,,,,,,,,,,1.69,4.6,9.3,5.09,10.0,3.99,18.0,0.5,-1.84,0.0,6.58,1.59,10.0,4.12,18.0,0.5,-1.84,2.12,6.58,2.24,10.0,4.4,18.0,0.5,1010.32,1011.0,1011.96,1011.13,3.0,1.21,6.0,0.0,,,,,,,,,,,,,,,,,,,,,,,,,,,,,,,,,,,,,,,,,,,,,,,,,,,,,,,,,,,,,,,,,,,,,,,,,,,,,,,,,,,,,,,,,,,,,,,,,,,,,,,,,,,,,,,,,,,,,,,,,,,,,,,,,,
1907,7,120.4,24.3,25.11,26.1,27.8,26.58,36.0,1.55,20.0,0.5,25.42,26.4,27.91,26.48,34.0,1.16,20.0,0.5,18.21,18.32,18.44,18.32,2.0,0.24,6.0,0.0,83.3,84.9,86.4,84.9,2.0,3.2,6.0,0.0,0.3,0.6,2.6,4.6,6.7,4.65,35.0,2.63,20.0,0.5,-3.14,0.0,4.26,0.15,35.0,3.12,20.0,0.5,-3.25,0.94,4.74,0.5,35.0,4.37,20.0,0.5,997.16,1005.4,1012.78,1005.6,26.0,6.74,18.0,0.5,2.0,4.0,7.4,4.6,30.0,2.3,20.0,0.5,83.3,84.9,86.4,84.9,2.0,3.2,6.0,0.0,0.3,0.6,-15.0,0.0,26.1,2.2,35.0,21.9,20.0,0.5,-15.0,0.9,31.7,2.0,35.0,34.9,20.0,0.5,-1.1,-0.25,1.18,0.05,34.0,1.45,20.0,0.5,-5.3,-0.8,4.4,-0.5,33.0,6.5,20.0,0.5,0.74,0.85,0.97,0.85,2.0,0.24,6.0,0.0,6.5,6.6,6.8,6.6,2.0,0.3,6.0,0.0,-87.4,0.0,118.9,3.9,33.0,84.3,20.0,0.5,-90.9,25.1,122.8,13.9,33.0,118.2,20.0,0.5,99.3,112.5,125.6,112.5,2.0,27.3,6.0,0.0,83.3,94.4,105.4,94.4,2.0,22.9,6.0,0.0,4.9,5.1,5.2,5.1,2.0,0.2,6.0,0.0,4.2,4.3,4.4,4.3,2.0,0.2,6.0,0.0,17.5,97.5,301.0,203.5,35.0,335.0,20.0,0.5,20.0,95.0,300.0,205.0,35.0,335.0,20.0,0.5
1907,7,120.4,26.3,24.85,26.1,27.5,26.15,53.0,1.24,18.0,0.6,25.0,26.5,27.35,26.29,53.0,1.09,18.0,0.6,17.23,18.18,19.66,18.44,3.0,1.79,6.0,1.0,84.2,87.5,90.2,87.2,3.0,4.4,6.0,1.0,0.5,0.3,1.0,2.6,6.7,3.76,55.0,2.53,18.0,0.6,-0.73,1.8,4.74,1.58,55.0,2.77,18.0,0.6,-1.19,1.84,4.6,1.63,55.0,2.82,18.0,0.6,1000.74,1004.5,1008.5,1004.34,23.0,4.24,16.0,0.7,2.0,6.0,8.0,5.3,45.0,2.4,18.0,0.6,84.2,87.5,90.2,87.2,3.0,4.4,6.0,1.0,0.5,0.3,-0.7,4.8,31.7,10.0,55.0,21.0,18.0,0.6,-2.5,4.8,28.9,9.8,55.0,18.3,18.0,0.6,-1.38,0.0,0.69,-0.17,52.0,1.16,18.0,0.6,-4.6,0.0,1.9,-0.9,51.0,5.2,18.0,0.6,-0.5,1.73,2.2,0.87,3.0,2.12,6.0,1.0,-3.4,11.6,14.7,5.8,3.0,14.2,6.0,1.0,-20.3,34.1,110.8,35.4,52.0,68.4,18.0,0.6,-43.4,47.0,115.0,41.0,52.0,74.9,18.0,0.6,88.4,93.3,100.9,94.6,3.0,9.2,6.0,1.0,74.2,78.3,84.7,79.4,3.0,7.7,6.0,1.0,-2.6,8.9,11.3,4.5,3.0,10.9,6.0,1.0,-2.2,7.5,9.5,3.7,3.0,9.1,6.0,1.0,1.0,17.5,301.0,132.0,55.0,215.0,18.0,0.6,0.0,20.0,300.0,130.0,55.0,215.0,18.0,0.6
1907,7,120.4,28.3,,,,,,,,,,,,,,,,,,,,,,,,,,,,,,,,,,,0.0,2.6,3.43,2.3,11.0,2.07,18.0,0.5,-2.33,0.0,0.96,-0.86,11.0,1.95,18.0,0.5,-1.45,0.0,2.07,0.28,11.0,2.33,18.0,0.5,998.41,1001.3,1004.29,1001.16,5.0,4.22,18.0,0.8,,,,,,,,,,,,,,,,,,,,,,,,,,,,,,,,,,,,,,,,,,,,,,,,,,,,,,,,,,,,,,,,,,,,,,,,,,,,,,,,,,,,,,,,,,,,,,,,,,,,,,,,,,,,,,,,,,,,,,,,,,,,,,,,,,
1907,7,120.4,30.3,,,,,,,,,,,,,,,,,,,,,,,,,,,,,,,,,,,2.6,2.6,4.6,3.48,17.0,1.69,22.0,0.8,-2.35,-1.0,1.91,-0.61,17.0,2.51,22.0,0.8,0.0,1.99,3.89,1.82,17.0,2.35,22.0,0.8,1007.26,1009.5,1010.81,1007.81,9.0,5.23,16.0,0.8,,,,,,,,,,,,,,,,,,,,,,,,,,,,,,,,,,,,,,,,,,,,,,,,,,,,,,,,,,,,,,,,,,,,,,,,,,,,,,,,,,,,,,,,,,,,,,,,,,,,,,,,,,,,,,,,,,,,,,,,,,,,,,,,,,
1907,7,120.4,36.3,,,,,,,,,,,,,,,,,,,,,,,,,,,,,,,,,,,1.35,2.6,4.6,3.01,15.0,1.54,18.0,0.7,-4.27,-2.6,-1.15,-2.63,15.0,1.38,18.0,0.7,-1.72,-1.57,0.0,-0.87,15.0,1.42,18.0,0.7,1001.65,1007.4,1009.67,1006.19,9.0,3.8,14.0,1.0,,,,,,,,,,,,,,,,,,,,,,,,,,,,,,,,,,,,,,,,,,,,,,,,,,,,,,,,,,,,,,,,,,,,,,,,,,,,,,,,,,,,,,,,,,,,,,,,,,,,,,,,,,,,,,,,,,,,,,,,,,,,,,,,,,
1907,7,120.4,38.3,,,,,,,,,,,,,,,,,,,,,,,,,,,,,,,,,,,2.6,2.6,4.6,2.98,30.0,1.24,16.0,0.7,-2.6,-1.67,0.0,-1.14,30.0,1.67,16.0,0.7,-1.67,1.99,3.18,1.08,30.0,2.31,16.0,0.7,993.0,999.5,1009.41,1000.3,45.0,7.23,20.0,0.7,,,,,,,,,,,,,,,,,,,,,,,,,,,,,,,,,,,,,,,,,,,,,,,,,,,,,,,,,,,,,,,,,,,,,,,,,,,,,,,,,,,,,,,,,,,,,,,,,,,,,,,,,,,,,,,,,,,,,,,,,,,,,,,,,,
1907,7,122.4,-35.7,,,,,,,,,,,,,,,,,,,,,,,,,,,,,,,,,,,4.73,9.3,12.3,9.62,14.0,4.99,16.0,0.6,-6.56,-3.63,8.04,-0.73,14.0,8.3,16.0,0.6,-8.69,-5.2,1.75,-3.84,14.0,6.26,16.0,0.6,996.63,1013.0,1014.1,1007.0,5.0,9.67,16.0,0.8,,,,,,,,,,,,,,,,,,,,,,,,,,,,,,,,,,,,,,,,,,,,,,,,,,,,,,,,,,,,,,,,,,,,,,,,,,,,,,,,,,,,,,,,,,,,,,,,,,,,,,,,,,,,,,,,,,,,,,,,,,,,,,,,,,
1907,7,122.4,4.3,,,,,,,,,,,,,,,,,,,,,,,,,,,,,,,,,,,1.0,1.0,1.0,1.0,2.0,0.0,30.0,0.0,0.15,0.47,0.79,0.47,2.0,0.66,30.0,0.0,-0.9,-0.67,-0.45,-0.67,2.0,0.47,30.0,0.0,1012.81,1013.7,1013.97,1013.4,3.0,0.89,30.0,0.0,,,,,,,,,,,,,,,,,,,,,,,,,,,,,,,,,,,,,,,,,,,,,,,,,,,,,,,,,,,,,,,,,,,,,,,,,,,,,,,,,,,,,,,,,,,,,,,,,,,,,,,,,,,,,,,,,,,,,,,,,,,,,,,,,,
1907,7,122.4,6.3,,,,,,,,,,,,,,,,,,,,,,,,,,,,,,,,,,,0.0,0.0,0.0,0.0,2.0,0.0,30.0,1.0,0.0,0.0,0.0,0.0,2.0,0.0,30.0,1.0,0.0,0.0,0.0,0.0,2.0,0.0,30.0,1.0,1013.17,1013.55,1013.93,1013.55,2.0,0.78,30.0,1.0,,,,,,,,,,,,,,,,,,,,,,,,,,,,,,,,,,,,,,,,,,,,,,,,,,,,,,,,,,,,,,,,,,,,,,,,,,,,,,,,,,,,,,,,,,,,,,,,,,,,,,,,,,,,,,,,,,,,,,,,,,,,,,,,,,
1907,7,122.4,8.3,,,,,,,,,,,,,,,,,,,,,,,,,,,,,,,,,,,1.0,1.0,3.46,2.2,3.0,2.08,10.0,0.3,0.22,0.71,0.71,0.47,3.0,0.41,10.0,0.3,0.71,0.71,3.36,2.0,3.0,2.25,10.0,0.3,1009.0,1009.0,1009.52,1009.25,4.0,0.5,10.0,0.3,,,,,,,,,,,,,,,,,,,,,,,,,,,,,,,,,,,,,,,,,,,,,,,,,,,,,,,,,,,,,,,,,,,,,,,,,,,,,,,,,,,,,,,,,,,,,,,,,,,,,,,,,,,,,,,,,,,,,,,,,,,,,,,,,,
1907,7,122.4,12.3,,,,,,,,,,,,,,,,,,,,,,,,,,,,,,,,,,,0.95,2.6,6.97,4.56,7.0,4.29,12.0,0.3,-2.6,0.0,6.46,2.31,7.0,5.3,12.0,0.3,0.0,0.0,4.61,1.69,7.0,2.23,12.0,0.3,1006.8,1009.5,1011.05,1008.95,4.0,3.03,6.0,0.5,,,,,,,,,,,,,,,,,,,,,,,,,,,,,,,,,,,,,,,,,,,,,,,,,,,,,,,,,,,,,,,,,,,,,,,,,,,,,,,,,,,,,,,,,,,,,,,,,,,,,,,,,,,,,,,,,,,,,,,,,,,,,,,,,,
1907,7,122.4,24.3,,,,,,,,,,,,,,,,,,,,,,,,,,,,,,,,,,,3.19,6.7,6.7,5.03,4.0,3.35,26.0,0.5,-4.94,-4.74,-2.26,-3.65,4.0,2.44,26.0,0.5,-4.74,-4.52,-2.05,-3.45,4.0,2.31,26.0,0.5,1016.8,1016.8,1016.8,1016.8,1.0,0.0,22.0,1.0,,,,,,,,,,,,,,,,,,,,,,,,,,,,,,,,,,,,,,,,,,,,,,,,,,,,,,,,,,,,,,,,,,,,,,,,,,,,,,,,,,,,,,,,,,,,,,,,,,,,,,,,,,,,,,,,,,,,,,,,,,,,,,,,,,
1907,7,122.4,26.3,24.54,26.45,27.2,26.16,34.0,1.18,18.0,0.5,25.18,26.1,27.21,26.26,32.0,1.16,18.0,0.5,19.46,19.46,19.46,19.46,1.0,0.0,6.0,1.0,91.5,91.5,91.5,91.5,1.0,0.0,6.0,1.0,0.0,0.9,2.6,4.6,6.7,4.58,34.0,2.51,18.0,0.5,-3.25,0.0,4.69,0.07,34.0,3.6,18.0,0.5,-2.6,0.69,5.65,1.23,34.0,3.67,18.0,0.5,1005.13,1009.1,1015.9,1009.54,28.0,5.62,16.0,0.5,3.0,6.0,7.9,5.1,33.0,2.2,18.0,0.5,91.5,91.5,91.5,91.5,1.0,0.0,6.0,1.0,0.0,0.9,-15.0,0.0,29.8,4.5,34.0,26.5,18.0,0.5,-7.9,0.7,41.1,10.0,34.0,24.8,18.0,0.5,-1.24,0.15,0.73,-0.15,32.0,1.06,18.0,0.5,-7.6,0.2,2.7,-1.7,32.0,5.9,18.0,0.5,0.48,0.48,0.48,0.48,1.0,0.0,6.0,1.0,3.2,3.2,3.2,3.2,1.0,0.0,6.0,1.0,-93.0,0.0,86.1,-4.5,32.0,92.7,18.0,0.5,-72.3,4.5,127.2,27.6,32.0,96.5,18.0,0.5,99.9,99.9,99.9,99.9,1.0,0.0,6.0,1.0,83.8,83.8,83.8,83.8,1.0,0.0,6.0,1.0,2.4,2.4,2.4,2.4,1.0,0.0,6.0,1.0,2.1,2.1,2.1,2.1,1.0,0.0,6.0,1.0,17.5,97.5,301.0,186.0,34.0,250.5,18.0,0.5,20.0,95.0,300.0,185.0,34.0,250.0,18.0,0.5
1907,7,122.4,28.3,23.97,24.6,26.67,25.11,43.0,1.29,18.0,0.6,23.97,25.2,26.7,25.38,43.0,1.53,18.0,0.6,17.87,17.87,17.87,17.87,1.0,0.0,6.0,0.0,87.4,89.0,90.6,89.0,2.0,3.4,6.0,0.0,0.2,0.6,1.0,2.6,4.64,3.24,45.0,2.15,18.0,0.6,-1.81,0.0,2.29,0.16,45.0,2.55,18.0,0.6,-2.51,0.0,2.62,0.13,45.0,2.97,18.0,0.6,1001.27,1004.35,1008.31,1004.34,26.0,4.63,16.0,0.6,2.0,6.0,8.0,5.1,39.0,2.6,18.0,0.5,87.4,89.0,90.6,89.0,2.0,3.4,6.0,0.0,0.2,0.6,-6.8,0.0,6.5,1.4,45.0,15.0,18.0,0.6,-6.9,0.0,6.9,0.1,45.0,18.1,18.0,0.6,-1.35,0.0,1.15,-0.2,42.0,1.51,18.0,0.6,-2.9,0.0,3.3,-0.1,41.0,4.7,18.0,0.6,2.07,2.07,2.07,2.07,1.0,0.0,6.0,0.0,13.8,13.8,13.8,13.8,1.0,0.0,6.0,0.0,-49.5,0.0,52.2,5.4,42.0,61.0,18.0,0.6,-60.2,0.0,64.6,4.2,42.0,74.2,18.0,0.6,91.7,91.7,91.7,91.7,1.0,0.0,6.0,0.0,77.0,77.0,77.0,77.0,1.0,0.0,6.0,0.0,10.6,10.6,10.6,10.6,1.0,0.0,6.0,0.0,8.9,8.9,8.9,8.9,1.0,0.0,6.0,0.0,1.0,17.5,101.0,84.5,45.0,147.5,18.0,0.6,0.0,20.0,100.0,85.0,45.0,150.0,18.0,0.6
1907,7,122.4,30.3,,,,,,,,,,,,,,,,,,,,,,,,,,,,,,,,,,,2.6,4.6,6.7,4.0,106.0,2.01,18.0,0.5,-3.06,0.0,2.62,-0.36,106.0,2.72,18.0,0.5,-2.39,0.0,4.6,0.94,106.0,3.44,18.0,0.5,996.92,1005.0,1010.3,1003.92,54.0,6.27,18.0,0.5,,,,,,,,,,,,,,,,,,,,,,,,,,,,,,,,,,,,,,,,,,,,,,,,,,,,,,,,,,,,,,,,,,,,,,,,,,,,,,,,,,,,,,,,,,,,,,,,,,,,,,,,,,,,,,,,,,,,,,,,,,,,,,,,,,
1907,7,122.4,32.3,,,,,,,,,,,,,,,,,,,,,,,,,,,,,,,,,,,2.6,5.65,8.19,5.62,10.0,2.67,20.0,0.5,-3.58,-2.23,-0.44,-1.96,10.0,3.94,20.0,0.5,-6.17,-2.12,0.0,-2.61,10.0,3.85,20.0,0.5,1016.4,1016.4,1016.4,1016.4,1.0,0.0,30.0,0.0,,,,,,,,,,,,,,,,,,,,,,,,,,,,,,,,,,,,,,,,,,,,,,,,,,,,,,,,,,,,,,,,,,,,,,,,,,,,,,,,,,,,,,,,,,,,,,,,,,,,,,,,,,,,,,,,,,,,,,,,,,,,,,,,,,
1907,7,122.4,36.3,,,,,,,,,,,,,,,,,,,,,,,,,,,,,,,,,,,1.0,2.6,4.6,2.85,116.0,2.06,22.0,0.5,-3.46,-0.92,0.0,-1.28,116.0,2.04,22.0,0.5,-1.67,0.1,2.6,0.67,116.0,2.48,22.0,0.5,998.38,1004.6,1010.42,1004.72,35.0,5.9,16.0,0.5,,,,,,,,,,,,,,,,,,,,,,,,,,,,,,,,,,,,,,,,,,,,,,,,,,,,,,,,,,,,,,,,,,,,,,,,,,,,,,,,,,,,,,,,,,,,,,,,,,,,,,,,,,,,,,,,,,,,,,,,,,,,,,,,,,
1907,7,122.4,38.3,,,,,,,,,,,,,,,,,,,,,,,,,,,,,,,,,,,1.0,2.6,2.79,2.58,13.0,1.61,16.0,0.8,-2.62,0.0,2.46,-0.25,13.0,2.44,16.0,0.8,-0.07,0.77,1.76,0.96,13.0,1.66,16.0,0.8,994.6,1002.5,1005.24,1000.6,13.0,4.84,18.0,0.8,,,,,,,,,,,,,,,,,,,,,,,,,,,,,,,,,,,,,,,,,,,,,,,,,,,,,,,,,,,,,,,,,,,,,,,,,,,,,,,,,,,,,,,,,,,,,,,,,,,,,,,,,,,,,,,,,,,,,,,,,,,,,,,,,,
1907,7,124.4,-35.7,,,,,,,,,,,,,,,,,,,,,,,,,,,,,,,,,,,5.66,9.3,15.4,10.12,12.0,5.37,16.0,0.7,-4.75,-2.62,10.89,0.94,12.0,7.74,16.0,0.7,-9.26,-5.45,8.08,-3.0,12.0,8.35,16.0,0.7,1005.52,1011.0,1020.83,1012.2,5.0,10.62,16.0,0.6,,,,,,,,,,,,,,,,,,,,,,,,,,,,,,,,,,,,,,,,,,,,,,,,,,,,,,,,,,,,,,,,,,,,,,,,,,,,,,,,,,,,,,,,,,,,,,,,,,,,,,,,,,,,,,,,,,,,,,,,,,,,,,,,,,
1907,7,124.4,0.3,,,,,,,,,,,,,,,,,,,,,,,,,,,,,,,,,,,2.6,2.6,6.47,3.68,8.0,2.1,30.0,0.5,-0.79,1.39,4.72,1.89,8.0,2.54,30.0,0.5,0.11,2.44,4.5,2.13,8.0,2.04,30.0,0.5,1012.72,1013.4,1013.4,1013.07,3.0,0.58,30.0,0.0,,,,,,,,,,,,,,,,,,,,,,,,,,,,,,,,,,,,,,,,,,,,,,,,,,,,,,,,,,,,,,,,,,,,,,,,,,,,,,,,,,,,,,,,,,,,,,,,,,,,,,,,,,,,,,,,,,,,,,,,,,,,,,,,,,
1907,7,124.4,2.3,,,,,,,,,,,,,,,,,,,,,,,,,,,,,,,,,,,0.0,0.0,2.6,1.04,5.0,1.42,30.0,0.6,0.0,0.0,1.84,0.74,5.0,1.01,30.0,0.6,-1.84,0.0,0.0,-0.74,5.0,1.01,30.0,0.6,1012.7,1012.7,1013.18,1012.93,3.0,0.4,30.0,1.0,,,,,,,,,,,,,,,,,,,,,,,,,,,,,,,,,,,,,,,,,,,,,,,,,,,,,,,,,,,,,,,,,,,,,,,,,,,,,,,,,,,,,,,,,,,,,,,,,,,,,,,,,,,,,,,,,,,,,,,,,,,,,,,,,,
1907,7,124.4,10.3,,,,,,,,,,,,,,,,,,,,,,,,,,,,,,,,,,,1.25,1.8,2.35,1.8,2.0,1.13,4.0,0.5,-2.16,-1.66,-1.15,-1.66,2.0,1.04,4.0,0.5,0.49,0.7,0.92,0.7,2.0,0.44,4.0,0.5,1009.16,1009.5,1009.84,1009.5,2.0,0.71,4.0,0.5,,,,,,,,,,,,,,,,,,,,,,,,,,,,,,,,,,,,,,,,,,,,,,,,,,,,,,,,,,,,,,,,,,,,,,,,,,,,,,,,,,,,,,,,,,,,,,,,,,,,,,,,,,,,,,,,,,,,,,,,,,,,,,,,,,
1907,7,124.4,26.3,,,,,,,,,,,,,,,,,,,,,,,,,,,,,,,,,,,2.6,4.6,4.6,4.04,13.0,1.87,24.0,0.5,-1.6,0.0,1.84,0.51,13.0,2.41,24.0,0.5,-2.66,2.41,4.6,1.04,13.0,3.73,24.0,0.5,1006.36,1007.1,1012.83,1008.8,8.0,4.13,24.0,0.6,,,,,,,,,,,,,,,,,,,,,,,,,,,,,,,,,,,,,,,,,,,,,,,,,,,,,,,,,,,,,,,,,,,,,,,,,,,,,,,,,,,,,,,,,,,,,,,,,,,,,,,,,,,,,,,,,,,,,,,,,,,,,,,,,,
1907,7,124.4,28.3,,,,,,,,,,,,,,,,,,,,,,,,,,,,,,,,,,,2.6,4.6,6.7,4.93,16.0,2.55,16.0,0.8,0.0,0.84,4.82,1.88,16.0,3.18,16.0,0.8,-4.6,-0.79,5.34,-0.06,16.0,4.29,16.0,0.8,1008.34,1011.7,1016.8,1012.08,12.0,4.04,14.0,0.8,,,,,,,,,,,,,,,,,,,,,,,,,,,,,,,,,,,,,,,,,,,,,,,,,,,,,,,,,,,,,,,,,,,,,,,,,,,,,,,,,,,,,,,,,,,,,,,,,,,,,,,,,,,,,,,,,,,,,,,,,,,,,,,,,,
1907,7,124.4,30.3,22.8,23.9,25.68,24.05,78.0,1.73,16.0,0.5,22.8,24.4,25.62,24.32,76.0,1.55,16.0,0.5,16.27,17.26,18.25,17.26,2.0,2.04,2.0,0.5,92.2,95.3,98.5,95.3,2.0,6.6,2.0,0.5,0.3,0.7,2.6,4.6,6.7,4.22,76.0,2.18,16.0,0.6,-2.96,0.0,3.52,-0.12,76.0,3.23,16.0,0.6,-2.45,1.72,4.27,1.08,76.0,3.34,16.0,0.6,1001.8,1008.0,1012.7,1006.92,51.0,6.34,14.0,0.6,3.0,6.0,8.0,5.4,78.0,2.2,16.0,0.5,92.2,95.3,98.5,95.3,2.0,6.6,2.0,0.5,0.3,0.7,-13.6,0.0,16.2,0.2,76.0,22.5,16.0,0.6,-8.4,6.3,19.6,6.2,76.0,20.5,16.0,0.6,-1.61,-0.2,0.91,-0.29,76.0,1.23,16.0,0.5,-7.1,-0.6,2.8,-0.9,73.0,5.3,16.0,0.6,-0.76,0.21,1.19,0.21,2.0,2.02,2.0,0.5,-3.5,1.0,5.5,1.0,2.0,9.3,2.0,0.5,-74.9,0.0,77.7,-4.9,73.0,77.7,16.0,0.6,-46.7,43.7,104.3,30.4,73.0,79.4,16.0,0.6,53.0,66.4,79.8,66.4,2.0,27.8,2.0,0.5,-46.9,-27.9,-8.8,-27.9,2.0,39.4,2.0,0.5,-3.9,-0.4,3.2,-0.4,2.0,7.4,2.0,0.5,-4.9,-2.9,-0.9,-2.9,2.0,4.1,2.0,0.5,17.5,97.5,301.0,138.0,76.0,198.0,16.0,0.6,20.0,95.0,300.0,140.0,76.0,200.0,16.0,0.6
1907,7,124.4,32.3,,,,,,,,,,,,,,,,,,,,,,,,,,,,,,,,,,,2.6,2.6,6.43,3.95,27.0,2.47,18.0,0.8,-6.33,0.0,0.89,-1.31,27.0,3.53,18.0,0.8,0.0,1.99,2.6,0.89,27.0,2.69,18.0,0.8,996.13,1002.2,1005.2,1000.8,21.0,4.11,18.0,0.8,,,,,,,,,,,,,,,,,,,,,,,,,,,,,,,,,,,,,,,,,,,,,,,,,,,,,,,,,,,,,,,,,,,,,,,,,,,,,,,,,,,,,,,,,,,,,,,,,,,,,,,,,,,,,,,,,,,,,,,,,,,,,,,,,,
1907,7,124.4,34.3,,,,,,,,,,,,,,,,,,,,,,,,,,,,,,,,,,,1.0,2.6,4.6,2.86,40.0,2.12,12.0,0.8,-2.36,0.0,0.0,-0.76,40.0,2.03,12.0,0.8,-2.89,0.0,2.48,-0.52,40.0,2.8,12.0,0.8,999.8,1003.95,1009.4,1004.42,34.0,6.31,14.0,0.8,,,,,,,,,,,,,,,,,,,,,,,,,,,,,,,,,,,,,,,,,,,,,,,,,,,,,,,,,,,,,,,,,,,,,,,,,,,,,,,,,,,,,,,,,,,,,,,,,,,,,,,,,,,,,,,,,,,,,,,,,,,,,,,,,,
1907,7,124.4,36.3,,,,,,,,,,,,,,,,,,,,,,,,,,,,,,,,,,,1.0,2.6,4.6,2.77,28.0,1.67,14.0,0.4,-1.57,0.0,1.34,-0.03,28.0,1.8,14.0,0.4,-2.31,0.0,4.03,0.24,28.0,2.72,14.0,0.4,999.79,1004.2,1009.73,1005.02,26.0,5.82,16.0,0.4,,,,,,,,,,,,,,,,,,,,,,,,,,,,,,,,,,,,,,,,,,,,,,,,,,,,,,,,,,,,,,,,,,,,,,,,,,,,,,,,,,,,,,,,,,,,,,,,,,,,,,,,,,,,,,,,,,,,,,,,,,,,,,,,,,
1907,7,124.4,38.3,,,,,,,,,,,,,,,,,,,,,,,,,,,,,,,,,,,2.92,3.6,4.28,3.6,2.0,1.41,6.0,0.5,-1.5,0.54,2.58,0.54,2.0,4.22,6.0,0.5,1.22,1.92,2.63,1.92,2.0,1.46,6.0,0.5,1006.73,1009.15,1011.57,1009.15,2.0,5.02,6.0,0.5,,,,,,,,,,,,,,,,,,,,,,,,,,,,,,,,,,,,,,,,,,,,,,,,,,,,,,,,,,,,,,,,,,,,,,,,,,,,,,,,,,,,,,,,,,,,,,,,,,,,,,,,,,,,,,,,,,,,,,,,,,,,,,,,,,
1907,7,126.4,-35.7,,,,,,,,,,,,,,,,,,,,,,,,,,,,,,,,,,,4.6,6.7,15.4,9.98,14.0,5.82,16.0,0.3,-4.64,-0.92,13.14,2.31,14.0,8.11,16.0,0.3,-7.38,-3.93,5.29,-2.93,14.0,7.77,16.0,0.3,998.95,1007.0,1022.14,1009.43,7.0,10.53,18.0,0.3,,,,,,,,,,,,,,,,,,,,,,,,,,,,,,,,,,,,,,,,,,,,,,,,,,,,,,,,,,,,,,,,,,,,,,,,,,,,,,,,,,,,,,,,,,,,,,,,,,,,,,,,,,,,,,,,,,,,,,,,,,,,,,,,,,
1907,7,126.4,-3.7,,,,,,,,,,,,,,,,,,,,,,,,,,,,,,,,,,,1.0,1.8,2.6,1.8,6.0,0.88,30.0,0.5,-1.67,-0.32,0.0,-0.66,6.0,0.82,30.0,0.5,-1.0,1.38,2.12,0.89,6.0,1.58,30.0,0.5,1014.2,1014.4,1014.6,1014.4,2.0,0.42,28.0,0.0,,,,,,,,,,,,,,,,,,,,,,,,,,,,,,,,,,,,,,,,,,,,,,,,,,,,,,,,,,,,,,,,,,,,,,,,,,,,,,,,,,,,,,,,,,,,,,,,,,,,,,,,,,,,,,,,,,,,,,,,,,,,,,,,,,
1907,7,126.4,-1.7,,,,,,,,,,,,,,,,,,,,,,,,,,,,,,,,,,,1.76,2.6,2.6,2.2,4.0,0.8,30.0,1.0,-1.7,-0.8,-0.34,-1.01,4.0,1.03,30.0,1.0,0.05,1.67,2.53,1.31,4.0,1.55,30.0,1.0,1013.02,1013.7,1013.97,1013.5,3.0,0.72,28.0,1.0,,,,,,,,,,,,,,,,,,,,,,,,,,,,,,,,,,,,,,,,,,,,,,,,,,,,,,,,,,,,,,,,,,,,,,,,,,,,,,,,,,,,,,,,,,,,,,,,,,,,,,,,,,,,,,,,,,,,,,,,,,,,,,,,,,
1907,7,126.4,26.3,,,,,,,,,,,,,,,,,,,,,,,,,,,,,,,,,,,2.27,4.6,6.7,4.37,6.0,2.26,24.0,0.5,-1.94,-0.51,1.23,-0.23,6.0,2.07,24.0,0.5,-2.77,1.27,6.31,1.47,6.0,4.59,24.0,0.5,1006.22,1006.7,1007.66,1006.93,3.0,1.07,18.0,0.7,,,,,,,,,,,,,,,,,,,,,,,,,,,,,,,,,,,,,,,,,,,,,,,,,,,,,,,,,,,,,,,,,,,,,,,,,,,,,,,,,,,,,,,,,,,,,,,,,,,,,,,,,,,,,,,,,,,,,,,,,,,,,,,,,,
1907,7,126.4,28.3,,,,,,,,,,,,,,,,,,,,,,,,,,,,,,,,,,,2.6,4.6,5.13,4.24,12.0,2.31,24.0,0.5,-2.41,0.0,3.56,-0.02,12.0,2.65,24.0,0.5,-4.64,-0.97,3.37,-1.03,12.0,4.1,24.0,0.5,1005.93,1009.5,1012.76,1009.58,6.0,4.0,24.0,0.5,,,,,,,,,,,,,,,,,,,,,,,,,,,,,,,,,,,,,,,,,,,,,,,,,,,,,,,,,,,,,,,,,,,,,,,,,,,,,,,,,,,,,,,,,,,,,,,,,,,,,,,,,,,,,,,,,,,,,,,,,,,,,,,,,,
1907,7,126.4,30.3,23.3,24.4,26.1,24.69,40.0,1.41,16.0,0.8,23.56,25.0,26.1,24.79,40.0,1.54,16.0,0.8,20.49,20.49,20.49,20.49,1.0,0.0,2.0,1.0,95.9,95.9,95.9,95.9,1.0,0.0,2.0,1.0,0.1,0.9,2.4,4.6,6.7,4.26,38.0,2.31,16.0,0.7,-2.39,0.0,4.27,0.75,38.0,3.19,16.0,0.7,-3.29,0.7,4.62,0.79,38.0,3.54,16.0,0.7,1003.42,1011.0,1015.29,1009.83,25.0,5.65,14.0,0.9,2.0,6.0,8.0,5.3,39.0,2.4,16.0,0.7,95.9,95.9,95.9,95.9,1.0,0.0,2.0,1.0,0.1,0.9,-7.4,0.0,19.7,6.9,38.0,22.0,16.0,0.7,-15.5,1.5,22.5,6.6,38.0,22.0,16.0,0.7,-1.1,-0.2,1.18,-0.14,39.0,1.19,16.0,0.8,-4.8,0.0,2.8,-0.5,36.0,5.4,16.0,0.8,-3.0,-3.0,-3.0,-3.0,1.0,0.0,2.0,1.0,-13.8,-13.8,-13.8,-13.8,1.0,0.0,2.0,1.0,-60.9,0.0,99.5,16.4,37.0,75.7,16.0,0.7,-76.9,10.0,114.1,18.4,37.0,85.7,16.0,0.7,72.2,72.2,72.2,72.2,1.0,0.0,2.0,1.0,60.6,60.6,60.6,60.6,1.0,0.0,2.0,1.0,-10.6,-10.6,-10.6,-10.6,1.0,0.0,2.0,1.0,-8.9,-8.9,-8.9,-8.9,1.0,0.0,2.0,1.0,15.5,97.5,301.0,146.5,38.0,212.0,16.0,0.7,15.0,95.0,300.0,145.0,38.0,210.0,16.0,0.7
1907,7,126.4,32.3,22.65,24.0,25.6,23.91,105.0,1.82,16.0,0.6,22.8,24.4,26.1,24.35,103.0,1.86,16.0,0.6,17.77,18.39,19.0,18.39,2.0,1.27,2.0,1.0,100.0,100.0,100.0,100.0,2.0,0.0,2.0,1.0,0.7,0.3,1.0,4.6,6.7,4.22,106.0,2.67,16.0,0.6,-3.3,-0.97,1.99,-0.65,106.0,3.43,16.0,0.6,-2.51,0.96,4.26,0.85,106.0,3.5,16.0,0.6,997.14,1005.6,1011.53,1004.66,71.0,6.3,16.0,0.7,2.0,6.0,8.0,5.3,104.0,2.5,16.0,0.6,100.0,100.0,100.0,100.0,2.0,0.0,2.0,1.0,0.7,0.3,-17.1,-1.0,8.3,-2.7,106.0,27.3,16.0,0.6,-15.6,1.0,19.9,4.4,106.0,27.2,16.0,0.6,-1.7,0.0,1.1,-0.43,103.0,1.44,16.0,0.6,-5.7,0.0,3.1,-1.6,103.0,6.1,16.0,0.6,-1.42,-0.62,0.17,-0.62,2.0,1.65,2.0,1.0,-3.5,-1.1,1.4,-1.1,2.0,5.1,2.0,1.0,-83.9,-22.8,48.4,-17.7,103.0,81.1,16.0,0.6,-67.2,23.2,98.2,17.7,103.0,82.0,16.0,0.6,0.0,0.0,0.0,0.0,2.0,0.0,2.0,1.0,54.9,65.3,75.6,65.3,2.0,21.4,2.0,1.0,0.0,0.0,0.0,0.0,2.0,0.0,2.0,1.0,-3.5,-1.1,1.4,-1.1,2.0,5.1,2.0,1.0,1.0,97.5,301.0,180.0,106.0,323.5,16.0,0.6,0.0,95.0,300.0,180.0,106.0,325.0,16.0,0.6
1907,7,126.4,34.3,,,,,,,,,,,,,,,,,,,,,,,,,,,,,,,,,,,1.0,2.6,3.3,2.51,24.0,1.67,14.0,0.8,-1.67,0.0,1.78,-0.04,24.0,2.63,14.0,0.8,-1.99,0.0,1.78,0.0,24.0,1.56,14.0,0.8,997.3,1001.5,1009.9,1002.87,23.0,6.42,14.0,0.7,,,,,,,,,,,,,,,,,,,,,,,,,,,,,,,,,,,,,,,,,,,,,,,,,,,,,,,,,,,,,,,,,,,,,,,,,,,,,,,,,,,,,,,,,,,,,,,,,,,,,,,,,,,,,,,,,,,,,,,,,,,,,,,,,,
1907,7,126.4,36.3,,,,,,,,,,,,,,,,,,,,,,,,,,,,,,,,,,,1.0,1.0,2.6,1.64,5.0,0.88,12.0,0.6,-0.26,0.77,1.44,0.69,5.0,1.23,12.0,0.6,-0.95,0.64,0.67,-0.12,5.0,1.42,12.0,0.6,1009.19,1009.55,1009.75,1009.48,4.0,0.36,14.0,0.8,,,,,,,,,,,,,,,,,,,,,,,,,,,,,,,,,,,,,,,,,,,,,,,,,,,,,,,,,,,,,,,,,,,,,,,,,,,,,,,,,,,,,,,,,,,,,,,,,,,,,,,,,,,,,,,,,,,,,,,,,,,,,,,,,,
1907,7,126.4,38.3,,,,,,,,,,,,,,,,,,,,,,,,,,,,,,,,,,,0.0,1.0,2.6,1.24,10.0,1.23,8.0,0.8,-2.53,0.0,0.0,-0.76,10.0,1.23,8.0,0.8,-1.0,0.0,0.0,-0.37,10.0,0.95,8.0,0.8,1005.13,1009.25,1011.84,1008.5,10.0,3.37,8.0,0.8,,,,,,,,,,,,,,,,,,,,,,,,,,,,,,,,,,,,,,,,,,,,,,,,,,,,,,,,,,,,,,,,,,,,,,,,,,,,,,,,,,,,,,,,,,,,,,,,,,,,,,,,,,,,,,,,,,,,,,,,,,,,,,,,,,
1907,7,128.4,-35.7,,,,,,,,,,,,,,,,,,,,,,,,,,,,,,,,,,,4.41,6.7,15.4,8.62,13.0,5.47,16.0,0.5,0.0,3.48,14.18,5.78,13.0,6.67,16.0,0.5,-6.17,-4.74,0.23,-3.34,13.0,4.2,16.0,0.5,1001.9,1004.0,1024.05,1011.57,7.0,11.7,14.0,0.6,,,,,,,,,,,,,,,,,,,,,,,,,,,,,,,,,,,,,,,,,,,,,,,,,,,,,,,,,,,,,,,,,,,,,,,,,,,,,,,,,,,,,,,,,,,,,,,,,,,,,,,,,,,,,,,,,,,,,,,,,,,,,,,,,,
1907,7,128.4,-5.7,,,,,,,,,,,,,,,,,,,,,,,,,,,,,,,,,,,2.6,2.6,2.6,2.6,4.0,0.0,28.0,0.5,-2.05,-1.67,-1.31,-1.68,4.0,0.58,28.0,0.5,1.48,1.99,2.21,1.85,4.0,0.59,28.0,0.5,1014.37,1014.95,1015.53,1014.95,2.0,1.2,28.0,1.0,,,,,,,,,,,,,,,,,,,,,,,,,,,,,,,,,,,,,,,,,,,,,,,,,,,,,,,,,,,,,,,,,,,,,,,,,,,,,,,,,,,,,,,,,,,,,,,,,,,,,,,,,,,,,,,,,,,,,,,,,,,,,,,,,,
1907,7,128.4,28.3,,,,,,,,,,,,,,,,,,,,,,,,,,,,,,,,,,,1.0,1.8,4.38,2.18,8.0,1.73,28.0,0.4,0.0,0.0,1.48,0.36,8.0,1.27,28.0,0.4,0.73,1.0,4.05,1.79,8.0,1.72,28.0,0.4,1004.45,1004.6,1010.81,1007.02,5.0,3.5,26.0,0.4,,,,,,,,,,,,,,,,,,,,,,,,,,,,,,,,,,,,,,,,,,,,,,,,,,,,,,,,,,,,,,,,,,,,,,,,,,,,,,,,,,,,,,,,,,,,,,,,,,,,,,,,,,,,,,,,,,,,,,,,,,,,,,,,,,
1907,7,128.4,30.3,,,,,,,,,,,,,,,,,,,,,,,,,,,,,,,,,,,1.0,2.6,2.79,2.5,13.0,1.71,20.0,0.5,-2.4,-0.71,1.84,-0.66,13.0,2.37,20.0,0.5,-1.88,0.0,1.84,-0.29,13.0,1.87,20.0,0.5,1008.95,1010.7,1015.16,1011.59,7.0,3.17,18.0,0.6,,,,,,,,,,,,,,,,,,,,,,,,,,,,,,,,,,,,,,,,,,,,,,,,,,,,,,,,,,,,,,,,,,,,,,,,,,,,,,,,,,,,,,,,,,,,,,,,,,,,,,,,,,,,,,,,,,,,,,,,,,,,,,,,,,
1907,7,128.4,32.3,22.2,23.9,25.6,23.75,233.0,1.63,16.0,0.6,22.71,24.4,27.2,25.01,216.0,2.5,16.0,0.6,18.41,21.88,24.15,21.45,30.0,2.79,16.0,0.8,88.1,95.4,100.0,93.2,30.0,6.3,16.0,0.8,0.8,0.6,1.0,2.6,6.7,3.07,235.0,2.79,16.0,0.6,-1.99,0.0,1.82,-0.17,235.0,2.8,16.0,0.6,-2.6,0.0,2.35,-0.21,235.0,3.06,16.0,0.6,998.4,1009.85,1015.18,1008.18,182.0,6.56,16.0,0.6,1.0,2.0,7.0,3.5,226.0,2.8,16.0,0.6,88.1,95.4,100.0,93.2,30.0,6.3,16.0,0.8,0.8,0.6,-6.4,0.0,4.7,-1.4,235.0,25.7,16.0,0.6,-6.8,0.0,6.4,-3.3,235.0,25.9,16.0,0.6,-3.15,-1.1,0.6,-1.34,212.0,2.04,16.0,0.6,-6.1,-1.7,1.3,-2.8,209.0,6.7,16.0,0.6,-5.59,-2.83,0.24,-2.69,30.0,2.99,16.0,0.8,-8.6,-3.6,0.2,-4.4,30.0,7.1,16.0,0.8,-49.8,0.0,41.6,-4.9,213.0,67.2,16.0,0.6,-65.0,0.0,57.7,-3.2,213.0,72.3,16.0,0.6,-17.9,0.0,18.9,0.4,30.0,18.7,16.0,0.8,-46.3,0.0,21.9,0.9,30.0,44.9,16.0,0.8,-4.6,0.0,0.4,-1.0,30.0,4.2,16.0,0.8,-3.3,0.0,4.9,-0.1,30.0,7.2,16.0,0.8,1.0,17.5,301.0,137.5,235.0,406.5,16.0,0.6,0.0,20.0,300.0,135.0,235.0,405.0,16.0,0.6
1907,7,128.4,34.3,,,,,,,,,,,,,,,,,,,,,,,,,,,,,,,,,,,1.0,2.6,6.7,3.74,49.0,2.78,14.0,0.5,-3.52,0.0,2.74,-0.66,49.0,3.55,14.0,0.5,-3.21,0.0,1.9,-0.54,49.0,2.95,14.0,0.5,998.99,1005.3,1010.1,1005.27,44.0,6.28,14.0,0.5,,,,,,,,,,,,,,,,,,,,,,,,,,,,,,,,,,,,,,,,,,,,,,,,,,,,,,,,,,,,,,,,,,,,,,,,,,,,,,,,,,,,,,,,,,,,,,,,,,,,,,,,,,,,,,,,,,,,,,,,,,,,,,,,,,
1907,7,128.4,36.3,,,,,,,,,,,,,,,,,,,,,,,,,,,,,,,,,,,1.76,2.6,3.65,2.7,4.0,1.47,6.0,0.3,-1.55,0.5,1.01,-0.24,4.0,1.88,6.0,0.3,-1.36,1.2,2.99,0.83,4.0,2.72,6.0,0.3,1006.26,1008.1,1008.78,1007.53,3.0,1.91,6.0,0.3,,,,,,,,,,,,,,,,,,,,,,,,,,,,,,,,,,,,,,,,,,,,,,,,,,,,,,,,,,,,,,,,,,,,,,,,,,,,,,,,,,,,,,,,,,,,,,,,,,,,,,,,,,,,,,,,,,,,,,,,,,,,,,,,,,
1907,7,128.4,38.3,,,,,,,,,,,,,,,,,,,,,,,,,,,,,,,,,,,0.79,1.0,4.6,2.03,6.0,2.03,10.0,0.3,-2.96,-0.38,0.77,-0.86,6.0,1.72,10.0,0.3,-0.13,0.64,3.52,1.28,6.0,1.8,10.0,0.3,1005.99,1007.4,1008.83,1007.67,7.0,1.96,8.0,0.4,,,,,,,,,,,,,,,,,,,,,,,,,,,,,,,,,,,,,,,,,,,,,,,,,,,,,,,,,,,,,,,,,,,,,,,,,,,,,,,,,,,,,,,,,,,,,,,,,,,,,,,,,,,,,,,,,,,,,,,,,,,,,,,,,,
1907,7,128.4,40.3,,,,,,,,,,,,,,,,,,,,,,,,,,,,,,,,,,,1.0,1.0,3.01,1.87,6.0,1.48,10.0,0.8,0.61,0.85,2.47,1.46,6.0,1.54,10.0,0.8,0.06,0.64,1.59,0.65,6.0,0.97,10.0,0.8,1004.49,1004.7,1006.23,1005.43,6.0,2.02,10.0,0.8,,,,,,,,,,,,,,,,,,,,,,,,,,,,,,,,,,,,,,,,,,,,,,,,,,,,,,,,,,,,,,,,,,,,,,,,,,,,,,,,,,,,,,,,,,,,,,,,,,,,,,,,,,,,,,,,,,,,,,,,,,,,,,,,,,
1907,7,130.4,-35.7,,,,,,,,,,,,,,,,,,,,,,,,,,,,,,,,,,,5.07,12.3,12.3,9.89,15.0,4.02,18.0,0.3,2.84,4.74,10.74,6.42,15.0,5.07,18.0,0.3,-8.7,-4.74,4.8,-2.95,15.0,6.47,18.0,0.3,1003.95,1006.0,1016.24,1009.57,7.0,7.09,14.0,0.3,,,,,,,,,,,,,,,,,,,,,,,,,,,,,,,,,,,,,,,,,,,,,,,,,,,,,,,,,,,,,,,,,,,,,,,,,,,,,,,,,,,,,,,,,,,,,,,,,,,,,,,,,,,,,,,,,,,,,,,,,,,,,,,,,,
1907,7,130.4,-5.7,,,,,,,,,,,,,,,,,,,,,,,,,,,,,,,,,,,2.27,4.6,5.03,4.02,6.0,1.97,28.0,0.5,-4.92,-3.6,-1.46,-3.38,6.0,2.03,28.0,0.5,0.61,1.89,2.8,1.78,6.0,1.26,28.0,0.5,1015.2,1015.4,1015.67,1015.43,3.0,0.35,28.0,0.0,,,,,,,,,,,,,,,,,,,,,,,,,,,,,,,,,,,,,,,,,,,,,,,,,,,,,,,,,,,,,,,,,,,,,,,,,,,,,,,,,,,,,,,,,,,,,,,,,,,,,,,,,,,,,,,,,,,,,,,,,,,,,,,,,,
1907,7,130.4,20.3,,,,,,,,,,,,,,,,,,,,,,,,,,,,,,,,,,,1.0,1.0,1.0,1.0,1.0,0.0,26.0,0.0,-0.37,-0.37,-0.37,-0.37,1.0,0.0,26.0,0.0,0.93,0.93,0.93,0.93,1.0,0.0,26.0,0.0,1004.9,1004.9,1004.9,1004.9,1.0,0.0,26.0,0.0,,,,,,,,,,,,,,,,,,,,,,,,,,,,,,,,,,,,,,,,,,,,,,,,,,,,,,,,,,,,,,,,,,,,,,,,,,,,,,,,,,,,,,,,,,,,,,,,,,,,,,,,,,,,,,,,,,,,,,,,,,,,,,,,,,
1907,7,130.4,28.3,,,,,,,,,,,,,,,,,,,,,,,,,,,,,,,,,,,1.0,1.8,2.6,1.8,4.0,0.92,26.0,0.8,-1.3,-0.71,0.63,-0.35,4.0,1.56,26.0,0.8,-1.84,-0.57,0.71,-0.57,4.0,1.47,26.0,0.8,1004.59,1005.0,1005.07,1004.83,3.0,0.38,24.0,1.0,,,,,,,,,,,,,,,,,,,,,,,,,,,,,,,,,,,,,,,,,,,,,,,,,,,,,,,,,,,,,,,,,,,,,,,,,,,,,,,,,,,,,,,,,,,,,,,,,,,,,,,,,,,,,,,,,,,,,,,,,,,,,,,,,,
1907,7,130.4,30.3,,,,,,,,,,,,,,,,,,,,,,,,,,,,,,,,,,,1.69,4.6,5.8,4.16,10.0,2.55,20.0,0.6,-3.81,-1.42,1.78,-1.62,10.0,3.42,20.0,0.6,-4.1,0.0,1.82,-0.95,10.0,3.18,20.0,0.6,1007.88,1009.0,1009.27,1008.32,6.0,2.37,18.0,0.7,,,,,,,,,,,,,,,,,,,,,,,,,,,,,,,,,,,,,,,,,,,,,,,,,,,,,,,,,,,,,,,,,,,,,,,,,,,,,,,,,,,,,,,,,,,,,,,,,,,,,,,,,,,,,,,,,,,,,,,,,,,,,,,,,,
1907,7,130.4,32.3,22.2,23.3,25.0,23.43,194.0,1.5,16.0,0.7,22.2,25.05,27.8,25.27,188.0,2.88,16.0,0.7,18.04,20.99,22.42,20.95,52.0,3.37,16.0,0.6,84.5,93.5,100.0,92.3,52.0,7.8,16.0,0.6,0.3,0.7,1.0,2.6,2.6,2.3,188.0,1.99,16.0,0.7,-2.6,-0.64,1.0,-0.78,188.0,2.37,16.0,0.7,-1.0,0.0,1.0,0.17,188.0,1.74,16.0,0.7,998.4,1006.2,1013.5,1005.91,173.0,6.97,16.0,0.7,0.0,2.0,6.0,2.5,192.0,2.5,16.0,0.7,84.5,93.5,100.0,92.3,52.0,7.8,16.0,0.6,0.3,0.7,-6.8,-0.6,1.0,-4.8,188.0,18.7,16.0,0.7,-1.0,0.0,2.4,0.2,188.0,11.6,16.0,0.7,-3.9,-1.6,0.0,-1.93,184.0,2.3,16.0,0.7,-7.8,-2.5,0.0,-4.1,174.0,6.3,16.0,0.7,-5.22,-2.44,0.03,-2.61,51.0,3.25,16.0,0.6,-8.1,-2.8,0.1,-4.5,51.0,7.6,16.0,0.6,-65.0,-16.3,26.7,-20.6,178.0,59.5,16.0,0.7,-24.6,0.0,28.5,4.9,178.0,44.6,16.0,0.7,-29.7,0.0,22.2,-6.1,52.0,33.2,16.0,0.6,-21.8,0.0,12.5,0.8,52.0,26.1,16.0,0.6,-3.1,0.0,5.3,1.3,51.0,6.9,16.0,0.6,-1.2,0.0,2.3,-0.7,51.0,5.3,16.0,0.6,1.0,17.5,17.5,59.0,188.0,226.0,16.0,0.7,0.0,20.0,20.0,60.0,188.0,225.0,16.0,0.7
1907,7,130.4,34.3,,,,,,,,,,,,,,,,,,,,,,,,,,,,,,,,,,,1.0,3.6,6.2,3.67,34.0,2.16,16.0,0.5,-3.52,-0.77,1.28,-1.1,34.0,2.32,16.0,0.5,-4.21,0.0,1.95,-0.66,34.0,3.39,16.0,0.5,1000.99,1008.2,1013.44,1007.43,26.0,6.41,16.0,0.6,,,,,,,,,,,,,,,,,,,,,,,,,,,,,,,,,,,,,,,,,,,,,,,,,,,,,,,,,,,,,,,,,,,,,,,,,,,,,,,,,,,,,,,,,,,,,,,,,,,,,,,,,,,,,,,,,,,,,,,,,,,,,,,,,,
1907,7,130.4,40.3,,,,,,,,,,,,,,,,,,,,,,,,,,,,,,,,,,,2.6,2.6,6.82,4.43,7.0,2.66,6.0,0.3,-4.83,-1.99,0.0,-2.65,7.0,2.42,6.0,0.3,-4.83,-1.67,2.6,-1.82,7.0,3.47,6.0,0.3,1005.18,1005.85,1006.21,1005.7,4.0,0.73,8.0,0.0,,,,,,,,,,,,,,,,,,,,,,,,,,,,,,,,,,,,,,,,,,,,,,,,,,,,,,,,,,,,,,,,,,,,,,,,,,,,,,,,,,,,,,,,,,,,,,,,,,,,,,,,,,,,,,,,,,,,,,,,,,,,,,,,,,
1907,7,132.4,-35.7,,,,,,,,,,,,,,,,,,,,,,,,,,,,,,,,,,,6.07,9.3,12.3,9.22,18.0,4.31,18.0,0.4,0.0,8.66,11.32,6.64,18.0,5.1,18.0,0.4,-7.3,-4.81,0.21,-3.67,18.0,4.65,18.0,0.4,1002.86,1008.0,1009.05,1006.14,7.0,3.63,16.0,0.6,,,,,,,,,,,,,,,,,,,,,,,,,,,,,,,,,,,,,,,,,,,,,,,,,,,,,,,,,,,,,,,,,,,,,,,,,,,,,,,,,,,,,,,,,,,,,,,,,,,,,,,,,,,,,,,,,,,,,,,,,,,,,,,,,,
1907,7,132.4,-7.7,,,,,,,,,,,,,,,,,,,,,,,,,,,,,,,,,,,2.27,4.6,6.7,4.37,6.0,2.26,28.0,0.5,-6.17,-3.6,-2.13,-3.82,6.0,2.1,28.0,0.5,0.78,2.21,2.8,1.96,6.0,1.19,28.0,0.5,1015.32,1015.8,1016.0,1015.67,3.0,0.51,28.0,0.7,,,,,,,,,,,,,,,,,,,,,,,,,,,,,,,,,,,,,,,,,,,,,,,,,,,,,,,,,,,,,,,,,,,,,,,,,,,,,,,,,,,,,,,,,,,,,,,,,,,,,,,,,,,,,,,,,,,,,,,,,,,,,,,,,,
1907,7,132.4,30.3,,,,,,,,,,,,,,,,,,,,,,,,,,,,,,,,,,,1.69,2.6,8.19,4.23,10.0,3.15,24.0,0.5,-3.4,0.0,1.49,-1.19,10.0,3.43,24.0,0.5,0.17,1.84,3.74,1.02,10.0,3.91,24.0,0.5,1006.4,1007.65,1009.76,1007.92,6.0,1.64,24.0,0.5,,,,,,,,,,,,,,,,,,,,,,,,,,,,,,,,,,,,,,,,,,,,,,,,,,,,,,,,,,,,,,,,,,,,,,,,,,,,,,,,,,,,,,,,,,,,,,,,,,,,,,,,,,,,,,,,,,,,,,,,,,,,,,,,,,
1907,7,132.4,32.3,20.6,22.2,24.48,22.56,38.0,2.0,16.0,0.5,21.1,23.6,25.6,23.71,41.0,2.33,16.0,0.5,17.24,18.12,20.39,18.52,6.0,1.64,14.0,0.7,88.5,93.3,100.0,92.6,6.0,8.4,14.0,0.7,0.2,0.9,1.0,1.0,2.6,2.05,41.0,2.0,16.0,0.5,-2.6,0.0,1.0,-0.75,41.0,2.39,16.0,0.5,0.0,0.34,1.0,0.58,41.0,1.3,16.0,0.5,998.95,1009.4,1013.4,1007.41,35.0,7.01,16.0,0.5,1.0,2.0,6.0,3.3,41.0,2.7,16.0,0.5,88.5,93.3,100.0,92.6,6.0,8.4,14.0,0.7,0.2,0.9,-6.8,0.0,1.9,-4.9,41.0,14.0,16.0,0.5,0.0,0.3,3.2,2.3,41.0,10.4,16.0,0.5,-2.73,-1.1,0.5,-1.2,37.0,2.0,16.0,0.5,-4.1,-0.8,1.1,-1.9,36.0,5.5,16.0,0.5,-2.79,-0.5,1.11,-0.78,6.0,1.95,14.0,0.7,-2.8,-0.5,1.1,-0.8,6.0,1.9,14.0,0.7,-56.2,0.0,29.4,-17.3,40.0,56.7,16.0,0.5,0.0,8.3,25.5,14.1,40.0,32.6,16.0,0.5,-3.4,0.0,4.2,0.6,6.0,11.8,14.0,0.7,0.0,17.4,19.2,12.3,6.0,9.6,14.0,0.7,-1.5,0.0,0.0,-0.6,6.0,1.1,14.0,0.7,-1.8,0.0,0.6,-0.5,6.0,1.6,14.0,0.7,1.0,1.0,17.5,46.5,41.0,139.0,16.0,0.5,0.0,0.0,20.0,45.0,41.0,140.0,16.0,0.5
1907,7,132.4,34.3,20.82,22.2,24.4,22.8,92.0,2.16,16.0,0.7,21.1,23.4,26.98,23.84,92.0,2.93,14.0,0.7,15.45,20.18,21.06,18.94,14.0,2.43,12.0,0.7,82.5,93.1,100.0,91.4,14.0,7.9,12.0,0.7,0.6,0.2,1.0,1.0,4.6,2.11,92.0,1.89,16.0,0.7,-2.6,-0.77,0.77,-0.75,92.0,2.43,16.0,0.7,-1.0,0.0,0.91,0.1,92.0,1.27,16.0,0.7,1000.69,1010.5,1013.55,1008.19,86.0,6.4,16.0,0.7,1.0,2.0,7.0,3.2,77.0,2.7,14.0,0.6,82.5,93.1,100.0,91.4,14.0,7.9,12.0,0.7,0.6,0.2,-6.8,-0.8,0.8,-2.2,92.0,14.7,16.0,0.7,-1.0,0.0,0.9,0.9,92.0,7.0,16.0,0.7,-2.8,-1.1,0.18,-1.22,87.0,1.98,16.0,0.7,-7.3,-1.1,0.0,-2.6,83.0,5.3,16.0,0.7,-2.87,-1.56,-0.21,-1.56,14.0,1.35,12.0,0.7,-3.3,-2.2,-0.3,-1.9,14.0,1.4,12.0,0.7,-64.6,-17.9,16.9,-21.1,88.0,58.0,14.0,0.7,-19.1,0.0,21.4,2.6,88.0,29.1,14.0,0.7,-48.9,-18.7,-11.8,-20.4,14.0,20.3,12.0,0.7,-9.2,0.0,0.0,-0.7,14.0,7.7,12.0,0.7,-0.2,1.5,2.7,1.2,14.0,1.9,12.0,0.7,0.0,0.0,0.0,-0.1,14.0,0.9,12.0,0.7,1.0,1.0,97.5,42.5,92.0,110.5,16.0,0.7,0.0,0.0,95.0,40.0,92.0,110.0,16.0,0.7
1907,7,134.4,-35.7,,,,,,,,,,,,,,,,,,,,,,,,,,,,,,,,,,,6.7,9.3,12.3,9.37,14.0,3.34,16.0,0.6,0.0,6.17,12.24,6.36,14.0,5.06,16.0,0.6,-5.94,-3.13,0.0,-1.86,14.0,5.73,16.0,0.6,1003.79,1010.0,1012.0,1008.5,6.0,4.04,12.0,0.3,,,,,,,,,,,,,,,,,,,,,,,,,,,,,,,,,,,,,,,,,,,,,,,,,,,,,,,,,,,,,,,,,,,,,,,,,,,,,,,,,,,,,,,,,,,,,,,,,,,,,,,,,,,,,,,,,,,,,,,,,,,,,,,,,,
1907,7,134.4,-9.7,,,,,,,,,,,,,,,,,,,,,,,,,,,,,,,,,,,4.6,6.7,11.49,7.6,9.0,3.44,16.0,0.1,-8.13,-6.17,-4.33,-5.95,9.0,2.17,16.0,0.1,1.81,2.62,8.13,4.38,9.0,3.27,16.0,0.1,1015.4,1015.4,1015.4,1015.4,1.0,0.0,26.0,0.0,,,,,,,,,,,,,,,,,,,,,,,,,,,,,,,,,,,,,,,,,,,,,,,,,,,,,,,,,,,,,,,,,,,,,,,,,,,,,,,,,,,,,,,,,,,,,,,,,,,,,,,,,,,,,,,,,,,,,,,,,,,,,,,,,,
1907,7,134.4,-7.7,,,,,,,,,,,,,,,,,,,,,,,,,,,,,,,,,,,2.02,2.6,4.6,3.08,5.0,1.53,28.0,0.2,-3.74,-2.6,-1.87,-2.76,5.0,1.33,28.0,0.2,-0.36,0.0,1.41,0.52,5.0,1.6,28.0,0.2,1015.4,1015.4,1015.4,1015.4,2.0,0.0,26.0,0.0,,,,,,,,,,,,,,,,,,,,,,,,,,,,,,,,,,,,,,,,,,,,,,,,,,,,,,,,,,,,,,,,,,,,,,,,,,,,,,,,,,,,,,,,,,,,,,,,,,,,,,,,,,,,,,,,,,,,,,,,,,,,,,,,,,
1907,7,134.4,32.3,,,,,,,,,,,,,,,,,,,,,,,,,,,,,,,,,,,1.0,2.6,6.7,4.57,53.0,3.44,16.0,0.5,-5.03,-1.67,1.84,-1.58,53.0,3.56,16.0,0.5,-1.54,0.64,5.13,1.48,53.0,3.96,16.0,0.5,1004.12,1009.0,1014.32,1009.09,35.0,5.4,16.0,0.5,,,,,,,,,,,,,,,,,,,,,,,,,,,,,,,,,,,,,,,,,,,,,,,,,,,,,,,,,,,,,,,,,,,,,,,,,,,,,,,,,,,,,,,,,,,,,,,,,,,,,,,,,,,,,,,,,,,,,,,,,,,,,,,,,,
1907,7,134.4,34.3,22.0,23.3,25.0,23.5,116.0,1.68,16.0,0.6,22.2,24.4,26.7,24.54,115.0,2.31,16.0,0.7,17.55,20.12,21.25,19.42,10.0,2.35,16.0,0.4,91.4,98.0,100.0,94.5,10.0,8.0,16.0,0.4,0.3,0.2,1.0,1.0,4.6,2.38,115.0,2.29,16.0,0.7,-2.6,-0.77,0.94,-0.83,115.0,2.14,16.0,0.7,0.0,0.0,1.82,0.81,115.0,2.23,16.0,0.7,1000.65,1009.4,1014.45,1008.03,105.0,6.24,16.0,0.6,1.0,2.5,7.0,3.4,100.0,2.5,16.0,0.7,91.4,98.0,100.0,94.5,10.0,8.0,16.0,0.4,0.3,0.2,-6.8,-0.8,0.9,-2.6,115.0,15.8,16.0,0.7,0.0,0.0,4.7,4.1,115.0,18.7,16.0,0.7,-2.8,-1.1,0.5,-1.16,109.0,1.75,16.0,0.6,-5.7,-1.7,0.6,-2.4,104.0,5.0,16.0,0.6,-3.72,-1.47,-0.16,-1.75,10.0,1.82,16.0,0.4,-3.7,-1.5,-0.2,-2.4,10.0,3.3,16.0,0.4,-65.2,-19.6,19.1,-22.0,109.0,53.5,16.0,0.7,-6.5,0.0,48.0,20.2,109.0,55.9,16.0,0.7,-20.1,-16.0,7.5,-7.8,10.0,15.6,16.0,0.4,0.0,0.0,9.9,5.8,10.0,19.5,16.0,0.4,-1.2,0.5,2.7,0.6,10.0,2.1,16.0,0.4,0.0,0.0,0.2,-0.9,10.0,3.4,16.0,0.4,1.0,1.0,97.5,73.5,115.0,231.0,16.0,0.7,0.0,0.0,95.0,75.0,115.0,230.0,16.0,0.7
1907,7,134.4,36.3,,,,,,,,,,,,,,,,,,,,,,,,,,,,,,,,,,,3.55,5.65,6.7,5.15,4.0,1.97,20.0,0.8,-4.94,-3.85,-1.87,-3.43,4.0,1.94,20.0,0.8,-4.53,-3.37,0.68,-1.99,4.0,3.81,20.0,0.8,1011.16,1011.3,1012.8,1011.97,3.0,1.33,22.0,1.0,,,,,,,,,,,,,,,,,,,,,,,,,,,,,,,,,,,,,,,,,,,,,,,,,,,,,,,,,,,,,,,,,,,,,,,,,,,,,,,,,,,,,,,,,,,,,,,,,,,,,,,,,,,,,,,,,,,,,,,,,,,,,,,,,,
1907,7,136.4,-35.7,,,,,,,,,,,,,,,,,,,,,,,,,,,,,,,,,,,4.6,9.3,12.11,7.68,14.0,3.69,18.0,0.4,0.0,2.68,8.56,3.49,14.0,4.61,18.0,0.4,-9.0,-3.13,3.22,-2.87,14.0,5.82,18.0,0.4,1006.79,1008.5,1015.41,1010.33,6.0,4.55,16.0,0.5,,,,,,,,,,,,,,,,,,,,,,,,,,,,,,,,,,,,,,,,,,,,,,,,,,,,,,,,,,,,,,,,,,,,,,,,,,,,,,,,,,,,,,,,,,,,,,,,,,,,,,,,,,,,,,,,,,,,,,,,,,,,,,,,,,
1907,7,136.4,-9.7,,,,,,,,,,,,,,,,,,,,,,,,,,,,,,,,,,,4.6,6.7,6.7,6.24,8.0,1.62,24.0,0.8,-6.53,-6.17,-4.6,-5.7,8.0,0.93,24.0,0.8,0.0,1.31,2.62,1.8,8.0,2.32,24.0,0.8,1014.14,1015.1,1015.58,1014.87,3.0,1.07,26.0,0.7,,,,,,,,,,,,,,,,,,,,,,,,,,,,,,,,,,,,,,,,,,,,,,,,,,,,,,,,,,,,,,,,,,,,,,,,,,,,,,,,,,,,,,,,,,,,,,,,,,,,,,,,,,,,,,,,,,,,,,,,,,,,,,,,,,
1907,7,136.4,32.3,,,,,,,,,,,,,,,,,,,,,,,,,,,,,,,,,,,1.0,4.6,9.3,4.96,49.0,3.21,14.0,0.6,-5.46,-2.96,0.83,-2.39,49.0,3.82,14.0,0.6,-0.93,0.0,4.65,1.11,49.0,3.71,14.0,0.6,1002.21,1010.7,1014.93,1008.78,34.0,6.82,14.0,0.6,,,,,,,,,,,,,,,,,,,,,,,,,,,,,,,,,,,,,,,,,,,,,,,,,,,,,,,,,,,,,,,,,,,,,,,,,,,,,,,,,,,,,,,,,,,,,,,,,,,,,,,,,,,,,,,,,,,,,,,,,,,,,,,,,,
1907,7,136.4,34.3,,,,,,,,,,,,,,,,,,,,,,,,,,,,,,,,,,,1.0,4.6,6.7,4.02,51.0,2.82,18.0,0.6,-4.54,-0.5,2.02,-1.1,51.0,3.59,18.0,0.6,-0.9,0.64,4.34,1.25,51.0,2.95,18.0,0.6,1006.11,1011.0,1015.87,1010.62,46.0,5.27,18.0,0.6,,,,,,,,,,,,,,,,,,,,,,,,,,,,,,,,,,,,,,,,,,,,,,,,,,,,,,,,,,,,,,,,,,,,,,,,,,,,,,,,,,,,,,,,,,,,,,,,,,,,,,,,,,,,,,,,,,,,,,,,,,,,,,,,,,
1907,7,136.4,36.3,,,,,,,,,,,,,,,,,,,,,,,,,,,,,,,,,,,1.0,1.0,4.6,2.06,34.0,1.94,24.0,0.6,-2.96,-0.77,0.0,-1.37,34.0,1.72,24.0,0.6,-1.67,-0.64,0.77,-0.39,34.0,1.75,24.0,0.6,1005.94,1012.4,1014.4,1011.12,34.0,3.88,24.0,0.6,,,,,,,,,,,,,,,,,,,,,,,,,,,,,,,,,,,,,,,,,,,,,,,,,,,,,,,,,,,,,,,,,,,,,,,,,,,,,,,,,,,,,,,,,,,,,,,,,,,,,,,,,,,,,,,,,,,,,,,,,,,,,,,,,,
1907,7,138.4,-37.7,,,,,,,,,,,,,,,,,,,,,,,,,,,,,,,,,,,4.6,6.7,15.4,8.96,9.0,6.22,20.0,0.3,3.25,6.02,10.28,6.21,9.0,4.11,20.0,0.3,-2.35,3.25,12.75,4.54,9.0,6.74,20.0,0.3,1002.0,1022.0,1023.0,1014.4,5.0,11.33,22.0,0.4,,,,,,,,,,,,,,,,,,,,,,,,,,,,,,,,,,,,,,,,,,,,,,,,,,,,,,,,,,,,,,,,,,,,,,,,,,,,,,,,,,,,,,,,,,,,,,,,,,,,,,,,,,,,,,,,,,,,,,,,,,,,,,,,,,
1907,7,138.4,-35.7,,,,,,,,,,,,,,,,,,,,,,,,,,,,,,,,,,,1.97,5.65,11.02,6.11,10.0,4.33,22.0,0.4,0.0,3.98,8.64,4.19,10.0,4.76,22.0,0.4,-2.98,0.0,4.45,1.23,10.0,4.06,22.0,0.4,999.95,1004.0,1015.91,1007.75,4.0,11.35,24.0,0.5,,,,,,,,,,,,,,,,,,,,,,,,,,,,,,,,,,,,,,,,,,,,,,,,,,,,,,,,,,,,,,,,,,,,,,,,,,,,,,,,,,,,,,,,,,,,,,,,,,,,,,,,,,,,,,,,,,,,,,,,,,,,,,,,,,
1907,7,138.4,-11.7,,,,,,,,,,,,,,,,,,,,,,,,,,,,,,,,,,,6.7,9.3,9.92,8.93,6.0,2.08,16.0,0.5,-7.76,-4.83,-3.28,-5.75,6.0,3.59,16.0,0.5,2.08,6.39,8.62,5.44,6.0,3.46,16.0,0.5,1008.7,1008.7,1008.7,1008.7,1.0,0.0,30.0,1.0,,,,,,,,,,,,,,,,,,,,,,,,,,,,,,,,,,,,,,,,,,,,,,,,,,,,,,,,,,,,,,,,,,,,,,,,,,,,,,,,,,,,,,,,,,,,,,,,,,,,,,,,,,,,,,,,,,,,,,,,,,,,,,,,,,
1907,7,138.4,-9.7,,,,,,,,,,,,,,,,,,,,,,,,,,,,,,,,,,,3.29,6.7,7.65,5.66,5.0,3.09,26.0,0.4,-7.65,-6.7,-3.29,-5.66,5.0,3.09,26.0,0.4,0.0,0.0,0.0,0.0,5.0,0.0,26.0,0.4,1015.4,1015.4,1015.4,1015.4,2.0,0.0,26.0,0.5,,,,,,,,,,,,,,,,,,,,,,,,,,,,,,,,,,,,,,,,,,,,,,,,,,,,,,,,,,,,,,,,,,,,,,,,,,,,,,,,,,,,,,,,,,,,,,,,,,,,,,,,,,,,,,,,,,,,,,,,,,,,,,,,,,
1907,7,138.4,32.3,,,,,,,,,,,,,,,,,,,,,,,,,,,,,,,,,,,0.0,0.0,0.0,0.0,1.0,0.0,28.0,1.0,0.0,0.0,0.0,0.0,1.0,0.0,28.0,1.0,0.0,0.0,0.0,0.0,1.0,0.0,28.0,1.0,1012.6,1012.6,1012.6,1012.6,1.0,0.0,28.0,1.0,,,,,,,,,,,,,,,,,,,,,,,,,,,,,,,,,,,,,,,,,,,,,,,,,,,,,,,,,,,,,,,,,,,,,,,,,,,,,,,,,,,,,,,,,,,,,,,,,,,,,,,,,,,,,,,,,,,,,,,,,,,,,,,,,,
1907,7,138.4,34.3,,,,,,,,,,,,,,,,,,,,,,,,,,,,,,,,,,,1.0,2.6,6.7,3.36,108.0,2.43,14.0,0.6,-3.48,0.0,1.99,-0.54,108.0,2.88,14.0,0.6,-1.67,0.64,3.25,0.69,108.0,2.86,14.0,0.6,1006.95,1011.65,1015.14,1010.78,82.0,4.4,14.0,0.6,,,,,,,,,,,,,,,,,,,,,,,,,,,,,,,,,,,,,,,,,,,,,,,,,,,,,,,,,,,,,,,,,,,,,,,,,,,,,,,,,,,,,,,,,,,,,,,,,,,,,,,,,,,,,,,,,,,,,,,,,,,,,,,,,,
1907,7,138.4,36.3,,,,,,,,,,,,,,,,,,,,,,,,,,,,,,,,,,,1.0,2.6,6.7,3.33,33.0,2.93,26.0,0.7,-5.07,-0.77,0.0,-2.0,33.0,2.81,26.0,0.7,-1.0,0.0,3.45,0.85,33.0,2.7,26.0,0.7,1001.37,1013.1,1015.58,1010.36,34.0,6.03,26.0,0.6,,,,,,,,,,,,,,,,,,,,,,,,,,,,,,,,,,,,,,,,,,,,,,,,,,,,,,,,,,,,,,,,,,,,,,,,,,,,,,,,,,,,,,,,,,,,,,,,,,,,,,,,,,,,,,,,,,,,,,,,,,,,,,,,,,
1907,7,138.4,38.3,,,,,,,,,,,,,,,,,,,,,,,,,,,,,,,,,,,2.6,4.6,4.6,3.74,32.0,1.75,28.0,0.7,-3.0,-1.83,1.61,-1.0,32.0,2.58,28.0,0.7,-2.63,0.77,3.52,0.65,32.0,3.06,28.0,0.7,1000.49,1004.3,1012.5,1005.94,32.0,5.6,28.0,0.7,,,,,,,,,,,,,,,,,,,,,,,,,,,,,,,,,,,,,,,,,,,,,,,,,,,,,,,,,,,,,,,,,,,,,,,,,,,,,,,,,,,,,,,,,,,,,,,,,,,,,,,,,,,,,,,,,,,,,,,,,,,,,,,,,,
1907,7,138.4,40.3,,,,,,,,,,,,,,,,,,,,,,,,,,,,,,,,,,,1.0,2.6,5.33,3.08,24.0,2.07,18.0,0.5,-2.72,0.0,1.29,-0.46,24.0,2.6,18.0,0.5,-0.58,0.97,2.48,0.67,24.0,2.6,18.0,0.5,990.83,1004.75,1012.12,1001.58,16.0,9.78,22.0,0.3,,,,,,,,,,,,,,,,,,,,,,,,,,,,,,,,,,,,,,,,,,,,,,,,,,,,,,,,,,,,,,,,,,,,,,,,,,,,,,,,,,,,,,,,,,,,,,,,,,,,,,,,,,,,,,,,,,,,,,,,,,,,,,,,,,
1907,7,140.4,-39.7,,,,,,,,,,,,,,,,,,,,,,,,,,,,,,,,,,,5.5,9.5,17.46,10.58,10.0,6.53,20.0,0.7,2.51,7.43,14.66,7.99,10.0,6.21,20.0,0.7,-6.9,-2.94,9.95,-0.27,10.0,7.58,20.0,0.7,1007.95,1010.0,1018.87,1013.33,3.0,8.5,24.0,1.0,,,,,,,,,,,,,,,,,,,,,,,,,,,,,,,,,,,,,,,,,,,,,,,,,,,,,,,,,,,,,,,,,,,,,,,,,,,,,,,,,,,,,,,,,,,,,,,,,,,,,,,,,,,,,,,,,,,,,,,,,,,,,,,,,,
1907,7,140.4,-11.7,,,,,,,,,,,,,,,,,,,,,,,,,,,,,,,,,,,4.41,6.7,9.3,6.13,13.0,2.99,20.0,0.5,-6.77,-4.74,-1.83,-4.71,13.0,2.47,20.0,0.5,-1.59,3.63,4.91,2.4,13.0,3.66,20.0,0.5,1014.62,1015.1,1015.3,1014.97,3.0,0.51,26.0,0.3,,,,,,,,,,,,,,,,,,,,,,,,,,,,,,,,,,,,,,,,,,,,,,,,,,,,,,,,,,,,,,,,,,,,,,,,,,,,,,,,,,,,,,,,,,,,,,,,,,,,,,,,,,,,,,,,,,,,,,,,,,,,,,,,,,
1907,7,140.4,34.3,18.9,20.9,23.51,21.28,24.0,2.3,16.0,0.4,19.07,22.0,23.3,21.4,22.0,2.13,14.0,0.4,15.28,15.64,15.99,15.64,2.0,0.74,16.0,1.0,100.0,100.0,100.0,100.0,2.0,0.0,16.0,1.0,0.2,0.5,1.0,4.6,9.3,5.11,25.0,3.14,16.0,0.4,-5.13,-0.34,3.33,-0.69,25.0,3.67,16.0,0.4,-4.31,-0.77,6.17,0.03,25.0,4.81,16.0,0.4,1007.74,1011.25,1014.42,1010.74,12.0,4.75,18.0,0.5,2.0,7.0,8.0,5.6,25.0,2.7,16.0,0.4,100.0,100.0,100.0,100.0,2.0,0.0,16.0,1.0,0.2,0.5,-34.4,-0.3,18.0,-5.4,25.0,28.2,16.0,0.4,-28.9,-0.8,41.3,1.6,25.0,40.1,16.0,0.4,-1.1,0.5,1.18,-0.04,21.0,1.83,16.0,0.4,-9.0,0.5,7.3,0.7,21.0,11.0,16.0,0.4,0.48,0.49,0.5,0.49,2.0,0.02,16.0,1.0,0.5,0.5,0.5,0.5,2.0,0.0,16.0,1.0,-113.6,-3.0,79.4,-11.8,22.0,84.2,14.0,0.4,-95.6,-13.8,148.0,7.3,22.0,113.0,14.0,0.4,-12.1,-3.2,5.6,-3.2,2.0,18.3,16.0,1.0,-9.7,-5.8,-1.8,-5.8,2.0,8.2,16.0,1.0,-0.4,-0.1,0.2,-0.1,2.0,0.6,16.0,1.0,-0.3,-0.2,-0.1,-0.2,2.0,0.3,16.0,1.0,1.0,97.5,804.5,280.5,25.0,322.0,16.0,0.4,0.0,95.0,805.0,280.0,25.0,320.0,16.0,0.4
1907,7,140.4,36.3,16.7,17.8,19.4,17.95,28.0,1.49,12.0,0.8,17.28,19.4,20.6,19.44,27.0,2.14,12.0,0.7,12.68,12.68,12.68,12.68,2.0,0.01,12.0,0.0,100.0,100.0,100.0,100.0,2.0,0.0,12.0,0.0,0.8,0.7,1.0,2.6,4.67,3.12,26.0,2.33,14.0,0.8,-2.45,-0.32,1.02,-0.59,26.0,1.9,14.0,0.8,-1.02,0.38,2.98,0.49,26.0,3.37,14.0,0.8,994.17,1008.6,1012.61,1005.29,28.0,8.9,12.0,0.8,0.6,7.5,8.0,5.7,28.0,3.1,12.0,0.8,100.0,100.0,100.0,100.0,2.0,0.0,12.0,0.0,0.8,0.7,-7.4,-0.3,2.4,-2.6,26.0,9.7,14.0,0.8,-2.4,0.4,13.7,0.6,26.0,23.3,14.0,0.8,-3.32,-1.1,-0.5,-1.57,27.0,1.6,12.0,0.7,-11.1,-1.7,-0.6,-5.6,25.0,6.9,12.0,0.8,-0.33,-0.03,0.27,-0.03,2.0,0.62,12.0,0.0,-1.0,-0.6,-0.2,-0.6,2.0,0.9,12.0,0.0,-46.5,0.0,23.7,-9.3,25.0,39.1,12.0,0.8,-20.0,13.6,69.6,13.9,25.0,63.7,12.0,0.8,-17.8,-10.6,-3.4,-10.6,2.0,15.0,12.0,0.0,4.0,12.6,21.2,12.6,2.0,17.9,12.0,0.0,0.1,0.4,0.7,0.4,2.0,0.6,12.0,0.0,-0.8,-0.5,-0.2,-0.5,2.0,0.7,12.0,0.0,1.0,17.5,104.0,90.0,26.0,174.0,14.0,0.8,0.0,20.0,105.0,90.0,26.0,175.0,14.0,0.8
1907,7,140.4,38.3,,,,,,,,,,,,,,,,,,,,,,,,,,,,,,,,,,,1.0,2.6,4.6,2.79,21.0,1.34,14.0,0.7,-1.94,0.0,0.73,-0.27,21.0,1.64,14.0,0.7,-1.55,0.89,2.96,0.91,21.0,2.52,14.0,0.7,1000.87,1013.7,1018.63,1009.72,21.0,8.98,14.0,0.7,,,,,,,,,,,,,,,,,,,,,,,,,,,,,,,,,,,,,,,,,,,,,,,,,,,,,,,,,,,,,,,,,,,,,,,,,,,,,,,,,,,,,,,,,,,,,,,,,,,,,,,,,,,,,,,,,,,,,,,,,,,,,,,,,,
1907,7,140.4,40.3,15.6,17.2,19.4,17.49,91.0,2.2,18.0,0.7,15.6,17.8,22.73,18.87,90.0,3.59,16.0,0.7,9.89,10.27,10.9,10.39,3.0,0.75,10.0,1.0,92.5,93.8,94.6,93.6,3.0,1.6,10.0,1.0,0.3,0.5,1.0,1.8,4.6,2.36,84.0,1.91,18.0,0.7,-1.67,0.0,2.44,0.33,84.0,2.27,18.0,0.7,-1.0,0.0,1.99,0.16,84.0,2.0,18.0,0.7,994.1,1003.5,1014.07,1003.87,85.0,8.26,18.0,0.7,2.0,4.0,6.0,4.0,79.0,2.3,16.0,0.7,92.5,93.8,94.6,93.6,3.0,1.6,10.0,1.0,0.3,0.5,-4.3,0.0,6.4,3.1,84.0,15.4,18.0,0.7,-1.0,0.0,5.2,0.7,84.0,13.6,18.0,0.7,-3.4,-1.1,0.59,-1.42,90.0,2.35,16.0,0.7,-6.0,-1.6,1.6,-2.8,83.0,6.2,18.0,0.7,-0.77,-0.5,-0.37,-0.57,3.0,0.3,10.0,1.0,-1.3,-1.3,-1.3,-1.3,1.0,0.0,10.0,1.0,-27.9,0.0,41.1,6.5,83.0,42.8,18.0,0.7,-17.9,0.0,33.3,3.0,83.0,36.7,18.0,0.7,-27.0,-27.0,-27.0,-27.0,1.0,0.0,10.0,1.0,-10.9,-10.9,-10.9,-10.9,1.0,0.0,10.0,1.0,1.2,1.2,1.2,1.2,1.0,0.0,10.0,1.0,0.5,0.5,0.5,0.5,1.0,0.0,10.0,1.0,1.0,9.5,97.5,53.5,84.0,209.0,18.0,0.7,0.0,10.0,95.0,55.0,84.0,210.0,18.0,0.7
1907,7,140.4,42.3,,,,,,,,,,,,,,,,,,,,,,,,,,,,,,,,,,,1.0,1.0,4.6,2.28,79.0,1.85,14.0,0.6,-1.42,0.0,2.37,0.25,79.0,2.33,14.0,0.6,-1.0,0.0,1.0,-0.01,79.0,1.79,14.0,0.6,994.76,1002.35,1009.89,1002.16,46.0,6.82,16.0,0.7,,,,,,,,,,,,,,,,,,,,,,,,,,,,,,,,,,,,,,,,,,,,,,,,,,,,,,,,,,,,,,,,,,,,,,,,,,,,,,,,,,,,,,,,,,,,,,,,,,,,,,,,,,,,,,,,,,,,,,,,,,,,,,,,,,
1907,7,142.4,-39.7,,,,,,,,,,,,,,,,,,,,,,,,,,,,,,,,,,,2.6,4.6,19.0,9.76,11.0,7.6,20.0,0.5,0.0,0.97,5.91,2.66,11.0,4.18,20.0,0.5,-19.0,-2.6,5.07,-4.47,11.0,10.75,20.0,0.5,1009.48,1016.0,1022.0,1015.75,4.0,7.23,22.0,0.3,,,,,,,,,,,,,,,,,,,,,,,,,,,,,,,,,,,,,,,,,,,,,,,,,,,,,,,,,,,,,,,,,,,,,,,,,,,,,,,,,,,,,,,,,,,,,,,,,,,,,,,,,,,,,,,,,,,,,,,,,,,,,,,,,,
1907,7,142.4,-13.7,,,,,,,,,,,,,,,,,,,,,,,,,,,,,,,,,,,3.77,4.6,9.3,5.75,11.0,2.78,18.0,0.5,-6.34,-2.96,-1.94,-3.51,11.0,3.04,18.0,0.5,1.06,3.52,6.58,3.57,11.0,2.71,18.0,0.5,1016.2,1016.4,1017.15,1016.67,3.0,0.74,24.0,0.3,,,,,,,,,,,,,,,,,,,,,,,,,,,,,,,,,,,,,,,,,,,,,,,,,,,,,,,,,,,,,,,,,,,,,,,,,,,,,,,,,,,,,,,,,,,,,,,,,,,,,,,,,,,,,,,,,,,,,,,,,,,,,,,,,,
1907,7,142.4,-11.7,,,,,,,,,,,,,,,,,,,,,,,,,,,,,,,,,,,4.6,6.7,8.72,6.07,15.0,2.81,20.0,0.5,-6.67,-4.74,-3.02,-5.17,15.0,2.71,20.0,0.5,0.16,2.62,4.74,2.59,15.0,2.02,20.0,0.5,1015.05,1015.8,1016.0,1015.53,3.0,0.74,24.0,1.0,,,,,,,,,,,,,,,,,,,,,,,,,,,,,,,,,,,,,,,,,,,,,,,,,,,,,,,,,,,,,,,,,,,,,,,,,,,,,,,,,,,,,,,,,,,,,,,,,,,,,,,,,,,,,,,,,,,,,,,,,,,,,,,,,,
1907,7,142.4,36.3,,,,,,,,,,,,,,,,,,,,,,,,,,,,,,,,,,,3.46,4.6,6.7,5.04,10.0,1.62,18.0,0.8,-3.72,3.25,4.33,1.09,10.0,4.23,18.0,0.8,-3.25,1.63,3.25,0.5,10.0,3.37,18.0,0.8,1010.26,1011.9,1012.1,1011.2,3.0,1.48,18.0,1.0,,,,,,,,,,,,,,,,,,,,,,,,,,,,,,,,,,,,,,,,,,,,,,,,,,,,,,,,,,,,,,,,,,,,,,,,,,,,,,,,,,,,,,,,,,,,,,,,,,,,,,,,,,,,,,,,,,,,,,,,,,,,,,,,,,
1907,7,142.4,38.3,15.42,17.2,20.0,17.68,16.0,2.21,16.0,0.5,16.02,17.8,19.35,17.68,16.0,2.39,16.0,0.5,12.1,12.34,12.58,12.34,2.0,0.51,10.0,1.0,95.3,97.2,99.1,97.2,2.0,3.9,10.0,1.0,0.7,0.7,2.6,2.6,3.84,2.78,16.0,1.05,16.0,0.5,-2.27,0.0,1.57,-0.24,16.0,1.59,16.0,0.5,-0.84,1.83,3.67,1.44,16.0,2.13,16.0,0.5,996.1,1010.15,1015.1,1007.73,16.0,8.16,16.0,0.5,1.2,5.0,8.0,4.9,15.0,2.8,14.0,0.5,95.3,97.2,99.1,97.2,2.0,3.9,10.0,1.0,0.7,0.7,-5.9,0.0,6.5,-0.1,16.0,4.9,16.0,0.5,-1.7,4.8,14.9,5.3,16.0,8.3,16.0,0.5,-1.1,0.0,1.7,0.0,16.0,1.69,16.0,0.5,-4.2,0.0,3.8,-0.5,16.0,4.6,16.0,0.5,0.26,0.81,1.36,0.81,2.0,1.15,10.0,1.0,0.7,2.1,3.5,2.1,2.0,3.0,10.0,1.0,-39.4,0.0,27.8,-5.1,16.0,29.2,16.0,0.5,-13.4,30.2,62.8,26.2,16.0,39.2,16.0,0.5,-26.2,-15.6,-4.9,-15.6,2.0,22.0,10.0,1.0,2.0,6.3,10.7,6.3,2.0,9.0,10.0,1.0,-3.5,-2.1,-0.7,-2.1,2.0,3.0,10.0,1.0,0.0,0.0,0.0,0.0,2.0,0.0,10.0,1.0,17.5,17.5,67.0,30.5,16.0,33.5,16.0,0.5,20.0,20.0,65.0,30.0,16.0,35.0,16.0,0.5
1907,7,142.4,40.3,13.69,14.2,14.45,14.08,4.0,0.5,12.0,0.5,14.02,14.8,15.89,14.95,4.0,1.33,12.0,0.5,9.35,9.75,10.33,9.84,3.0,0.72,12.0,0.3,93.5,94.3,97.3,95.4,3.0,3.0,12.0,0.3,0.0,0.5,4.6,4.6,4.6,4.6,2.0,0.0,12.0,0.5,-4.6,-4.6,-4.6,-4.6,2.0,0.0,12.0,0.5,0.0,0.0,0.0,0.0,2.0,0.0,12.0,0.5,997.15,997.2,997.93,997.53,4.0,0.72,12.0,0.5,7.0,8.0,8.0,7.5,4.0,1.0,12.0,0.5,93.5,94.3,97.3,95.4,3.0,3.0,12.0,0.3,0.0,0.5,-21.2,-21.2,-21.2,-21.2,2.0,0.0,12.0,0.5,0.0,0.0,0.0,0.0,2.0,0.0,12.0,0.5,-1.78,-1.1,0.05,-0.87,4.0,1.37,12.0,0.5,-8.2,-3.0,2.2,-3.0,2.0,10.7,12.0,0.5,-0.39,-0.06,0.81,0.2,3.0,0.91,12.0,0.3,5.6,5.6,5.6,5.6,1.0,0.0,12.0,0.0,-74.5,-69.5,-64.4,-69.5,2.0,10.4,12.0,0.5,0.0,0.0,0.0,0.0,2.0,0.0,12.0,0.5,-42.2,-42.2,-42.2,-42.2,1.0,0.0,12.0,0.0,0.0,0.0,0.0,0.0,1.0,0.0,12.0,0.0,-5.6,-5.6,-5.6,-5.6,1.0,0.0,12.0,0.0,0.0,0.0,0.0,0.0,1.0,0.0,12.0,0.0,97.5,97.5,97.5,97.5,2.0,0.0,12.0,0.5,95.0,95.0,95.0,95.0,2.0,0.0,12.0,0.5
1907,7,144.4,-39.7,,,,,,,,,,,,,,,,,,,,,,,,,,,,,,,,,,,4.6,8.0,12.3,8.22,28.0,4.0,18.0,0.3,-3.53,1.72,6.46,1.66,28.0,5.28,18.0,0.3,-10.55,-3.89,-0.51,-4.41,28.0,5.94,18.0,0.3,1011.73,1015.0,1022.97,1018.02,9.0,6.22,14.0,0.2,,,,,,,,,,,,,,,,,,,,,,,,,,,,,,,,,,,,,,,,,,,,,,,,,,,,,,,,,,,,,,,,,,,,,,,,,,,,,,,,,,,,,,,,,,,,,,,,,,,,,,,,,,,,,,,,,,,,,,,,,,,,,,,,,,
1907,7,144.4,-17.7,,,,,,,,,,,,,,,,,,,,,,,,,,,,,,,,,,,1.0,4.6,6.7,4.0,5.0,2.87,18.0,0.2,-3.79,0.0,0.0,-1.6,5.0,2.25,18.0,0.2,1.0,3.25,5.45,3.34,5.0,2.46,18.0,0.2,1016.96,1017.3,1017.64,1017.3,2.0,0.71,22.0,0.5,,,,,,,,,,,,,,,,,,,,,,,,,,,,,,,,,,,,,,,,,,,,,,,,,,,,,,,,,,,,,,,,,,,,,,,,,,,,,,,,,,,,,,,,,,,,,,,,,,,,,,,,,,,,,,,,,,,,,,,,,,,,,,,,,,
1907,7,144.4,-15.7,,,,,,,,,,,,,,,,,,,,,,,,,,,,,,,,,,,2.6,5.65,9.3,6.31,16.0,3.14,18.0,0.4,-6.58,-3.1,-0.64,-3.81,16.0,3.64,18.0,0.4,0.0,4.06,6.58,3.52,16.0,3.23,18.0,0.4,1015.9,1016.1,1016.78,1016.33,3.0,0.68,24.0,0.3,,,,,,,,,,,,,,,,,,,,,,,,,,,,,,,,,,,,,,,,,,,,,,,,,,,,,,,,,,,,,,,,,,,,,,,,,,,,,,,,,,,,,,,,,,,,,,,,,,,,,,,,,,,,,,,,,,,,,,,,,,,,,,,,,,
1907,7,144.4,-9.7,,,,,,,,,,,,,,,,,,,,,,,,,,,,,,,,,,,4.6,4.6,4.6,4.6,1.0,0.0,28.0,1.0,-3.25,-3.25,-3.25,-3.25,1.0,0.0,28.0,1.0,3.25,3.25,3.25,3.25,1.0,0.0,28.0,1.0,1006.0,1006.0,1006.0,1006.0,1.0,0.0,28.0,1.0,,,,,,,,,,,,,,,,,,,,,,,,,,,,,,,,,,,,,,,,,,,,,,,,,,,,,,,,,,,,,,,,,,,,,,,,,,,,,,,,,,,,,,,,,,,,,,,,,,,,,,,,,,,,,,,,,,,,,,,,,,,,,,,,,,
1907,7,144.4,36.3,,,,,,,,,,,,,,,,,,,,,,,,,,,,,,,,,,,1.0,2.6,4.7,3.3,7.0,2.1,16.0,0.3,-2.6,-0.71,0.16,-0.65,7.0,2.01,16.0,0.3,-4.44,-0.71,0.16,-1.35,7.0,3.24,16.0,0.3,1010.95,1011.05,1011.15,1011.05,2.0,0.21,26.0,0.5,,,,,,,,,,,,,,,,,,,,,,,,,,,,,,,,,,,,,,,,,,,,,,,,,,,,,,,,,,,,,,,,,,,,,,,,,,,,,,,,,,,,,,,,,,,,,,,,,,,,,,,,,,,,,,,,,,,,,,,,,,,,,,,,,,
1907,7,144.4,40.3,16.05,17.2,18.09,17.08,4.0,1.6,16.0,0.8,15.81,16.7,16.96,16.4,4.0,0.96,16.0,0.8,10.82,11.23,11.65,11.23,2.0,0.86,8.0,0.5,100.0,100.0,100.0,100.0,2.0,0.0,8.0,0.5,0.6,0.1,4.6,4.6,4.6,4.6,4.0,0.0,16.0,0.8,-3.94,-2.55,-1.57,-2.75,4.0,1.4,16.0,0.8,-4.32,-3.64,-2.23,-3.29,4.0,1.32,16.0,0.8,1009.12,1010.35,1011.52,1010.33,4.0,1.49,16.0,0.8,8.0,8.0,8.0,8.0,4.0,0.0,16.0,0.8,100.0,100.0,100.0,100.0,2.0,0.0,8.0,0.5,0.6,0.1,-18.1,-11.7,-7.2,-12.6,4.0,6.4,16.0,0.8,-19.9,-16.7,-10.3,-15.2,4.0,6.1,16.0,0.8,0.0,0.25,1.39,0.68,4.0,1.04,16.0,0.8,0.0,1.2,6.4,3.1,4.0,4.8,16.0,0.8,0.28,0.89,1.49,0.89,2.0,1.26,8.0,0.5,1.3,4.1,6.9,4.1,2.0,5.8,8.0,0.5,-66.7,-43.4,-24.9,-45.7,4.0,24.4,16.0,0.8,-68.7,-57.8,-38.0,-53.5,4.0,20.2,16.0,0.8,-18.3,-17.7,-17.0,-17.7,2.0,1.4,8.0,0.5,-50.4,-48.6,-46.8,-48.6,2.0,3.7,8.0,0.5,-2.4,-1.4,-0.4,-1.4,2.0,2.0,8.0,0.5,-6.5,-3.8,-1.2,-3.8,2.0,5.4,8.0,0.5,97.5,97.5,97.5,97.5,4.0,0.0,16.0,0.8,95.0,95.0,95.0,95.0,4.0,0.0,16.0,0.8
1907,7,146.4,-39.7,,,,,,,,,,,,,,,,,,,,,,,,,,,,,,,,,,,4.6,5.65,12.4,7.77,26.0,4.25,18.0,0.4,1.67,4.42,8.85,4.52,26.0,5.69,18.0,0.4,-6.04,-2.55,2.3,-2.73,26.0,4.4,18.0,0.4,1011.35,1017.0,1031.83,1019.85,11.0,9.14,12.0,0.4,,,,,,,,,,,,,,,,,,,,,,,,,,,,,,,,,,,,,,,,,,,,,,,,,,,,,,,,,,,,,,,,,,,,,,,,,,,,,,,,,,,,,,,,,,,,,,,,,,,,,,,,,,,,,,,,,,,,,,,,,,,,,,,,,,
1907,7,146.4,-19.7,,,,,,,,,,,,,,,,,,,,,,,,,,,,,,,,,,,1.0,4.6,6.7,3.85,12.0,2.61,18.0,0.3,-2.51,-0.86,0.81,-0.89,12.0,2.06,18.0,0.3,-0.16,4.27,6.21,2.96,12.0,2.88,18.0,0.3,1016.4,1016.4,1017.15,1016.77,3.0,0.64,22.0,0.3,,,,,,,,,,,,,,,,,,,,,,,,,,,,,,,,,,,,,,,,,,,,,,,,,,,,,,,,,,,,,,,,,,,,,,,,,,,,,,,,,,,,,,,,,,,,,,,,,,,,,,,,,,,,,,,,,,,,,,,,,,,,,,,,,,
1907,7,146.4,-17.7,,,,,,,,,,,,,,,,,,,,,,,,,,,,,,,,,,,1.4,4.6,4.6,3.84,8.0,2.2,20.0,0.5,-2.3,0.38,3.9,0.69,8.0,2.96,20.0,0.5,0.07,2.78,3.98,2.55,8.0,2.23,20.0,0.5,1017.5,1017.5,1017.5,1017.5,1.0,0.0,22.0,0.0,,,,,,,,,,,,,,,,,,,,,,,,,,,,,,,,,,,,,,,,,,,,,,,,,,,,,,,,,,,,,,,,,,,,,,,,,,,,,,,,,,,,,,,,,,,,,,,,,,,,,,,,,,,,,,,,,,,,,,,,,,,,,,,,,,
1907,7,146.4,-11.7,,,,,,,,,,,,,,,,,,,,,,,,,,,,,,,,,,,9.3,9.3,9.3,9.3,1.0,0.0,26.0,1.0,-6.58,-6.58,-6.58,-6.58,1.0,0.0,26.0,1.0,6.58,6.58,6.58,6.58,1.0,0.0,26.0,1.0,1008.0,1008.0,1008.0,1008.0,1.0,0.0,26.0,1.0,,,,,,,,,,,,,,,,,,,,,,,,,,,,,,,,,,,,,,,,,,,,,,,,,,,,,,,,,,,,,,,,,,,,,,,,,,,,,,,,,,,,,,,,,,,,,,,,,,,,,,,,,,,,,,,,,,,,,,,,,,,,,,,,,,
1907,7,146.4,38.3,,,,,,,,,,,,,,,,,,,,,,,,,,,,,,,,,,,2.6,2.6,4.85,4.2,7.0,2.64,20.0,0.6,-0.08,1.84,2.04,1.16,7.0,1.53,20.0,0.6,-4.58,-2.44,-1.51,-3.13,7.0,3.5,20.0,0.6,1010.39,1010.75,1011.27,1010.83,4.0,0.59,20.0,0.8,,,,,,,,,,,,,,,,,,,,,,,,,,,,,,,,,,,,,,,,,,,,,,,,,,,,,,,,,,,,,,,,,,,,,,,,,,,,,,,,,,,,,,,,,,,,,,,,,,,,,,,,,,,,,,,,,,,,,,,,,,,,,,,,,,
1907,7,146.4,40.3,13.45,14.15,15.39,14.58,6.0,2.48,18.0,0.5,13.12,13.3,14.15,13.56,5.0,0.63,16.0,0.6,9.52,9.52,9.52,9.52,1.0,0.0,8.0,0.0,100.0,100.0,100.0,100.0,1.0,0.0,8.0,0.0,0.3,0.5,2.6,4.6,6.7,4.63,6.0,1.83,18.0,0.5,-4.49,-2.98,0.5,-2.16,6.0,2.87,18.0,0.5,-4.8,-2.27,-0.89,-2.89,6.0,2.29,18.0,0.5,1007.79,1009.85,1012.22,1010.0,4.0,2.58,16.0,0.8,6.3,8.0,8.0,6.7,6.0,3.3,18.0,0.5,100.0,100.0,100.0,100.0,1.0,0.0,8.0,0.0,0.3,0.5,-22.9,-11.3,1.3,-11.7,6.0,14.8,18.0,0.5,-32.2,-10.4,-2.3,-16.5,6.0,17.1,18.0,0.5,-0.4,0.6,2.28,1.06,5.0,2.42,16.0,0.6,-1.8,1.6,7.5,2.8,5.0,6.8,16.0,0.6,0.38,0.38,0.38,0.38,1.0,0.0,8.0,0.0,2.6,2.6,2.6,2.6,1.0,0.0,8.0,0.0,-60.1,-50.7,-8.1,-34.5,5.0,40.5,16.0,0.6,-47.9,-20.1,-12.2,-28.9,5.0,20.2,16.0,0.6,-48.9,-48.9,-48.9,-48.9,1.0,0.0,8.0,0.0,-41.0,-41.0,-41.0,-41.0,1.0,0.0,8.0,0.0,-2.0,-2.0,-2.0,-2.0,1.0,0.0,8.0,0.0,-1.6,-1.6,-1.6,-1.6,1.0,0.0,8.0,0.0,17.5,97.5,301.0,138.5,6.0,130.5,18.0,0.5,20.0,95.0,300.0,140.0,6.0,130.0,18.0,0.5
1907,7,148.4,-43.7,,,,,,,,,,,,,,,,,,,,,,,,,,,,,,,,,,,9.49,12.3,14.75,12.1,5.0,5.1,10.0,0.8,1.49,8.7,12.57,7.31,5.0,5.92,10.0,0.8,-2.92,4.6,10.43,3.4,5.0,9.63,10.0,0.8,998.5,998.7,1008.19,1003.23,3.0,8.11,6.0,1.0,,,,,,,,,,,,,,,,,,,,,,,,,,,,,,,,,,,,,,,,,,,,,,,,,,,,,,,,,,,,,,,,,,,,,,,,,,,,,,,,,,,,,,,,,,,,,,,,,,,,,,,,,,,,,,,,,,,,,,,,,,,,,,,,,,
1907,7,148.4,-41.7,,,,,,,,,,,,,,,,,,,,,,,,,,,,,,,,,,,6.7,11.05,17.29,11.95,4.0,6.24,8.0,1.0,5.42,8.53,15.14,10.2,4.0,6.43,8.0,1.0,-7.96,-3.68,-1.25,-4.56,4.0,4.64,8.0,1.0,997.07,1001.6,1013.28,1004.76,5.0,9.96,6.0,1.0,,,,,,,,,,,,,,,,,,,,,,,,,,,,,,,,,,,,,,,,,,,,,,,,,,,,,,,,,,,,,,,,,,,,,,,,,,,,,,,,,,,,,,,,,,,,,,,,,,,,,,,,,,,,,,,,,,,,,,,,,,,,,,,,,,
1907,7,148.4,-39.7,,,,,,,,,,,,,,,,,,,,,,,,,,,,,,,,,,,2.6,9.3,12.3,8.13,15.0,4.72,16.0,0.6,1.17,4.65,8.7,4.33,15.0,4.97,16.0,0.6,-4.41,-1.84,8.7,0.58,15.0,6.91,16.0,0.6,1010.76,1018.0,1020.48,1017.34,7.0,8.8,10.0,0.7,,,,,,,,,,,,,,,,,,,,,,,,,,,,,,,,,,,,,,,,,,,,,,,,,,,,,,,,,,,,,,,,,,,,,,,,,,,,,,,,,,,,,,,,,,,,,,,,,,,,,,,,,,,,,,,,,,,,,,,,,,,,,,,,,,
1907,7,148.4,-37.7,,,,,,,,,,,,,,,,,,,,,,,,,,,,,,,,,,,1.94,4.6,10.54,5.85,11.0,4.99,16.0,0.7,0.0,1.99,8.65,3.68,11.0,3.71,16.0,0.7,-2.39,0.0,5.64,1.58,11.0,5.58,16.0,0.7,1013.16,1016.1,1023.11,1018.3,5.0,8.08,12.0,0.8,,,,,,,,,,,,,,,,,,,,,,,,,,,,,,,,,,,,,,,,,,,,,,,,,,,,,,,,,,,,,,,,,,,,,,,,,,,,,,,,,,,,,,,,,,,,,,,,,,,,,,,,,,,,,,,,,,,,,,,,,,,,,,,,,,
1907,7,148.4,-21.7,,,,,,,,,,,,,,,,,,,,,,,,,,,,,,,,,,,1.0,3.6,6.7,3.77,12.0,2.51,18.0,0.6,-3.63,-0.86,0.96,-1.23,12.0,2.34,18.0,0.6,-1.91,0.34,4.74,1.04,12.0,3.67,18.0,0.6,1016.24,1016.75,1017.83,1017.03,4.0,1.07,20.0,0.5,,,,,,,,,,,,,,,,,,,,,,,,,,,,,,,,,,,,,,,,,,,,,,,,,,,,,,,,,,,,,,,,,,,,,,,,,,,,,,,,,,,,,,,,,,,,,,,,,,,,,,,,,,,,,,,,,,,,,,,,,,,,,,,,,,
1907,7,148.4,-19.7,,,,,,,,,,,,,,,,,,,,,,,,,,,,,,,,,,,1.0,1.0,5.37,2.86,5.0,2.65,18.0,0.4,-2.82,0.0,0.77,-0.99,5.0,2.33,18.0,0.4,-0.77,-0.64,4.44,1.34,5.0,2.89,18.0,0.4,1017.5,1017.5,1017.5,1017.5,1.0,0.0,22.0,0.0,,,,,,,,,,,,,,,,,,,,,,,,,,,,,,,,,,,,,,,,,,,,,,,,,,,,,,,,,,,,,,,,,,,,,,,,,,,,,,,,,,,,,,,,,,,,,,,,,,,,,,,,,,,,,,,,,,,,,,,,,,,,,,,,,,
1907,7,148.4,-13.7,,,,,,,,,,,,,,,,,,,,,,,,,,,,,,,,,,,6.7,6.7,6.7,6.7,1.0,0.0,26.0,1.0,-6.17,-6.17,-6.17,-6.17,1.0,0.0,26.0,1.0,2.62,2.62,2.62,2.62,1.0,0.0,26.0,1.0,1010.0,1010.0,1010.0,1010.0,1.0,0.0,26.0,1.0,,,,,,,,,,,,,,,,,,,,,,,,,,,,,,,,,,,,,,,,,,,,,,,,,,,,,,,,,,,,,,,,,,,,,,,,,,,,,,,,,,,,,,,,,,,,,,,,,,,,,,,,,,,,,,,,,,,,,,,,,,,,,,,,,,
1907,7,148.4,38.3,,,,,,,,,,,,,,,,,,,,,,,,,,,,,,,,,,,1.0,4.6,4.6,3.16,5.0,1.97,16.0,0.6,-1.93,-0.39,2.29,-0.06,5.0,3.01,16.0,0.6,-2.16,-0.92,1.08,-0.64,5.0,2.6,16.0,0.6,1010.42,1010.9,1011.38,1010.9,2.0,0.99,26.0,1.0,,,,,,,,,,,,,,,,,,,,,,,,,,,,,,,,,,,,,,,,,,,,,,,,,,,,,,,,,,,,,,,,,,,,,,,,,,,,,,,,,,,,,,,,,,,,,,,,,,,,,,,,,,,,,,,,,,,,,,,,,,,,,,,,,,
1907,7,148.4,40.3,,,,,,,,,,,,,,,,,,,,,,,,,,,,,,,,,,,1.0,1.8,5.03,2.82,6.0,2.38,20.0,0.7,-0.21,0.46,1.22,0.54,6.0,1.16,20.0,0.7,-5.03,-0.7,-0.31,-2.18,6.0,2.79,20.0,0.7,1013.0,1013.0,1013.0,1013.0,1.0,0.0,24.0,0.0,,,,,,,,,,,,,,,,,,,,,,,,,,,,,,,,,,,,,,,,,,,,,,,,,,,,,,,,,,,,,,,,,,,,,,,,,,,,,,,,,,,,,,,,,,,,,,,,,,,,,,,,,,,,,,,,,,,,,,,,,,,,,,,,,,
1907,7,148.4,42.3,10.35,11.1,11.85,11.1,3.0,1.1,14.0,0.7,10.13,11.7,12.45,11.3,3.0,1.73,14.0,0.7,7.53,7.97,8.41,7.97,2.0,0.91,8.0,1.0,94.6,96.8,99.0,96.8,2.0,4.5,8.0,1.0,0.4,0.2,2.6,2.6,3.97,3.27,3.0,1.15,14.0,0.7,-3.97,-2.6,-1.97,-2.96,3.0,1.5,14.0,0.7,0.0,0.0,1.36,0.66,3.0,1.15,14.0,0.7,1009.41,1010.3,1011.46,1010.43,3.0,1.5,14.0,0.7,8.0,8.0,8.0,8.0,3.0,0.0,14.0,0.7,94.6,96.8,99.0,96.8,2.0,4.5,8.0,1.0,0.4,0.2,-16.6,-6.8,-5.1,-10.8,3.0,9.1,14.0,0.7,0.0,0.0,3.5,1.7,3.0,3.0,14.0,0.7,-0.6,-0.6,0.22,-0.2,3.0,0.69,14.0,0.7,-2.4,-1.6,0.6,-0.9,3.0,2.2,14.0,0.7,0.24,0.27,0.29,0.27,2.0,0.05,8.0,1.0,0.8,0.9,1.0,0.9,2.0,0.2,8.0,1.0,-47.9,-24.4,-21.1,-34.3,3.0,21.4,14.0,0.7,0.0,0.0,15.9,7.8,3.0,13.5,14.0,0.7,-36.3,-29.3,-22.3,-29.3,2.0,14.5,8.0,1.0,0.0,0.0,0.0,0.0,2.0,0.0,8.0,1.0,-1.0,-0.9,-0.8,-0.9,2.0,0.2,8.0,1.0,0.0,0.0,0.0,0.0,2.0,0.0,8.0,1.0,17.5,17.5,72.0,44.0,3.0,46.0,14.0,0.7,20.0,20.0,70.0,45.0,3.0,45.0,14.0,0.7
1907,7,150.4,-37.7,,,,,,,,,,,,,,,,,,,,,,,,,,,,,,,,,,,2.6,4.6,12.3,6.21,27.0,4.47,18.0,0.3,0.0,2.6,8.69,3.82,27.0,4.11,18.0,0.3,-4.19,0.0,6.52,1.22,27.0,5.14,18.0,0.3,1010.36,1014.95,1025.72,1017.48,10.0,7.51,12.0,0.2,,,,,,,,,,,,,,,,,,,,,,,,,,,,,,,,,,,,,,,,,,,,,,,,,,,,,,,,,,,,,,,,,,,,,,,,,,,,,,,,,,,,,,,,,,,,,,,,,,,,,,,,,,,,,,,,,,,,,,,,,,,,,,,,,,
1907,7,150.4,-35.7,,,,,,,,,,,,,,,,,,,,,,,,,,,,,,,,,,,4.6,6.7,12.3,7.73,25.0,4.84,16.0,0.4,2.58,6.21,11.56,6.65,25.0,5.35,16.0,0.4,-3.44,0.0,3.3,0.17,25.0,3.3,16.0,0.4,1013.82,1017.1,1024.3,1018.7,11.0,6.19,12.0,0.5,,,,,,,,,,,,,,,,,,,,,,,,,,,,,,,,,,,,,,,,,,,,,,,,,,,,,,,,,,,,,,,,,,,,,,,,,,,,,,,,,,,,,,,,,,,,,,,,,,,,,,,,,,,,,,,,,,,,,,,,,,,,,,,,,,
1907,7,150.4,-33.7,,,,,,,,,,,,,,,,,,,,,,,,,,,,,,,,,,,2.6,6.7,6.7,5.41,12.0,3.18,16.0,0.7,1.78,4.74,5.18,3.63,12.0,2.3,16.0,0.7,-3.63,0.0,4.74,0.77,12.0,4.66,16.0,0.7,1015.4,1018.5,1020.44,1017.58,5.0,4.35,14.0,0.6,,,,,,,,,,,,,,,,,,,,,,,,,,,,,,,,,,,,,,,,,,,,,,,,,,,,,,,,,,,,,,,,,,,,,,,,,,,,,,,,,,,,,,,,,,,,,,,,,,,,,,,,,,,,,,,,,,,,,,,,,,,,,,,,,,
1907,7,150.4,-23.7,,,,,,,,,,,,,,,,,,,,,,,,,,,,,,,,,,,4.83,6.7,9.3,7.15,8.0,1.98,16.0,0.5,-6.14,-1.31,3.84,-1.47,8.0,4.64,16.0,0.5,-5.66,1.03,6.69,1.34,8.0,6.03,16.0,0.5,1017.8,1017.8,1017.8,1017.8,1.0,0.0,20.0,0.0,,,,,,,,,,,,,,,,,,,,,,,,,,,,,,,,,,,,,,,,,,,,,,,,,,,,,,,,,,,,,,,,,,,,,,,,,,,,,,,,,,,,,,,,,,,,,,,,,,,,,,,,,,,,,,,,,,,,,,,,,,,,,,,,,,
1907,7,150.4,-21.7,,,,,,,,,,,,,,,,,,,,,,,,,,,,,,,,,,,1.0,6.7,6.82,5.14,7.0,3.14,18.0,0.3,-6.79,-2.62,1.1,-2.68,7.0,4.69,18.0,0.3,-1.79,-0.34,2.67,-0.4,7.0,3.18,18.0,0.3,1017.1,1017.1,1017.1,1017.1,1.0,0.0,20.0,0.0,,,,,,,,,,,,,,,,,,,,,,,,,,,,,,,,,,,,,,,,,,,,,,,,,,,,,,,,,,,,,,,,,,,,,,,,,,,,,,,,,,,,,,,,,,,,,,,,,,,,,,,,,,,,,,,,,,,,,,,,,,,,,,,,,,
1907,7,150.4,-15.7,,,,,,,,,,,,,,,,,,,,,,,,,,,,,,,,,,,7.94,9.3,9.3,8.65,4.0,1.3,12.0,0.5,-9.3,-9.3,-7.94,-8.65,4.0,1.3,12.0,0.5,0.0,0.0,0.0,0.0,4.0,0.0,12.0,0.5,1009.9,1009.9,1009.9,1009.9,1.0,0.0,24.0,1.0,,,,,,,,,,,,,,,,,,,,,,,,,,,,,,,,,,,,,,,,,,,,,,,,,,,,,,,,,,,,,,,,,,,,,,,,,,,,,,,,,,,,,,,,,,,,,,,,,,,,,,,,,,,,,,,,,,,,,,,,,,,,,,,,,,
1907,7,150.4,40.3,,,,,,,,,,,,,,,,,,,,,,,,,,,,,,,,,,,4.6,4.6,5.37,5.02,5.0,0.94,20.0,0.6,0.0,3.52,3.78,2.26,5.0,2.08,20.0,0.6,1.22,2.96,5.37,3.08,5.0,3.13,20.0,0.6,1011.68,1012.2,1012.57,1012.13,4.0,0.7,22.0,0.5,,,,,,,,,,,,,,,,,,,,,,,,,,,,,,,,,,,,,,,,,,,,,,,,,,,,,,,,,,,,,,,,,,,,,,,,,,,,,,,,,,,,,,,,,,,,,,,,,,,,,,,,,,,,,,,,,,,,,,,,,,,,,,,,,,
1907,7,150.4,42.3,11.7,12.75,14.1,12.51,8.0,1.62,18.0,0.6,8.28,11.1,12.2,10.63,7.0,1.83,18.0,0.6,6.8,6.8,6.8,6.8,1.0,0.0,8.0,0.0,100.0,100.0,100.0,100.0,1.0,0.0,8.0,0.0,0.5,0.8,1.18,2.6,2.6,2.45,8.0,1.13,18.0,0.6,-2.24,0.44,1.0,0.18,8.0,2.19,18.0,0.6,-2.44,-0.9,0.68,-0.95,8.0,1.51,18.0,0.6,1009.74,1012.7,1013.51,1011.88,5.0,2.15,16.0,0.8,6.1,8.0,8.0,7.1,8.0,1.5,18.0,0.6,100.0,100.0,100.0,100.0,1.0,0.0,8.0,0.0,0.5,0.8,-5.7,0.5,2.5,1.4,8.0,8.1,18.0,0.6,-6.7,-3.1,0.7,-3.1,8.0,4.2,18.0,0.6,-0.02,1.1,3.31,1.77,7.0,2.11,18.0,0.6,-0.1,1.1,14.3,5.1,7.0,6.9,18.0,0.6,0.53,0.53,0.53,0.53,1.0,0.0,8.0,0.0,0.5,0.5,0.5,0.5,1.0,0.0,8.0,0.0,-29.9,6.9,13.2,0.7,7.0,27.0,18.0,0.6,-20.2,0.0,8.6,-6.8,7.0,15.4,18.0,0.6,6.8,6.8,6.8,6.8,1.0,0.0,8.0,0.0,0.0,0.0,0.0,0.0,1.0,0.0,8.0,0.0,0.5,0.5,0.5,0.5,1.0,0.0,8.0,0.0,0.0,0.0,0.0,0.0,1.0,0.0,8.0,0.0,3.0,17.5,17.5,23.5,8.0,31.0,18.0,0.6,5.0,20.0,20.0,25.0,8.0,30.0,18.0,0.6
1907,7,152.4,-33.7,,,,,,,,,,,,,,,,,,,,,,,,,,,,,,,,,,,4.31,6.7,12.3,7.53,19.0,4.01,14.0,0.4,2.58,5.13,9.59,5.86,19.0,3.99,14.0,0.4,-3.0,0.0,4.83,1.21,19.0,4.71,14.0,0.4,1012.63,1018.8,1020.42,1017.69,9.0,4.71,12.0,0.7,,,,,,,,,,,,,,,,,,,,,,,,,,,,,,,,,,,,,,,,,,,,,,,,,,,,,,,,,,,,,,,,,,,,,,,,,,,,,,,,,,,,,,,,,,,,,,,,,,,,,,,,,,,,,,,,,,,,,,,,,,,,,,,,,,
1907,7,152.4,-31.7,,,,,,,,,,,,,,,,,,,,,,,,,,,,,,,,,,,2.6,4.6,9.3,5.94,20.0,3.97,16.0,0.6,1.0,2.93,6.58,3.76,20.0,3.28,16.0,0.6,-2.58,1.26,6.58,2.28,20.0,4.65,16.0,0.6,1018.8,1019.1,1019.61,1019.2,5.0,0.44,8.0,0.4,,,,,,,,,,,,,,,,,,,,,,,,,,,,,,,,,,,,,,,,,,,,,,,,,,,,,,,,,,,,,,,,,,,,,,,,,,,,,,,,,,,,,,,,,,,,,,,,,,,,,,,,,,,,,,,,,,,,,,,,,,,,,,,,,,
1907,7,152.4,-29.7,,,,,,,,,,,,,,,,,,,,,,,,,,,,,,,,,,,2.6,4.6,6.7,4.94,23.0,3.52,16.0,0.5,0.0,1.3,6.46,2.64,23.0,3.46,16.0,0.5,0.0,2.39,6.7,2.58,23.0,3.42,16.0,0.5,1018.99,1019.1,1019.8,1019.32,5.0,0.45,12.0,0.4,,,,,,,,,,,,,,,,,,,,,,,,,,,,,,,,,,,,,,,,,,,,,,,,,,,,,,,,,,,,,,,,,,,,,,,,,,,,,,,,,,,,,,,,,,,,,,,,,,,,,,,,,,,,,,,,,,,,,,,,,,,,,,,,,,
1907,7,152.4,-27.7,,,,,,,,,,,,,,,,,,,,,,,,,,,,,,,,,,,1.0,6.7,9.3,5.66,27.0,4.17,14.0,0.4,-3.16,0.0,3.58,0.88,27.0,3.95,14.0,0.4,0.0,4.6,8.69,4.31,27.0,3.86,14.0,0.4,1016.59,1019.0,1019.8,1018.37,6.0,1.7,12.0,0.2,,,,,,,,,,,,,,,,,,,,,,,,,,,,,,,,,,,,,,,,,,,,,,,,,,,,,,,,,,,,,,,,,,,,,,,,,,,,,,,,,,,,,,,,,,,,,,,,,,,,,,,,,,,,,,,,,,,,,,,,,,,,,,,,,,
1907,7,152.4,-25.7,,,,,,,,,,,,,,,,,,,,,,,,,,,,,,,,,,,2.6,6.7,7.49,5.52,18.0,2.7,14.0,0.4,-6.17,0.0,1.05,-1.37,18.0,3.11,14.0,0.4,-1.05,4.27,6.7,3.55,18.0,3.81,14.0,0.4,1016.62,1017.1,1017.78,1017.2,3.0,0.85,20.0,0.3,,,,,,,,,,,,,,,,,,,,,,,,,,,,,,,,,,,,,,,,,,,,,,,,,,,,,,,,,,,,,,,,,,,,,,,,,,,,,,,,,,,,,,,,,,,,,,,,,,,,,,,,,,,,,,,,,,,,,,,,,,,,,,,,,,
1907,7,152.4,-23.7,,,,,,,,,,,,,,,,,,,,,,,,,,,,,,,,,,,1.0,2.6,6.23,3.77,15.0,2.87,14.0,0.5,-1.72,0.0,0.94,-0.73,15.0,3.1,14.0,0.5,-1.38,1.0,4.27,1.71,15.0,3.17,14.0,0.5,1016.91,1017.15,1017.39,1017.15,2.0,0.49,20.0,0.5,,,,,,,,,,,,,,,,,,,,,,,,,,,,,,,,,,,,,,,,,,,,,,,,,,,,,,,,,,,,,,,,,,,,,,,,,,,,,,,,,,,,,,,,,,,,,,,,,,,,,,,,,,,,,,,,,,,,,,,,,,,,,,,,,,
1907,7,152.4,-17.7,,,,,,,,,,,,,,,,,,,,,,,,,,,,,,,,,,,4.95,9.3,9.3,7.23,4.0,4.15,14.0,0.5,-8.56,-8.56,-4.45,-6.6,4.0,3.93,14.0,0.5,1.36,3.63,3.63,2.55,4.0,2.17,14.0,0.5,1009.2,1009.2,1009.2,1009.2,1.0,0.0,24.0,1.0,,,,,,,,,,,,,,,,,,,,,,,,,,,,,,,,,,,,,,,,,,,,,,,,,,,,,,,,,,,,,,,,,,,,,,,,,,,,,,,,,,,,,,,,,,,,,,,,,,,,,,,,,,,,,,,,,,,,,,,,,,,,,,,,,,
1907,7,152.4,40.3,,,,,,,,,,,,,,,,,,,,,,,,,,,,,,,,,,,4.6,4.6,4.6,4.6,4.0,0.0,16.0,0.8,-4.44,-4.27,-2.85,-3.68,4.0,1.41,16.0,0.8,-1.72,-0.86,2.26,0.22,4.0,2.85,16.0,0.8,1013.6,1013.6,1013.6,1013.6,1.0,0.0,28.0,1.0,,,,,,,,,,,,,,,,,,,,,,,,,,,,,,,,,,,,,,,,,,,,,,,,,,,,,,,,,,,,,,,,,,,,,,,,,,,,,,,,,,,,,,,,,,,,,,,,,,,,,,,,,,,,,,,,,,,,,,,,,,,,,,,,,,
1907,7,152.4,42.3,,,,,,,,,,,,,,,,,,,,,,,,,,,,,,,,,,,1.0,2.6,2.8,2.73,7.0,1.91,20.0,0.6,-2.05,-0.71,1.02,-1.28,7.0,2.5,20.0,0.6,0.93,1.84,2.39,1.77,7.0,0.69,20.0,0.6,1012.46,1013.65,1014.84,1013.65,2.0,2.47,24.0,1.0,,,,,,,,,,,,,,,,,,,,,,,,,,,,,,,,,,,,,,,,,,,,,,,,,,,,,,,,,,,,,,,,,,,,,,,,,,,,,,,,,,,,,,,,,,,,,,,,,,,,,,,,,,,,,,,,,,,,,,,,,,,,,,,,,,
1907,7,152.4,44.3,8.15,8.9,9.65,8.9,3.0,1.1,12.0,0.3,8.4,8.6,8.8,8.6,2.0,0.42,14.0,0.0,7.09,7.09,7.09,7.09,1.0,0.0,8.0,0.0,100.0,100.0,100.0,100.0,1.0,0.0,8.0,0.0,0.0,0.1,0.0,0.0,0.68,0.33,3.0,0.58,12.0,0.3,0.0,0.0,0.68,0.33,3.0,0.58,12.0,0.3,0.0,0.0,0.0,0.0,3.0,0.0,12.0,0.3,1007.34,1008.3,1013.42,1010.33,3.0,4.79,12.0,0.3,8.0,8.0,8.0,8.0,3.0,0.0,12.0,0.3,100.0,100.0,100.0,100.0,1.0,0.0,8.0,0.0,0.0,0.1,0.0,0.0,0.7,0.3,3.0,0.6,12.0,0.3,0.0,0.0,0.0,0.0,3.0,0.0,12.0,0.3,0.27,0.85,1.43,0.85,2.0,1.2,14.0,0.0,0.0,0.0,0.0,0.0,2.0,0.0,14.0,0.0,0.0,0.0,0.0,0.0,1.0,0.0,8.0,0.0,0.0,0.0,0.0,0.0,1.0,0.0,8.0,0.0,1.4,4.5,7.5,4.5,2.0,6.3,14.0,0.0,0.0,0.0,0.0,0.0,2.0,0.0,14.0,0.0,7.1,7.1,7.1,7.1,1.0,0.0,8.0,0.0,0.0,0.0,0.0,0.0,1.0,0.0,8.0,0.0,0.0,0.0,0.0,0.0,1.0,0.0,8.0,0.0,0.0,0.0,0.0,0.0,1.0,0.0,8.0,0.0,0.0,0.0,0.5,0.5,3.0,0.5,12.0,0.3,0.0,0.0,0.0,0.0,3.0,0.0,12.0,0.3
1907,7,154.4,-35.7,,,,,,,,,,,,,,,,,,,,,,,,,,,,,,,,,,,1.0,1.0,4.89,2.9,3.0,3.29,26.0,1.0,0.56,0.93,4.53,2.51,3.0,3.22,26.0,1.0,0.55,0.92,2.01,1.27,3.0,1.11,26.0,1.0,1017.93,1019.3,1020.8,1019.37,3.0,2.1,26.0,1.0,,,,,,,,,,,,,,,,,,,,,,,,,,,,,,,,,,,,,,,,,,,,,,,,,,,,,,,,,,,,,,,,,,,,,,,,,,,,,,,,,,,,,,,,,,,,,,,,,,,,,,,,,,,,,,,,,,,,,,,,,,,,,,,,,,
1907,7,154.4,-33.7,,,,,,,,,,,,,,,,,,,,,,,,,,,,,,,,,,,1.0,5.65,9.9,6.16,10.0,5.76,18.0,1.0,0.0,3.67,6.21,3.62,10.0,4.5,18.0,1.0,0.43,1.75,8.5,3.33,10.0,5.31,18.0,1.0,1010.73,1014.1,1016.28,1014.18,6.0,4.04,14.0,1.0,,,,,,,,,,,,,,,,,,,,,,,,,,,,,,,,,,,,,,,,,,,,,,,,,,,,,,,,,,,,,,,,,,,,,,,,,,,,,,,,,,,,,,,,,,,,,,,,,,,,,,,,,,,,,,,,,,,,,,,,,,,,,,,,,,
1907,7,154.4,-31.7,,,,,,,,,,,,,,,,,,,,,,,,,,,,,,,,,,,1.0,4.6,7.12,5.13,7.0,4.98,14.0,1.0,0.0,2.39,4.58,3.07,7.0,3.82,14.0,1.0,-0.72,1.72,6.9,3.12,7.0,4.31,14.0,1.0,1014.44,1016.2,1022.21,1018.23,4.0,6.22,12.0,1.0,,,,,,,,,,,,,,,,,,,,,,,,,,,,,,,,,,,,,,,,,,,,,,,,,,,,,,,,,,,,,,,,,,,,,,,,,,,,,,,,,,,,,,,,,,,,,,,,,,,,,,,,,,,,,,,,,,,,,,,,,,,,,,,,,,
1907,7,154.4,-27.7,,,,,,,,,,,,,,,,,,,,,,,,,,,,,,,,,,,5.27,6.7,8.82,7.03,3.0,2.62,14.0,0.7,-3.48,-1.87,-1.47,-2.46,3.0,1.56,14.0,0.7,3.31,6.58,8.65,6.0,3.0,3.94,14.0,0.7,1012.7,1012.7,1012.7,1012.7,1.0,0.0,18.0,1.0,,,,,,,,,,,,,,,,,,,,,,,,,,,,,,,,,,,,,,,,,,,,,,,,,,,,,,,,,,,,,,,,,,,,,,,,,,,,,,,,,,,,,,,,,,,,,,,,,,,,,,,,,,,,,,,,,,,,,,,,,,,,,,,,,,
1907,7,154.4,-19.7,,,,,,,,,,,,,,,,,,,,,,,,,,,,,,,,,,,2.6,3.6,5.7,4.13,4.0,1.96,10.0,0.5,-4.03,-2.82,-2.1,-3.06,4.0,1.26,10.0,0.5,-0.48,2.13,4.03,1.79,4.0,2.86,10.0,0.5,1009.9,1009.9,1009.9,1009.9,1.0,0.0,22.0,1.0,,,,,,,,,,,,,,,,,,,,,,,,,,,,,,,,,,,,,,,,,,,,,,,,,,,,,,,,,,,,,,,,,,,,,,,,,,,,,,,,,,,,,,,,,,,,,,,,,,,,,,,,,,,,,,,,,,,,,,,,,,,,,,,,,,
1907,7,154.4,-17.7,,,,,,,,,,,,,,,,,,,,,,,,,,,,,,,,,,,5.27,6.7,8.47,6.87,3.0,2.35,12.0,1.0,-5.99,-4.74,-4.64,-5.3,3.0,1.1,12.0,1.0,1.5,4.74,5.99,3.77,3.0,3.39,12.0,1.0,1011.4,1011.4,1011.4,1011.4,1.0,0.0,22.0,1.0,,,,,,,,,,,,,,,,,,,,,,,,,,,,,,,,,,,,,,,,,,,,,,,,,,,,,,,,,,,,,,,,,,,,,,,,,,,,,,,,,,,,,,,,,,,,,,,,,,,,,,,,,,,,,,,,,,,,,,,,,,,,,,,,,,
1907,7,154.4,42.3,,,,,,,,,,,,,,,,,,,,,,,,,,,,,,,,,,,2.6,4.6,9.44,5.51,7.0,3.82,16.0,0.6,-3.3,-1.84,0.17,-1.54,7.0,2.61,16.0,0.6,1.84,2.96,8.87,4.68,7.0,3.86,16.0,0.6,1010.6,1010.6,1011.69,1011.13,3.0,0.92,20.0,0.7,,,,,,,,,,,,,,,,,,,,,,,,,,,,,,,,,,,,,,,,,,,,,,,,,,,,,,,,,,,,,,,,,,,,,,,,,,,,,,,,,,,,,,,,,,,,,,,,,,,,,,,,,,,,,,,,,,,,,,,,,,,,,,,,,,
1907,7,154.4,44.3,7.4,10.6,11.79,9.84,5.0,2.56,16.0,0.6,8.12,10.0,11.72,10.0,5.0,2.05,16.0,0.6,6.63,6.7,6.78,6.7,2.0,0.16,8.0,1.0,100.0,100.0,100.0,100.0,2.0,0.0,8.0,1.0,0.3,0.7,2.6,2.6,2.6,2.6,5.0,0.0,16.0,0.6,0.39,2.44,2.6,1.45,5.0,2.16,16.0,0.6,0.0,0.89,1.26,0.72,5.0,0.72,16.0,0.6,1006.78,1010.15,1014.62,1010.68,4.0,4.67,14.0,0.8,7.3,8.0,8.0,7.6,5.0,0.9,16.0,0.6,100.0,100.0,100.0,100.0,2.0,0.0,8.0,1.0,0.3,0.7,1.0,6.4,6.8,3.8,5.0,5.6,16.0,0.6,0.0,2.3,3.3,1.9,5.0,1.9,16.0,0.6,-0.72,0.0,0.35,-0.16,5.0,0.66,16.0,0.6,-1.9,0.0,0.9,-0.4,5.0,1.7,16.0,0.6,-0.44,-0.35,-0.27,-0.35,2.0,0.18,8.0,1.0,-1.1,-0.9,-0.7,-0.9,2.0,0.5,8.0,1.0,-1.3,20.3,27.0,12.0,5.0,24.4,16.0,0.6,0.0,7.4,13.0,6.7,5.0,6.5,16.0,0.6,13.7,14.9,16.1,14.9,2.0,2.5,8.0,1.0,6.8,8.5,10.2,8.5,2.0,3.5,8.0,1.0,-0.9,-0.8,-0.6,-0.8,2.0,0.3,8.0,1.0,-0.7,-0.5,-0.3,-0.5,2.0,0.4,8.0,1.0,17.5,17.5,17.5,17.5,5.0,0.0,16.0,0.6,20.0,20.0,20.0,20.0,5.0,0.0,16.0,0.6
1907,7,156.4,-37.7,,,,,,,,,,,,,,,,,,,,,,,,,,,,,,,,,,,6.7,6.7,6.7,6.7,1.0,0.0,28.0,1.0,-2.62,-2.62,-2.62,-2.62,1.0,0.0,28.0,1.0,-6.17,-6.17,-6.17,-6.17,1.0,0.0,28.0,1.0,1024.7,1024.7,1024.7,1024.7,1.0,0.0,28.0,1.0,,,,,,,,,,,,,,,,,,,,,,,,,,,,,,,,,,,,,,,,,,,,,,,,,,,,,,,,,,,,,,,,,,,,,,,,,,,,,,,,,,,,,,,,,,,,,,,,,,,,,,,,,,,,,,,,,,,,,,,,,,,,,,,,,,
1907,7,156.4,-35.7,,,,,,,,,,,,,,,,,,,,,,,,,,,,,,,,,,,9.3,9.3,9.3,9.3,1.0,0.0,6.0,1.0,0.0,0.0,0.0,0.0,1.0,0.0,6.0,1.0,-9.3,-9.3,-9.3,-9.3,1.0,0.0,6.0,1.0,1011.0,1011.0,1011.0,1011.0,1.0,0.0,6.0,1.0,,,,,,,,,,,,,,,,,,,,,,,,,,,,,,,,,,,,,,,,,,,,,,,,,,,,,,,,,,,,,,,,,,,,,,,,,,,,,,,,,,,,,,,,,,,,,,,,,,,,,,,,,,,,,,,,,,,,,,,,,,,,,,,,,,
1907,7,156.4,-33.7,,,,,,,,,,,,,,,,,,,,,,,,,,,,,,,,,,,5.82,8.45,11.08,8.45,2.0,5.44,8.0,1.0,4.35,4.54,4.72,4.54,2.0,0.38,8.0,1.0,3.25,6.52,9.8,6.52,2.0,6.79,8.0,1.0,1010.07,1011.3,1013.42,1011.73,3.0,2.48,8.0,1.0,,,,,,,,,,,,,,,,,,,,,,,,,,,,,,,,,,,,,,,,,,,,,,,,,,,,,,,,,,,,,,,,,,,,,,,,,,,,,,,,,,,,,,,,,,,,,,,,,,,,,,,,,,,,,,,,,,,,,,,,,,,,,,,,,,
1907,7,156.4,-29.7,,,,,,,,,,,,,,,,,,,,,,,,,,,,,,,,,,,4.73,9.3,9.3,7.07,3.0,3.87,22.0,1.0,-6.6,-2.39,3.73,-1.46,3.0,7.61,22.0,1.0,1.85,3.63,5.64,3.74,3.0,2.78,22.0,1.0,1022.07,1023.3,1024.53,1023.3,2.0,2.55,22.0,1.0,,,,,,,,,,,,,,,,,,,,,,,,,,,,,,,,,,,,,,,,,,,,,,,,,,,,,,,,,,,,,,,,,,,,,,,,,,,,,,,,,,,,,,,,,,,,,,,,,,,,,,,,,,,,,,,,,,,,,,,,,,,,,,,,,,
1907,7,156.4,-27.7,,,,,,,,,,,,,,,,,,,,,,,,,,,,,,,,,,,7.68,9.8,9.8,8.77,3.0,1.79,14.0,0.3,-3.83,-1.87,4.95,0.51,3.0,6.75,14.0,0.3,-1.49,5.48,8.31,3.45,3.0,7.39,14.0,0.3,1016.3,1016.3,1016.3,1016.3,1.0,0.0,16.0,1.0,,,,,,,,,,,,,,,,,,,,,,,,,,,,,,,,,,,,,,,,,,,,,,,,,,,,,,,,,,,,,,,,,,,,,,,,,,,,,,,,,,,,,,,,,,,,,,,,,,,,,,,,,,,,,,,,,,,,,,,,,,,,,,,,,,
1907,7,156.4,-25.7,,,,,,,,,,,,,,,,,,,,,,,,,,,,,,,,,,,6.7,6.7,6.7,6.7,1.0,0.0,18.0,1.0,0.0,0.0,0.0,0.0,1.0,0.0,18.0,1.0,6.7,6.7,6.7,6.7,1.0,0.0,18.0,1.0,1010.1,1010.1,1010.1,1010.1,1.0,0.0,18.0,1.0,,,,,,,,,,,,,,,,,,,,,,,,,,,,,,,,,,,,,,,,,,,,,,,,,,,,,,,,,,,,,,,,,,,,,,,,,,,,,,,,,,,,,,,,,,,,,,,,,,,,,,,,,,,,,,,,,,,,,,,,,,,,,,,,,,
1907,7,156.4,-19.7,,,,,,,,,,,,,,,,,,,,,,,,,,,,,,,,,,,4.6,4.6,4.6,4.6,1.0,0.0,20.0,1.0,1.8,1.8,1.8,1.8,1.0,0.0,20.0,1.0,4.23,4.23,4.23,4.23,1.0,0.0,20.0,1.0,1008.4,1008.4,1008.4,1008.4,1.0,0.0,20.0,1.0,,,,,,,,,,,,,,,,,,,,,,,,,,,,,,,,,,,,,,,,,,,,,,,,,,,,,,,,,,,,,,,,,,,,,,,,,,,,,,,,,,,,,,,,,,,,,,,,,,,,,,,,,,,,,,,,,,,,,,,,,,,,,,,,,,
1907,7,156.4,42.3,,,,,,,,,,,,,,,,,,,,,,,,,,,,,,,,,,,5.6,6.7,8.06,6.83,4.0,1.92,20.0,0.8,-3.22,-2.85,-2.4,-2.81,4.0,0.48,20.0,0.8,4.66,6.25,7.58,6.12,4.0,2.25,20.0,0.8,1013.76,1014.1,1014.44,1014.1,2.0,0.71,28.0,0.5,,,,,,,,,,,,,,,,,,,,,,,,,,,,,,,,,,,,,,,,,,,,,,,,,,,,,,,,,,,,,,,,,,,,,,,,,,,,,,,,,,,,,,,,,,,,,,,,,,,,,,,,,,,,,,,,,,,,,,,,,,,,,,,,,,
1907,7,156.4,44.3,,,,,,,,,,,,,,,,,,,,,,,,,,,,,,,,,,,1.0,4.6,9.3,4.93,7.0,3.6,20.0,0.7,-8.6,-2.57,-0.64,-4.12,7.0,3.57,20.0,0.7,0.73,1.02,3.86,2.1,7.0,1.89,20.0,0.7,1011.11,1011.35,1011.59,1011.35,2.0,0.5,22.0,1.0,,,,,,,,,,,,,,,,,,,,,,,,,,,,,,,,,,,,,,,,,,,,,,,,,,,,,,,,,,,,,,,,,,,,,,,,,,,,,,,,,,,,,,,,,,,,,,,,,,,,,,,,,,,,,,,,,,,,,,,,,,,,,,,,,,
1907,7,156.4,46.3,6.1,6.1,6.1,6.1,2.0,0.0,6.0,0.5,7.2,7.2,7.2,7.2,1.0,0.0,6.0,0.0,6.32,6.32,6.32,6.32,1.0,0.0,6.0,0.0,100.0,100.0,100.0,100.0,1.0,0.0,6.0,0.0,0.5,0.3,2.6,2.6,2.6,2.6,2.0,0.0,6.0,0.5,0.89,0.89,0.89,0.89,2.0,0.0,6.0,0.5,2.44,2.44,2.44,2.44,2.0,0.0,6.0,0.5,1006.4,1006.6,1006.8,1006.6,2.0,0.42,6.0,0.5,8.0,8.0,8.0,8.0,2.0,0.0,6.0,0.5,100.0,100.0,100.0,100.0,1.0,0.0,6.0,0.0,0.5,0.3,2.3,2.3,2.3,2.3,2.0,0.0,6.0,0.5,6.4,6.4,6.4,6.4,2.0,0.0,6.0,0.5,-1.1,-1.1,-1.1,-1.1,1.0,0.0,6.0,0.0,-2.9,-2.9,-2.9,-2.9,1.0,0.0,6.0,0.0,-0.46,-0.46,-0.46,-0.46,1.0,0.0,6.0,0.0,-1.2,-1.2,-1.2,-1.2,1.0,0.0,6.0,0.0,6.4,6.4,6.4,6.4,1.0,0.0,6.0,0.0,17.6,17.6,17.6,17.6,1.0,0.0,6.0,0.0,5.6,5.6,5.6,5.6,1.0,0.0,6.0,0.0,15.5,15.5,15.5,15.5,1.0,0.0,6.0,0.0,-0.4,-0.4,-0.4,-0.4,1.0,0.0,6.0,0.0,-1.1,-1.1,-1.1,-1.1,1.0,0.0,6.0,0.0,17.5,17.5,17.5,17.5,2.0,0.0,6.0,0.5,20.0,20.0,20.0,20.0,2.0,0.0,6.0,0.5
1907,7,158.4,-41.7,,,,,,,,,,,,,,,,,,,,,,,,,,,,,,,,,,,9.78,10.8,11.82,10.8,2.0,2.12,24.0,0.5,-9.16,-6.92,-4.68,-6.92,2.0,4.64,24.0,0.5,-8.29,-7.72,-7.15,-7.72,2.0,1.19,24.0,0.5,1022.0,1022.0,1022.0,1022.0,1.0,0.0,28.0,1.0,,,,,,,,,,,,,,,,,,,,,,,,,,,,,,,,,,,,,,,,,,,,,,,,,,,,,,,,,,,,,,,,,,,,,,,,,,,,,,,,,,,,,,,,,,,,,,,,,,,,,,,,,,,,,,,,,,,,,,,,,,,,,,,,,,
1907,7,158.4,-33.7,,,,,,,,,,,,,,,,,,,,,,,,,,,,,,,,,,,2.81,6.7,8.47,5.67,3.0,4.25,6.0,1.0,0.12,0.37,1.91,1.0,3.0,1.42,6.0,1.0,1.32,6.17,8.31,4.85,3.0,5.24,6.0,1.0,1015.63,1017.0,1020.41,1018.0,3.0,3.61,6.0,1.0,,,,,,,,,,,,,,,,,,,,,,,,,,,,,,,,,,,,,,,,,,,,,,,,,,,,,,,,,,,,,,,,,,,,,,,,,,,,,,,,,,,,,,,,,,,,,,,,,,,,,,,,,,,,,,,,,,,,,,,,,,,,,,,,,,
1907,7,158.4,-27.7,,,,,,,,,,,,,,,,,,,,,,,,,,,,,,,,,,,6.7,6.7,6.7,6.7,1.0,0.0,26.0,1.0,0.0,0.0,0.0,0.0,1.0,0.0,26.0,1.0,6.7,6.7,6.7,6.7,1.0,0.0,26.0,1.0,1019.0,1019.0,1019.0,1019.0,1.0,0.0,26.0,1.0,,,,,,,,,,,,,,,,,,,,,,,,,,,,,,,,,,,,,,,,,,,,,,,,,,,,,,,,,,,,,,,,,,,,,,,,,,,,,,,,,,,,,,,,,,,,,,,,,,,,,,,,,,,,,,,,,,,,,,,,,,,,,,,,,,
1907,7,158.4,44.3,,,,,,,,,,,,,,,,,,,,,,,,,,,,,,,,,,,2.6,6.7,6.82,5.6,7.0,2.46,22.0,0.9,-2.54,0.0,0.09,-0.56,7.0,1.71,22.0,0.9,2.6,6.21,6.8,5.4,7.0,2.32,22.0,0.9,1014.4,1014.6,1014.87,1014.63,3.0,0.35,28.0,1.0,,,,,,,,,,,,,,,,,,,,,,,,,,,,,,,,,,,,,,,,,,,,,,,,,,,,,,,,,,,,,,,,,,,,,,,,,,,,,,,,,,,,,,,,,,,,,,,,,,,,,,,,,,,,,,,,,,,,,,,,,,,,,,,,,,
1907,7,158.4,46.3,6.1,7.5,8.5,7.42,6.0,1.26,12.0,0.5,6.7,7.65,9.65,8.12,6.0,1.57,12.0,0.5,6.11,6.11,6.44,6.27,3.0,0.28,6.0,0.7,100.0,100.0,100.0,100.0,3.0,0.0,6.0,0.7,0.5,0.7,2.6,2.6,4.6,3.27,6.0,1.03,12.0,0.5,1.43,1.89,2.32,1.85,6.0,0.59,12.0,0.5,1.03,2.06,4.25,2.33,6.0,1.7,12.0,0.5,1006.79,1008.0,1009.92,1008.36,5.0,1.82,12.0,0.6,4.4,8.0,8.0,6.5,6.0,2.5,12.0,0.5,100.0,100.0,100.0,100.0,3.0,0.0,6.0,0.7,0.5,0.7,4.6,6.3,7.5,5.9,6.0,2.1,12.0,0.5,2.7,5.3,19.6,8.9,6.0,8.6,12.0,0.5,-1.35,-0.6,-0.21,-0.7,6.0,1.03,12.0,0.5,-3.5,-2.2,-0.2,-1.7,6.0,3.3,12.0,0.5,-0.41,-0.25,-0.25,-0.33,3.0,0.13,6.0,0.7,-1.2,-1.1,-0.8,-1.0,3.0,0.3,6.0,0.7,9.6,14.5,24.0,15.6,6.0,7.3,12.0,0.5,10.3,15.1,29.5,17.3,6.0,11.6,12.0,0.5,6.8,9.6,12.0,9.4,3.0,3.9,6.0,0.7,12.3,14.9,22.8,17.4,3.0,8.0,6.0,0.7,-0.8,-0.4,-0.3,-0.5,3.0,0.4,6.0,0.7,-1.0,-0.8,-0.7,-0.8,3.0,0.2,6.0,0.7,17.5,17.5,97.5,44.0,6.0,41.0,12.0,0.5,20.0,20.0,95.0,45.0,6.0,40.0,12.0,0.5
1907,7,158.4,52.3,,,,,,,,,,,,,,,,,,,,,,,,,,,,,,,,,,,,,,,,,,,,,,,,,,,,,,,,,,,,,,,,,,,0.0,0.0,1.0,0.5,4.0,1.0,20.0,0.5,87.1,87.2,91.0,89.0,3.0,3.3,18.0,0.7,0.0,0.0,0.0,0.0,0.0,0.0,2.0,0.0,26.0,0.0,3.4,10.6,17.8,10.6,2.0,15.0,26.0,0.0,,,,,,,,,,,,,,,,,,,,,,,,,,,,,,,,,,,,,,,,,,,,,,,,,,,,,,,,,,,,,,,,,,,,,,,,,,,,,,,,,,,,,,,,,,,,,,,,
1907,7,160.4,-43.7,,,,,,,,,,,,,,,,,,,,,,,,,,,,,,,,,,,6.7,6.7,6.7,6.7,2.0,0.0,16.0,0.5,-3.1,0.41,3.92,0.41,2.0,7.28,16.0,0.5,-4.58,-4.24,-3.9,-4.24,2.0,0.7,16.0,0.5,1019.5,1019.5,1019.5,1019.5,1.0,0.0,30.0,1.0,,,,,,,,,,,,,,,,,,,,,,,,,,,,,,,,,,,,,,,,,,,,,,,,,,,,,,,,,,,,,,,,,,,,,,,,,,,,,,,,,,,,,,,,,,,,,,,,,,,,,,,,,,,,,,,,,,,,,,,,,,,,,,,,,,
1907,7,160.4,-35.7,,,,,,,,,,,,,,,,,,,,,,,,,,,,,,,,,,,9.46,15.4,17.86,13.7,3.0,6.32,10.0,1.0,1.67,10.89,12.63,7.24,3.0,8.63,10.0,1.0,-11.13,-6.17,5.48,-2.9,3.0,12.49,10.0,1.0,1002.09,1004.0,1012.6,1007.27,3.0,8.2,10.0,1.0,,,,,,,,,,,,,,,,,,,,,,,,,,,,,,,,,,,,,,,,,,,,,,,,,,,,,,,,,,,,,,,,,,,,,,,,,,,,,,,,,,,,,,,,,,,,,,,,,,,,,,,,,,,,,,,,,,,,,,,,,,,,,,,,,,
1907,7,160.4,-33.7,,,,,,,,,,,,,,,,,,,,,,,,,,,,,,,,,,,4.6,4.6,4.6,4.6,1.0,0.0,4.0,1.0,4.27,4.27,4.27,4.27,1.0,0.0,4.0,1.0,1.72,1.72,1.72,1.72,1.0,0.0,4.0,1.0,1010.71,1013.95,1017.19,1013.95,2.0,6.72,6.0,1.0,,,,,,,,,,,,,,,,,,,,,,,,,,,,,,,,,,,,,,,,,,,,,,,,,,,,,,,,,,,,,,,,,,,,,,,,,,,,,,,,,,,,,,,,,,,,,,,,,,,,,,,,,,,,,,,,,,,,,,,,,,,,,,,,,,
1907,7,160.4,44.3,,,,,,,,,,,,,,,,,,,,,,,,,,,,,,,,,,,4.43,6.7,6.7,5.59,7.0,2.17,16.0,0.4,-2.51,-2.29,0.22,-0.72,7.0,2.58,16.0,0.4,0.99,6.21,6.32,4.79,7.0,2.66,16.0,0.4,1010.18,1015.3,1015.78,1013.03,3.0,4.55,22.0,0.3,,,,,,,,,,,,,,,,,,,,,,,,,,,,,,,,,,,,,,,,,,,,,,,,,,,,,,,,,,,,,,,,,,,,,,,,,,,,,,,,,,,,,,,,,,,,,,,,,,,,,,,,,,,,,,,,,,,,,,,,,,,,,,,,,,
1907,7,160.4,46.3,,,,,,,,,,,,,,,,,,,,,,,,,,,,,,,,,,,2.6,3.6,4.6,3.6,4.0,1.15,20.0,0.3,-1.3,0.45,1.8,0.26,4.0,1.81,20.0,0.3,2.21,3.34,4.23,3.23,4.0,1.18,20.0,0.3,1009.59,1010.85,1012.11,1010.85,2.0,2.62,22.0,0.5,,,,,,,,,,,,,,,,,,,,,,,,,,,,,,,,,,,,,,,,,,,,,,,,,,,,,,,,,,,,,,,,,,,,,,,,,,,,,,,,,,,,,,,,,,,,,,,,,,,,,,,,,,,,,,,,,,,,,,,,,,,,,,,,,,
1907,7,160.4,48.3,7.2,7.2,7.2,7.2,1.0,0.0,6.0,1.0,7.2,7.2,7.2,7.2,1.0,0.0,6.0,1.0,6.33,6.33,6.33,6.33,1.0,0.0,6.0,1.0,100.0,100.0,100.0,100.0,1.0,0.0,6.0,1.0,0.5,0.0,2.6,2.6,2.6,2.6,1.0,0.0,6.0,1.0,-0.89,-0.89,-0.89,-0.89,1.0,0.0,6.0,1.0,2.44,2.44,2.44,2.44,1.0,0.0,6.0,1.0,1005.9,1005.9,1005.9,1005.9,1.0,0.0,6.0,1.0,8.0,8.0,8.0,8.0,1.0,0.0,6.0,1.0,100.0,100.0,100.0,100.0,1.0,0.0,6.0,1.0,0.5,0.0,-2.3,-2.3,-2.3,-2.3,1.0,0.0,6.0,1.0,6.4,6.4,6.4,6.4,1.0,0.0,6.0,1.0,0.0,0.0,0.0,0.0,1.0,0.0,6.0,1.0,0.0,0.0,0.0,0.0,1.0,0.0,6.0,1.0,0.0,0.0,0.0,0.0,1.0,0.0,6.0,1.0,0.0,0.0,0.0,0.0,1.0,0.0,6.0,1.0,-6.4,-6.4,-6.4,-6.4,1.0,0.0,6.0,1.0,17.6,17.6,17.6,17.6,1.0,0.0,6.0,1.0,-5.6,-5.6,-5.6,-5.6,1.0,0.0,6.0,1.0,15.5,15.5,15.5,15.5,1.0,0.0,6.0,1.0,0.0,0.0,0.0,0.0,1.0,0.0,6.0,1.0,0.0,0.0,0.0,0.0,1.0,0.0,6.0,1.0,17.5,17.5,17.5,17.5,1.0,0.0,6.0,1.0,20.0,20.0,20.0,20.0,1.0,0.0,6.0,1.0
1907,7,160.4,52.3,,,,,,,,,,,,,,,,,,,,,,,,,,,,,,,,,,,,,,,,,,,,,,,,,,,,,,,,,,,,,,,,,,,0.3,1.0,1.7,1.0,2.0,1.4,14.0,1.0,96.1,96.1,96.1,96.1,1.0,0.0,24.0,1.0,0.5,0.5,-0.6,-0.4,-0.1,-0.4,2.0,0.5,14.0,1.0,0.1,0.4,0.6,0.4,2.0,0.5,14.0,1.0,,,,,,,,,,,,,,,,,,,,,,,,,,,,,,,,,,,,,,,,,,,,,,,,,,,,,,,,,,,,,,,,,,,,,,,,,,,,,,,,,,,,,,,,,,,,,,,,
1907,7,162.4,-45.7,,,,,,,,,,,,,,,,,,,,,,,,,,,,,,,,,,,2.6,2.6,2.6,2.6,1.0,0.0,30.0,1.0,0.0,0.0,0.0,0.0,1.0,0.0,30.0,1.0,-2.6,-2.6,-2.6,-2.6,1.0,0.0,30.0,1.0,1019.0,1019.0,1019.0,1019.0,1.0,0.0,30.0,1.0,,,,,,,,,,,,,,,,,,,,,,,,,,,,,,,,,,,,,,,,,,,,,,,,,,,,,,,,,,,,,,,,,,,,,,,,,,,,,,,,,,,,,,,,,,,,,,,,,,,,,,,,,,,,,,,,,,,,,,,,,,,,,,,,,,
1907,7,162.4,-37.7,,,,,,,,,,,,,,,,,,,,,,,,,,,,,,,,,,,4.6,4.6,4.6,4.6,1.0,0.0,2.0,1.0,-3.25,-3.25,-3.25,-3.25,1.0,0.0,2.0,1.0,-3.25,-3.25,-3.25,-3.25,1.0,0.0,2.0,1.0,1016.2,1016.2,1016.2,1016.2,1.0,0.0,2.0,1.0,,,,,,,,,,,,,,,,,,,,,,,,,,,,,,,,,,,,,,,,,,,,,,,,,,,,,,,,,,,,,,,,,,,,,,,,,,,,,,,,,,,,,,,,,,,,,,,,,,,,,,,,,,,,,,,,,,,,,,,,,,,,,,,,,,
1907,7,162.4,-33.7,,,,,,,,,,,,,,,,,,,,,,,,,,,,,,,,,,,6.7,6.7,6.7,6.7,1.0,0.0,14.0,1.0,6.21,6.21,6.21,6.21,1.0,0.0,14.0,1.0,2.51,2.51,2.51,2.51,1.0,0.0,14.0,1.0,1022.6,1022.6,1022.6,1022.6,1.0,0.0,14.0,1.0,,,,,,,,,,,,,,,,,,,,,,,,,,,,,,,,,,,,,,,,,,,,,,,,,,,,,,,,,,,,,,,,,,,,,,,,,,,,,,,,,,,,,,,,,,,,,,,,,,,,,,,,,,,,,,,,,,,,,,,,,,,,,,,,,,
1907,7,162.4,-31.7,,,,,,,,,,,,,,,,,,,,,,,,,,,,,,,,,,,1.57,2.8,4.03,2.8,2.0,2.55,4.0,1.0,1.11,1.36,1.61,1.36,2.0,0.51,4.0,1.0,-3.59,-2.13,-0.68,-2.13,2.0,3.02,4.0,1.0,1021.9,1022.75,1023.6,1022.75,2.0,1.77,4.0,1.0,,,,,,,,,,,,,,,,,,,,,,,,,,,,,,,,,,,,,,,,,,,,,,,,,,,,,,,,,,,,,,,,,,,,,,,,,,,,,,,,,,,,,,,,,,,,,,,,,,,,,,,,,,,,,,,,,,,,,,,,,,,,,,,,,,
1907,7,162.4,-29.7,,,,,,,,,,,,,,,,,,,,,,,,,,,,,,,,,,,1.0,3.85,6.7,3.85,4.0,3.29,18.0,1.0,-0.52,0.0,2.48,0.93,4.0,2.58,18.0,1.0,-0.52,2.37,5.77,2.61,4.0,3.7,18.0,1.0,1018.68,1018.85,1019.02,1018.85,2.0,0.35,24.0,1.0,,,,,,,,,,,,,,,,,,,,,,,,,,,,,,,,,,,,,,,,,,,,,,,,,,,,,,,,,,,,,,,,,,,,,,,,,,,,,,,,,,,,,,,,,,,,,,,,,,,,,,,,,,,,,,,,,,,,,,,,,,,,,,,,,,
1907,7,162.4,-27.7,,,,,,,,,,,,,,,,,,,,,,,,,,,,,,,,,,,0.32,1.0,6.67,3.43,3.0,5.11,18.0,1.0,0.29,0.92,4.78,2.5,3.0,3.56,18.0,1.0,-0.27,0.0,4.49,2.06,3.0,3.91,18.0,1.0,1016.27,1016.85,1017.43,1016.85,2.0,1.2,22.0,1.0,,,,,,,,,,,,,,,,,,,,,,,,,,,,,,,,,,,,,,,,,,,,,,,,,,,,,,,,,,,,,,,,,,,,,,,,,,,,,,,,,,,,,,,,,,,,,,,,,,,,,,,,,,,,,,,,,,,,,,,,,,,,,,,,,,
1907,7,162.4,44.3,,,,,,,,,,,,,,,,,,,,,,,,,,,,,,,,,,,9.3,9.3,11.35,10.3,3.0,1.73,18.0,0.7,2.09,6.58,8.02,5.09,3.0,4.53,18.0,0.7,7.25,8.7,9.11,8.19,3.0,1.43,18.0,0.7,1014.6,1014.6,1014.6,1014.6,1.0,0.0,28.0,1.0,,,,,,,,,,,,,,,,,,,,,,,,,,,,,,,,,,,,,,,,,,,,,,,,,,,,,,,,,,,,,,,,,,,,,,,,,,,,,,,,,,,,,,,,,,,,,,,,,,,,,,,,,,,,,,,,,,,,,,,,,,,,,,,,,,
1907,7,162.4,46.3,,,,,,,,,,,,,,,,,,,,,,,,,,,,,,,,,,,1.0,2.6,6.7,3.74,8.0,3.38,20.0,0.8,0.0,0.8,2.24,0.79,8.0,1.77,20.0,0.8,-0.63,1.42,5.87,1.68,8.0,4.51,20.0,0.8,1015.71,1018.1,1018.78,1017.27,3.0,2.36,24.0,1.0,,,,,,,,,,,,,,,,,,,,,,,,,,,,,,,,,,,,,,,,,,,,,,,,,,,,,,,,,,,,,,,,,,,,,,,,,,,,,,,,,,,,,,,,,,,,,,,,,,,,,,,,,,,,,,,,,,,,,,,,,,,,,,,,,,
1907,7,162.4,48.3,6.1,6.1,6.1,6.1,2.0,0.0,6.0,0.5,5.77,6.15,6.53,6.15,2.0,0.78,6.0,0.5,5.65,5.65,5.65,5.65,1.0,0.0,6.0,0.0,100.0,100.0,100.0,100.0,1.0,0.0,6.0,0.0,0.8,0.3,4.6,4.6,4.6,4.6,2.0,0.0,6.0,0.5,-2.96,-2.96,-2.96,-2.96,2.0,0.0,6.0,0.5,3.52,3.52,3.52,3.52,2.0,0.0,6.0,0.5,1007.93,1008.65,1009.37,1008.65,2.0,1.48,6.0,0.5,8.0,8.0,8.0,8.0,2.0,0.0,6.0,0.5,100.0,100.0,100.0,100.0,1.0,0.0,6.0,0.0,0.8,0.3,-13.6,-13.6,-13.6,-13.6,2.0,0.0,6.0,0.5,16.2,16.2,16.2,16.2,2.0,0.0,6.0,0.5,-0.43,-0.05,0.33,-0.05,2.0,0.78,6.0,0.5,-2.0,-0.2,1.5,-0.2,2.0,3.6,6.0,0.5,0.2,0.2,0.2,0.2,1.0,0.0,6.0,0.0,0.9,0.9,0.9,0.9,1.0,0.0,6.0,0.0,-19.3,-18.2,-17.1,-18.2,2.0,2.3,6.0,0.5,20.3,21.7,23.0,21.7,2.0,2.7,6.0,0.5,-16.7,-16.7,-16.7,-16.7,1.0,0.0,6.0,0.0,19.9,19.9,19.9,19.9,1.0,0.0,6.0,0.0,-0.6,-0.6,-0.6,-0.6,1.0,0.0,6.0,0.0,0.7,0.7,0.7,0.7,1.0,0.0,6.0,0.0,97.5,97.5,97.5,97.5,2.0,0.0,6.0,0.5,95.0,95.0,95.0,95.0,2.0,0.0,6.0,0.5
1907,7,162.4,52.3,,,,,,,,,,,,,,,,,,,,,,,,,,,,,,,,,,,,,,,,,,,,,,,,,,,,,,,,,,,,,,,,,,,4.0,4.0,4.0,4.0,1.0,0.0,4.0,0.0,87.3,87.3,87.3,87.3,1.0,0.0,4.0,0.0,0.0,0.5,-0.7,-0.7,-0.7,-0.7,1.0,0.0,4.0,0.0,0.7,0.7,0.7,0.7,1.0,0.0,4.0,0.0,,,,,,,,,,,,,,,,,,,,,,,,,,,,,,,,,,,,,,,,,,,,,,,,,,,,,,,,,,,,,,,,,,,,,,,,,,,,,,,,,,,,,,,,,,,,,,,,
1907,7,164.4,-35.7,,,,,,,,,,,,,,,,,,,,,,,,,,,,,,,,,,,4.6,4.6,4.6,4.6,1.0,0.0,2.0,1.0,0.0,0.0,0.0,0.0,1.0,0.0,2.0,1.0,4.6,4.6,4.6,4.6,1.0,0.0,2.0,1.0,1012.32,1014.3,1016.28,1014.3,2.0,4.1,4.0,1.0,,,,,,,,,,,,,,,,,,,,,,,,,,,,,,,,,,,,,,,,,,,,,,,,,,,,,,,,,,,,,,,,,,,,,,,,,,,,,,,,,,,,,,,,,,,,,,,,,,,,,,,,,,,,,,,,,,,,,,,,,,,,,,,,,,
1907,7,164.4,-33.7,,,,,,,,,,,,,,,,,,,,,,,,,,,,,,,,,,,7.53,9.3,9.3,8.43,3.0,1.5,14.0,1.0,4.45,6.21,6.46,5.47,3.0,1.6,14.0,1.0,3.8,6.58,7.93,5.88,3.0,3.08,14.0,1.0,1006.78,1010.6,1019.95,1013.3,3.0,9.93,14.0,1.0,,,,,,,,,,,,,,,,,,,,,,,,,,,,,,,,,,,,,,,,,,,,,,,,,,,,,,,,,,,,,,,,,,,,,,,,,,,,,,,,,,,,,,,,,,,,,,,,,,,,,,,,,,,,,,,,,,,,,,,,,,,,,,,,,,
1907,7,164.4,-29.7,,,,,,,,,,,,,,,,,,,,,,,,,,,,,,,,,,,9.3,9.3,9.3,9.3,1.0,0.0,22.0,1.0,6.58,6.58,6.58,6.58,1.0,0.0,22.0,1.0,6.58,6.58,6.58,6.58,1.0,0.0,22.0,1.0,1012.6,1012.6,1012.6,1012.6,1.0,0.0,22.0,1.0,,,,,,,,,,,,,,,,,,,,,,,,,,,,,,,,,,,,,,,,,,,,,,,,,,,,,,,,,,,,,,,,,,,,,,,,,,,,,,,,,,,,,,,,,,,,,,,,,,,,,,,,,,,,,,,,,,,,,,,,,,,,,,,,,,
1907,7,164.4,-27.7,,,,,,,,,,,,,,,,,,,,,,,,,,,,,,,,,,,6.7,6.7,6.7,6.7,1.0,0.0,20.0,1.0,-2.51,-2.51,-2.51,-2.51,1.0,0.0,20.0,1.0,6.21,6.21,6.21,6.21,1.0,0.0,20.0,1.0,1008.0,1008.0,1008.0,1008.0,1.0,0.0,22.0,1.0,,,,,,,,,,,,,,,,,,,,,,,,,,,,,,,,,,,,,,,,,,,,,,,,,,,,,,,,,,,,,,,,,,,,,,,,,,,,,,,,,,,,,,,,,,,,,,,,,,,,,,,,,,,,,,,,,,,,,,,,,,,,,,,,,,
1907,7,164.4,46.3,,,,,,,,,,,,,,,,,,,,,,,,,,,,,,,,,,,4.6,5.65,9.01,6.05,8.0,2.4,18.0,0.6,0.97,3.85,8.84,4.24,8.0,3.59,18.0,0.6,-3.13,1.22,4.32,0.93,8.0,3.63,18.0,0.6,1012.44,1015.0,1020.31,1015.9,5.0,4.48,22.0,0.8,,,,,,,,,,,,,,,,,,,,,,,,,,,,,,,,,,,,,,,,,,,,,,,,,,,,,,,,,,,,,,,,,,,,,,,,,,,,,,,,,,,,,,,,,,,,,,,,,,,,,,,,,,,,,,,,,,,,,,,,,,,,,,,,,,
1907,7,164.4,48.3,7.05,7.8,7.87,7.47,3.0,0.67,12.0,0.0,6.29,6.7,6.9,6.6,3.0,0.46,12.0,0.0,5.84,5.84,5.84,5.84,1.0,0.0,6.0,0.0,100.0,100.0,100.0,100.0,1.0,0.0,6.0,0.0,0.5,0.4,4.73,9.3,9.3,7.07,3.0,3.87,12.0,0.0,-5.64,-3.63,-2.29,-3.96,3.0,2.47,12.0,0.0,-7.93,-6.58,-0.73,-4.38,3.0,5.61,12.0,0.0,1011.4,1011.4,1011.4,1011.4,1.0,0.0,6.0,0.0,8.0,8.0,8.0,8.0,3.0,0.0,12.0,0.0,100.0,100.0,100.0,100.0,1.0,0.0,6.0,0.0,0.5,0.4,-52.5,-33.8,-13.7,-33.1,3.0,28.4,12.0,0.0,-73.8,-61.2,-15.9,-45.2,3.0,44.6,12.0,0.0,0.7,0.9,1.04,0.87,3.0,0.25,12.0,0.0,3.7,8.4,9.6,6.7,3.0,4.6,12.0,0.0,0.25,0.25,0.25,0.25,1.0,0.0,6.0,0.0,0.6,0.6,0.6,0.6,1.0,0.0,6.0,0.0,-38.1,-25.4,-15.0,-26.6,3.0,17.0,12.0,0.0,-54.9,-44.1,-5.7,-30.6,3.0,37.9,12.0,0.0,-9.8,-9.8,-9.8,-9.8,1.0,0.0,6.0,0.0,11.6,11.6,11.6,11.6,1.0,0.0,6.0,0.0,-0.4,-0.4,-0.4,-0.4,1.0,0.0,6.0,0.0,0.5,0.5,0.5,0.5,1.0,0.0,6.0,0.0,267.5,804.5,804.5,542.0,3.0,454.0,12.0,0.0,265.0,805.0,805.0,540.0,3.0,455.0,12.0,0.0
1907,7,166.4,-33.7,,,,,,,,,,,,,,,,,,,,,,,,,,,,,,,,,,,5.68,12.3,12.3,9.07,3.0,5.6,12.0,1.0,-3.15,0.0,5.94,1.36,3.0,6.76,12.0,1.0,4.54,8.7,10.55,7.57,3.0,4.51,12.0,1.0,1012.75,1015.55,1017.62,1015.2,4.0,2.93,10.0,1.0,,,,,,,,,,,,,,,,,,,,,,,,,,,,,,,,,,,,,,,,,,,,,,,,,,,,,,,,,,,,,,,,,,,,,,,,,,,,,,,,,,,,,,,,,,,,,,,,,,,,,,,,,,,,,,,,,,,,,,,,,,,,,,,,,,
1907,7,166.4,-31.7,,,,,,,,,,,,,,,,,,,,,,,,,,,,,,,,,,,6.7,6.7,6.7,6.7,2.0,0.0,2.0,1.0,-5.19,-3.08,-0.98,-3.08,2.0,4.36,2.0,1.0,3.27,4.66,6.05,4.66,2.0,2.89,2.0,1.0,1010.2,1012.55,1014.91,1012.55,2.0,4.88,2.0,1.0,,,,,,,,,,,,,,,,,,,,,,,,,,,,,,,,,,,,,,,,,,,,,,,,,,,,,,,,,,,,,,,,,,,,,,,,,,,,,,,,,,,,,,,,,,,,,,,,,,,,,,,,,,,,,,,,,,,,,,,,,,,,,,,,,,
1907,7,166.4,-25.7,,,,,,,,,,,,,,,,,,,,,,,,,,,,,,,,,,,9.3,9.3,9.3,9.3,1.0,0.0,18.0,1.0,-6.58,-6.58,-6.58,-6.58,1.0,0.0,18.0,1.0,-6.58,-6.58,-6.58,-6.58,1.0,0.0,18.0,1.0,1015.4,1015.4,1015.4,1015.4,1.0,0.0,18.0,1.0,,,,,,,,,,,,,,,,,,,,,,,,,,,,,,,,,,,,,,,,,,,,,,,,,,,,,,,,,,,,,,,,,,,,,,,,,,,,,,,,,,,,,,,,,,,,,,,,,,,,,,,,,,,,,,,,,,,,,,,,,,,,,,,,,,
1907,7,166.4,46.3,,,,,,,,,,,,,,,,,,,,,,,,,,,,,,,,,,,4.6,6.7,9.48,7.0,5.0,2.49,18.0,0.6,-1.08,0.0,6.65,2.3,5.0,4.88,18.0,0.6,-6.5,0.0,3.81,-1.31,5.0,5.91,18.0,0.6,1015.96,1018.9,1021.84,1018.9,2.0,6.08,24.0,0.0,,,,,,,,,,,,,,,,,,,,,,,,,,,,,,,,,,,,,,,,,,,,,,,,,,,,,,,,,,,,,,,,,,,,,,,,,,,,,,,,,,,,,,,,,,,,,,,,,,,,,,,,,,,,,,,,,,,,,,,,,,,,,,,,,,
1907,7,166.4,48.3,7.22,7.9,8.1,7.68,4.0,0.67,10.0,0.8,7.03,7.6,8.11,7.58,4.0,0.71,10.0,0.8,5.67,5.84,6.0,5.84,2.0,0.34,6.0,1.0,92.2,92.4,92.6,92.4,2.0,0.5,6.0,1.0,0.4,0.6,1.0,2.8,5.7,3.33,4.0,2.82,10.0,0.8,-3.48,-1.78,-0.78,-2.12,4.0,1.68,10.0,0.8,-4.05,-1.03,0.24,-1.87,4.0,3.04,10.0,0.8,1011.45,1011.55,1011.65,1011.55,2.0,0.21,6.0,1.0,8.0,8.0,8.0,8.0,4.0,0.0,10.0,0.8,92.2,92.4,92.6,92.4,2.0,0.5,6.0,1.0,0.4,0.6,-18.6,-9.2,-0.8,-9.7,4.0,10.3,10.0,0.8,-25.4,-4.1,0.2,-12.2,4.0,19.8,10.0,0.8,-0.1,0.0,0.31,0.1,4.0,0.35,10.0,0.8,-0.5,0.0,2.1,0.8,4.0,2.2,10.0,0.8,0.48,0.48,0.48,0.48,2.0,0.01,6.0,1.0,0.5,0.5,0.5,0.5,2.0,0.0,6.0,1.0,-28.0,-13.4,-5.7,-16.7,4.0,14.3,10.0,0.8,-30.8,-8.6,1.4,-14.4,4.0,22.3,10.0,0.8,-5.4,-4.7,-3.9,-4.7,2.0,1.5,6.0,1.0,-1.1,1.1,3.3,1.1,2.0,4.5,6.0,1.0,-0.4,-0.4,-0.3,-0.4,2.0,0.1,6.0,1.0,-0.1,0.1,0.3,0.1,2.0,0.4,6.0,1.0,1.0,49.0,204.0,100.0,4.0,141.5,10.0,0.8,0.0,50.0,205.0,100.0,4.0,140.0,10.0,0.8
1907,7,168.4,-35.7,,,,,,,,,,,,,,,,,,,,,,,,,,,,,,,,,,,3.9,6.7,6.7,5.33,3.0,2.37,20.0,1.0,-4.55,-0.97,-0.31,-2.4,3.0,3.34,20.0,1.0,-5.37,-2.51,0.85,-2.27,3.0,4.56,20.0,1.0,1002.29,1012.15,1022.01,1012.15,2.0,20.44,20.0,1.0,,,,,,,,,,,,,,,,,,,,,,,,,,,,,,,,,,,,,,,,,,,,,,,,,,,,,,,,,,,,,,,,,,,,,,,,,,,,,,,,,,,,,,,,,,,,,,,,,,,,,,,,,,,,,,,,,,,,,,,,,,,,,,,,,,
1907,7,168.4,-33.7,,,,,,,,,,,,,,,,,,,,,,,,,,,,,,,,,,,0.95,4.6,6.82,4.7,7.0,3.29,16.0,1.0,-2.03,0.0,4.81,0.52,7.0,4.26,16.0,1.0,-4.35,-0.71,4.26,-0.74,7.0,4.19,16.0,1.0,1015.4,1020.6,1025.66,1018.69,7.0,7.85,16.0,1.0,,,,,,,,,,,,,,,,,,,,,,,,,,,,,,,,,,,,,,,,,,,,,,,,,,,,,,,,,,,,,,,,,,,,,,,,,,,,,,,,,,,,,,,,,,,,,,,,,,,,,,,,,,,,,,,,,,,,,,,,,,,,,,,,,,
1907,7,168.4,46.3,,,,,,,,,,,,,,,,,,,,,,,,,,,,,,,,,,,2.02,6.7,7.83,5.36,5.0,3.53,20.0,0.6,-0.05,2.6,6.3,2.86,5.0,3.52,20.0,0.6,-3.51,0.0,2.29,-1.01,5.0,4.95,20.0,0.6,1013.01,1013.25,1013.49,1013.25,2.0,0.49,30.0,0.5,,,,,,,,,,,,,,,,,,,,,,,,,,,,,,,,,,,,,,,,,,,,,,,,,,,,,,,,,,,,,,,,,,,,,,,,,,,,,,,,,,,,,,,,,,,,,,,,,,,,,,,,,,,,,,,,,,,,,,,,,,,,,,,,,,
1907,7,168.4,48.3,7.57,7.8,9.1,8.1,6.0,1.0,16.0,1.0,7.72,8.9,9.43,8.6,5.0,1.22,16.0,1.0,6.09,6.09,6.09,6.09,1.0,0.0,4.0,1.0,100.0,100.0,100.0,100.0,1.0,0.0,4.0,1.0,0.4,0.8,2.02,4.6,7.41,5.02,5.0,4.34,16.0,1.0,-1.49,0.0,1.95,0.17,5.0,1.98,16.0,1.0,-4.41,0.0,4.42,-0.63,5.0,6.78,16.0,1.0,1010.7,1010.7,1010.7,1010.7,1.0,0.0,4.0,1.0,6.8,7.5,8.0,7.3,6.0,0.8,16.0,1.0,100.0,100.0,100.0,100.0,1.0,0.0,4.0,1.0,0.4,0.8,-11.2,0.0,6.9,-3.2,5.0,14.8,16.0,1.0,-54.2,0.0,20.4,-21.5,5.0,71.7,16.0,1.0,-0.72,-0.5,-0.06,-0.44,5.0,0.43,16.0,1.0,-3.7,-1.2,0.0,-1.9,4.0,2.4,14.0,1.0,0.0,0.0,0.0,0.0,1.0,0.0,4.0,1.0,0.0,0.0,0.0,0.0,1.0,0.0,4.0,1.0,-4.8,6.5,15.3,5.3,4.0,12.1,14.0,1.0,0.0,17.9,38.5,19.2,4.0,22.3,14.0,1.0,15.8,15.8,15.8,15.8,1.0,0.0,4.0,1.0,0.0,0.0,0.0,0.0,1.0,0.0,4.0,1.0,0.0,0.0,0.0,0.0,1.0,0.0,4.0,1.0,0.0,0.0,0.0,0.0,1.0,0.0,4.0,1.0,11.5,97.5,741.5,415.0,5.0,809.5,16.0,1.0,10.0,95.0,740.0,415.0,5.0,810.0,16.0,1.0
1907,7,170.4,-35.7,,,,,,,,,,,,,,,,,,,,,,,,,,,,,,,,,,,5.27,6.7,6.7,6.0,3.0,1.21,22.0,0.7,-1.15,-0.88,1.43,0.12,3.0,2.08,22.0,0.7,-6.46,-6.21,1.11,-2.76,3.0,6.3,22.0,0.7,998.0,998.0,998.0,998.0,1.0,0.0,22.0,1.0,,,,,,,,,,,,,,,,,,,,,,,,,,,,,,,,,,,,,,,,,,,,,,,,,,,,,,,,,,,,,,,,,,,,,,,,,,,,,,,,,,,,,,,,,,,,,,,,,,,,,,,,,,,,,,,,,,,,,,,,,,,,,,,,,,
1907,7,170.4,-33.7,,,,,,,,,,,,,,,,,,,,,,,,,,,,,,,,,,,2.6,4.6,8.54,5.96,5.0,5.37,10.0,1.0,0.0,2.6,7.28,4.03,5.0,5.92,10.0,1.0,-3.74,0.0,3.76,0.1,5.0,4.23,10.0,1.0,1011.55,1015.35,1021.5,1015.63,6.0,6.41,10.0,1.0,,,,,,,,,,,,,,,,,,,,,,,,,,,,,,,,,,,,,,,,,,,,,,,,,,,,,,,,,,,,,,,,,,,,,,,,,,,,,,,,,,,,,,,,,,,,,,,,,,,,,,,,,,,,,,,,,,,,,,,,,,,,,,,,,,
1907,7,170.4,-23.7,,,,,,,,,,,,,,,,,,,,,,,,,,,,,,,,,,,6.7,6.7,6.7,6.7,2.0,0.0,14.0,1.0,-5.62,-4.36,-3.1,-4.36,2.0,2.62,14.0,1.0,-1.13,1.85,4.83,1.85,2.0,6.17,14.0,1.0,1017.0,1017.0,1017.0,1017.0,1.0,0.0,18.0,1.0,,,,,,,,,,,,,,,,,,,,,,,,,,,,,,,,,,,,,,,,,,,,,,,,,,,,,,,,,,,,,,,,,,,,,,,,,,,,,,,,,,,,,,,,,,,,,,,,,,,,,,,,,,,,,,,,,,,,,,,,,,,,,,,,,,
1907,7,170.4,46.3,,,,,,,,,,,,,,,,,,,,,,,,,,,,,,,,,,,2.6,4.65,6.7,4.65,4.0,2.37,16.0,0.8,-0.96,3.15,6.51,2.79,4.0,4.35,16.0,0.8,0.88,2.07,2.45,1.68,4.0,1.16,16.0,0.8,1002.37,1005.95,1009.53,1005.95,2.0,7.42,20.0,1.0,,,,,,,,,,,,,,,,,,,,,,,,,,,,,,,,,,,,,,,,,,,,,,,,,,,,,,,,,,,,,,,,,,,,,,,,,,,,,,,,,,,,,,,,,,,,,,,,,,,,,,,,,,,,,,,,,,,,,,,,,,,,,,,,,,
1907,7,170.4,48.3,,,,,,,,,,,,,,,,,,,,,,,,,,,,,,,,,,,2.6,2.6,6.85,4.5,7.0,2.81,16.0,0.6,-0.39,2.44,2.78,0.83,7.0,4.48,16.0,0.6,-0.26,0.89,2.7,0.7,7.0,3.18,16.0,0.6,1008.51,1018.45,1027.81,1018.18,4.0,11.13,18.0,1.0,,,,,,,,,,,,,,,,,,,,,,,,,,,,,,,,,,,,,,,,,,,,,,,,,,,,,,,,,,,,,,,,,,,,,,,,,,,,,,,,,,,,,,,,,,,,,,,,,,,,,,,,,,,,,,,,,,,,,,,,,,,,,,,,,,
1907,7,172.4,-33.7,,,,,,,,,,,,,,,,,,,,,,,,,,,,,,,,,,,1.0,3.85,11.26,6.03,4.0,6.8,20.0,1.0,-3.95,0.0,8.51,2.17,4.0,9.4,20.0,1.0,-0.38,-0.19,0.0,-0.19,4.0,0.22,20.0,1.0,1005.52,1008.8,1014.54,1009.98,4.0,6.2,20.0,1.0,,,,,,,,,,,,,,,,,,,,,,,,,,,,,,,,,,,,,,,,,,,,,,,,,,,,,,,,,,,,,,,,,,,,,,,,,,,,,,,,,,,,,,,,,,,,,,,,,,,,,,,,,,,,,,,,,,,,,,,,,,,,,,,,,,
1907,7,172.4,48.3,7.2,8.0,9.27,8.17,9.0,1.03,18.0,0.4,6.76,8.25,9.4,8.24,8.0,1.29,18.0,0.4,6.1,6.1,6.1,6.1,1.0,0.0,4.0,0.0,100.0,100.0,100.0,100.0,1.0,0.0,4.0,0.0,0.1,0.9,3.14,4.6,6.7,4.86,9.0,1.61,18.0,0.4,0.0,3.98,5.84,2.51,9.0,4.14,18.0,0.4,0.0,2.29,2.6,1.48,9.0,1.54,18.0,0.4,1005.8,1008.3,1026.3,1014.5,5.0,10.82,20.0,0.2,6.5,8.0,8.0,7.3,9.0,1.4,18.0,0.4,100.0,100.0,100.0,100.0,1.0,0.0,4.0,0.0,0.1,0.9,0.0,18.3,36.5,13.0,9.0,26.5,18.0,0.4,0.0,6.8,13.8,5.9,9.0,7.7,18.0,0.4,-0.5,0.0,0.44,-0.02,8.0,0.48,18.0,0.4,-1.3,0.0,3.0,0.1,8.0,2.4,18.0,0.4,0.0,0.0,0.0,0.0,1.0,0.0,4.0,0.0,0.0,0.0,0.0,0.0,1.0,0.0,4.0,0.0,2.9,31.0,44.1,28.7,8.0,20.5,18.0,0.4,1.3,21.6,25.6,16.1,8.0,10.9,18.0,0.4,28.1,28.1,28.1,28.1,1.0,0.0,4.0,0.0,0.0,0.0,0.0,0.0,1.0,0.0,4.0,0.0,0.0,0.0,0.0,0.0,1.0,0.0,4.0,0.0,0.0,0.0,0.0,0.0,1.0,0.0,4.0,0.0,39.0,97.5,301.0,147.5,9.0,119.5,18.0,0.4,40.0,95.0,300.0,145.0,9.0,120.0,18.0,0.4
1907,7,172.4,50.3,6.53,7.45,8.37,7.45,2.0,1.91,10.0,0.5,6.8,8.3,9.8,8.3,2.0,3.11,10.0,0.5,5.86,5.86,5.86,5.86,1.0,0.0,4.0,0.0,100.0,100.0,100.0,100.0,1.0,0.0,4.0,0.0,0.8,0.0,2.92,3.6,4.28,3.6,2.0,1.41,10.0,0.5,1.54,2.67,3.8,2.67,2.0,2.34,10.0,0.5,1.7,1.98,2.26,1.98,2.0,0.58,10.0,0.5,1007.6,1007.6,1007.6,1007.6,1.0,0.0,4.0,0.0,6.2,6.5,6.8,6.5,2.0,0.7,10.0,0.5,100.0,100.0,100.0,100.0,1.0,0.0,4.0,0.0,0.8,0.0,5.4,11.3,17.1,11.3,2.0,12.2,10.0,0.5,6.4,6.7,7.1,6.7,2.0,0.7,10.0,0.5,-1.43,-0.85,-0.27,-0.85,2.0,1.2,10.0,0.5,-3.7,-2.2,-0.7,-2.2,2.0,3.1,10.0,0.5,0.0,0.0,0.0,0.0,1.0,0.0,4.0,0.0,0.0,0.0,0.0,0.0,1.0,0.0,4.0,0.0,13.2,18.5,23.9,18.5,2.0,11.1,10.0,0.5,12.1,17.4,22.7,17.4,2.0,11.0,10.0,0.5,25.3,25.3,25.3,25.3,1.0,0.0,4.0,0.0,9.2,9.2,9.2,9.2,1.0,0.0,4.0,0.0,0.0,0.0,0.0,0.0,1.0,0.0,4.0,0.0,0.0,0.0,0.0,0.0,1.0,0.0,4.0,0.0,30.0,57.5,84.5,57.5,2.0,56.5,10.0,0.5,30.0,55.0,85.0,55.0,2.0,55.0,10.0,0.5
1907,7,174.4,-35.7,,,,,,,,,,,,,,,,,,,,,,,,,,,,,,,,,,,1.57,2.8,4.03,2.8,2.0,2.55,26.0,1.0,-3.72,-1.84,0.05,-1.84,2.0,3.91,26.0,1.0,0.06,0.19,0.32,0.19,2.0,0.26,26.0,1.0,1010.06,1012.35,1014.64,1012.35,2.0,4.74,18.0,1.0,,,,,,,,,,,,,,,,,,,,,,,,,,,,,,,,,,,,,,,,,,,,,,,,,,,,,,,,,,,,,,,,,,,,,,,,,,,,,,,,,,,,,,,,,,,,,,,,,,,,,,,,,,,,,,,,,,,,,,,,,,,,,,,,,,
1907,7,174.4,-33.7,,,,,,,,,,,,,,,,,,,,,,,,,,,,,,,,,,,8.33,10.8,15.4,11.05,6.0,4.17,14.0,1.0,1.37,7.2,9.09,5.94,6.0,4.29,14.0,1.0,-6.33,3.48,11.18,1.94,6.0,9.94,14.0,1.0,1013.12,1013.95,1015.14,1014.23,6.0,3.01,14.0,1.0,,,,,,,,,,,,,,,,,,,,,,,,,,,,,,,,,,,,,,,,,,,,,,,,,,,,,,,,,,,,,,,,,,,,,,,,,,,,,,,,,,,,,,,,,,,,,,,,,,,,,,,,,,,,,,,,,,,,,,,,,,,,,,,,,,
1907,7,174.4,-21.7,,,,,,,,,,,,,,,,,,,,,,,,,,,,,,,,,,,7.19,8.25,9.31,8.25,2.0,2.19,12.0,0.5,-4.28,-3.3,-2.33,-3.3,2.0,2.03,12.0,0.5,5.51,7.18,8.85,7.18,2.0,3.45,12.0,0.5,1017.5,1017.5,1017.5,1017.5,1.0,0.0,16.0,1.0,,,,,,,,,,,,,,,,,,,,,,,,,,,,,,,,,,,,,,,,,,,,,,,,,,,,,,,,,,,,,,,,,,,,,,,,,,,,,,,,,,,,,,,,,,,,,,,,,,,,,,,,,,,,,,,,,,,,,,,,,,,,,,,,,,
1907,7,174.4,48.3,,,,,,,,,,,,,,,,,,,,,,,,,,,,,,,,,,,1.0,4.6,5.03,3.75,6.0,2.28,20.0,0.8,-0.79,1.99,5.03,1.91,6.0,3.86,20.0,0.8,0.0,1.0,2.36,1.15,6.0,1.1,20.0,0.8,1009.46,1022.5,1023.46,1016.6,3.0,11.45,22.0,0.7,,,,,,,,,,,,,,,,,,,,,,,,,,,,,,,,,,,,,,,,,,,,,,,,,,,,,,,,,,,,,,,,,,,,,,,,,,,,,,,,,,,,,,,,,,,,,,,,,,,,,,,,,,,,,,,,,,,,,,,,,,,,,,,,,,
1907,7,174.4,50.3,6.1,6.8,7.76,6.93,4.0,0.97,10.0,1.0,6.7,6.75,9.0,7.8,4.0,2.13,10.0,1.0,6.1,6.1,6.1,6.1,2.0,0.0,4.0,1.0,100.0,100.0,100.0,100.0,2.0,0.0,4.0,1.0,0.4,0.1,3.55,5.65,6.7,5.15,4.0,1.97,10.0,1.0,2.66,5.2,6.06,4.4,4.0,2.44,10.0,1.0,1.09,2.37,2.92,2.02,4.0,1.43,10.0,1.0,1007.76,1008.1,1008.44,1008.1,2.0,0.71,4.0,1.0,7.0,8.0,8.0,7.5,4.0,1.0,10.0,1.0,100.0,100.0,100.0,100.0,2.0,0.0,4.0,1.0,0.4,0.1,11.3,30.0,40.6,26.1,4.0,18.4,10.0,1.0,3.0,10.9,19.1,11.0,4.0,9.9,10.0,1.0,-1.86,-0.6,0.08,-0.87,4.0,1.54,10.0,1.0,-6.0,-4.0,-0.2,-3.2,4.0,4.6,10.0,1.0,-0.25,-0.25,-0.25,-0.25,2.0,0.0,4.0,1.0,-1.7,-1.7,-1.7,-1.7,2.0,0.0,4.0,1.0,20.0,35.1,40.6,30.5,4.0,14.6,10.0,1.0,7.3,18.9,24.8,16.2,4.0,11.8,10.0,1.0,35.9,36.9,37.9,36.9,2.0,2.1,4.0,1.0,15.0,17.2,19.4,17.2,2.0,4.6,4.0,1.0,-1.5,-1.5,-1.5,-1.5,2.0,0.1,4.0,1.0,-0.8,-0.7,-0.6,-0.7,2.0,0.2,4.0,1.0,55.5,199.0,301.0,179.0,4.0,144.0,10.0,1.0,55.0,200.0,300.0,180.0,4.0,145.0,10.0,1.0
1907,7,176.4,-35.7,,,,,,,,,,,,,,,,,,,,,,,,,,,,,,,,,,,2.52,4.6,9.59,6.31,7.0,4.82,20.0,1.0,-6.9,-2.6,2.16,-1.77,7.0,6.54,20.0,1.0,-0.02,0.0,4.55,2.36,7.0,4.1,20.0,1.0,1006.26,1009.2,1016.26,1010.33,7.0,5.01,20.0,1.0,,,,,,,,,,,,,,,,,,,,,,,,,,,,,,,,,,,,,,,,,,,,,,,,,,,,,,,,,,,,,,,,,,,,,,,,,,,,,,,,,,,,,,,,,,,,,,,,,,,,,,,,,,,,,,,,,,,,,,,,,,,,,,,,,,
1907,7,176.4,48.3,,,,,,,,,,,,,,,,,,,,,,,,,,,,,,,,,,,2.6,4.6,7.65,5.16,5.0,2.87,20.0,0.8,0.76,3.18,4.98,2.86,5.0,3.1,20.0,0.8,-3.19,1.3,2.01,-0.66,5.0,4.6,20.0,0.8,1001.02,1002.05,1012.77,1006.68,4.0,10.38,22.0,1.0,,,,,,,,,,,,,,,,,,,,,,,,,,,,,,,,,,,,,,,,,,,,,,,,,,,,,,,,,,,,,,,,,,,,,,,,,,,,,,,,,,,,,,,,,,,,,,,,,,,,,,,,,,,,,,,,,,,,,,,,,,,,,,,,,,
1907,7,176.4,50.3,6.7,7.0,7.79,7.24,5.0,0.68,10.0,0.6,5.74,6.35,6.7,6.23,4.0,0.59,8.0,0.5,6.08,6.09,6.09,6.09,2.0,0.01,4.0,1.0,100.0,100.0,100.0,100.0,2.0,0.0,4.0,1.0,0.6,0.3,2.6,4.6,4.6,3.8,5.0,1.1,10.0,0.6,1.37,4.32,4.42,3.04,5.0,2.16,10.0,0.6,-0.32,1.57,1.93,0.96,5.0,1.38,10.0,0.6,1010.52,1011.0,1011.48,1011.0,2.0,0.99,4.0,1.0,6.5,8.0,8.0,7.2,5.0,1.8,10.0,0.6,100.0,100.0,100.0,100.0,2.0,0.0,4.0,1.0,0.6,0.3,3.6,19.9,20.4,13.2,5.0,10.1,10.0,0.6,-0.8,6.6,7.2,3.8,5.0,4.6,10.0,0.6,0.0,0.75,1.5,0.75,4.0,0.87,8.0,0.5,0.0,2.0,5.5,2.7,4.0,3.3,8.0,0.5,0.0,0.0,0.0,0.0,2.0,0.0,4.0,1.0,0.0,0.0,0.0,0.0,2.0,0.0,4.0,1.0,20.2,28.3,29.0,24.7,4.0,7.6,8.0,0.5,-2.6,5.3,10.5,4.0,4.0,7.8,8.0,0.5,26.3,26.3,26.3,26.3,2.0,0.0,4.0,1.0,9.6,9.6,9.6,9.6,2.0,0.0,4.0,1.0,0.0,0.0,0.0,0.0,2.0,0.0,4.0,1.0,0.0,0.0,0.0,0.0,2.0,0.0,4.0,1.0,17.5,97.5,97.5,65.5,5.0,43.5,10.0,0.6,20.0,95.0,95.0,65.0,5.0,45.0,10.0,0.6
1907,7,178.4,-35.7,,,,,,,,,,,,,,,,,,,,,,,,,,,,,,,,,,,5.82,8.45,11.08,8.45,2.0,5.44,8.0,1.0,2.89,5.25,7.6,5.25,2.0,4.88,8.0,1.0,-6.65,-2.23,2.18,-2.23,2.0,9.14,8.0,1.0,1009.54,1012.85,1016.16,1012.85,2.0,6.86,8.0,1.0,,,,,,,,,,,,,,,,,,,,,,,,,,,,,,,,,,,,,,,,,,,,,,,,,,,,,,,,,,,,,,,,,,,,,,,,,,,,,,,,,,,,,,,,,,,,,,,,,,,,,,,,,,,,,,,,,,,,,,,,,,,,,,,,,,
1907,7,178.4,-33.7,,,,,,,,,,,,,,,,,,,,,,,,,,,,,,,,,,,2.02,4.6,9.3,5.36,5.0,3.82,26.0,1.0,-5.81,-2.39,2.68,-1.47,5.0,6.32,26.0,1.0,-0.88,1.02,2.47,0.7,5.0,2.68,26.0,1.0,1009.58,1015.55,1020.3,1014.62,6.0,5.99,26.0,1.0,,,,,,,,,,,,,,,,,,,,,,,,,,,,,,,,,,,,,,,,,,,,,,,,,,,,,,,,,,,,,,,,,,,,,,,,,,,,,,,,,,,,,,,,,,,,,,,,,,,,,,,,,,,,,,,,,,,,,,,,,,,,,,,,,,
1907,7,178.4,-19.7,,,,,,,,,,,,,,,,,,,,,,,,,,,,,,,,,,,4.93,5.65,6.37,5.65,2.0,1.48,12.0,1.0,-5.91,-5.34,-4.78,-5.34,2.0,1.17,12.0,1.0,-0.32,0.87,2.06,0.87,2.0,2.47,12.0,1.0,1017.5,1017.5,1017.5,1017.5,1.0,0.0,14.0,1.0,,,,,,,,,,,,,,,,,,,,,,,,,,,,,,,,,,,,,,,,,,,,,,,,,,,,,,,,,,,,,,,,,,,,,,,,,,,,,,,,,,,,,,,,,,,,,,,,,,,,,,,,,,,,,,,,,,,,,,,,,,,,,,,,,,
1907,7,178.4,48.3,,,,,,,,,,,,,,,,,,,,,,,,,,,,,,,,,,,1.76,3.6,4.6,3.2,4.0,1.74,20.0,0.5,0.42,2.74,4.6,2.52,4.0,2.43,20.0,0.5,0.0,0.5,1.76,0.86,4.0,1.16,20.0,0.5,1006.3,1020.5,1021.18,1013.9,3.0,12.31,22.0,0.7,,,,,,,,,,,,,,,,,,,,,,,,,,,,,,,,,,,,,,,,,,,,,,,,,,,,,,,,,,,,,,,,,,,,,,,,,,,,,,,,,,,,,,,,,,,,,,,,,,,,,,,,,,,,,,,,,,,,,,,,,,,,,,,,,,
1907,7,178.4,50.3,7.1,7.9,8.28,7.75,6.0,0.69,12.0,0.7,7.53,7.95,8.79,8.15,4.0,0.97,12.0,0.8,6.29,6.29,6.29,6.29,1.0,0.0,4.0,0.0,100.0,100.0,100.0,100.0,1.0,0.0,4.0,0.0,0.5,0.4,1.0,2.6,4.6,2.76,5.0,1.8,12.0,0.6,0.0,0.83,2.95,1.46,5.0,1.83,12.0,0.6,0.84,1.45,2.68,1.84,5.0,1.6,12.0,0.6,1012.7,1012.7,1012.7,1012.7,1.0,0.0,4.0,0.0,8.0,8.0,8.0,8.0,6.0,0.0,12.0,0.7,100.0,100.0,100.0,100.0,1.0,0.0,4.0,0.0,0.5,0.4,0.0,0.8,10.8,5.3,5.0,8.5,12.0,0.6,0.8,3.8,12.3,6.7,5.0,8.5,12.0,0.6,-0.68,0.0,0.37,-0.15,4.0,0.83,12.0,0.8,-4.1,0.0,0.0,-2.0,3.0,3.5,10.0,0.7,0.0,0.0,0.0,0.0,1.0,0.0,4.0,0.0,0.0,0.0,0.0,0.0,1.0,0.0,4.0,0.0,0.0,0.0,21.2,10.4,3.0,18.0,10.0,0.7,9.1,11.3,33.4,21.0,3.0,19.7,10.0,0.7,27.2,27.2,27.2,27.2,1.0,0.0,4.0,0.0,9.9,9.9,9.9,9.9,1.0,0.0,4.0,0.0,0.0,0.0,0.0,0.0,1.0,0.0,4.0,0.0,0.0,0.0,0.0,0.0,1.0,0.0,4.0,0.0,1.0,17.5,97.5,43.0,5.0,50.0,12.0,0.6,0.0,20.0,95.0,45.0,5.0,50.0,12.0,0.6
1907,7,180.4,-37.7,,,,,,,,,,,,,,,,,,,,,,,,,,,,,,,,,,,10.27,12.35,14.43,12.35,2.0,4.31,8.0,1.0,7.98,10.99,14.0,10.99,2.0,6.24,8.0,1.0,-5.53,-3.29,-1.04,-3.29,2.0,4.65,8.0,1.0,1004.63,1008.15,1011.67,1008.15,2.0,7.28,8.0,1.0,,,,,,,,,,,,,,,,,,,,,,,,,,,,,,,,,,,,,,,,,,,,,,,,,,,,,,,,,,,,,,,,,,,,,,,,,,,,,,,,,,,,,,,,,,,,,,,,,,,,,,,,,,,,,,,,,,,,,,,,,,,,,,,,,,
1907,7,180.4,-35.7,,,,,,,,,,,,,,,,,,,,,,,,,,,,,,,,,,,10.73,13.85,15.4,13.1,4.0,2.92,10.0,1.0,7.26,8.66,11.62,9.4,4.0,3.48,10.0,1.0,4.57,7.23,11.57,8.03,4.0,4.62,10.0,1.0,1004.62,1007.5,1011.22,1007.9,4.0,3.97,10.0,1.0,,,,,,,,,,,,,,,,,,,,,,,,,,,,,,,,,,,,,,,,,,,,,,,,,,,,,,,,,,,,,,,,,,,,,,,,,,,,,,,,,,,,,,,,,,,,,,,,,,,,,,,,,,,,,,,,,,,,,,,,,,,,,,,,,,
1907,7,180.4,-19.7,,,,,,,,,,,,,,,,,,,,,,,,,,,,,,,,,,,1.0,1.0,1.0,1.0,1.0,0.0,14.0,1.0,-0.92,-0.92,-0.92,-0.92,1.0,0.0,14.0,1.0,0.39,0.39,0.39,0.39,1.0,0.0,14.0,1.0,1016.6,1016.6,1016.6,1016.6,1.0,0.0,14.0,1.0,,,,,,,,,,,,,,,,,,,,,,,,,,,,,,,,,,,,,,,,,,,,,,,,,,,,,,,,,,,,,,,,,,,,,,,,,,,,,,,,,,,,,,,,,,,,,,,,,,,,,,,,,,,,,,,,,,,,,,,,,,,,,,,,,,
1907,7,180.4,48.3,,,,,,,,,,,,,,,,,,,,,,,,,,,,,,,,,,,2.6,2.6,7.17,4.83,3.0,3.87,26.0,0.3,2.35,2.56,4.89,3.6,3.0,2.07,26.0,0.3,-4.72,0.45,1.03,-1.79,3.0,4.64,26.0,0.3,998.63,1000.0,1013.04,1005.7,3.0,11.65,26.0,0.3,,,,,,,,,,,,,,,,,,,,,,,,,,,,,,,,,,,,,,,,,,,,,,,,,,,,,,,,,,,,,,,,,,,,,,,,,,,,,,,,,,,,,,,,,,,,,,,,,,,,,,,,,,,,,,,,,,,,,,,,,,,,,,,,,,
1907,7,180.4,50.3,7.43,7.8,8.22,7.83,9.0,0.38,12.0,0.8,7.19,7.5,8.01,7.6,7.0,0.5,14.0,0.9,6.28,6.28,6.28,6.28,1.0,0.0,4.0,0.0,100.0,100.0,100.0,100.0,1.0,0.0,4.0,0.0,0.3,0.4,2.6,4.65,11.97,6.56,8.0,5.3,12.0,0.8,0.27,4.08,7.69,4.21,8.0,3.75,12.0,0.8,0.73,3.17,9.17,4.54,8.0,4.41,12.0,0.8,1013.13,1013.4,1014.77,1013.93,3.0,1.29,8.0,0.7,7.3,8.0,8.0,7.3,9.0,1.7,12.0,0.8,100.0,100.0,100.0,100.0,1.0,0.0,4.0,0.0,0.3,0.4,0.7,22.0,92.6,44.4,8.0,55.4,12.0,0.8,0.9,15.9,110.4,49.8,8.0,67.2,12.0,0.8,-0.2,0.0,0.62,0.17,7.0,0.46,14.0,0.9,-0.7,0.6,4.4,2.5,6.0,6.5,14.0,0.8,0.26,0.26,0.26,0.26,1.0,0.0,4.0,0.0,0.7,0.7,0.7,0.7,1.0,0.0,4.0,0.0,-1.2,31.2,59.5,30.5,6.0,31.0,14.0,0.8,6.2,37.1,70.9,39.5,6.0,33.0,14.0,0.8,15.4,15.4,15.4,15.4,1.0,0.0,4.0,0.0,5.6,5.6,5.6,5.6,1.0,0.0,4.0,0.0,0.6,0.6,0.6,0.6,1.0,0.0,4.0,0.0,0.2,0.2,0.2,0.2,1.0,0.0,4.0,0.0,17.5,159.0,1743.5,834.0,8.0,1308.0,12.0,0.8,20.0,160.0,1745.0,835.0,8.0,1310.0,12.0,0.8
1907,7,182.4,-19.7,,,,,,,,,,,,,,,,,,,,,,,,,,,,,,,,,,,1.0,1.0,1.0,1.0,1.0,0.0,14.0,1.0,-0.71,-0.71,-0.71,-0.71,1.0,0.0,14.0,1.0,-0.71,-0.71,-0.71,-0.71,1.0,0.0,14.0,1.0,1015.4,1015.4,1015.4,1015.4,1.0,0.0,14.0,1.0,,,,,,,,,,,,,,,,,,,,,,,,,,,,,,,,,,,,,,,,,,,,,,,,,,,,,,,,,,,,,,,,,,,,,,,,,,,,,,,,,,,,,,,,,,,,,,,,,,,,,,,,,,,,,,,,,,,,,,,,,,,,,,,,,,
1907,7,182.4,48.3,,,,,,,,,,,,,,,,,,,,,,,,,,,,,,,,,,,3.23,4.6,6.03,4.63,3.0,2.05,24.0,0.7,3.12,4.32,5.67,4.39,3.0,1.87,24.0,0.7,0.81,1.57,2.06,1.44,3.0,0.93,24.0,0.7,999.8,1000.0,1003.07,1001.4,3.0,2.69,24.0,0.7,,,,,,,,,,,,,,,,,,,,,,,,,,,,,,,,,,,,,,,,,,,,,,,,,,,,,,,,,,,,,,,,,,,,,,,,,,,,,,,,,,,,,,,,,,,,,,,,,,,,,,,,,,,,,,,,,,,,,,,,,,,,,,,,,,
1907,7,182.4,50.3,7.8,7.9,8.26,7.96,10.0,0.24,14.0,0.5,7.23,7.9,8.8,8.01,8.0,0.81,14.0,0.5,7.07,7.07,7.07,7.07,1.0,0.0,4.0,1.0,100.0,100.0,100.0,100.0,1.0,0.0,4.0,1.0,0.6,0.5,5.5,8.0,11.23,8.08,10.0,4.22,14.0,0.5,-1.86,3.96,9.78,4.02,10.0,6.42,14.0,0.5,0.0,3.37,5.77,2.51,10.0,4.93,14.0,0.5,1005.28,1007.6,1010.4,1007.83,3.0,3.76,12.0,1.0,7.4,8.0,8.0,7.7,10.0,0.7,14.0,0.5,100.0,100.0,100.0,100.0,1.0,0.0,4.0,1.0,0.6,0.5,-8.6,30.7,109.3,49.8,10.0,78.1,14.0,0.5,0.0,23.4,78.8,25.7,10.0,51.1,14.0,0.5,-1.02,0.25,0.69,-0.01,8.0,0.81,14.0,0.5,-1.6,2.3,8.7,1.9,8.0,6.8,14.0,0.5,-0.51,-0.51,-0.51,-0.51,1.0,0.0,4.0,1.0,0.0,0.0,0.0,0.0,1.0,0.0,4.0,1.0,-23.1,30.2,81.3,30.4,8.0,55.4,14.0,0.5,0.0,29.6,37.7,13.6,8.0,37.0,14.0,0.5,0.0,0.0,0.0,0.0,1.0,0.0,4.0,1.0,0.0,0.0,0.0,0.0,1.0,0.0,4.0,1.0,0.0,0.0,0.0,0.0,1.0,0.0,4.0,1.0,0.0,0.0,0.0,0.0,1.0,0.0,4.0,1.0,184.5,552.5,1467.0,906.5,10.0,1108.0,14.0,0.5,185.0,555.0,1465.0,905.0,10.0,1110.0,14.0,0.5
1907,7,184.4,-39.7,,,,,,,,,,,,,,,,,,,,,,,,,,,,,,,,,,,12.3,12.3,12.3,12.3,1.0,0.0,8.0,1.0,8.7,8.7,8.7,8.7,1.0,0.0,8.0,1.0,-8.7,-8.7,-8.7,-8.7,1.0,0.0,8.0,1.0,1007.1,1007.1,1007.1,1007.1,1.0,0.0,8.0,1.0,,,,,,,,,,,,,,,,,,,,,,,,,,,,,,,,,,,,,,,,,,,,,,,,,,,,,,,,,,,,,,,,,,,,,,,,,,,,,,,,,,,,,,,,,,,,,,,,,,,,,,,,,,,,,,,,,,,,,,,,,,,,,,,,,,
1907,7,184.4,-37.7,,,,,,,,,,,,,,,,,,,,,,,,,,,,,,,,,,,12.3,12.3,12.3,12.3,1.0,0.0,12.0,1.0,11.32,11.32,11.32,11.32,1.0,0.0,12.0,1.0,-4.81,-4.81,-4.81,-4.81,1.0,0.0,12.0,1.0,1008.8,1008.8,1008.8,1008.8,1.0,0.0,12.0,1.0,,,,,,,,,,,,,,,,,,,,,,,,,,,,,,,,,,,,,,,,,,,,,,,,,,,,,,,,,,,,,,,,,,,,,,,,,,,,,,,,,,,,,,,,,,,,,,,,,,,,,,,,,,,,,,,,,,,,,,,,,,,,,,,,,,
1907,7,184.4,-35.7,,,,,,,,,,,,,,,,,,,,,,,,,,,,,,,,,,,12.3,12.3,12.3,12.3,2.0,0.0,12.0,1.0,6.0,8.55,11.11,8.55,2.0,5.3,12.0,1.0,1.8,5.66,9.53,5.66,2.0,8.01,12.0,1.0,1007.09,1008.8,1010.51,1008.8,2.0,3.54,12.0,1.0,,,,,,,,,,,,,,,,,,,,,,,,,,,,,,,,,,,,,,,,,,,,,,,,,,,,,,,,,,,,,,,,,,,,,,,,,,,,,,,,,,,,,,,,,,,,,,,,,,,,,,,,,,,,,,,,,,,,,,,,,,,,,,,,,,
1907,7,184.4,-17.7,,,,,,,,,,,,,,,,,,,,,,,,,,,,,,,,,,,12.3,12.3,12.3,12.3,1.0,0.0,12.0,1.0,-8.7,-8.7,-8.7,-8.7,1.0,0.0,12.0,1.0,8.7,8.7,8.7,8.7,1.0,0.0,12.0,1.0,1015.4,1015.4,1015.4,1015.4,1.0,0.0,12.0,1.0,,,,,,,,,,,,,,,,,,,,,,,,,,,,,,,,,,,,,,,,,,,,,,,,,,,,,,,,,,,,,,,,,,,,,,,,,,,,,,,,,,,,,,,,,,,,,,,,,,,,,,,,,,,,,,,,,,,,,,,,,,,,,,,,,,
1907,7,184.4,48.3,,,,,,,,,,,,,,,,,,,,,,,,,,,,,,,,,,,4.6,4.6,4.6,4.6,1.0,0.0,30.0,1.0,3.98,3.98,3.98,3.98,1.0,0.0,30.0,1.0,2.3,2.3,2.3,2.3,1.0,0.0,30.0,1.0,999.0,999.0,999.0,999.0,1.0,0.0,30.0,1.0,,,,,,,,,,,,,,,,,,,,,,,,,,,,,,,,,,,,,,,,,,,,,,,,,,,,,,,,,,,,,,,,,,,,,,,,,,,,,,,,,,,,,,,,,,,,,,,,,,,,,,,,,,,,,,,,,,,,,,,,,,,,,,,,,,
1907,7,184.4,50.3,7.8,8.0,8.3,8.0,11.0,0.34,12.0,0.9,7.93,8.3,8.5,8.28,9.0,0.54,12.0,0.9,6.78,6.78,6.78,6.78,2.0,0.0,2.0,1.0,100.0,100.0,100.0,100.0,2.0,0.0,2.0,1.0,0.6,0.5,4.6,6.7,12.3,8.13,11.0,4.07,12.0,0.9,-5.3,0.0,9.62,1.55,11.0,6.53,12.0,0.9,-0.37,1.87,7.78,3.56,11.0,5.47,12.0,0.9,993.89,1003.05,1012.21,1003.05,4.0,10.57,10.0,0.8,7.0,8.0,8.0,7.6,11.0,0.7,12.0,0.9,100.0,100.0,100.0,100.0,2.0,0.0,2.0,1.0,0.6,0.5,-30.2,0.0,94.3,22.1,11.0,60.9,12.0,0.9,-1.0,18.3,95.8,45.3,11.0,78.1,12.0,0.9,-0.5,-0.4,0.0,-0.22,9.0,0.52,12.0,0.9,-4.3,-2.3,0.0,-1.3,9.0,5.9,12.0,0.9,-0.23,-0.23,-0.23,-0.23,2.0,0.0,2.0,1.0,-1.0,-0.8,-0.7,-0.8,2.0,0.3,2.0,1.0,-50.8,0.0,29.8,-1.3,9.0,50.7,12.0,0.9,-5.4,12.3,76.1,31.9,9.0,48.9,12.0,0.9,-27.3,-22.9,-18.6,-22.9,2.0,9.0,2.0,1.0,-9.9,-8.4,-6.8,-8.4,2.0,3.3,2.0,1.0,0.6,0.8,0.9,0.8,2.0,0.3,2.0,1.0,0.2,0.3,0.3,0.3,2.0,0.1,2.0,1.0,97.5,301.0,1861.0,924.5,11.0,1133.5,12.0,0.9,95.0,300.0,1860.0,925.0,11.0,1135.0,12.0,0.9
1907,7,186.4,-39.7,,,,,,,,,,,,,,,,,,,,,,,,,,,,,,,,,,,7.11,8.0,8.89,8.0,2.0,1.84,10.0,1.0,5.35,6.68,8.01,6.68,2.0,2.75,10.0,1.0,-3.43,-0.63,2.18,-0.63,2.0,5.81,10.0,1.0,1002.49,1005.7,1008.91,1005.7,2.0,6.65,10.0,1.0,,,,,,,,,,,,,,,,,,,,,,,,,,,,,,,,,,,,,,,,,,,,,,,,,,,,,,,,,,,,,,,,,,,,,,,,,,,,,,,,,,,,,,,,,,,,,,,,,,,,,,,,,,,,,,,,,,,,,,,,,,,,,,,,,,
1907,7,186.4,-37.7,,,,,,,,,,,,,,,,,,,,,,,,,,,,,,,,,,,4.93,5.65,6.37,5.65,2.0,1.48,8.0,1.0,-1.2,1.15,3.51,1.15,2.0,4.87,8.0,1.0,-5.3,-3.15,-1.0,-3.15,2.0,4.45,8.0,1.0,1008.92,1015.85,1022.78,1015.85,2.0,14.35,8.0,1.0,,,,,,,,,,,,,,,,,,,,,,,,,,,,,,,,,,,,,,,,,,,,,,,,,,,,,,,,,,,,,,,,,,,,,,,,,,,,,,,,,,,,,,,,,,,,,,,,,,,,,,,,,,,,,,,,,,,,,,,,,,,,,,,,,,
1907,7,186.4,-35.7,,,,,,,,,,,,,,,,,,,,,,,,,,,,,,,,,,,9.78,10.8,11.82,10.8,2.0,2.12,12.0,1.0,9.78,10.8,11.82,10.8,2.0,2.12,12.0,1.0,0.0,0.0,0.0,0.0,2.0,0.0,12.0,1.0,1010.6,1012.1,1013.6,1012.1,2.0,3.11,12.0,1.0,,,,,,,,,,,,,,,,,,,,,,,,,,,,,,,,,,,,,,,,,,,,,,,,,,,,,,,,,,,,,,,,,,,,,,,,,,,,,,,,,,,,,,,,,,,,,,,,,,,,,,,,,,,,,,,,,,,,,,,,,,,,,,,,,,
1907,7,186.4,48.3,,,,,,,,,,,,,,,,,,,,,,,,,,,,,,,,,,,12.3,12.3,12.3,12.3,1.0,0.0,12.0,1.0,0.0,0.0,0.0,0.0,1.0,0.0,12.0,1.0,12.3,12.3,12.3,12.3,1.0,0.0,12.0,1.0,1010.2,1010.2,1010.2,1010.2,1.0,0.0,12.0,1.0,,,,,,,,,,,,,,,,,,,,,,,,,,,,,,,,,,,,,,,,,,,,,,,,,,,,,,,,,,,,,,,,,,,,,,,,,,,,,,,,,,,,,,,,,,,,,,,,,,,,,,,,,,,,,,,,,,,,,,,,,,,,,,,,,,
1907,7,186.4,50.3,7.82,8.25,8.39,8.23,8.0,0.39,14.0,0.6,7.79,8.9,9.02,8.5,7.0,0.75,14.0,0.6,6.53,6.53,6.53,6.53,1.0,0.0,2.0,0.0,100.0,100.0,100.0,100.0,1.0,0.0,2.0,0.0,0.6,0.5,6.99,9.3,12.02,8.95,8.0,3.14,14.0,0.6,-2.31,0.0,7.73,1.19,8.0,5.37,14.0,0.6,0.29,9.0,9.3,6.21,8.0,5.19,14.0,0.6,996.32,996.8,1010.18,1003.1,3.0,11.52,12.0,0.3,8.0,8.0,8.0,7.0,8.0,2.8,14.0,0.6,100.0,100.0,100.0,100.0,1.0,0.0,2.0,0.0,0.6,0.5,-6.0,0.0,83.8,19.1,8.0,52.3,14.0,0.6,1.9,86.5,104.7,64.6,8.0,58.6,14.0,0.6,-0.62,-0.5,0.51,-0.21,7.0,0.63,14.0,0.6,-7.5,-3.3,6.2,-1.8,7.0,6.3,14.0,0.6,0.0,0.0,0.0,0.0,1.0,0.0,2.0,0.0,0.0,0.0,0.0,0.0,1.0,0.0,2.0,0.0,-22.1,0.0,3.3,-1.5,7.0,37.7,14.0,0.6,23.7,69.8,84.9,62.8,7.0,37.6,14.0,0.6,-17.0,-17.0,-17.0,-17.0,1.0,0.0,2.0,0.0,0.0,0.0,0.0,0.0,1.0,0.0,2.0,0.0,0.0,0.0,0.0,0.0,1.0,0.0,2.0,0.0,0.0,0.0,0.0,0.0,1.0,0.0,2.0,0.0,356.5,804.5,1759.0,924.5,8.0,655.5,14.0,0.6,355.0,805.0,1760.0,925.0,8.0,655.0,14.0,0.6
1907,7,188.4,-39.7,,,,,,,,,,,,,,,,,,,,,,,,,,,,,,,,,,,4.6,4.6,4.6,4.6,1.0,0.0,2.0,1.0,-3.25,-3.25,-3.25,-3.25,1.0,0.0,2.0,1.0,-3.25,-3.25,-3.25,-3.25,1.0,0.0,2.0,1.0,1025.1,1025.1,1025.1,1025.1,1.0,0.0,2.0,1.0,,,,,,,,,,,,,,,,,,,,,,,,,,,,,,,,,,,,,,,,,,,,,,,,,,,,,,,,,,,,,,,,,,,,,,,,,,,,,,,,,,,,,,,,,,,,,,,,,,,,,,,,,,,,,,,,,,,,,,,,,,,,,,,,,,
1907,7,188.4,-35.7,,,,,,,,,,,,,,,,,,,,,,,,,,,,,,,,,,,5.35,6.95,8.55,6.95,2.0,3.32,12.0,1.0,5.23,6.58,7.93,6.58,2.0,2.8,12.0,1.0,-3.06,-1.82,-0.58,-1.82,2.0,2.57,12.0,1.0,1006.53,1007.9,1009.27,1007.9,2.0,2.83,12.0,1.0,,,,,,,,,,,,,,,,,,,,,,,,,,,,,,,,,,,,,,,,,,,,,,,,,,,,,,,,,,,,,,,,,,,,,,,,,,,,,,,,,,,,,,,,,,,,,,,,,,,,,,,,,,,,,,,,,,,,,,,,,,,,,,,,,,
1907,7,188.4,-17.7,,,,,,,,,,,,,,,,,,,,,,,,,,,,,,,,,,,2.6,2.6,2.6,2.6,1.0,0.0,10.0,1.0,-1.84,-1.84,-1.84,-1.84,1.0,0.0,10.0,1.0,1.84,1.84,1.84,1.84,1.0,0.0,10.0,1.0,1013.2,1013.2,1013.2,1013.2,1.0,0.0,10.0,1.0,,,,,,,,,,,,,,,,,,,,,,,,,,,,,,,,,,,,,,,,,,,,,,,,,,,,,,,,,,,,,,,,,,,,,,,,,,,,,,,,,,,,,,,,,,,,,,,,,,,,,,,,,,,,,,,,,,,,,,,,,,,,,,,,,,
1907,7,188.4,50.3,7.85,8.3,8.5,8.19,9.0,0.5,12.0,0.8,8.75,9.0,9.4,9.04,9.0,0.38,12.0,0.8,6.81,6.91,7.0,6.91,2.0,0.2,2.0,0.5,100.0,100.0,100.0,100.0,2.0,0.0,2.0,0.5,0.7,0.5,5.17,9.3,12.3,9.08,9.0,3.7,12.0,0.8,0.0,3.52,10.67,4.58,9.0,4.76,12.0,0.8,3.4,6.7,9.3,6.6,9.0,3.34,12.0,0.8,999.42,1007.95,1014.91,1007.2,4.0,9.0,10.0,0.8,8.0,8.0,8.0,7.8,9.0,0.7,12.0,0.8,100.0,100.0,100.0,100.0,2.0,0.0,2.0,0.5,0.7,0.5,0.0,16.2,131.3,51.2,9.0,61.4,12.0,0.8,22.0,56.7,101.5,66.5,9.0,44.0,12.0,0.8,-1.1,-1.0,-0.5,-0.86,9.0,0.41,12.0,0.8,-9.1,-6.1,-3.5,-6.9,9.0,3.5,12.0,0.8,-0.51,-0.5,-0.49,-0.5,2.0,0.01,2.0,0.5,-2.2,-1.8,-1.4,-1.8,2.0,0.8,2.0,0.5,0.0,31.4,95.4,41.2,9.0,43.0,12.0,0.8,30.4,63.0,87.1,60.4,9.0,31.4,12.0,0.8,15.3,19.2,23.0,19.2,2.0,8.0,2.0,0.5,12.8,16.1,19.3,16.1,2.0,6.7,2.0,0.5,-1.7,-1.4,-1.1,-1.4,2.0,0.6,2.0,0.5,-1.4,-1.2,-0.9,-1.2,2.0,0.5,2.0,0.5,152.0,804.5,1861.0,1052.0,9.0,813.0,12.0,0.8,150.0,805.0,1860.0,1050.0,9.0,815.0,12.0,0.8
1907,7,190.4,-41.7,,,,,,,,,,,,,,,,,,,,,,,,,,,,,,,,,,,15.4,15.4,15.4,15.4,1.0,0.0,10.0,1.0,-10.89,-10.89,-10.89,-10.89,1.0,0.0,10.0,1.0,-10.89,-10.89,-10.89,-10.89,1.0,0.0,10.0,1.0,1006.0,1006.0,1006.0,1006.0,1.0,0.0,10.0,1.0,,,,,,,,,,,,,,,,,,,,,,,,,,,,,,,,,,,,,,,,,,,,,,,,,,,,,,,,,,,,,,,,,,,,,,,,,,,,,,,,,,,,,,,,,,,,,,,,,,,,,,,,,,,,,,,,,,,,,,,,,,,,,,,,,,
1907,7,190.4,-39.7,,,,,,,,,,,,,,,,,,,,,,,,,,,,,,,,,,,5.2,10.8,16.4,10.8,2.0,11.6,8.0,1.0,-11.01,-5.8,-0.59,-5.8,2.0,10.8,8.0,1.0,-11.01,-5.8,-0.59,-5.8,2.0,10.8,8.0,1.0,1003.57,1009.1,1014.63,1009.1,2.0,11.46,8.0,1.0,,,,,,,,,,,,,,,,,,,,,,,,,,,,,,,,,,,,,,,,,,,,,,,,,,,,,,,,,,,,,,,,,,,,,,,,,,,,,,,,,,,,,,,,,,,,,,,,,,,,,,,,,,,,,,,,,,,,,,,,,,,,,,,,,,
1907,7,190.4,-37.7,,,,,,,,,,,,,,,,,,,,,,,,,,,,,,,,,,,12.3,12.3,12.3,12.3,1.0,0.0,14.0,1.0,4.81,4.81,4.81,4.81,1.0,0.0,14.0,1.0,11.32,11.32,11.32,11.32,1.0,0.0,14.0,1.0,1005.5,1005.5,1005.5,1005.5,1.0,0.0,14.0,1.0,,,,,,,,,,,,,,,,,,,,,,,,,,,,,,,,,,,,,,,,,,,,,,,,,,,,,,,,,,,,,,,,,,,,,,,,,,,,,,,,,,,,,,,,,,,,,,,,,,,,,,,,,,,,,,,,,,,,,,,,,,,,,,,,,,
1907,7,190.4,-35.7,,,,,,,,,,,,,,,,,,,,,,,,,,,,,,,,,,,9.3,9.3,9.3,9.3,1.0,0.0,12.0,1.0,8.56,8.56,8.56,8.56,1.0,0.0,12.0,1.0,-3.63,-3.63,-3.63,-3.63,1.0,0.0,12.0,1.0,1016.4,1016.4,1016.4,1016.4,1.0,0.0,12.0,1.0,,,,,,,,,,,,,,,,,,,,,,,,,,,,,,,,,,,,,,,,,,,,,,,,,,,,,,,,,,,,,,,,,,,,,,,,,,,,,,,,,,,,,,,,,,,,,,,,,,,,,,,,,,,,,,,,,,,,,,,,,,,,,,,,,,
1907,7,190.4,-15.7,,,,,,,,,,,,,,,,,,,,,,,,,,,,,,,,,,,4.6,4.6,4.6,4.6,1.0,0.0,10.0,1.0,-3.25,-3.25,-3.25,-3.25,1.0,0.0,10.0,1.0,3.25,3.25,3.25,3.25,1.0,0.0,10.0,1.0,1013.5,1013.5,1013.5,1013.5,1.0,0.0,10.0,1.0,,,,,,,,,,,,,,,,,,,,,,,,,,,,,,,,,,,,,,,,,,,,,,,,,,,,,,,,,,,,,,,,,,,,,,,,,,,,,,,,,,,,,,,,,,,,,,,,,,,,,,,,,,,,,,,,,,,,,,,,,,,,,,,,,,
1907,7,190.4,50.3,8.24,8.4,8.7,8.42,6.0,0.27,12.0,0.5,7.5,8.45,8.92,8.3,6.0,0.72,12.0,0.5,7.04,7.04,7.04,7.04,1.0,0.0,2.0,1.0,100.0,100.0,100.0,100.0,1.0,0.0,2.0,1.0,0.6,0.5,6.27,8.0,12.94,9.17,6.0,4.04,12.0,0.5,-0.11,4.94,9.15,4.08,6.0,6.15,12.0,0.5,4.32,5.66,9.15,6.59,6.0,2.71,12.0,0.5,1007.47,1010.85,1014.23,1010.85,2.0,7.0,10.0,1.0,8.0,8.0,8.0,8.0,6.0,0.0,12.0,0.5,100.0,100.0,100.0,100.0,1.0,0.0,2.0,1.0,0.6,0.5,-6.9,33.1,119.5,47.8,6.0,79.8,12.0,0.5,27.0,46.4,119.5,69.4,6.0,57.7,12.0,0.5,-0.68,0.05,1.04,0.12,6.0,0.96,12.0,0.5,-5.1,1.0,14.9,3.1,6.0,10.3,12.0,0.5,-0.28,-0.28,-0.28,-0.28,1.0,0.0,2.0,1.0,-1.9,-1.9,-1.9,-1.9,1.0,0.0,2.0,1.0,-1.1,41.8,68.6,30.9,6.0,49.8,12.0,0.5,38.2,48.8,68.6,53.5,6.0,18.2,12.0,0.5,36.1,36.1,36.1,36.1,1.0,0.0,2.0,1.0,30.3,30.3,30.3,30.3,1.0,0.0,2.0,1.0,-1.4,-1.4,-1.4,-1.4,1.0,0.0,2.0,1.0,-1.2,-1.2,-1.2,-1.2,1.0,0.0,2.0,1.0,259.0,552.5,2231.0,1169.5,6.0,1373.5,12.0,0.5,260.0,555.0,2230.0,1170.0,6.0,1375.0,12.0,0.5
1907,7,192.4,-41.7,,,,,,,,,,,,,,,,,,,,,,,,,,,,,,,,,,,15.4,15.4,15.4,15.4,1.0,0.0,10.0,1.0,5.77,5.77,5.77,5.77,1.0,0.0,10.0,1.0,-14.28,-14.28,-14.28,-14.28,1.0,0.0,10.0,1.0,996.84,1002.3,1007.76,1002.3,2.0,11.31,6.0,1.0,,,,,,,,,,,,,,,,,,,,,,,,,,,,,,,,,,,,,,,,,,,,,,,,,,,,,,,,,,,,,,,,,,,,,,,,,,,,,,,,,,,,,,,,,,,,,,,,,,,,,,,,,,,,,,,,,,,,,,,,,,,,,,,,,,
1907,7,192.4,-37.7,,,,,,,,,,,,,,,,,,,,,,,,,,,,,,,,,,,15.4,15.4,15.4,15.4,1.0,0.0,14.0,1.0,10.89,10.89,10.89,10.89,1.0,0.0,14.0,1.0,10.89,10.89,10.89,10.89,1.0,0.0,14.0,1.0,1005.3,1005.3,1005.3,1005.3,1.0,0.0,14.0,1.0,,,,,,,,,,,,,,,,,,,,,,,,,,,,,,,,,,,,,,,,,,,,,,,,,,,,,,,,,,,,,,,,,,,,,,,,,,,,,,,,,,,,,,,,,,,,,,,,,,,,,,,,,,,,,,,,,,,,,,,,,,,,,,,,,,
1907,7,192.4,-35.7,,,,,,,,,,,,,,,,,,,,,,,,,,,,,,,,,,,12.3,12.3,12.3,12.3,1.0,0.0,12.0,1.0,8.7,8.7,8.7,8.7,1.0,0.0,12.0,1.0,-8.7,-8.7,-8.7,-8.7,1.0,0.0,12.0,1.0,1006.1,1006.1,1006.1,1006.1,1.0,0.0,12.0,1.0,,,,,,,,,,,,,,,,,,,,,,,,,,,,,,,,,,,,,,,,,,,,,,,,,,,,,,,,,,,,,,,,,,,,,,,,,,,,,,,,,,,,,,,,,,,,,,,,,,,,,,,,,,,,,,,,,,,,,,,,,,,,,,,,,,
1907,7,192.4,-15.7,,,,,,,,,,,,,,,,,,,,,,,,,,,,,,,,,,,2.6,2.6,2.6,2.6,1.0,0.0,8.0,1.0,-2.6,-2.6,-2.6,-2.6,1.0,0.0,8.0,1.0,0.0,0.0,0.0,0.0,1.0,0.0,8.0,1.0,1013.0,1013.0,1013.0,1013.0,1.0,0.0,8.0,1.0,,,,,,,,,,,,,,,,,,,,,,,,,,,,,,,,,,,,,,,,,,,,,,,,,,,,,,,,,,,,,,,,,,,,,,,,,,,,,,,,,,,,,,,,,,,,,,,,,,,,,,,,,,,,,,,,,,,,,,,,,,,,,,,,,,
1907,7,192.4,48.3,,,,,,,,,,,,,,,,,,,,,,,,,,,,,,,,,,,4.6,4.6,4.6,4.6,1.0,0.0,14.0,1.0,1.57,1.57,1.57,1.57,1.0,0.0,14.0,1.0,4.32,4.32,4.32,4.32,1.0,0.0,14.0,1.0,1022.8,1022.8,1022.8,1022.8,1.0,0.0,14.0,1.0,,,,,,,,,,,,,,,,,,,,,,,,,,,,,,,,,,,,,,,,,,,,,,,,,,,,,,,,,,,,,,,,,,,,,,,,,,,,,,,,,,,,,,,,,,,,,,,,,,,,,,,,,,,,,,,,,,,,,,,,,,,,,,,,,,
1907,7,192.4,50.3,8.29,8.9,9.51,8.93,7.0,0.61,10.0,0.9,9.0,9.2,10.01,9.39,7.0,0.52,10.0,0.9,6.96,7.21,7.45,7.21,2.0,0.51,2.0,1.0,95.0,97.1,99.1,97.1,2.0,4.2,2.0,1.0,0.5,0.5,2.6,4.6,7.24,5.07,6.0,2.58,10.0,0.8,-5.12,0.0,1.24,-1.3,6.0,3.55,10.0,0.8,1.94,4.6,5.12,3.83,6.0,2.29,10.0,0.8,1011.48,1016.8,1017.48,1014.53,3.0,4.82,6.0,0.7,7.8,8.0,8.0,7.4,7.0,1.5,10.0,0.9,95.0,97.1,99.1,97.1,2.0,4.2,2.0,1.0,0.5,0.5,-37.8,0.0,3.2,-14.0,6.0,26.9,10.0,0.8,5.0,21.2,37.8,23.6,6.0,21.6,10.0,0.8,-1.1,-0.7,0.22,-0.46,7.0,0.75,10.0,0.9,-6.8,-5.1,0.1,-4.0,6.0,3.5,10.0,0.8,-0.47,-0.32,-0.16,-0.32,2.0,0.32,2.0,1.0,-2.2,-1.5,-0.8,-1.5,2.0,1.5,2.0,1.0,-48.4,0.0,11.1,-13.2,6.0,34.5,10.0,0.8,17.3,43.4,50.4,36.9,6.0,23.1,10.0,0.8,0.0,0.0,0.0,0.0,2.0,0.0,2.0,1.0,32.0,33.2,34.3,33.2,2.0,2.4,2.0,1.0,0.0,0.0,0.0,0.0,2.0,0.0,2.0,1.0,-2.2,-1.5,-0.8,-1.5,2.0,1.5,2.0,1.0,17.5,97.5,405.0,222.5,6.0,303.5,10.0,0.8,20.0,95.0,405.0,220.0,6.0,305.0,10.0,0.8
1907,7,194.4,-41.7,,,,,,,,,,,,,,,,,,,,,,,,,,,,,,,,,,,15.4,15.4,15.4,15.4,2.0,0.0,8.0,1.0,1.73,5.44,9.16,5.44,2.0,7.7,8.0,1.0,-11.23,-2.26,6.72,-2.26,2.0,18.59,8.0,1.0,1000.81,1002.55,1004.29,1002.55,2.0,3.61,8.0,1.0,,,,,,,,,,,,,,,,,,,,,,,,,,,,,,,,,,,,,,,,,,,,,,,,,,,,,,,,,,,,,,,,,,,,,,,,,,,,,,,,,,,,,,,,,,,,,,,,,,,,,,,,,,,,,,,,,,,,,,,,,,,,,,,,,,
1907,7,194.4,-39.7,,,,,,,,,,,,,,,,,,,,,,,,,,,,,,,,,,,6.7,6.7,6.7,6.7,1.0,0.0,14.0,1.0,6.7,6.7,6.7,6.7,1.0,0.0,14.0,1.0,0.0,0.0,0.0,0.0,1.0,0.0,14.0,1.0,1013.5,1013.5,1013.5,1013.5,1.0,0.0,14.0,1.0,,,,,,,,,,,,,,,,,,,,,,,,,,,,,,,,,,,,,,,,,,,,,,,,,,,,,,,,,,,,,,,,,,,,,,,,,,,,,,,,,,,,,,,,,,,,,,,,,,,,,,,,,,,,,,,,,,,,,,,,,,,,,,,,,,
1907,7,194.4,-37.7,,,,,,,,,,,,,,,,,,,,,,,,,,,,,,,,,,,2.6,2.6,2.6,2.6,1.0,0.0,14.0,1.0,2.6,2.6,2.6,2.6,1.0,0.0,14.0,1.0,0.0,0.0,0.0,0.0,1.0,0.0,14.0,1.0,1016.7,1016.7,1016.7,1016.7,1.0,0.0,14.0,1.0,,,,,,,,,,,,,,,,,,,,,,,,,,,,,,,,,,,,,,,,,,,,,,,,,,,,,,,,,,,,,,,,,,,,,,,,,,,,,,,,,,,,,,,,,,,,,,,,,,,,,,,,,,,,,,,,,,,,,,,,,,,,,,,,,,
1907,7,194.4,-35.7,,,,,,,,,,,,,,,,,,,,,,,,,,,,,,,,,,,12.3,12.3,12.3,12.3,1.0,0.0,12.0,1.0,8.7,8.7,8.7,8.7,1.0,0.0,12.0,1.0,-8.7,-8.7,-8.7,-8.7,1.0,0.0,12.0,1.0,1014.3,1014.3,1014.3,1014.3,1.0,0.0,12.0,1.0,,,,,,,,,,,,,,,,,,,,,,,,,,,,,,,,,,,,,,,,,,,,,,,,,,,,,,,,,,,,,,,,,,,,,,,,,,,,,,,,,,,,,,,,,,,,,,,,,,,,,,,,,,,,,,,,,,,,,,,,,,,,,,,,,,
1907,7,194.4,-15.7,,,,,,,,,,,,,,,,,,,,,,,,,,,,,,,,,,,2.6,2.6,2.6,2.6,1.0,0.0,8.0,1.0,-1.84,-1.84,-1.84,-1.84,1.0,0.0,8.0,1.0,1.84,1.84,1.84,1.84,1.0,0.0,8.0,1.0,1011.5,1011.5,1011.5,1011.5,1.0,0.0,8.0,1.0,,,,,,,,,,,,,,,,,,,,,,,,,,,,,,,,,,,,,,,,,,,,,,,,,,,,,,,,,,,,,,,,,,,,,,,,,,,,,,,,,,,,,,,,,,,,,,,,,,,,,,,,,,,,,,,,,,,,,,,,,,,,,,,,,,
1907,7,194.4,50.3,9.01,9.3,9.76,9.33,8.0,0.34,12.0,0.4,8.53,9.2,9.4,9.09,8.0,0.58,12.0,0.4,7.25,7.25,7.25,7.25,1.0,0.0,2.0,0.0,100.0,100.0,100.0,100.0,1.0,0.0,2.0,0.0,0.4,0.5,2.82,5.65,9.01,5.8,8.0,2.66,12.0,0.4,-2.33,-0.44,2.5,0.37,8.0,3.2,12.0,0.4,2.65,5.38,6.54,5.17,8.0,2.13,12.0,0.4,1012.0,1012.0,1017.32,1014.6,3.0,4.5,12.0,0.3,6.2,8.0,8.0,7.5,8.0,0.9,12.0,0.4,100.0,100.0,100.0,100.0,1.0,0.0,2.0,0.0,0.4,0.5,-15.2,-1.2,16.4,4.0,8.0,27.6,12.0,0.4,7.9,31.2,59.0,34.8,8.0,26.4,12.0,0.4,-0.44,0.05,1.2,0.24,8.0,0.86,12.0,0.4,-2.0,0.3,5.7,1.2,8.0,5.9,12.0,0.4,-0.24,-0.24,-0.24,-0.24,1.0,0.0,2.0,0.0,-1.1,-1.1,-1.1,-1.1,1.0,0.0,2.0,0.0,-21.0,-4.2,20.7,2.5,8.0,28.9,12.0,0.4,24.8,45.6,57.7,47.0,8.0,20.7,12.0,0.4,11.4,11.4,11.4,11.4,1.0,0.0,2.0,0.0,31.4,31.4,31.4,31.4,1.0,0.0,2.0,0.0,-0.4,-0.4,-0.4,-0.4,1.0,0.0,2.0,0.0,-1.0,-1.0,-1.0,-1.0,1.0,0.0,2.0,0.0,26.5,199.0,748.5,305.0,8.0,327.5,12.0,0.4,25.0,200.0,750.0,305.0,8.0,325.0,12.0,0.4
1907,7,196.4,-43.7,,,,,,,,,,,,,,,,,,,,,,,,,,,,,,,,,,,6.7,6.7,6.7,6.7,1.0,0.0,6.0,1.0,-6.17,-6.17,-6.17,-6.17,1.0,0.0,6.0,1.0,2.62,2.62,2.62,2.62,1.0,0.0,6.0,1.0,997.82,1004.1,1010.38,1004.1,2.0,13.01,8.0,1.0,,,,,,,,,,,,,,,,,,,,,,,,,,,,,,,,,,,,,,,,,,,,,,,,,,,,,,,,,,,,,,,,,,,,,,,,,,,,,,,,,,,,,,,,,,,,,,,,,,,,,,,,,,,,,,,,,,,,,,,,,,,,,,,,,,
1907,7,196.4,-41.7,,,,,,,,,,,,,,,,,,,,,,,,,,,,,,,,,,,2.6,2.6,2.6,2.6,1.0,0.0,6.0,1.0,-1.02,-1.02,-1.02,-1.02,1.0,0.0,6.0,1.0,-2.39,-2.39,-2.39,-2.39,1.0,0.0,6.0,1.0,1011.0,1011.0,1011.0,1011.0,1.0,0.0,6.0,1.0,,,,,,,,,,,,,,,,,,,,,,,,,,,,,,,,,,,,,,,,,,,,,,,,,,,,,,,,,,,,,,,,,,,,,,,,,,,,,,,,,,,,,,,,,,,,,,,,,,,,,,,,,,,,,,,,,,,,,,,,,,,,,,,,,,
1907,7,196.4,-37.7,,,,,,,,,,,,,,,,,,,,,,,,,,,,,,,,,,,12.3,12.3,12.3,12.3,1.0,0.0,16.0,1.0,0.0,0.0,0.0,0.0,1.0,0.0,16.0,1.0,-12.3,-12.3,-12.3,-12.3,1.0,0.0,16.0,1.0,1005.6,1005.6,1005.6,1005.6,1.0,0.0,16.0,1.0,,,,,,,,,,,,,,,,,,,,,,,,,,,,,,,,,,,,,,,,,,,,,,,,,,,,,,,,,,,,,,,,,,,,,,,,,,,,,,,,,,,,,,,,,,,,,,,,,,,,,,,,,,,,,,,,,,,,,,,,,,,,,,,,,,
1907,7,196.4,-35.7,,,,,,,,,,,,,,,,,,,,,,,,,,,,,,,,,,,15.4,15.4,15.4,15.4,1.0,0.0,14.0,1.0,10.89,10.89,10.89,10.89,1.0,0.0,14.0,1.0,-10.89,-10.89,-10.89,-10.89,1.0,0.0,14.0,1.0,1000.7,1000.7,1000.7,1000.7,1.0,0.0,14.0,1.0,,,,,,,,,,,,,,,,,,,,,,,,,,,,,,,,,,,,,,,,,,,,,,,,,,,,,,,,,,,,,,,,,,,,,,,,,,,,,,,,,,,,,,,,,,,,,,,,,,,,,,,,,,,,,,,,,,,,,,,,,,,,,,,,,,
1907,7,196.4,-15.7,,,,,,,,,,,,,,,,,,,,,,,,,,,,,,,,,,,2.6,2.6,2.6,2.6,1.0,0.0,6.0,1.0,-1.84,-1.84,-1.84,-1.84,1.0,0.0,6.0,1.0,-1.84,-1.84,-1.84,-1.84,1.0,0.0,6.0,1.0,1010.7,1010.7,1010.7,1010.7,1.0,0.0,6.0,1.0,,,,,,,,,,,,,,,,,,,,,,,,,,,,,,,,,,,,,,,,,,,,,,,,,,,,,,,,,,,,,,,,,,,,,,,,,,,,,,,,,,,,,,,,,,,,,,,,,,,,,,,,,,,,,,,,,,,,,,,,,,,,,,,,,,
1907,7,196.4,50.3,8.49,9.4,9.5,9.16,9.0,0.57,10.0,0.7,8.93,9.5,10.0,9.39,9.0,0.62,10.0,0.7,7.54,7.54,7.54,7.54,2.0,0.0,2.0,0.5,100.0,100.0,100.0,100.0,2.0,0.0,2.0,0.5,0.6,0.5,1.43,9.3,11.49,6.63,9.0,4.76,10.0,0.7,-0.47,1.99,8.13,2.96,9.0,3.94,10.0,0.7,1.01,6.58,9.14,5.27,9.0,3.94,10.0,0.7,1019.98,1021.0,1021.71,1020.85,4.0,1.08,8.0,0.8,8.0,8.0,8.0,7.9,9.0,0.3,10.0,0.7,100.0,100.0,100.0,100.0,2.0,0.0,2.0,0.5,0.6,0.5,-0.5,5.2,94.6,31.6,9.0,47.1,10.0,0.7,1.7,61.2,101.5,50.9,9.0,47.8,10.0,0.7,-0.6,-0.3,0.0,-0.23,9.0,0.38,10.0,0.7,-3.1,-0.6,0.0,-0.7,9.0,3.0,10.0,0.7,-0.3,-0.3,-0.3,-0.3,2.0,0.0,2.0,0.5,-0.8,-0.8,-0.8,-0.8,2.0,0.0,2.0,0.5,-3.9,19.9,74.9,28.7,9.0,37.4,10.0,0.7,9.5,65.8,84.8,49.8,9.0,36.9,10.0,0.7,15.0,15.0,15.0,15.0,2.0,0.0,2.0,0.5,12.6,12.6,12.6,12.6,2.0,0.0,2.0,0.5,-0.6,-0.6,-0.6,-0.6,2.0,0.0,2.0,0.5,-0.5,-0.5,-0.5,-0.5,2.0,0.0,2.0,0.5,5.5,804.5,1576.0,686.0,9.0,761.0,10.0,0.7,5.0,805.0,1575.0,685.0,9.0,760.0,10.0,0.7
1907,7,198.4,-41.7,,,,,,,,,,,,,,,,,,,,,,,,,,,,,,,,,,,1.48,4.65,7.82,4.65,2.0,6.58,10.0,1.0,1.04,3.29,5.53,3.29,2.0,4.65,10.0,1.0,1.04,3.29,5.53,3.29,2.0,4.65,10.0,1.0,1004.0,1004.0,1004.0,1004.0,1.0,0.0,8.0,1.0,,,,,,,,,,,,,,,,,,,,,,,,,,,,,,,,,,,,,,,,,,,,,,,,,,,,,,,,,,,,,,,,,,,,,,,,,,,,,,,,,,,,,,,,,,,,,,,,,,,,,,,,,,,,,,,,,,,,,,,,,,,,,,,,,,
1907,7,198.4,-39.7,,,,,,,,,,,,,,,,,,,,,,,,,,,,,,,,,,,19.0,19.0,19.0,19.0,1.0,0.0,16.0,1.0,13.44,13.44,13.44,13.44,1.0,0.0,16.0,1.0,-13.44,-13.44,-13.44,-13.44,1.0,0.0,16.0,1.0,1005.3,1005.3,1005.3,1005.3,1.0,0.0,16.0,1.0,,,,,,,,,,,,,,,,,,,,,,,,,,,,,,,,,,,,,,,,,,,,,,,,,,,,,,,,,,,,,,,,,,,,,,,,,,,,,,,,,,,,,,,,,,,,,,,,,,,,,,,,,,,,,,,,,,,,,,,,,,,,,,,,,,
1907,7,198.4,-37.7,,,,,,,,,,,,,,,,,,,,,,,,,,,,,,,,,,,15.4,15.4,15.4,15.4,1.0,0.0,16.0,1.0,14.28,14.28,14.28,14.28,1.0,0.0,16.0,1.0,5.77,5.77,5.77,5.77,1.0,0.0,16.0,1.0,1001.5,1001.5,1001.5,1001.5,1.0,0.0,16.0,1.0,,,,,,,,,,,,,,,,,,,,,,,,,,,,,,,,,,,,,,,,,,,,,,,,,,,,,,,,,,,,,,,,,,,,,,,,,,,,,,,,,,,,,,,,,,,,,,,,,,,,,,,,,,,,,,,,,,,,,,,,,,,,,,,,,,
1907,7,198.4,-35.7,,,,,,,,,,,,,,,,,,,,,,,,,,,,,,,,,,,9.3,9.3,9.3,9.3,1.0,0.0,14.0,1.0,8.62,8.62,8.62,8.62,1.0,0.0,14.0,1.0,3.48,3.48,3.48,3.48,1.0,0.0,14.0,1.0,1008.2,1008.2,1008.2,1008.2,1.0,0.0,14.0,1.0,,,,,,,,,,,,,,,,,,,,,,,,,,,,,,,,,,,,,,,,,,,,,,,,,,,,,,,,,,,,,,,,,,,,,,,,,,,,,,,,,,,,,,,,,,,,,,,,,,,,,,,,,,,,,,,,,,,,,,,,,,,,,,,,,,
1907,7,198.4,-15.7,,,,,,,,,,,,,,,,,,,,,,,,,,,,,,,,,,,4.6,4.6,4.6,4.6,1.0,0.0,6.0,1.0,-4.6,-4.6,-4.6,-4.6,1.0,0.0,6.0,1.0,0.0,0.0,0.0,0.0,1.0,0.0,6.0,1.0,1011.1,1011.1,1011.1,1011.1,1.0,0.0,6.0,1.0,,,,,,,,,,,,,,,,,,,,,,,,,,,,,,,,,,,,,,,,,,,,,,,,,,,,,,,,,,,,,,,,,,,,,,,,,,,,,,,,,,,,,,,,,,,,,,,,,,,,,,,,,,,,,,,,,,,,,,,,,,,,,,,,,,
1907,7,198.4,22.3,,,,,,,,,,,,,,,,,,,,,,,,,,,,,,,,,,,,,,,,,,,,,,,,,,,,,,,,,,,,,,,,,,,3.5,4.5,5.5,4.5,2.0,2.1,2.0,0.5,95.3,95.3,95.3,95.3,2.0,0.0,2.0,0.5,0.6,0.2,-145.7,-133.6,-121.5,-133.6,2.0,25.0,2.0,0.5,-81.8,-48.6,-15.4,-48.6,2.0,68.8,2.0,0.5,,,,,,,,,,,,,,,,,,,,,,,,,,,,,,,,,,,,,,,,,,,,,,,,,,,,,,,,,,,,,,,,,,,,,,,,,,,,,,,,,,,,,,,,,,,,,,,,
1907,7,198.4,48.3,,,,,,,,,,,,,,,,,,,,,,,,,,,,,,,,,,,4.6,4.6,4.6,4.6,1.0,0.0,14.0,1.0,-1.57,-1.57,-1.57,-1.57,1.0,0.0,14.0,1.0,4.32,4.32,4.32,4.32,1.0,0.0,14.0,1.0,1025.1,1025.1,1025.1,1025.1,1.0,0.0,14.0,1.0,,,,,,,,,,,,,,,,,,,,,,,,,,,,,,,,,,,,,,,,,,,,,,,,,,,,,,,,,,,,,,,,,,,,,,,,,,,,,,,,,,,,,,,,,,,,,,,,,,,,,,,,,,,,,,,,,,,,,,,,,,,,,,,,,,
1907,7,198.4,50.3,8.86,9.6,10.0,9.42,6.0,0.67,12.0,0.8,8.98,9.25,10.0,9.4,6.0,0.49,12.0,0.8,7.54,7.54,7.54,7.54,1.0,0.0,2.0,1.0,100.0,100.0,100.0,100.0,1.0,0.0,2.0,1.0,0.5,0.4,2.6,6.95,12.94,7.8,6.0,5.38,12.0,0.8,1.58,3.52,12.0,5.79,6.0,5.73,12.0,0.8,0.71,3.14,6.5,3.71,6.0,3.53,12.0,0.8,1021.63,1021.9,1021.9,1021.77,3.0,0.23,10.0,0.7,7.6,8.0,8.0,7.7,6.0,0.8,12.0,0.8,100.0,100.0,100.0,100.0,1.0,0.0,2.0,1.0,0.5,0.4,4.1,13.8,156.7,65.5,6.0,92.5,12.0,0.8,1.8,30.5,87.0,39.8,6.0,42.7,12.0,0.8,-1.02,0.05,1.02,0.02,6.0,1.03,12.0,0.8,-4.2,1.8,11.1,2.4,6.0,8.4,12.0,0.8,-0.3,-0.3,-0.3,-0.3,1.0,0.0,2.0,1.0,-0.8,-0.8,-0.8,-0.8,1.0,0.0,2.0,1.0,15.8,32.0,108.3,52.7,6.0,51.6,12.0,0.8,6.6,29.1,60.9,35.3,6.0,34.6,12.0,0.8,15.0,15.0,15.0,15.0,1.0,0.0,2.0,1.0,12.6,12.6,12.6,12.6,1.0,0.0,2.0,1.0,-0.6,-0.6,-0.6,-0.6,1.0,0.0,2.0,1.0,-0.5,-0.5,-0.5,-0.5,1.0,0.0,2.0,1.0,17.5,451.0,2231.0,1075.0,6.0,1451.0,12.0,0.8,20.0,450.0,2230.0,1075.0,6.0,1450.0,12.0,0.8
1907,7,200.4,-43.7,,,,,,,,,,,,,,,,,,,,,,,,,,,,,,,,,,,9.3,9.3,9.3,9.3,1.0,0.0,12.0,1.0,9.3,9.3,9.3,9.3,1.0,0.0,12.0,1.0,0.0,0.0,0.0,0.0,1.0,0.0,12.0,1.0,998.1,998.1,998.1,998.1,1.0,0.0,12.0,1.0,,,,,,,,,,,,,,,,,,,,,,,,,,,,,,,,,,,,,,,,,,,,,,,,,,,,,,,,,,,,,,,,,,,,,,,,,,,,,,,,,,,,,,,,,,,,,,,,,,,,,,,,,,,,,,,,,,,,,,,,,,,,,,,,,,
1907,7,200.4,-41.7,,,,,,,,,,,,,,,,,,,,,,,,,,,,,,,,,,,12.3,12.3,12.3,12.3,1.0,0.0,8.0,1.0,12.3,12.3,12.3,12.3,1.0,0.0,8.0,1.0,0.0,0.0,0.0,0.0,1.0,0.0,8.0,1.0,1013.1,1013.1,1013.1,1013.1,1.0,0.0,8.0,1.0,,,,,,,,,,,,,,,,,,,,,,,,,,,,,,,,,,,,,,,,,,,,,,,,,,,,,,,,,,,,,,,,,,,,,,,,,,,,,,,,,,,,,,,,,,,,,,,,,,,,,,,,,,,,,,,,,,,,,,,,,,,,,,,,,,
1907,7,200.4,-1.7,,,,,,,,,,,,,,,,,,,,,,,,,,,,,,,,,,,1.0,1.0,1.0,1.0,1.0,0.0,30.0,1.0,-0.71,-0.71,-0.71,-0.71,1.0,0.0,30.0,1.0,0.71,0.71,0.71,0.71,1.0,0.0,30.0,1.0,1006.9,1006.9,1006.9,1006.9,1.0,0.0,30.0,1.0,,,,,,,,,,,,,,,,,,,,,,,,,,,,,,,,,,,,,,,,,,,,,,,,,,,,,,,,,,,,,,,,,,,,,,,,,,,,,,,,,,,,,,,,,,,,,,,,,,,,,,,,,,,,,,,,,,,,,,,,,,,,,,,,,,
1907,7,200.4,20.3,,,,,,,,,,,,,,,,,,,,,,,,,,,,,,,,,,,,,,,,,,,,,,,,,,,,,,,,,,,,,,,,,,,2.2,2.5,2.8,2.5,2.0,0.7,2.0,0.5,95.4,95.4,95.4,95.4,2.0,0.0,2.0,0.5,0.5,0.8,-145.7,-133.6,-121.5,-133.6,2.0,25.0,2.0,0.5,-81.8,-48.6,-15.4,-48.6,2.0,68.8,2.0,0.5,,,,,,,,,,,,,,,,,,,,,,,,,,,,,,,,,,,,,,,,,,,,,,,,,,,,,,,,,,,,,,,,,,,,,,,,,,,,,,,,,,,,,,,,,,,,,,,,
1907,7,200.4,50.3,,,,,,,,,,,,,,,,,,,,,,,,,,,,,,,,,,,5.93,6.7,10.4,7.92,5.0,2.96,14.0,0.4,0.0,0.0,2.87,1.34,5.0,2.23,14.0,0.4,4.32,6.7,10.4,7.39,5.0,3.43,14.0,0.4,1022.11,1022.55,1022.99,1022.55,2.0,0.92,16.0,0.5,,,,,,,,,,,,,,,,,,,,,,,,,,,,,,,,,,,,,,,,,,,,,,,,,,,,,,,,,,,,,,,,,,,,,,,,,,,,,,,,,,,,,,,,,,,,,,,,,,,,,,,,,,,,,,,,,,,,,,,,,,,,,,,,,,
1907,7,202.4,-43.7,,,,,,,,,,,,,,,,,,,,,,,,,,,,,,,,,,,2.6,2.6,2.6,2.6,1.0,0.0,10.0,1.0,1.84,1.84,1.84,1.84,1.0,0.0,10.0,1.0,-1.84,-1.84,-1.84,-1.84,1.0,0.0,10.0,1.0,1020.7,1020.7,1020.7,1020.7,1.0,0.0,10.0,1.0,,,,,,,,,,,,,,,,,,,,,,,,,,,,,,,,,,,,,,,,,,,,,,,,,,,,,,,,,,,,,,,,,,,,,,,,,,,,,,,,,,,,,,,,,,,,,,,,,,,,,,,,,,,,,,,,,,,,,,,,,,,,,,,,,,
1907,7,202.4,-41.7,,,,,,,,,,,,,,,,,,,,,,,,,,,,,,,,,,,7.11,8.0,8.89,8.0,2.0,1.84,16.0,1.0,6.23,6.37,6.51,6.37,2.0,0.29,16.0,1.0,-1.16,1.98,5.12,1.98,2.0,6.5,16.0,1.0,996.89,1001.8,1006.71,1001.8,2.0,10.18,16.0,1.0,,,,,,,,,,,,,,,,,,,,,,,,,,,,,,,,,,,,,,,,,,,,,,,,,,,,,,,,,,,,,,,,,,,,,,,,,,,,,,,,,,,,,,,,,,,,,,,,,,,,,,,,,,,,,,,,,,,,,,,,,,,,,,,,,,
1907,7,202.4,-37.7,,,,,,,,,,,,,,,,,,,,,,,,,,,,,,,,,,,12.3,12.3,12.3,12.3,1.0,0.0,18.0,1.0,4.81,4.81,4.81,4.81,1.0,0.0,18.0,1.0,11.32,11.32,11.32,11.32,1.0,0.0,18.0,1.0,1006.1,1006.1,1006.1,1006.1,1.0,0.0,18.0,1.0,,,,,,,,,,,,,,,,,,,,,,,,,,,,,,,,,,,,,,,,,,,,,,,,,,,,,,,,,,,,,,,,,,,,,,,,,,,,,,,,,,,,,,,,,,,,,,,,,,,,,,,,,,,,,,,,,,,,,,,,,,,,,,,,,,
1907,7,202.4,-35.7,,,,,,,,,,,,,,,,,,,,,,,,,,,,,,,,,,,9.78,10.8,11.82,10.8,2.0,2.12,14.0,1.0,5.09,5.69,6.3,5.69,2.0,1.25,14.0,1.0,7.33,8.95,10.57,8.95,2.0,3.36,14.0,1.0,1010.7,1012.85,1015.0,1012.85,2.0,4.45,14.0,1.0,,,,,,,,,,,,,,,,,,,,,,,,,,,,,,,,,,,,,,,,,,,,,,,,,,,,,,,,,,,,,,,,,,,,,,,,,,,,,,,,,,,,,,,,,,,,,,,,,,,,,,,,,,,,,,,,,,,,,,,,,,,,,,,,,,
1907,7,202.4,-15.7,,,,,,,,,,,,,,,,,,,,,,,,,,,,,,,,,,,9.3,9.3,9.3,9.3,1.0,0.0,4.0,1.0,-8.56,-8.56,-8.56,-8.56,1.0,0.0,4.0,1.0,3.63,3.63,3.63,3.63,1.0,0.0,4.0,1.0,1012.3,1012.3,1012.3,1012.3,1.0,0.0,4.0,1.0,,,,,,,,,,,,,,,,,,,,,,,,,,,,,,,,,,,,,,,,,,,,,,,,,,,,,,,,,,,,,,,,,,,,,,,,,,,,,,,,,,,,,,,,,,,,,,,,,,,,,,,,,,,,,,,,,,,,,,,,,,,,,,,,,,
1907,7,202.4,20.3,,,,,,,,,,,,,,,,,,,,,,,,,,,,,,,,,,,,,,,,,,,,,,,,,,,,,,,,,,,,,,,,,,,3.0,3.0,3.0,3.0,1.0,0.0,2.0,0.0,95.3,95.3,95.3,95.3,1.0,0.0,2.0,0.0,0.5,0.8,-81.3,-81.3,-81.3,-81.3,1.0,0.0,2.0,0.0,-29.6,-29.6,-29.6,-29.6,1.0,0.0,2.0,0.0,,,,,,,,,,,,,,,,,,,,,,,,,,,,,,,,,,,,,,,,,,,,,,,,,,,,,,,,,,,,,,,,,,,,,,,,,,,,,,,,,,,,,,,,,,,,,,,,
1907,7,202.4,22.3,,,,,,,,,,,,,,,,,,,,,,,,,,,,,,,,,,,,,,,,,,,,,,,,,,,,,,,,,,,,,,,,,,,2.0,2.0,2.0,2.0,1.0,0.0,2.0,0.0,95.3,95.3,95.3,95.3,1.0,0.0,2.0,0.0,0.8,0.1,-81.3,-81.3,-81.3,-81.3,1.0,0.0,2.0,0.0,-29.6,-29.6,-29.6,-29.6,1.0,0.0,2.0,0.0,,,,,,,,,,,,,,,,,,,,,,,,,,,,,,,,,,,,,,,,,,,,,,,,,,,,,,,,,,,,,,,,,,,,,,,,,,,,,,,,,,,,,,,,,,,,,,,,
1907,7,202.4,50.3,,,,,,,,,,,,,,,,,,,,,,,,,,,,,,,,,,,4.6,4.6,15.4,8.92,5.0,5.92,14.0,0.8,0.0,1.8,3.78,1.91,5.0,1.96,14.0,0.8,1.22,4.23,15.4,7.24,5.0,7.78,14.0,0.8,1026.3,1026.3,1026.3,1026.3,1.0,0.0,16.0,1.0,,,,,,,,,,,,,,,,,,,,,,,,,,,,,,,,,,,,,,,,,,,,,,,,,,,,,,,,,,,,,,,,,,,,,,,,,,,,,,,,,,,,,,,,,,,,,,,,,,,,,,,,,,,,,,,,,,,,,,,,,,,,,,,,,,
1907,7,204.4,-43.7,,,,,,,,,,,,,,,,,,,,,,,,,,,,,,,,,,,7.59,9.5,11.41,9.5,2.0,3.96,12.0,1.0,-4.04,-2.4,-0.76,-2.4,2.0,3.4,12.0,1.0,-10.59,-9.01,-7.43,-9.01,2.0,3.27,12.0,1.0,1005.13,1008.85,1012.57,1008.85,2.0,7.71,12.0,1.0,,,,,,,,,,,,,,,,,,,,,,,,,,,,,,,,,,,,,,,,,,,,,,,,,,,,,,,,,,,,,,,,,,,,,,,,,,,,,,,,,,,,,,,,,,,,,,,,,,,,,,,,,,,,,,,,,,,,,,,,,,,,,,,,,,
1907,7,204.4,-39.7,,,,,,,,,,,,,,,,,,,,,,,,,,,,,,,,,,,2.6,2.6,2.6,2.6,1.0,0.0,20.0,1.0,-2.39,-2.39,-2.39,-2.39,1.0,0.0,20.0,1.0,1.02,1.02,1.02,1.02,1.0,0.0,20.0,1.0,996.4,996.4,996.4,996.4,1.0,0.0,20.0,1.0,,,,,,,,,,,,,,,,,,,,,,,,,,,,,,,,,,,,,,,,,,,,,,,,,,,,,,,,,,,,,,,,,,,,,,,,,,,,,,,,,,,,,,,,,,,,,,,,,,,,,,,,,,,,,,,,,,,,,,,,,,,,,,,,,,
1907,7,204.4,-35.7,,,,,,,,,,,,,,,,,,,,,,,,,,,,,,,,,,,0.41,1.3,2.19,1.3,2.0,1.84,16.0,1.0,-1.55,-0.92,-0.29,-0.92,2.0,1.3,16.0,1.0,0.29,0.92,1.55,0.92,2.0,1.3,16.0,1.0,1012.54,1015.2,1017.86,1015.2,2.0,5.52,16.0,1.0,,,,,,,,,,,,,,,,,,,,,,,,,,,,,,,,,,,,,,,,,,,,,,,,,,,,,,,,,,,,,,,,,,,,,,,,,,,,,,,,,,,,,,,,,,,,,,,,,,,,,,,,,,,,,,,,,,,,,,,,,,,,,,,,,,
1907,7,204.4,22.3,,,,,,,,,,,,,,,,,,,,,,,,,,,,,,,,,,,,,,,,,,,,,,,,,,,,,,,,,,,,,,,,,,,2.2,2.5,2.8,2.5,2.0,0.7,2.0,1.0,95.3,95.3,95.3,95.3,1.0,0.0,2.0,1.0,0.4,0.3,-85.7,-83.9,-82.1,-83.9,2.0,3.7,2.0,1.0,-24.9,-14.8,-4.7,-14.8,2.0,20.9,2.0,1.0,,,,,,,,,,,,,,,,,,,,,,,,,,,,,,,,,,,,,,,,,,,,,,,,,,,,,,,,,,,,,,,,,,,,,,,,,,,,,,,,,,,,,,,,,,,,,,,,
1907,7,204.4,48.3,,,,,,,,,,,,,,,,,,,,,,,,,,,,,,,,,,,2.6,2.6,2.6,2.6,1.0,0.0,16.0,1.0,0.89,0.89,0.89,0.89,1.0,0.0,16.0,1.0,2.44,2.44,2.44,2.44,1.0,0.0,16.0,1.0,1025.8,1025.8,1025.8,1025.8,1.0,0.0,16.0,1.0,,,,,,,,,,,,,,,,,,,,,,,,,,,,,,,,,,,,,,,,,,,,,,,,,,,,,,,,,,,,,,,,,,,,,,,,,,,,,,,,,,,,,,,,,,,,,,,,,,,,,,,,,,,,,,,,,,,,,,,,,,,,,,,,,,
1907,7,204.4,50.3,,,,,,,,,,,,,,,,,,,,,,,,,,,,,,,,,,,4.19,4.6,12.94,7.35,6.0,5.19,14.0,0.7,0.0,1.78,4.23,2.01,6.0,1.91,14.0,0.7,-1.8,3.0,12.94,5.02,6.0,7.29,14.0,0.7,1028.35,1028.45,1028.55,1028.45,2.0,0.21,14.0,1.0,,,,,,,,,,,,,,,,,,,,,,,,,,,,,,,,,,,,,,,,,,,,,,,,,,,,,,,,,,,,,,,,,,,,,,,,,,,,,,,,,,,,,,,,,,,,,,,,,,,,,,,,,,,,,,,,,,,,,,,,,,,,,,,,,,
1907,7,206.4,-43.7,,,,,,,,,,,,,,,,,,,,,,,,,,,,,,,,,,,15.4,15.4,15.4,15.4,1.0,0.0,12.0,1.0,5.77,5.77,5.77,5.77,1.0,0.0,12.0,1.0,-14.28,-14.28,-14.28,-14.28,1.0,0.0,12.0,1.0,1000.35,1000.45,1000.55,1000.45,2.0,0.21,12.0,1.0,,,,,,,,,,,,,,,,,,,,,,,,,,,,,,,,,,,,,,,,,,,,,,,,,,,,,,,,,,,,,,,,,,,,,,,,,,,,,,,,,,,,,,,,,,,,,,,,,,,,,,,,,,,,,,,,,,,,,,,,,,,,,,,,,,
1907,7,206.4,-41.7,,,,,,,,,,,,,,,,,,,,,,,,,,,,,,,,,,,9.3,9.3,9.3,9.3,1.0,0.0,18.0,1.0,9.3,9.3,9.3,9.3,1.0,0.0,18.0,1.0,0.0,0.0,0.0,0.0,1.0,0.0,18.0,1.0,998.3,998.3,998.3,998.3,1.0,0.0,18.0,1.0,,,,,,,,,,,,,,,,,,,,,,,,,,,,,,,,,,,,,,,,,,,,,,,,,,,,,,,,,,,,,,,,,,,,,,,,,,,,,,,,,,,,,,,,,,,,,,,,,,,,,,,,,,,,,,,,,,,,,,,,,,,,,,,,,,
1907,7,206.4,-35.7,,,,,,,,,,,,,,,,,,,,,,,,,,,,,,,,,,,9.3,9.3,9.3,9.3,1.0,0.0,16.0,1.0,6.58,6.58,6.58,6.58,1.0,0.0,16.0,1.0,-6.58,-6.58,-6.58,-6.58,1.0,0.0,16.0,1.0,1000.7,1000.7,1000.7,1000.7,1.0,0.0,16.0,1.0,,,,,,,,,,,,,,,,,,,,,,,,,,,,,,,,,,,,,,,,,,,,,,,,,,,,,,,,,,,,,,,,,,,,,,,,,,,,,,,,,,,,,,,,,,,,,,,,,,,,,,,,,,,,,,,,,,,,,,,,,,,,,,,,,,
1907,7,206.4,2.3,,,,,,,,,,,,,,,,,,,,,,,,,,,,,,,,,,,9.3,9.3,9.3,9.3,1.0,0.0,28.0,1.0,-6.58,-6.58,-6.58,-6.58,1.0,0.0,28.0,1.0,6.58,6.58,6.58,6.58,1.0,0.0,28.0,1.0,1003.8,1003.8,1003.8,1003.8,1.0,0.0,28.0,1.0,,,,,,,,,,,,,,,,,,,,,,,,,,,,,,,,,,,,,,,,,,,,,,,,,,,,,,,,,,,,,,,,,,,,,,,,,,,,,,,,,,,,,,,,,,,,,,,,,,,,,,,,,,,,,,,,,,,,,,,,,,,,,,,,,,
1907,7,206.4,24.3,,,,,,,,,,,,,,,,,,,,,,,,,,,,,,,,,,,,,,,,,,,,,,,,,,,,,,,,,,,,,,,,,,,5.2,5.5,5.8,5.5,2.0,0.7,4.0,1.0,100.0,100.0,100.0,100.0,2.0,0.0,4.0,1.0,0.4,0.2,-132.5,-111.7,-90.9,-111.7,2.0,43.1,4.0,1.0,-48.2,-40.7,-33.1,-40.7,2.0,15.7,4.0,1.0,,,,,,,,,,,,,,,,,,,,,,,,,,,,,,,,,,,,,,,,,,,,,,,,,,,,,,,,,,,,,,,,,,,,,,,,,,,,,,,,,,,,,,,,,,,,,,,,
1907,7,206.4,50.3,,,,,,,,,,,,,,,,,,,,,,,,,,,,,,,,,,,5.93,6.7,10.4,7.92,5.0,2.96,14.0,0.6,-3.89,3.52,5.45,1.37,5.0,5.09,14.0,0.6,-1.73,2.96,9.64,3.65,5.0,6.5,14.0,0.6,1030.7,1030.7,1030.7,1030.7,1.0,0.0,14.0,0.0,,,,,,,,,,,,,,,,,,,,,,,,,,,,,,,,,,,,,,,,,,,,,,,,,,,,,,,,,,,,,,,,,,,,,,,,,,,,,,,,,,,,,,,,,,,,,,,,,,,,,,,,,,,,,,,,,,,,,,,,,,,,,,,,,,
1907,7,208.4,-35.7,,,,,,,,,,,,,,,,,,,,,,,,,,,,,,,,,,,12.3,12.3,12.3,12.3,1.0,0.0,16.0,1.0,8.7,8.7,8.7,8.7,1.0,0.0,16.0,1.0,-8.7,-8.7,-8.7,-8.7,1.0,0.0,16.0,1.0,1010.1,1010.1,1010.1,1010.1,1.0,0.0,16.0,1.0,,,,,,,,,,,,,,,,,,,,,,,,,,,,,,,,,,,,,,,,,,,,,,,,,,,,,,,,,,,,,,,,,,,,,,,,,,,,,,,,,,,,,,,,,,,,,,,,,,,,,,,,,,,,,,,,,,,,,,,,,,,,,,,,,,
1907,7,208.4,8.3,,,,,,,,,,,,,,,,,,,,,,,,,,,,,,,,,,,2.6,2.6,2.6,2.6,1.0,0.0,26.0,1.0,-1.84,-1.84,-1.84,-1.84,1.0,0.0,26.0,1.0,1.84,1.84,1.84,1.84,1.0,0.0,26.0,1.0,1004.8,1004.8,1004.8,1004.8,1.0,0.0,26.0,1.0,,,,,,,,,,,,,,,,,,,,,,,,,,,,,,,,,,,,,,,,,,,,,,,,,,,,,,,,,,,,,,,,,,,,,,,,,,,,,,,,,,,,,,,,,,,,,,,,,,,,,,,,,,,,,,,,,,,,,,,,,,,,,,,,,,
1907,7,208.4,24.3,24.5,24.7,24.9,24.7,2.0,0.42,4.0,0.0,24.5,24.7,24.9,24.7,2.0,0.42,4.0,0.0,17.78,18.59,19.4,18.59,2.0,1.68,4.0,0.0,92.7,95.7,98.6,95.7,2.0,6.1,4.0,0.0,0.4,0.7,9.78,10.8,11.82,10.8,2.0,2.12,4.0,0.0,-10.85,-9.34,-7.83,-9.34,2.0,3.14,4.0,0.0,-5.7,-5.09,-4.49,-5.09,2.0,1.25,4.0,0.0,1012.8,1012.8,1012.8,1012.8,2.0,0.0,4.0,0.0,3.2,3.5,3.8,3.5,2.0,0.7,4.0,0.0,92.7,95.7,98.6,95.7,2.0,6.1,4.0,0.0,0.4,0.7,-130.1,-104.2,-78.3,-104.2,2.0,53.7,4.0,0.0,-55.0,-53.7,-52.4,-53.7,2.0,2.7,4.0,0.0,0.0,0.0,0.0,0.0,2.0,0.0,4.0,0.0,0.0,0.0,0.0,0.0,2.0,0.0,4.0,0.0,0.26,0.83,1.4,0.83,2.0,1.18,4.0,0.0,2.5,7.8,13.0,7.8,2.0,11.0,4.0,0.0,-270.7,-231.4,-192.1,-231.4,2.0,81.4,4.0,0.0,-139.4,-125.5,-111.6,-125.5,2.0,28.8,4.0,0.0,-212.0,-176.3,-140.6,-176.3,2.0,74.0,4.0,0.0,-100.7,-93.6,-86.5,-93.6,2.0,14.7,4.0,0.0,-10.0,-5.9,-1.9,-5.9,2.0,8.4,4.0,0.0,-8.4,-5.0,-1.6,-5.0,2.0,7.0,4.0,0.0,972.0,1332.5,1693.0,1332.5,2.0,747.0,4.0,0.0,970.0,1335.0,1695.0,1335.0,2.0,745.0,4.0,0.0
1907,7,208.4,50.3,,,,,,,,,,,,,,,,,,,,,,,,,,,,,,,,,,,4.19,5.65,9.3,6.18,6.0,2.74,14.0,0.5,-3.48,-1.3,3.86,-0.15,6.0,3.73,14.0,0.5,-0.95,3.63,8.62,3.32,6.0,5.12,14.0,0.5,1032.56,1032.9,1033.24,1032.9,2.0,0.71,14.0,0.5,,,,,,,,,,,,,,,,,,,,,,,,,,,,,,,,,,,,,,,,,,,,,,,,,,,,,,,,,,,,,,,,,,,,,,,,,,,,,,,,,,,,,,,,,,,,,,,,,,,,,,,,,,,,,,,,,,,,,,,,,,,,,,,,,,
1907,7,210.4,-43.7,,,,,,,,,,,,,,,,,,,,,,,,,,,,,,,,,,,6.7,6.7,6.7,6.7,1.0,0.0,16.0,1.0,6.7,6.7,6.7,6.7,1.0,0.0,16.0,1.0,0.0,0.0,0.0,0.0,1.0,0.0,16.0,1.0,1000.4,1005.35,1010.3,1005.35,2.0,10.25,14.0,1.0,,,,,,,,,,,,,,,,,,,,,,,,,,,,,,,,,,,,,,,,,,,,,,,,,,,,,,,,,,,,,,,,,,,,,,,,,,,,,,,,,,,,,,,,,,,,,,,,,,,,,,,,,,,,,,,,,,,,,,,,,,,,,,,,,,
1907,7,210.4,-37.7,,,,,,,,,,,,,,,,,,,,,,,,,,,,,,,,,,,9.3,9.3,9.3,9.3,1.0,0.0,22.0,1.0,8.62,8.62,8.62,8.62,1.0,0.0,22.0,1.0,3.48,3.48,3.48,3.48,1.0,0.0,22.0,1.0,1006.6,1006.6,1006.6,1006.6,1.0,0.0,22.0,1.0,,,,,,,,,,,,,,,,,,,,,,,,,,,,,,,,,,,,,,,,,,,,,,,,,,,,,,,,,,,,,,,,,,,,,,,,,,,,,,,,,,,,,,,,,,,,,,,,,,,,,,,,,,,,,,,,,,,,,,,,,,,,,,,,,,
1907,7,210.4,-35.7,,,,,,,,,,,,,,,,,,,,,,,,,,,,,,,,,,,4.93,5.65,6.37,5.65,2.0,1.48,18.0,1.0,2.44,3.97,5.5,3.97,2.0,3.17,18.0,1.0,-3.19,-0.88,1.43,-0.88,2.0,4.79,18.0,1.0,1001.05,1003.75,1006.45,1003.75,2.0,5.59,18.0,1.0,,,,,,,,,,,,,,,,,,,,,,,,,,,,,,,,,,,,,,,,,,,,,,,,,,,,,,,,,,,,,,,,,,,,,,,,,,,,,,,,,,,,,,,,,,,,,,,,,,,,,,,,,,,,,,,,,,,,,,,,,,,,,,,,,,
1907,7,210.4,6.3,,,,,,,,,,,,,,,,,,,,,,,,,,,,,,,,,,,1.0,1.0,1.0,1.0,1.0,0.0,26.0,1.0,0.0,0.0,0.0,0.0,1.0,0.0,26.0,1.0,-1.0,-1.0,-1.0,-1.0,1.0,0.0,26.0,1.0,1006.4,1006.4,1006.4,1006.4,1.0,0.0,26.0,1.0,,,,,,,,,,,,,,,,,,,,,,,,,,,,,,,,,,,,,,,,,,,,,,,,,,,,,,,,,,,,,,,,,,,,,,,,,,,,,,,,,,,,,,,,,,,,,,,,,,,,,,,,,,,,,,,,,,,,,,,,,,,,,,,,,,
1907,7,210.4,8.3,,,,,,,,,,,,,,,,,,,,,,,,,,,,,,,,,,,6.7,6.7,6.7,6.7,1.0,0.0,24.0,1.0,-4.74,-4.74,-4.74,-4.74,1.0,0.0,24.0,1.0,-4.74,-4.74,-4.74,-4.74,1.0,0.0,24.0,1.0,1004.0,1004.0,1004.0,1004.0,1.0,0.0,24.0,1.0,,,,,,,,,,,,,,,,,,,,,,,,,,,,,,,,,,,,,,,,,,,,,,,,,,,,,,,,,,,,,,,,,,,,,,,,,,,,,,,,,,,,,,,,,,,,,,,,,,,,,,,,,,,,,,,,,,,,,,,,,,,,,,,,,,
1907,7,210.4,26.3,24.4,24.4,24.4,24.4,3.0,0.0,4.0,1.0,24.4,24.4,24.4,24.4,3.0,0.0,4.0,1.0,17.39,17.39,17.39,17.39,1.0,0.0,4.0,1.0,91.4,91.4,91.4,91.4,3.0,0.0,4.0,1.0,0.6,0.4,10.25,12.3,12.3,11.3,3.0,1.73,4.0,1.0,-9.42,-9.42,-7.85,-8.66,3.0,1.33,4.0,1.0,-7.91,-7.91,-6.59,-7.26,3.0,1.11,4.0,1.0,1013.5,1013.5,1013.5,1013.5,1.0,0.0,4.0,1.0,3.3,4.0,4.0,3.7,3.0,0.6,4.0,1.0,91.4,91.4,91.4,91.4,3.0,0.0,4.0,1.0,0.6,0.4,-115.9,-115.9,-82.0,-99.3,3.0,28.7,4.0,1.0,-97.2,-97.2,-68.8,-83.4,3.0,24.0,4.0,1.0,0.0,0.0,0.0,0.0,3.0,0.0,4.0,1.0,0.0,0.0,0.0,0.0,3.0,0.0,4.0,1.0,1.67,1.67,1.67,1.67,1.0,0.0,4.0,1.0,20.5,20.5,20.5,20.5,1.0,0.0,4.0,1.0,-229.9,-229.9,-191.6,-211.2,3.0,32.4,4.0,1.0,-192.9,-192.9,-160.8,-177.2,3.0,27.2,4.0,1.0,-163.9,-163.9,-163.9,-163.9,1.0,0.0,4.0,1.0,-137.5,-137.5,-137.5,-137.5,1.0,0.0,4.0,1.0,-15.7,-15.7,-15.7,-15.7,1.0,0.0,4.0,1.0,-13.2,-13.2,-13.2,-13.2,1.0,0.0,4.0,1.0,1139.5,1861.0,1861.0,1508.5,3.0,610.0,4.0,1.0,1140.0,1860.0,1860.0,1510.0,3.0,610.0,4.0,1.0
1907,7,210.4,48.3,,,,,,,,,,,,,,,,,,,,,,,,,,,,,,,,,,,6.7,6.7,6.7,6.7,1.0,0.0,16.0,1.0,0.0,0.0,0.0,0.0,1.0,0.0,16.0,1.0,6.7,6.7,6.7,6.7,1.0,0.0,16.0,1.0,1025.5,1025.5,1025.5,1025.5,1.0,0.0,16.0,1.0,,,,,,,,,,,,,,,,,,,,,,,,,,,,,,,,,,,,,,,,,,,,,,,,,,,,,,,,,,,,,,,,,,,,,,,,,,,,,,,,,,,,,,,,,,,,,,,,,,,,,,,,,,,,,,,,,,,,,,,,,,,,,,,,,,
1907,7,210.4,50.3,,,,,,,,,,,,,,,,,,,,,,,,,,,,,,,,,,,1.0,3.6,9.3,4.63,6.0,3.85,14.0,0.8,-0.21,0.0,1.52,0.59,6.0,1.57,14.0,0.8,0.0,2.78,9.3,4.03,6.0,4.27,14.0,0.8,1035.51,1035.75,1035.99,1035.75,2.0,0.49,14.0,1.0,,,,,,,,,,,,,,,,,,,,,,,,,,,,,,,,,,,,,,,,,,,,,,,,,,,,,,,,,,,,,,,,,,,,,,,,,,,,,,,,,,,,,,,,,,,,,,,,,,,,,,,,,,,,,,,,,,,,,,,,,,,,,,,,,,
1907,7,212.4,-43.7,,,,,,,,,,,,,,,,,,,,,,,,,,,,,,,,,,,2.79,6.65,10.51,6.65,2.0,7.99,18.0,1.0,2.22,4.85,7.48,4.85,2.0,5.44,18.0,1.0,1.38,4.35,7.32,4.35,2.0,6.15,18.0,1.0,999.25,999.8,1001.37,1000.3,3.0,1.61,16.0,1.0,,,,,,,,,,,,,,,,,,,,,,,,,,,,,,,,,,,,,,,,,,,,,,,,,,,,,,,,,,,,,,,,,,,,,,,,,,,,,,,,,,,,,,,,,,,,,,,,,,,,,,,,,,,,,,,,,,,,,,,,,,,,,,,,,,
1907,7,212.4,-41.7,,,,,,,,,,,,,,,,,,,,,,,,,,,,,,,,,,,9.3,9.3,9.3,9.3,1.0,0.0,16.0,1.0,0.0,0.0,0.0,0.0,1.0,0.0,16.0,1.0,-9.3,-9.3,-9.3,-9.3,1.0,0.0,16.0,1.0,1009.6,1009.6,1009.6,1009.6,1.0,0.0,16.0,1.0,,,,,,,,,,,,,,,,,,,,,,,,,,,,,,,,,,,,,,,,,,,,,,,,,,,,,,,,,,,,,,,,,,,,,,,,,,,,,,,,,,,,,,,,,,,,,,,,,,,,,,,,,,,,,,,,,,,,,,,,,,,,,,,,,,
1907,7,212.4,-39.7,,,,,,,,,,,,,,,,,,,,,,,,,,,,,,,,,,,12.3,12.3,12.3,12.3,1.0,0.0,22.0,1.0,0.0,0.0,0.0,0.0,1.0,0.0,22.0,1.0,-12.3,-12.3,-12.3,-12.3,1.0,0.0,22.0,1.0,1005.3,1005.3,1005.3,1005.3,1.0,0.0,22.0,1.0,,,,,,,,,,,,,,,,,,,,,,,,,,,,,,,,,,,,,,,,,,,,,,,,,,,,,,,,,,,,,,,,,,,,,,,,,,,,,,,,,,,,,,,,,,,,,,,,,,,,,,,,,,,,,,,,,,,,,,,,,,,,,,,,,,
1907,7,212.4,-35.7,,,,,,,,,,,,,,,,,,,,,,,,,,,,,,,,,,,12.3,12.3,12.3,12.3,1.0,0.0,18.0,1.0,12.3,12.3,12.3,12.3,1.0,0.0,18.0,1.0,0.0,0.0,0.0,0.0,1.0,0.0,18.0,1.0,1001.9,1001.9,1001.9,1001.9,1.0,0.0,18.0,1.0,,,,,,,,,,,,,,,,,,,,,,,,,,,,,,,,,,,,,,,,,,,,,,,,,,,,,,,,,,,,,,,,,,,,,,,,,,,,,,,,,,,,,,,,,,,,,,,,,,,,,,,,,,,,,,,,,,,,,,,,,,,,,,,,,,
1907,7,212.4,-13.7,,,,,,,,,,,,,,,,,,,,,,,,,,,,,,,,,,,6.7,6.7,6.7,6.7,1.0,0.0,2.0,1.0,-4.74,-4.74,-4.74,-4.74,1.0,0.0,2.0,1.0,4.74,4.74,4.74,4.74,1.0,0.0,2.0,1.0,1011.1,1011.1,1011.1,1011.1,1.0,0.0,2.0,1.0,,,,,,,,,,,,,,,,,,,,,,,,,,,,,,,,,,,,,,,,,,,,,,,,,,,,,,,,,,,,,,,,,,,,,,,,,,,,,,,,,,,,,,,,,,,,,,,,,,,,,,,,,,,,,,,,,,,,,,,,,,,,,,,,,,
1907,7,212.4,10.3,,,,,,,,,,,,,,,,,,,,,,,,,,,,,,,,,,,6.7,6.7,6.7,6.7,1.0,0.0,24.0,1.0,-4.74,-4.74,-4.74,-4.74,1.0,0.0,24.0,1.0,-4.74,-4.74,-4.74,-4.74,1.0,0.0,24.0,1.0,1006.1,1006.1,1006.1,1006.1,1.0,0.0,24.0,1.0,,,,,,,,,,,,,,,,,,,,,,,,,,,,,,,,,,,,,,,,,,,,,,,,,,,,,,,,,,,,,,,,,,,,,,,,,,,,,,,,,,,,,,,,,,,,,,,,,,,,,,,,,,,,,,,,,,,,,,,,,,,,,,,,,,
1907,7,212.4,50.3,,,,,,,,,,,,,,,,,,,,,,,,,,,,,,,,,,,1.0,2.6,6.7,3.6,5.0,2.9,12.0,0.4,0.0,0.64,3.38,1.6,5.0,2.05,12.0,0.4,-0.28,1.0,5.45,2.33,5.0,3.23,12.0,0.4,1036.8,1036.8,1036.8,1036.8,2.0,0.0,14.0,0.5,,,,,,,,,,,,,,,,,,,,,,,,,,,,,,,,,,,,,,,,,,,,,,,,,,,,,,,,,,,,,,,,,,,,,,,,,,,,,,,,,,,,,,,,,,,,,,,,,,,,,,,,,,,,,,,,,,,,,,,,,,,,,,,,,,
1907,7,214.4,-43.7,,,,,,,,,,,,,,,,,,,,,,,,,,,,,,,,,,,2.6,2.6,2.6,2.6,1.0,0.0,18.0,1.0,2.6,2.6,2.6,2.6,1.0,0.0,18.0,1.0,0.0,0.0,0.0,0.0,1.0,0.0,18.0,1.0,996.0,996.0,996.0,996.0,1.0,0.0,18.0,1.0,,,,,,,,,,,,,,,,,,,,,,,,,,,,,,,,,,,,,,,,,,,,,,,,,,,,,,,,,,,,,,,,,,,,,,,,,,,,,,,,,,,,,,,,,,,,,,,,,,,,,,,,,,,,,,,,,,,,,,,,,,,,,,,,,,
1907,7,214.4,-39.7,,,,,,,,,,,,,,,,,,,,,,,,,,,,,,,,,,,12.3,12.3,12.3,12.3,1.0,0.0,24.0,1.0,8.7,8.7,8.7,8.7,1.0,0.0,24.0,1.0,-8.7,-8.7,-8.7,-8.7,1.0,0.0,24.0,1.0,996.7,996.7,996.7,996.7,1.0,0.0,24.0,1.0,,,,,,,,,,,,,,,,,,,,,,,,,,,,,,,,,,,,,,,,,,,,,,,,,,,,,,,,,,,,,,,,,,,,,,,,,,,,,,,,,,,,,,,,,,,,,,,,,,,,,,,,,,,,,,,,,,,,,,,,,,,,,,,,,,
1907,7,214.4,-35.7,,,,,,,,,,,,,,,,,,,,,,,,,,,,,,,,,,,9.3,9.3,9.3,9.3,1.0,0.0,18.0,1.0,8.62,8.62,8.62,8.62,1.0,0.0,18.0,1.0,3.48,3.48,3.48,3.48,1.0,0.0,18.0,1.0,1008.8,1008.8,1008.8,1008.8,1.0,0.0,18.0,1.0,,,,,,,,,,,,,,,,,,,,,,,,,,,,,,,,,,,,,,,,,,,,,,,,,,,,,,,,,,,,,,,,,,,,,,,,,,,,,,,,,,,,,,,,,,,,,,,,,,,,,,,,,,,,,,,,,,,,,,,,,,,,,,,,,,
1907,7,214.4,-13.7,,,,,,,,,,,,,,,,,,,,,,,,,,,,,,,,,,,7.11,8.0,8.89,8.0,2.0,1.84,14.0,1.0,-8.89,-8.0,-7.11,-8.0,2.0,1.84,14.0,1.0,0.0,0.0,0.0,0.0,2.0,0.0,14.0,1.0,1011.7,1011.7,1011.7,1011.7,1.0,0.0,2.0,1.0,,,,,,,,,,,,,,,,,,,,,,,,,,,,,,,,,,,,,,,,,,,,,,,,,,,,,,,,,,,,,,,,,,,,,,,,,,,,,,,,,,,,,,,,,,,,,,,,,,,,,,,,,,,,,,,,,,,,,,,,,,,,,,,,,,
1907,7,214.4,50.3,,,,,,,,,,,,,,,,,,,,,,,,,,,,,,,,,,,4.19,5.65,6.7,5.32,6.0,1.68,14.0,0.7,-4.74,-0.1,2.97,-0.45,6.0,3.91,14.0,0.7,-1.59,4.49,5.03,2.77,6.0,3.46,14.0,0.7,1032.94,1034.1,1035.26,1034.1,2.0,2.4,14.0,0.5,,,,,,,,,,,,,,,,,,,,,,,,,,,,,,,,,,,,,,,,,,,,,,,,,,,,,,,,,,,,,,,,,,,,,,,,,,,,,,,,,,,,,,,,,,,,,,,,,,,,,,,,,,,,,,,,,,,,,,,,,,,,,,,,,,
1907,7,216.4,-43.7,,,,,,,,,,,,,,,,,,,,,,,,,,,,,,,,,,,12.3,12.3,12.3,12.3,1.0,0.0,18.0,1.0,0.0,0.0,0.0,0.0,1.0,0.0,18.0,1.0,-12.3,-12.3,-12.3,-12.3,1.0,0.0,18.0,1.0,999.71,1002.1,1004.49,1002.1,2.0,4.95,16.0,1.0,,,,,,,,,,,,,,,,,,,,,,,,,,,,,,,,,,,,,,,,,,,,,,,,,,,,,,,,,,,,,,,,,,,,,,,,,,,,,,,,,,,,,,,,,,,,,,,,,,,,,,,,,,,,,,,,,,,,,,,,,,,,,,,,,,
1907,7,216.4,-35.7,,,,,,,,,,,,,,,,,,,,,,,,,,,,,,,,,,,9.3,9.3,9.3,9.3,1.0,0.0,20.0,1.0,0.0,0.0,0.0,0.0,1.0,0.0,20.0,1.0,-9.3,-9.3,-9.3,-9.3,1.0,0.0,20.0,1.0,1006.6,1006.6,1006.6,1006.6,1.0,0.0,20.0,1.0,,,,,,,,,,,,,,,,,,,,,,,,,,,,,,,,,,,,,,,,,,,,,,,,,,,,,,,,,,,,,,,,,,,,,,,,,,,,,,,,,,,,,,,,,,,,,,,,,,,,,,,,,,,,,,,,,,,,,,,,,,,,,,,,,,
1907,7,216.4,18.3,,,,,,,,,,,,,,,,,,,,,,,,,,,,,,,,,,,2.6,2.6,2.6,2.6,1.0,0.0,20.0,1.0,-2.6,-2.6,-2.6,-2.6,1.0,0.0,20.0,1.0,0.0,0.0,0.0,0.0,1.0,0.0,20.0,1.0,1007.9,1007.9,1007.9,1007.9,1.0,0.0,20.0,1.0,,,,,,,,,,,,,,,,,,,,,,,,,,,,,,,,,,,,,,,,,,,,,,,,,,,,,,,,,,,,,,,,,,,,,,,,,,,,,,,,,,,,,,,,,,,,,,,,,,,,,,,,,,,,,,,,,,,,,,,,,,,,,,,,,,
1907,7,216.4,48.3,,,,,,,,,,,,,,,,,,,,,,,,,,,,,,,,,,,6.7,6.7,6.7,6.7,1.0,0.0,18.0,1.0,5.8,5.8,5.8,5.8,1.0,0.0,18.0,1.0,3.35,3.35,3.35,3.35,1.0,0.0,18.0,1.0,1031.9,1031.9,1031.9,1031.9,1.0,0.0,18.0,1.0,,,,,,,,,,,,,,,,,,,,,,,,,,,,,,,,,,,,,,,,,,,,,,,,,,,,,,,,,,,,,,,,,,,,,,,,,,,,,,,,,,,,,,,,,,,,,,,,,,,,,,,,,,,,,,,,,,,,,,,,,,,,,,,,,,
1907,7,216.4,50.3,,,,,,,,,,,,,,,,,,,,,,,,,,,,,,,,,,,4.6,6.7,7.65,6.38,5.0,1.94,14.0,0.4,-4.74,1.8,4.49,0.66,5.0,5.77,14.0,0.4,3.28,4.23,4.74,3.91,5.0,1.31,14.0,0.4,1030.3,1030.3,1030.3,1030.3,1.0,0.0,14.0,1.0,,,,,,,,,,,,,,,,,,,,,,,,,,,,,,,,,,,,,,,,,,,,,,,,,,,,,,,,,,,,,,,,,,,,,,,,,,,,,,,,,,,,,,,,,,,,,,,,,,,,,,,,,,,,,,,,,,,,,,,,,,,,,,,,,,
1907,7,218.4,-43.7,,,,,,,,,,,,,,,,,,,,,,,,,,,,,,,,,,,9.78,10.8,11.82,10.8,2.0,2.12,20.0,1.0,1.81,5.7,9.59,5.7,2.0,8.06,20.0,1.0,5.35,6.95,8.56,6.95,2.0,3.32,20.0,1.0,1003.4,1004.25,1005.1,1004.25,2.0,1.77,20.0,1.0,,,,,,,,,,,,,,,,,,,,,,,,,,,,,,,,,,,,,,,,,,,,,,,,,,,,,,,,,,,,,,,,,,,,,,,,,,,,,,,,,,,,,,,,,,,,,,,,,,,,,,,,,,,,,,,,,,,,,,,,,,,,,,,,,,
1907,7,218.4,-39.7,,,,,,,,,,,,,,,,,,,,,,,,,,,,,,,,,,,6.7,6.7,6.7,6.7,1.0,0.0,26.0,1.0,6.21,6.21,6.21,6.21,1.0,0.0,26.0,1.0,2.51,2.51,2.51,2.51,1.0,0.0,26.0,1.0,1003.8,1003.8,1003.8,1003.8,1.0,0.0,26.0,1.0,,,,,,,,,,,,,,,,,,,,,,,,,,,,,,,,,,,,,,,,,,,,,,,,,,,,,,,,,,,,,,,,,,,,,,,,,,,,,,,,,,,,,,,,,,,,,,,,,,,,,,,,,,,,,,,,,,,,,,,,,,,,,,,,,,
1907,7,218.4,-35.7,,,,,,,,,,,,,,,,,,,,,,,,,,,,,,,,,,,9.3,9.3,9.3,9.3,1.0,0.0,20.0,1.0,0.0,0.0,0.0,0.0,1.0,0.0,20.0,1.0,-9.3,-9.3,-9.3,-9.3,1.0,0.0,20.0,1.0,1014.9,1014.9,1014.9,1014.9,1.0,0.0,20.0,1.0,,,,,,,,,,,,,,,,,,,,,,,,,,,,,,,,,,,,,,,,,,,,,,,,,,,,,,,,,,,,,,,,,,,,,,,,,,,,,,,,,,,,,,,,,,,,,,,,,,,,,,,,,,,,,,,,,,,,,,,,,,,,,,,,,,
1907,7,218.4,50.3,,,,,,,,,,,,,,,,,,,,,,,,,,,,,,,,,,,4.5,4.6,6.7,5.21,7.0,1.56,12.0,0.9,-3.32,3.25,5.18,1.82,7.0,4.23,12.0,0.9,1.83,3.25,4.33,3.07,7.0,1.19,12.0,0.9,1030.0,1030.0,1030.0,1030.0,2.0,0.0,12.0,1.0,,,,,,,,,,,,,,,,,,,,,,,,,,,,,,,,,,,,,,,,,,,,,,,,,,,,,,,,,,,,,,,,,,,,,,,,,,,,,,,,,,,,,,,,,,,,,,,,,,,,,,,,,,,,,,,,,,,,,,,,,,,,,,,,,,
1907,7,220.4,-43.7,,,,,,,,,,,,,,,,,,,,,,,,,,,,,,,,,,,9.78,10.8,11.82,10.8,2.0,2.12,20.0,1.0,-8.36,-7.64,-6.91,-7.64,2.0,1.5,20.0,1.0,-8.36,-7.64,-6.91,-7.64,2.0,1.5,20.0,1.0,1003.88,1007.05,1010.22,1007.05,2.0,6.58,20.0,1.0,,,,,,,,,,,,,,,,,,,,,,,,,,,,,,,,,,,,,,,,,,,,,,,,,,,,,,,,,,,,,,,,,,,,,,,,,,,,,,,,,,,,,,,,,,,,,,,,,,,,,,,,,,,,,,,,,,,,,,,,,,,,,,,,,,
1907,7,220.4,-37.7,,,,,,,,,,,,,,,,,,,,,,,,,,,,,,,,,,,7.59,9.5,11.41,9.5,2.0,3.96,20.0,1.0,-8.3,-7.45,-6.61,-7.45,2.0,1.76,20.0,1.0,-7.72,-5.6,-3.49,-5.6,2.0,4.38,20.0,1.0,1002.86,1005.8,1008.74,1005.8,2.0,6.08,20.0,1.0,,,,,,,,,,,,,,,,,,,,,,,,,,,,,,,,,,,,,,,,,,,,,,,,,,,,,,,,,,,,,,,,,,,,,,,,,,,,,,,,,,,,,,,,,,,,,,,,,,,,,,,,,,,,,,,,,,,,,,,,,,,,,,,,,,
1907,7,220.4,50.3,,,,,,,,,,,,,,,,,,,,,,,,,,,,,,,,,,,2.52,4.6,4.6,3.8,7.0,1.44,12.0,0.6,0.0,1.84,4.33,2.24,7.0,2.09,12.0,0.6,0.79,1.72,4.6,2.26,7.0,1.66,12.0,0.6,1029.36,1029.5,1029.64,1029.5,2.0,0.28,12.0,0.0,,,,,,,,,,,,,,,,,,,,,,,,,,,,,,,,,,,,,,,,,,,,,,,,,,,,,,,,,,,,,,,,,,,,,,,,,,,,,,,,,,,,,,,,,,,,,,,,,,,,,,,,,,,,,,,,,,,,,,,,,,,,,,,,,,
1907,7,222.4,-43.7,,,,,,,,,,,,,,,,,,,,,,,,,,,,,,,,,,,7.59,9.5,11.41,9.5,2.0,3.96,20.0,1.0,1.38,4.35,7.32,4.35,2.0,6.15,20.0,1.0,-8.38,-7.7,-7.02,-7.7,2.0,1.41,20.0,1.0,999.9,1004.0,1008.1,1004.0,2.0,8.49,20.0,1.0,,,,,,,,,,,,,,,,,,,,,,,,,,,,,,,,,,,,,,,,,,,,,,,,,,,,,,,,,,,,,,,,,,,,,,,,,,,,,,,,,,,,,,,,,,,,,,,,,,,,,,,,,,,,,,,,,,,,,,,,,,,,,,,,,,
1907,7,222.4,-41.7,,,,,,,,,,,,,,,,,,,,,,,,,,,,,,,,,,,4.6,4.6,4.6,4.6,1.0,0.0,18.0,1.0,4.27,4.27,4.27,4.27,1.0,0.0,18.0,1.0,1.72,1.72,1.72,1.72,1.0,0.0,18.0,1.0,1004.2,1004.2,1004.2,1004.2,1.0,0.0,18.0,1.0,,,,,,,,,,,,,,,,,,,,,,,,,,,,,,,,,,,,,,,,,,,,,,,,,,,,,,,,,,,,,,,,,,,,,,,,,,,,,,,,,,,,,,,,,,,,,,,,,,,,,,,,,,,,,,,,,,,,,,,,,,,,,,,,,,
1907,7,222.4,26.3,,,,,,,,,,,,,,,,,,,,,,,,,,,,,,,,,,,9.3,9.3,9.3,9.3,1.0,0.0,16.0,1.0,-3.63,-3.63,-3.63,-3.63,1.0,0.0,16.0,1.0,-8.56,-8.56,-8.56,-8.56,1.0,0.0,16.0,1.0,1013.9,1013.9,1013.9,1013.9,1.0,0.0,16.0,1.0,,,,,,,,,,,,,,,,,,,,,,,,,,,,,,,,,,,,,,,,,,,,,,,,,,,,,,,,,,,,,,,,,,,,,,,,,,,,,,,,,,,,,,,,,,,,,,,,,,,,,,,,,,,,,,,,,,,,,,,,,,,,,,,,,,
1907,7,222.4,32.3,19.4,19.4,19.4,19.4,2.0,0.0,2.0,0.5,18.98,19.15,19.32,19.15,2.0,0.35,2.0,0.5,10.52,10.59,10.66,10.59,2.0,0.15,2.0,0.5,76.8,78.1,79.5,78.1,2.0,2.8,2.0,0.5,0.5,0.3,,,,,,,,,,,,,,,,,,,,,,,,,,,,,,,,,,,,,,,,,,,,,,,,,,,,,,,,,,,,,,,,,,,,,,,,,,,,,,,,,,,,,,,,,,,,,,,,,,,,,,,,,,,,,,,,,,,,,,,,,,,,,,,,,,,,,,,,,,,,,,,,,,,,,,,,,,,,,,,,,,
1907,7,222.4,48.3,,,,,,,,,,,,,,,,,,,,,,,,,,,,,,,,,,,2.6,2.6,5.37,3.82,5.0,1.83,14.0,0.4,-2.35,0.97,3.95,0.96,5.0,3.77,14.0,0.4,-2.34,0.0,2.35,0.08,5.0,2.5,14.0,0.4,1033.3,1033.3,1033.3,1033.3,1.0,0.0,18.0,1.0,,,,,,,,,,,,,,,,,,,,,,,,,,,,,,,,,,,,,,,,,,,,,,,,,,,,,,,,,,,,,,,,,,,,,,,,,,,,,,,,,,,,,,,,,,,,,,,,,,,,,,,,,,,,,,,,,,,,,,,,,,,,,,,,,,
1907,7,222.4,50.3,,,,,,,,,,,,,,,,,,,,,,,,,,,,,,,,,,,2.6,2.6,5.4,3.97,3.0,2.37,12.0,0.7,2.49,2.6,5.07,3.75,3.0,2.13,12.0,0.7,0.28,0.89,2.0,1.13,3.0,1.27,12.0,0.7,1027.51,1027.95,1028.39,1027.95,2.0,0.92,12.0,1.0,,,,,,,,,,,,,,,,,,,,,,,,,,,,,,,,,,,,,,,,,,,,,,,,,,,,,,,,,,,,,,,,,,,,,,,,,,,,,,,,,,,,,,,,,,,,,,,,,,,,,,,,,,,,,,,,,,,,,,,,,,,,,,,,,,
1907,7,224.4,-45.7,,,,,,,,,,,,,,,,,,,,,,,,,,,,,,,,,,,9.3,9.3,9.3,9.3,1.0,0.0,22.0,1.0,-9.3,-9.3,-9.3,-9.3,1.0,0.0,22.0,1.0,0.0,0.0,0.0,0.0,1.0,0.0,22.0,1.0,998.04,999.0,999.96,999.0,2.0,1.98,22.0,1.0,,,,,,,,,,,,,,,,,,,,,,,,,,,,,,,,,,,,,,,,,,,,,,,,,,,,,,,,,,,,,,,,,,,,,,,,,,,,,,,,,,,,,,,,,,,,,,,,,,,,,,,,,,,,,,,,,,,,,,,,,,,,,,,,,,
1907,7,224.4,-39.7,,,,,,,,,,,,,,,,,,,,,,,,,,,,,,,,,,,3.66,5.95,8.24,5.95,2.0,4.74,24.0,1.0,2.59,4.21,5.82,4.21,2.0,3.35,24.0,1.0,2.59,4.21,5.82,4.21,2.0,3.35,24.0,1.0,1012.8,1012.8,1012.8,1012.8,1.0,0.0,28.0,1.0,,,,,,,,,,,,,,,,,,,,,,,,,,,,,,,,,,,,,,,,,,,,,,,,,,,,,,,,,,,,,,,,,,,,,,,,,,,,,,,,,,,,,,,,,,,,,,,,,,,,,,,,,,,,,,,,,,,,,,,,,,,,,,,,,,
1907,7,224.4,50.3,,,,,,,,,,,,,,,,,,,,,,,,,,,,,,,,,,,2.92,3.6,4.28,3.6,2.0,1.41,12.0,0.5,2.88,3.58,4.28,3.58,2.0,1.44,12.0,0.5,-0.38,-0.23,-0.07,-0.23,2.0,0.32,12.0,0.5,1026.6,1026.6,1026.6,1026.6,1.0,0.0,12.0,1.0,,,,,,,,,,,,,,,,,,,,,,,,,,,,,,,,,,,,,,,,,,,,,,,,,,,,,,,,,,,,,,,,,,,,,,,,,,,,,,,,,,,,,,,,,,,,,,,,,,,,,,,,,,,,,,,,,,,,,,,,,,,,,,,,,,
1907,7,226.4,-47.7,,,,,,,,,,,,,,,,,,,,,,,,,,,,,,,,,,,6.7,6.7,6.7,6.7,1.0,0.0,22.0,1.0,-4.74,-4.74,-4.74,-4.74,1.0,0.0,22.0,1.0,-4.74,-4.74,-4.74,-4.74,1.0,0.0,22.0,1.0,998.0,998.0,998.0,998.0,1.0,0.0,22.0,1.0,,,,,,,,,,,,,,,,,,,,,,,,,,,,,,,,,,,,,,,,,,,,,,,,,,,,,,,,,,,,,,,,,,,,,,,,,,,,,,,,,,,,,,,,,,,,,,,,,,,,,,,,,,,,,,,,,,,,,,,,,,,,,,,,,,
1907,7,226.4,-43.7,,,,,,,,,,,,,,,,,,,,,,,,,,,,,,,,,,,4.93,5.65,6.37,5.65,2.0,1.48,22.0,1.0,2.84,3.55,4.27,3.55,2.0,1.48,22.0,1.0,-5.23,-3.11,-0.99,-3.11,2.0,4.39,22.0,1.0,1006.28,1010.55,1014.82,1010.55,2.0,8.84,22.0,1.0,,,,,,,,,,,,,,,,,,,,,,,,,,,,,,,,,,,,,,,,,,,,,,,,,,,,,,,,,,,,,,,,,,,,,,,,,,,,,,,,,,,,,,,,,,,,,,,,,,,,,,,,,,,,,,,,,,,,,,,,,,,,,,,,,,
1907,7,226.4,-39.7,,,,,,,,,,,,,,,,,,,,,,,,,,,,,,,,,,,4.6,4.6,4.6,4.6,1.0,0.0,30.0,1.0,-1.72,-1.72,-1.72,-1.72,1.0,0.0,30.0,1.0,4.27,4.27,4.27,4.27,1.0,0.0,30.0,1.0,1006.26,1009.4,1012.54,1009.4,2.0,6.51,30.0,1.0,,,,,,,,,,,,,,,,,,,,,,,,,,,,,,,,,,,,,,,,,,,,,,,,,,,,,,,,,,,,,,,,,,,,,,,,,,,,,,,,,,,,,,,,,,,,,,,,,,,,,,,,,,,,,,,,,,,,,,,,,,,,,,,,,,
1907,7,226.4,30.3,,,,,,,,,,,,,,,,,,,,,,,,,,,,,,,,,,,9.3,9.3,9.3,9.3,1.0,0.0,14.0,1.0,-3.63,-3.63,-3.63,-3.63,1.0,0.0,14.0,1.0,-8.56,-8.56,-8.56,-8.56,1.0,0.0,14.0,1.0,1014.3,1014.3,1014.3,1014.3,1.0,0.0,14.0,1.0,,,,,,,,,,,,,,,,,,,,,,,,,,,,,,,,,,,,,,,,,,,,,,,,,,,,,,,,,,,,,,,,,,,,,,,,,,,,,,,,,,,,,,,,,,,,,,,,,,,,,,,,,,,,,,,,,,,,,,,,,,,,,,,,,,
1907,7,226.4,32.3,,,,,,,,,,,,,,,,,,,,,,,,,,,,,,,,,,,9.3,9.3,9.3,9.3,1.0,0.0,14.0,1.0,0.0,0.0,0.0,0.0,1.0,0.0,14.0,1.0,-9.3,-9.3,-9.3,-9.3,1.0,0.0,14.0,1.0,1019.5,1019.5,1019.5,1019.5,1.0,0.0,14.0,1.0,,,,,,,,,,,,,,,,,,,,,,,,,,,,,,,,,,,,,,,,,,,,,,,,,,,,,,,,,,,,,,,,,,,,,,,,,,,,,,,,,,,,,,,,,,,,,,,,,,,,,,,,,,,,,,,,,,,,,,,,,,,,,,,,,,
1907,7,226.4,48.3,,,,,,,,,,,,,,,,,,,,,,,,,,,,,,,,,,,2.6,2.6,4.6,3.17,7.0,0.98,12.0,0.9,1.8,2.56,3.25,2.33,7.0,0.82,12.0,0.9,-0.45,1.84,3.25,1.67,7.0,1.56,12.0,0.9,1026.06,1026.4,1026.74,1026.4,2.0,0.71,12.0,0.5,,,,,,,,,,,,,,,,,,,,,,,,,,,,,,,,,,,,,,,,,,,,,,,,,,,,,,,,,,,,,,,,,,,,,,,,,,,,,,,,,,,,,,,,,,,,,,,,,,,,,,,,,,,,,,,,,,,,,,,,,,,,,,,,,,
1907,7,228.4,-49.7,,,,,,,,,,,,,,,,,,,,,,,,,,,,,,,,,,,4.6,4.6,4.6,4.6,1.0,0.0,24.0,1.0,0.0,0.0,0.0,0.0,1.0,0.0,24.0,1.0,-4.6,-4.6,-4.6,-4.6,1.0,0.0,24.0,1.0,1006.0,1006.0,1006.0,1006.0,1.0,0.0,24.0,1.0,,,,,,,,,,,,,,,,,,,,,,,,,,,,,,,,,,,,,,,,,,,,,,,,,,,,,,,,,,,,,,,,,,,,,,,,,,,,,,,,,,,,,,,,,,,,,,,,,,,,,,,,,,,,,,,,,,,,,,,,,,,,,,,,,,
1907,7,228.4,-43.7,,,,,,,,,,,,,,,,,,,,,,,,,,,,,,,,,,,0.0,0.0,0.0,0.0,1.0,0.0,22.0,1.0,0.0,0.0,0.0,0.0,1.0,0.0,22.0,1.0,0.0,0.0,0.0,0.0,1.0,0.0,22.0,1.0,997.09,997.7,998.31,997.7,2.0,1.27,22.0,1.0,,,,,,,,,,,,,,,,,,,,,,,,,,,,,,,,,,,,,,,,,,,,,,,,,,,,,,,,,,,,,,,,,,,,,,,,,,,,,,,,,,,,,,,,,,,,,,,,,,,,,,,,,,,,,,,,,,,,,,,,,,,,,,,,,,
1907,7,228.4,-39.7,,,,,,,,,,,,,,,,,,,,,,,,,,,,,,,,,,,9.78,10.8,11.82,10.8,2.0,2.12,26.0,1.0,9.01,9.98,10.95,9.98,2.0,2.01,26.0,1.0,-2.33,0.49,3.3,0.49,2.0,5.83,26.0,1.0,1004.86,1008.2,1011.54,1008.2,2.0,6.93,22.0,1.0,,,,,,,,,,,,,,,,,,,,,,,,,,,,,,,,,,,,,,,,,,,,,,,,,,,,,,,,,,,,,,,,,,,,,,,,,,,,,,,,,,,,,,,,,,,,,,,,,,,,,,,,,,,,,,,,,,,,,,,,,,,,,,,,,,
1907,7,228.4,26.3,,,,,,,,,,,,,,,,,,,,,,,,,,,,,,,,,,,2.6,2.6,2.6,2.6,1.0,0.0,14.0,1.0,-1.02,-1.02,-1.02,-1.02,1.0,0.0,14.0,1.0,-2.39,-2.39,-2.39,-2.39,1.0,0.0,14.0,1.0,1015.3,1015.3,1015.3,1015.3,1.0,0.0,14.0,1.0,,,,,,,,,,,,,,,,,,,,,,,,,,,,,,,,,,,,,,,,,,,,,,,,,,,,,,,,,,,,,,,,,,,,,,,,,,,,,,,,,,,,,,,,,,,,,,,,,,,,,,,,,,,,,,,,,,,,,,,,,,,,,,,,,,
1907,7,228.4,28.3,,,,,,,,,,,,,,,,,,,,,,,,,,,,,,,,,,,6.7,6.7,6.7,6.7,1.0,0.0,16.0,1.0,-4.74,-4.74,-4.74,-4.74,1.0,0.0,16.0,1.0,-4.74,-4.74,-4.74,-4.74,1.0,0.0,16.0,1.0,1018.3,1018.3,1018.3,1018.3,1.0,0.0,16.0,1.0,,,,,,,,,,,,,,,,,,,,,,,,,,,,,,,,,,,,,,,,,,,,,,,,,,,,,,,,,,,,,,,,,,,,,,,,,,,,,,,,,,,,,,,,,,,,,,,,,,,,,,,,,,,,,,,,,,,,,,,,,,,,,,,,,,
1907,7,228.4,30.3,,,,,,,,,,,,,,,,,,,,,,,,,,,,,,,,,,,6.7,6.7,6.7,6.7,1.0,0.0,18.0,1.0,-4.74,-4.74,-4.74,-4.74,1.0,0.0,18.0,1.0,-4.74,-4.74,-4.74,-4.74,1.0,0.0,18.0,1.0,1022.1,1022.1,1022.1,1022.1,1.0,0.0,18.0,1.0,,,,,,,,,,,,,,,,,,,,,,,,,,,,,,,,,,,,,,,,,,,,,,,,,,,,,,,,,,,,,,,,,,,,,,,,,,,,,,,,,,,,,,,,,,,,,,,,,,,,,,,,,,,,,,,,,,,,,,,,,,,,,,,,,,
1907,7,228.4,36.3,,,,,,,,,,,,,,,,,,,,,,,,,,,,,,,,,,,12.3,12.3,12.3,12.3,1.0,0.0,12.0,1.0,0.0,0.0,0.0,0.0,1.0,0.0,12.0,1.0,-12.3,-12.3,-12.3,-12.3,1.0,0.0,12.0,1.0,1020.4,1020.4,1020.4,1020.4,1.0,0.0,12.0,1.0,,,,,,,,,,,,,,,,,,,,,,,,,,,,,,,,,,,,,,,,,,,,,,,,,,,,,,,,,,,,,,,,,,,,,,,,,,,,,,,,,,,,,,,,,,,,,,,,,,,,,,,,,,,,,,,,,,,,,,,,,,,,,,,,,,
1907,7,228.4,38.3,,,,,,,,,,,,,,,,,,,,,,,,,,,,,,,,,,,12.3,12.3,12.3,12.3,1.0,0.0,12.0,1.0,0.0,0.0,0.0,0.0,1.0,0.0,12.0,1.0,-12.3,-12.3,-12.3,-12.3,1.0,0.0,12.0,1.0,1019.4,1019.4,1019.4,1019.4,1.0,0.0,12.0,1.0,,,,,,,,,,,,,,,,,,,,,,,,,,,,,,,,,,,,,,,,,,,,,,,,,,,,,,,,,,,,,,,,,,,,,,,,,,,,,,,,,,,,,,,,,,,,,,,,,,,,,,,,,,,,,,,,,,,,,,,,,,,,,,,,,,
1907,7,228.4,46.3,,,,,,,,,,,,,,,,,,,,,,,,,,,,,,,,,,,9.3,9.3,9.3,9.3,1.0,0.0,20.0,1.0,5.98,5.98,5.98,5.98,1.0,0.0,20.0,1.0,-7.12,-7.12,-7.12,-7.12,1.0,0.0,20.0,1.0,1024.1,1024.1,1024.1,1024.1,1.0,0.0,20.0,1.0,,,,,,,,,,,,,,,,,,,,,,,,,,,,,,,,,,,,,,,,,,,,,,,,,,,,,,,,,,,,,,,,,,,,,,,,,,,,,,,,,,,,,,,,,,,,,,,,,,,,,,,,,,,,,,,,,,,,,,,,,,,,,,,,,,
1907,7,228.4,48.3,,,,,,,,,,,,,,,,,,,,,,,,,,,,,,,,,,,2.27,4.6,5.03,4.02,6.0,1.97,12.0,0.3,2.14,3.1,3.47,2.79,6.0,1.31,12.0,0.3,-3.86,0.46,3.25,-0.21,6.0,3.48,12.0,0.3,1024.71,1024.95,1025.19,1024.95,2.0,0.5,12.0,0.5,,,,,,,,,,,,,,,,,,,,,,,,,,,,,,,,,,,,,,,,,,,,,,,,,,,,,,,,,,,,,,,,,,,,,,,,,,,,,,,,,,,,,,,,,,,,,,,,,,,,,,,,,,,,,,,,,,,,,,,,,,,,,,,,,,
1907,7,230.4,-49.7,,,,,,,,,,,,,,,,,,,,,,,,,,,,,,,,,,,6.7,6.7,6.7,6.7,1.0,0.0,24.0,1.0,-6.17,-6.17,-6.17,-6.17,1.0,0.0,24.0,1.0,2.62,2.62,2.62,2.62,1.0,0.0,24.0,1.0,991.0,991.0,991.0,991.0,1.0,0.0,24.0,1.0,,,,,,,,,,,,,,,,,,,,,,,,,,,,,,,,,,,,,,,,,,,,,,,,,,,,,,,,,,,,,,,,,,,,,,,,,,,,,,,,,,,,,,,,,,,,,,,,,,,,,,,,,,,,,,,,,,,,,,,,,,,,,,,,,,
1907,7,230.4,-43.7,,,,,,,,,,,,,,,,,,,,,,,,,,,,,,,,,,,9.3,9.3,9.3,9.3,1.0,0.0,24.0,1.0,9.3,9.3,9.3,9.3,1.0,0.0,24.0,1.0,0.0,0.0,0.0,0.0,1.0,0.0,24.0,1.0,993.1,993.1,993.1,993.1,1.0,0.0,24.0,1.0,,,,,,,,,,,,,,,,,,,,,,,,,,,,,,,,,,,,,,,,,,,,,,,,,,,,,,,,,,,,,,,,,,,,,,,,,,,,,,,,,,,,,,,,,,,,,,,,,,,,,,,,,,,,,,,,,,,,,,,,,,,,,,,,,,
1907,7,230.4,-41.7,,,,,,,,,,,,,,,,,,,,,,,,,,,,,,,,,,,4.6,4.6,4.6,4.6,1.0,0.0,20.0,1.0,4.6,4.6,4.6,4.6,1.0,0.0,20.0,1.0,0.0,0.0,0.0,0.0,1.0,0.0,20.0,1.0,1016.0,1016.0,1016.0,1016.0,1.0,0.0,20.0,1.0,,,,,,,,,,,,,,,,,,,,,,,,,,,,,,,,,,,,,,,,,,,,,,,,,,,,,,,,,,,,,,,,,,,,,,,,,,,,,,,,,,,,,,,,,,,,,,,,,,,,,,,,,,,,,,,,,,,,,,,,,,,,,,,,,,
1907,7,230.4,24.3,,,,,,,,,,,,,,,,,,,,,,,,,,,,,,,,,,,6.7,6.7,6.7,6.7,1.0,0.0,14.0,1.0,-2.62,-2.62,-2.62,-2.62,1.0,0.0,14.0,1.0,-6.17,-6.17,-6.17,-6.17,1.0,0.0,14.0,1.0,1017.3,1017.3,1017.3,1017.3,1.0,0.0,14.0,1.0,,,,,,,,,,,,,,,,,,,,,,,,,,,,,,,,,,,,,,,,,,,,,,,,,,,,,,,,,,,,,,,,,,,,,,,,,,,,,,,,,,,,,,,,,,,,,,,,,,,,,,,,,,,,,,,,,,,,,,,,,,,,,,,,,,
1907,7,230.4,26.3,,,,,,,,,,,,,,,,,,,,,,,,,,,,,,,,,,,6.7,6.7,6.7,6.7,1.0,0.0,16.0,1.0,-4.74,-4.74,-4.74,-4.74,1.0,0.0,16.0,1.0,-4.74,-4.74,-4.74,-4.74,1.0,0.0,16.0,1.0,1015.0,1015.0,1015.0,1015.0,1.0,0.0,16.0,1.0,,,,,,,,,,,,,,,,,,,,,,,,,,,,,,,,,,,,,,,,,,,,,,,,,,,,,,,,,,,,,,,,,,,,,,,,,,,,,,,,,,,,,,,,,,,,,,,,,,,,,,,,,,,,,,,,,,,,,,,,,,,,,,,,,,
1907,7,230.4,30.3,,,,,,,,,,,,,,,,,,,,,,,,,,,,,,,,,,,4.6,4.6,4.6,4.6,1.0,0.0,18.0,1.0,-1.8,-1.8,-1.8,-1.8,1.0,0.0,18.0,1.0,-4.23,-4.23,-4.23,-4.23,1.0,0.0,18.0,1.0,1018.7,1018.7,1018.7,1018.7,1.0,0.0,18.0,1.0,,,,,,,,,,,,,,,,,,,,,,,,,,,,,,,,,,,,,,,,,,,,,,,,,,,,,,,,,,,,,,,,,,,,,,,,,,,,,,,,,,,,,,,,,,,,,,,,,,,,,,,,,,,,,,,,,,,,,,,,,,,,,,,,,,
1907,7,230.4,40.3,,,,,,,,,,,,,,,,,,,,,,,,,,,,,,,,,,,12.3,12.3,12.3,12.3,1.0,0.0,10.0,1.0,0.0,0.0,0.0,0.0,1.0,0.0,10.0,1.0,-12.3,-12.3,-12.3,-12.3,1.0,0.0,10.0,1.0,1016.8,1016.8,1016.8,1016.8,1.0,0.0,10.0,1.0,,,,,,,,,,,,,,,,,,,,,,,,,,,,,,,,,,,,,,,,,,,,,,,,,,,,,,,,,,,,,,,,,,,,,,,,,,,,,,,,,,,,,,,,,,,,,,,,,,,,,,,,,,,,,,,,,,,,,,,,,,,,,,,,,,
1907,7,230.4,48.3,,,,,,,,,,,,,,,,,,,,,,,,,,,,,,,,,,,5.6,6.7,8.06,6.83,4.0,1.92,14.0,1.0,3.08,5.36,6.36,4.75,4.0,2.27,14.0,1.0,-5.99,-4.53,-2.06,-4.05,4.0,2.97,14.0,1.0,1020.02,1020.5,1020.98,1020.5,2.0,0.99,10.0,1.0,,,,,,,,,,,,,,,,,,,,,,,,,,,,,,,,,,,,,,,,,,,,,,,,,,,,,,,,,,,,,,,,,,,,,,,,,,,,,,,,,,,,,,,,,,,,,,,,,,,,,,,,,,,,,,,,,,,,,,,,,,,,,,,,,,
1907,7,232.4,-43.7,,,,,,,,,,,,,,,,,,,,,,,,,,,,,,,,,,,2.6,2.6,2.6,2.6,1.0,0.0,24.0,1.0,0.0,0.0,0.0,0.0,1.0,0.0,24.0,1.0,-2.6,-2.6,-2.6,-2.6,1.0,0.0,24.0,1.0,1009.2,1009.2,1009.2,1009.2,1.0,0.0,24.0,1.0,,,,,,,,,,,,,,,,,,,,,,,,,,,,,,,,,,,,,,,,,,,,,,,,,,,,,,,,,,,,,,,,,,,,,,,,,,,,,,,,,,,,,,,,,,,,,,,,,,,,,,,,,,,,,,,,,,,,,,,,,,,,,,,,,,
1907,7,232.4,-41.7,,,,,,,,,,,,,,,,,,,,,,,,,,,,,,,,,,,0.0,0.0,0.0,0.0,1.0,0.0,24.0,1.0,0.0,0.0,0.0,0.0,1.0,0.0,24.0,1.0,0.0,0.0,0.0,0.0,1.0,0.0,24.0,1.0,986.19,986.6,999.91,992.9,3.0,11.44,22.0,1.0,,,,,,,,,,,,,,,,,,,,,,,,,,,,,,,,,,,,,,,,,,,,,,,,,,,,,,,,,,,,,,,,,,,,,,,,,,,,,,,,,,,,,,,,,,,,,,,,,,,,,,,,,,,,,,,,,,,,,,,,,,,,,,,,,,
1907,7,232.4,-37.7,,,,,,,,,,,,,,,,,,,,,,,,,,,,,,,,,,,6.7,6.7,6.7,6.7,1.0,0.0,24.0,1.0,4.74,4.74,4.74,4.74,1.0,0.0,24.0,1.0,4.74,4.74,4.74,4.74,1.0,0.0,24.0,1.0,1017.5,1017.5,1017.5,1017.5,1.0,0.0,24.0,1.0,,,,,,,,,,,,,,,,,,,,,,,,,,,,,,,,,,,,,,,,,,,,,,,,,,,,,,,,,,,,,,,,,,,,,,,,,,,,,,,,,,,,,,,,,,,,,,,,,,,,,,,,,,,,,,,,,,,,,,,,,,,,,,,,,,
1907,7,232.4,22.3,,,,,,,,,,,,,,,,,,,,,,,,,,,,,,,,,,,6.7,6.7,6.7,6.7,1.0,0.0,12.0,1.0,-2.62,-2.62,-2.62,-2.62,1.0,0.0,12.0,1.0,-6.17,-6.17,-6.17,-6.17,1.0,0.0,12.0,1.0,1016.6,1016.6,1016.6,1016.6,1.0,0.0,12.0,1.0,,,,,,,,,,,,,,,,,,,,,,,,,,,,,,,,,,,,,,,,,,,,,,,,,,,,,,,,,,,,,,,,,,,,,,,,,,,,,,,,,,,,,,,,,,,,,,,,,,,,,,,,,,,,,,,,,,,,,,,,,,,,,,,,,,
1907,7,232.4,30.3,,,,,,,,,,,,,,,,,,,,,,,,,,,,,,,,,,,2.6,2.6,2.6,2.6,1.0,0.0,20.0,1.0,-1.02,-1.02,-1.02,-1.02,1.0,0.0,20.0,1.0,-2.39,-2.39,-2.39,-2.39,1.0,0.0,20.0,1.0,1013.3,1013.3,1013.3,1013.3,1.0,0.0,20.0,1.0,,,,,,,,,,,,,,,,,,,,,,,,,,,,,,,,,,,,,,,,,,,,,,,,,,,,,,,,,,,,,,,,,,,,,,,,,,,,,,,,,,,,,,,,,,,,,,,,,,,,,,,,,,,,,,,,,,,,,,,,,,,,,,,,,,
1907,7,232.4,44.3,,,,,,,,,,,,,,,,,,,,,,,,,,,,,,,,,,,6.7,6.7,6.7,6.7,1.0,0.0,10.0,1.0,4.74,4.74,4.74,4.74,1.0,0.0,10.0,1.0,-4.74,-4.74,-4.74,-4.74,1.0,0.0,10.0,1.0,1014.3,1014.3,1014.3,1014.3,1.0,0.0,10.0,1.0,,,,,,,,,,,,,,,,,,,,,,,,,,,,,,,,,,,,,,,,,,,,,,,,,,,,,,,,,,,,,,,,,,,,,,,,,,,,,,,,,,,,,,,,,,,,,,,,,,,,,,,,,,,,,,,,,,,,,,,,,,,,,,,,,,
1907,7,232.4,48.3,,,,,,,,,,,,,,,,,,,,,,,,,,,,,,,,,,,7.59,9.5,11.41,9.5,2.0,3.96,10.0,0.5,5.24,7.25,9.26,7.25,2.0,4.17,10.0,0.5,-6.6,-6.01,-5.41,-6.01,2.0,1.23,10.0,0.5,1019.1,1019.1,1019.1,1019.1,1.0,0.0,10.0,1.0,,,,,,,,,,,,,,,,,,,,,,,,,,,,,,,,,,,,,,,,,,,,,,,,,,,,,,,,,,,,,,,,,,,,,,,,,,,,,,,,,,,,,,,,,,,,,,,,,,,,,,,,,,,,,,,,,,,,,,,,,,,,,,,,,,
1907,7,234.4,-43.7,,,,,,,,,,,,,,,,,,,,,,,,,,,,,,,,,,,12.79,13.85,14.91,13.85,2.0,2.19,24.0,1.0,-2.15,3.14,8.43,3.14,2.0,10.96,24.0,1.0,-7.35,0.26,7.87,0.26,2.0,15.76,24.0,1.0,993.46,995.1,996.74,995.1,2.0,3.39,24.0,1.0,,,,,,,,,,,,,,,,,,,,,,,,,,,,,,,,,,,,,,,,,,,,,,,,,,,,,,,,,,,,,,,,,,,,,,,,,,,,,,,,,,,,,,,,,,,,,,,,,,,,,,,,,,,,,,,,,,,,,,,,,,,,,,,,,,
1907,7,234.4,-39.7,,,,,,,,,,,,,,,,,,,,,,,,,,,,,,,,,,,9.3,9.3,9.3,9.3,1.0,0.0,24.0,1.0,6.58,6.58,6.58,6.58,1.0,0.0,24.0,1.0,6.58,6.58,6.58,6.58,1.0,0.0,24.0,1.0,1009.2,1009.2,1009.2,1009.2,1.0,0.0,24.0,1.0,,,,,,,,,,,,,,,,,,,,,,,,,,,,,,,,,,,,,,,,,,,,,,,,,,,,,,,,,,,,,,,,,,,,,,,,,,,,,,,,,,,,,,,,,,,,,,,,,,,,,,,,,,,,,,,,,,,,,,,,,,,,,,,,,,
1907,7,234.4,22.3,,,,,,,,,,,,,,,,,,,,,,,,,,,,,,,,,,,6.7,6.7,6.7,6.7,1.0,0.0,12.0,1.0,-2.62,-2.62,-2.62,-2.62,1.0,0.0,12.0,1.0,-6.17,-6.17,-6.17,-6.17,1.0,0.0,12.0,1.0,1013.6,1013.6,1013.6,1013.6,1.0,0.0,12.0,1.0,,,,,,,,,,,,,,,,,,,,,,,,,,,,,,,,,,,,,,,,,,,,,,,,,,,,,,,,,,,,,,,,,,,,,,,,,,,,,,,,,,,,,,,,,,,,,,,,,,,,,,,,,,,,,,,,,,,,,,,,,,,,,,,,,,
1907,7,234.4,48.3,,,,,,,,,,,,,,,,,,,,,,,,,,,,,,,,,,,2.6,6.7,9.3,5.84,9.0,3.3,16.0,0.6,1.38,4.31,9.22,4.7,9.0,3.67,16.0,0.6,-3.07,0.0,0.71,-0.26,9.0,3.3,16.0,0.6,1013.53,1016.4,1016.88,1015.23,3.0,2.65,14.0,0.3,,,,,,,,,,,,,,,,,,,,,,,,,,,,,,,,,,,,,,,,,,,,,,,,,,,,,,,,,,,,,,,,,,,,,,,,,,,,,,,,,,,,,,,,,,,,,,,,,,,,,,,,,,,,,,,,,,,,,,,,,,,,,,,,,,
1907,7,236.4,-37.7,,,,,,,,,,,,,,,,,,,,,,,,,,,,,,,,,,,12.3,12.3,12.3,12.3,1.0,0.0,24.0,1.0,0.0,0.0,0.0,0.0,1.0,0.0,24.0,1.0,-12.3,-12.3,-12.3,-12.3,1.0,0.0,24.0,1.0,1010.6,1010.6,1010.6,1010.6,1.0,0.0,24.0,1.0,,,,,,,,,,,,,,,,,,,,,,,,,,,,,,,,,,,,,,,,,,,,,,,,,,,,,,,,,,,,,,,,,,,,,,,,,,,,,,,,,,,,,,,,,,,,,,,,,,,,,,,,,,,,,,,,,,,,,,,,,,,,,,,,,,
1907,7,236.4,30.3,,,,,,,,,,,,,,,,,,,,,,,,,,,,,,,,,,,2.6,2.6,2.6,2.6,1.0,0.0,20.0,1.0,-1.84,-1.84,-1.84,-1.84,1.0,0.0,20.0,1.0,-1.84,-1.84,-1.84,-1.84,1.0,0.0,20.0,1.0,1013.5,1013.5,1013.5,1013.5,1.0,0.0,20.0,1.0,,,,,,,,,,,,,,,,,,,,,,,,,,,,,,,,,,,,,,,,,,,,,,,,,,,,,,,,,,,,,,,,,,,,,,,,,,,,,,,,,,,,,,,,,,,,,,,,,,,,,,,,,,,,,,,,,,,,,,,,,,,,,,,,,,
1907,7,238.4,-43.7,,,,,,,,,,,,,,,,,,,,,,,,,,,,,,,,,,,9.3,9.3,9.3,9.3,1.0,0.0,26.0,1.0,8.62,8.62,8.62,8.62,1.0,0.0,26.0,1.0,3.48,3.48,3.48,3.48,1.0,0.0,26.0,1.0,991.1,991.1,991.1,991.1,1.0,0.0,26.0,1.0,,,,,,,,,,,,,,,,,,,,,,,,,,,,,,,,,,,,,,,,,,,,,,,,,,,,,,,,,,,,,,,,,,,,,,,,,,,,,,,,,,,,,,,,,,,,,,,,,,,,,,,,,,,,,,,,,,,,,,,,,,,,,,,,,,
1907,7,238.4,18.3,,,,,,,,,,,,,,,,,,,,,,,,,,,,,,,,,,,1.0,1.0,1.0,1.0,1.0,0.0,10.0,1.0,0.0,0.0,0.0,0.0,1.0,0.0,10.0,1.0,-1.0,-1.0,-1.0,-1.0,1.0,0.0,10.0,1.0,1010.0,1010.0,1010.0,1010.0,1.0,0.0,10.0,1.0,,,,,,,,,,,,,,,,,,,,,,,,,,,,,,,,,,,,,,,,,,,,,,,,,,,,,,,,,,,,,,,,,,,,,,,,,,,,,,,,,,,,,,,,,,,,,,,,,,,,,,,,,,,,,,,,,,,,,,,,,,,,,,,,,,
1907,7,238.4,20.3,,,,,,,,,,,,,,,,,,,,,,,,,,,,,,,,,,,4.6,4.6,4.6,4.6,1.0,0.0,10.0,1.0,0.0,0.0,0.0,0.0,1.0,0.0,10.0,1.0,-4.6,-4.6,-4.6,-4.6,1.0,0.0,10.0,1.0,1011.0,1011.0,1011.0,1011.0,1.0,0.0,10.0,1.0,,,,,,,,,,,,,,,,,,,,,,,,,,,,,,,,,,,,,,,,,,,,,,,,,,,,,,,,,,,,,,,,,,,,,,,,,,,,,,,,,,,,,,,,,,,,,,,,,,,,,,,,,,,,,,,,,,,,,,,,,,,,,,,,,,
1907,7,238.4,32.3,,,,,,,,,,,,,,,,,,,,,,,,,,,,,,,,,,,4.19,5.65,6.7,5.32,6.0,1.68,16.0,0.3,-1.78,1.25,3.56,0.79,6.0,3.44,16.0,0.3,-5.04,-4.67,-3.08,-4.32,6.0,1.33,16.0,0.3,1015.4,1015.4,1015.4,1015.4,1.0,0.0,22.0,1.0,,,,,,,,,,,,,,,,,,,,,,,,,,,,,,,,,,,,,,,,,,,,,,,,,,,,,,,,,,,,,,,,,,,,,,,,,,,,,,,,,,,,,,,,,,,,,,,,,,,,,,,,,,,,,,,,,,,,,,,,,,,,,,,,,,
1907,7,240.4,-47.7,,,,,,,,,,,,,,,,,,,,,,,,,,,,,,,,,,,9.3,9.3,9.3,9.3,1.0,0.0,26.0,1.0,-3.48,-3.48,-3.48,-3.48,1.0,0.0,26.0,1.0,8.62,8.62,8.62,8.62,1.0,0.0,26.0,1.0,997.0,997.0,997.0,997.0,1.0,0.0,26.0,1.0,,,,,,,,,,,,,,,,,,,,,,,,,,,,,,,,,,,,,,,,,,,,,,,,,,,,,,,,,,,,,,,,,,,,,,,,,,,,,,,,,,,,,,,,,,,,,,,,,,,,,,,,,,,,,,,,,,,,,,,,,,,,,,,,,,
1907,7,240.4,-43.7,,,,,,,,,,,,,,,,,,,,,,,,,,,,,,,,,,,12.3,12.3,12.3,12.3,1.0,0.0,26.0,1.0,8.7,8.7,8.7,8.7,1.0,0.0,26.0,1.0,8.7,8.7,8.7,8.7,1.0,0.0,26.0,1.0,1008.3,1008.3,1008.3,1008.3,1.0,0.0,26.0,1.0,,,,,,,,,,,,,,,,,,,,,,,,,,,,,,,,,,,,,,,,,,,,,,,,,,,,,,,,,,,,,,,,,,,,,,,,,,,,,,,,,,,,,,,,,,,,,,,,,,,,,,,,,,,,,,,,,,,,,,,,,,,,,,,,,,
1907,7,240.4,-37.7,,,,,,,,,,,,,,,,,,,,,,,,,,,,,,,,,,,6.7,6.7,6.7,6.7,1.0,0.0,26.0,1.0,6.17,6.17,6.17,6.17,1.0,0.0,26.0,1.0,-2.62,-2.62,-2.62,-2.62,1.0,0.0,26.0,1.0,1005.6,1005.6,1005.6,1005.6,1.0,0.0,26.0,1.0,,,,,,,,,,,,,,,,,,,,,,,,,,,,,,,,,,,,,,,,,,,,,,,,,,,,,,,,,,,,,,,,,,,,,,,,,,,,,,,,,,,,,,,,,,,,,,,,,,,,,,,,,,,,,,,,,,,,,,,,,,,,,,,,,,
1907,7,240.4,16.3,,,,,,,,,,,,,,,,,,,,,,,,,,,,,,,,,,,4.6,4.6,4.6,4.6,1.0,0.0,8.0,1.0,0.0,0.0,0.0,0.0,1.0,0.0,8.0,1.0,-4.6,-4.6,-4.6,-4.6,1.0,0.0,8.0,1.0,1009.9,1009.9,1009.9,1009.9,1.0,0.0,8.0,1.0,,,,,,,,,,,,,,,,,,,,,,,,,,,,,,,,,,,,,,,,,,,,,,,,,,,,,,,,,,,,,,,,,,,,,,,,,,,,,,,,,,,,,,,,,,,,,,,,,,,,,,,,,,,,,,,,,,,,,,,,,,,,,,,,,,
1907,7,240.4,18.3,,,,,,,,,,,,,,,,,,,,,,,,,,,,,,,,,,,2.6,2.6,2.6,2.6,1.0,0.0,8.0,1.0,-1.02,-1.02,-1.02,-1.02,1.0,0.0,8.0,1.0,-2.39,-2.39,-2.39,-2.39,1.0,0.0,8.0,1.0,1010.0,1010.0,1010.0,1010.0,1.0,0.0,8.0,1.0,,,,,,,,,,,,,,,,,,,,,,,,,,,,,,,,,,,,,,,,,,,,,,,,,,,,,,,,,,,,,,,,,,,,,,,,,,,,,,,,,,,,,,,,,,,,,,,,,,,,,,,,,,,,,,,,,,,,,,,,,,,,,,,,,,
1907,7,240.4,32.3,,,,,,,,,,,,,,,,,,,,,,,,,,,,,,,,,,,3.29,6.7,9.48,6.28,5.0,3.62,14.0,0.4,2.43,4.74,6.71,4.5,5.0,2.45,14.0,0.4,-6.71,-4.74,-2.06,-4.3,5.0,2.82,14.0,0.4,1015.7,1015.7,1015.7,1015.7,1.0,0.0,22.0,1.0,,,,,,,,,,,,,,,,,,,,,,,,,,,,,,,,,,,,,,,,,,,,,,,,,,,,,,,,,,,,,,,,,,,,,,,,,,,,,,,,,,,,,,,,,,,,,,,,,,,,,,,,,,,,,,,,,,,,,,,,,,,,,,,,,,
1907,7,242.4,-49.7,,,,,,,,,,,,,,,,,,,,,,,,,,,,,,,,,,,19.0,19.0,19.0,19.0,1.0,0.0,2.0,1.0,13.44,13.44,13.44,13.44,1.0,0.0,2.0,1.0,-13.44,-13.44,-13.44,-13.44,1.0,0.0,2.0,1.0,1008.4,1008.4,1008.4,1008.4,1.0,0.0,2.0,1.0,,,,,,,,,,,,,,,,,,,,,,,,,,,,,,,,,,,,,,,,,,,,,,,,,,,,,,,,,,,,,,,,,,,,,,,,,,,,,,,,,,,,,,,,,,,,,,,,,,,,,,,,,,,,,,,,,,,,,,,,,,,,,,,,,,
1907,7,242.4,-43.7,,,,,,,,,,,,,,,,,,,,,,,,,,,,,,,,,,,19.0,19.0,19.0,19.0,1.0,0.0,26.0,1.0,13.44,13.44,13.44,13.44,1.0,0.0,26.0,1.0,13.44,13.44,13.44,13.44,1.0,0.0,26.0,1.0,1002.4,1002.4,1002.4,1002.4,1.0,0.0,26.0,1.0,,,,,,,,,,,,,,,,,,,,,,,,,,,,,,,,,,,,,,,,,,,,,,,,,,,,,,,,,,,,,,,,,,,,,,,,,,,,,,,,,,,,,,,,,,,,,,,,,,,,,,,,,,,,,,,,,,,,,,,,,,,,,,,,,,
1907,7,242.4,-39.7,,,,,,,,,,,,,,,,,,,,,,,,,,,,,,,,,,,9.3,9.3,9.3,9.3,1.0,0.0,26.0,1.0,8.56,8.56,8.56,8.56,1.0,0.0,26.0,1.0,-3.63,-3.63,-3.63,-3.63,1.0,0.0,26.0,1.0,996.4,996.4,996.4,996.4,1.0,0.0,26.0,1.0,,,,,,,,,,,,,,,,,,,,,,,,,,,,,,,,,,,,,,,,,,,,,,,,,,,,,,,,,,,,,,,,,,,,,,,,,,,,,,,,,,,,,,,,,,,,,,,,,,,,,,,,,,,,,,,,,,,,,,,,,,,,,,,,,,
1907,7,242.4,16.3,,,,,,,,,,,,,,,,,,,,,,,,,,,,,,,,,,,6.7,6.7,6.7,6.7,1.0,0.0,6.0,1.0,-2.62,-2.62,-2.62,-2.62,1.0,0.0,6.0,1.0,-6.17,-6.17,-6.17,-6.17,1.0,0.0,6.0,1.0,1009.5,1009.5,1009.5,1009.5,1.0,0.0,6.0,1.0,,,,,,,,,,,,,,,,,,,,,,,,,,,,,,,,,,,,,,,,,,,,,,,,,,,,,,,,,,,,,,,,,,,,,,,,,,,,,,,,,,,,,,,,,,,,,,,,,,,,,,,,,,,,,,,,,,,,,,,,,,,,,,,,,,
1907,7,244.4,-41.7,,,,,,,,,,,,,,,,,,,,,,,,,,,,,,,,,,,12.3,12.3,12.3,12.3,1.0,0.0,28.0,1.0,8.7,8.7,8.7,8.7,1.0,0.0,28.0,1.0,8.7,8.7,8.7,8.7,1.0,0.0,28.0,1.0,1004.6,1004.6,1004.6,1004.6,1.0,0.0,28.0,1.0,,,,,,,,,,,,,,,,,,,,,,,,,,,,,,,,,,,,,,,,,,,,,,,,,,,,,,,,,,,,,,,,,,,,,,,,,,,,,,,,,,,,,,,,,,,,,,,,,,,,,,,,,,,,,,,,,,,,,,,,,,,,,,,,,,
1907,7,244.4,-37.7,,,,,,,,,,,,,,,,,,,,,,,,,,,,,,,,,,,15.4,15.4,15.4,15.4,1.0,0.0,26.0,1.0,6.02,6.02,6.02,6.02,1.0,0.0,26.0,1.0,14.18,14.18,14.18,14.18,1.0,0.0,26.0,1.0,1008.6,1008.6,1008.6,1008.6,1.0,0.0,26.0,1.0,,,,,,,,,,,,,,,,,,,,,,,,,,,,,,,,,,,,,,,,,,,,,,,,,,,,,,,,,,,,,,,,,,,,,,,,,,,,,,,,,,,,,,,,,,,,,,,,,,,,,,,,,,,,,,,,,,,,,,,,,,,,,,,,,,
1907,7,244.4,8.3,,,,,,,,,,,,,,,,,,,,,,,,,,,,,,,,,,,2.6,2.6,6.7,3.97,6.0,2.12,18.0,0.3,0.0,0.97,2.53,1.18,6.0,1.16,18.0,0.3,-3.35,-2.51,-0.64,-1.68,6.0,4.12,18.0,0.3,1023.0,1023.0,1023.0,1023.0,1.0,0.0,8.0,0.0,,,,,,,,,,,,,,,,,,,,,,,,,,,,,,,,,,,,,,,,,,,,,,,,,,,,,,,,,,,,,,,,,,,,,,,,,,,,,,,,,,,,,,,,,,,,,,,,,,,,,,,,,,,,,,,,,,,,,,,,,,,,,,,,,,
1907,7,244.4,14.3,,,,,,,,,,,,,,,,,,,,,,,,,,,,,,,,,,,1.0,1.0,1.0,1.0,1.0,0.0,6.0,1.0,-0.39,-0.39,-0.39,-0.39,1.0,0.0,6.0,1.0,-0.92,-0.92,-0.92,-0.92,1.0,0.0,6.0,1.0,1009.9,1009.9,1009.9,1009.9,1.0,0.0,6.0,1.0,,,,,,,,,,,,,,,,,,,,,,,,,,,,,,,,,,,,,,,,,,,,,,,,,,,,,,,,,,,,,,,,,,,,,,,,,,,,,,,,,,,,,,,,,,,,,,,,,,,,,,,,,,,,,,,,,,,,,,,,,,,,,,,,,,
1907,7,246.4,-41.7,,,,,,,,,,,,,,,,,,,,,,,,,,,,,,,,,,,9.3,9.3,9.3,9.3,1.0,0.0,28.0,1.0,3.63,3.63,3.63,3.63,1.0,0.0,28.0,1.0,8.56,8.56,8.56,8.56,1.0,0.0,28.0,1.0,1001.2,1001.2,1001.2,1001.2,1.0,0.0,28.0,1.0,,,,,,,,,,,,,,,,,,,,,,,,,,,,,,,,,,,,,,,,,,,,,,,,,,,,,,,,,,,,,,,,,,,,,,,,,,,,,,,,,,,,,,,,,,,,,,,,,,,,,,,,,,,,,,,,,,,,,,,,,,,,,,,,,,
1907,7,246.4,-37.7,,,,,,,,,,,,,,,,,,,,,,,,,,,,,,,,,,,26.8,26.8,26.8,26.8,1.0,0.0,26.0,1.0,18.95,18.95,18.95,18.95,1.0,0.0,26.0,1.0,18.95,18.95,18.95,18.95,1.0,0.0,26.0,1.0,997.0,997.0,997.0,997.0,1.0,0.0,26.0,1.0,,,,,,,,,,,,,,,,,,,,,,,,,,,,,,,,,,,,,,,,,,,,,,,,,,,,,,,,,,,,,,,,,,,,,,,,,,,,,,,,,,,,,,,,,,,,,,,,,,,,,,,,,,,,,,,,,,,,,,,,,,,,,,,,,,
1907,7,246.4,12.3,,,,,,,,,,,,,,,,,,,,,,,,,,,,,,,,,,,1.0,1.0,1.0,1.0,1.0,0.0,4.0,1.0,0.71,0.71,0.71,0.71,1.0,0.0,4.0,1.0,-0.71,-0.71,-0.71,-0.71,1.0,0.0,4.0,1.0,1009.0,1009.0,1009.0,1009.0,1.0,0.0,4.0,1.0,,,,,,,,,,,,,,,,,,,,,,,,,,,,,,,,,,,,,,,,,,,,,,,,,,,,,,,,,,,,,,,,,,,,,,,,,,,,,,,,,,,,,,,,,,,,,,,,,,,,,,,,,,,,,,,,,,,,,,,,,,,,,,,,,,
1907,7,248.4,-49.7,,,,,,,,,,,,,,,,,,,,,,,,,,,,,,,,,,,2.6,2.6,2.6,2.6,1.0,0.0,2.0,1.0,2.6,2.6,2.6,2.6,1.0,0.0,2.0,1.0,0.0,0.0,0.0,0.0,1.0,0.0,2.0,1.0,1013.6,1013.6,1013.6,1013.6,1.0,0.0,2.0,1.0,,,,,,,,,,,,,,,,,,,,,,,,,,,,,,,,,,,,,,,,,,,,,,,,,,,,,,,,,,,,,,,,,,,,,,,,,,,,,,,,,,,,,,,,,,,,,,,,,,,,,,,,,,,,,,,,,,,,,,,,,,,,,,,,,,
1907,7,248.4,-37.7,,,,,,,,,,,,,,,,,,,,,,,,,,,,,,,,,,,15.4,15.4,15.4,15.4,1.0,0.0,28.0,1.0,10.89,10.89,10.89,10.89,1.0,0.0,28.0,1.0,10.89,10.89,10.89,10.89,1.0,0.0,28.0,1.0,1009.3,1009.3,1009.3,1009.3,1.0,0.0,28.0,1.0,,,,,,,,,,,,,,,,,,,,,,,,,,,,,,,,,,,,,,,,,,,,,,,,,,,,,,,,,,,,,,,,,,,,,,,,,,,,,,,,,,,,,,,,,,,,,,,,,,,,,,,,,,,,,,,,,,,,,,,,,,,,,,,,,,
1907,7,248.4,-35.7,,,,,,,,,,,,,,,,,,,,,,,,,,,,,,,,,,,9.3,9.3,9.3,9.3,1.0,0.0,28.0,1.0,8.62,8.62,8.62,8.62,1.0,0.0,28.0,1.0,3.48,3.48,3.48,3.48,1.0,0.0,28.0,1.0,1010.9,1010.9,1010.9,1010.9,1.0,0.0,28.0,1.0,,,,,,,,,,,,,,,,,,,,,,,,,,,,,,,,,,,,,,,,,,,,,,,,,,,,,,,,,,,,,,,,,,,,,,,,,,,,,,,,,,,,,,,,,,,,,,,,,,,,,,,,,,,,,,,,,,,,,,,,,,,,,,,,,,
1907,7,248.4,8.3,,,,,,,,,,,,,,,,,,,,,,,,,,,,,,,,,,,4.6,4.6,8.97,5.66,27.0,2.29,10.0,0.6,0.0,2.6,8.97,3.8,27.0,3.65,10.0,0.6,-4.6,0.0,0.0,-0.73,27.0,3.11,10.0,0.6,1013.38,1017.0,1018.52,1016.0,4.0,3.56,12.0,0.8,,,,,,,,,,,,,,,,,,,,,,,,,,,,,,,,,,,,,,,,,,,,,,,,,,,,,,,,,,,,,,,,,,,,,,,,,,,,,,,,,,,,,,,,,,,,,,,,,,,,,,,,,,,,,,,,,,,,,,,,,,,,,,,,,,
1907,7,248.4,10.3,,,,,,,,,,,,,,,,,,,,,,,,,,,,,,,,,,,2.6,2.6,2.6,2.6,1.0,0.0,4.0,1.0,1.84,1.84,1.84,1.84,1.0,0.0,4.0,1.0,-1.84,-1.84,-1.84,-1.84,1.0,0.0,4.0,1.0,1009.7,1009.7,1009.7,1009.7,1.0,0.0,4.0,1.0,,,,,,,,,,,,,,,,,,,,,,,,,,,,,,,,,,,,,,,,,,,,,,,,,,,,,,,,,,,,,,,,,,,,,,,,,,,,,,,,,,,,,,,,,,,,,,,,,,,,,,,,,,,,,,,,,,,,,,,,,,,,,,,,,,
1907,7,248.4,18.3,,,,,,,,,,,,,,,,,,,,,,,,,,,,,,,,,,,2.92,3.6,4.28,3.6,2.0,1.41,2.0,1.0,-3.15,-2.93,-2.7,-2.93,2.0,0.46,2.0,1.0,-2.74,-1.63,-0.52,-1.63,2.0,2.3,2.0,1.0,1010.32,1010.35,1010.38,1010.35,2.0,0.07,2.0,1.0,,,,,,,,,,,,,,,,,,,,,,,,,,,,,,,,,,,,,,,,,,,,,,,,,,,,,,,,,,,,,,,,,,,,,,,,,,,,,,,,,,,,,,,,,,,,,,,,,,,,,,,,,,,,,,,,,,,,,,,,,,,,,,,,,,
1907,7,248.4,20.3,,,,,,,,,,,,,,,,,,,,,,,,,,,,,,,,,,,1.0,1.0,1.0,1.0,1.0,0.0,4.0,1.0,0.71,0.71,0.71,0.71,1.0,0.0,4.0,1.0,-0.71,-0.71,-0.71,-0.71,1.0,0.0,4.0,1.0,1009.2,1009.2,1009.2,1009.2,1.0,0.0,4.0,1.0,,,,,,,,,,,,,,,,,,,,,,,,,,,,,,,,,,,,,,,,,,,,,,,,,,,,,,,,,,,,,,,,,,,,,,,,,,,,,,,,,,,,,,,,,,,,,,,,,,,,,,,,,,,,,,,,,,,,,,,,,,,,,,,,,,
1907,7,248.4,26.3,,,,,,,,,,,,,,,,,,,,,,,,,,,,,,,,,,,2.27,2.6,3.01,2.67,6.0,1.14,14.0,1.0,-2.77,-1.41,0.21,-1.41,6.0,1.85,14.0,1.0,0.81,1.82,2.45,1.61,6.0,0.96,14.0,1.0,1010.48,1010.65,1010.82,1010.65,2.0,0.35,8.0,1.0,,,,,,,,,,,,,,,,,,,,,,,,,,,,,,,,,,,,,,,,,,,,,,,,,,,,,,,,,,,,,,,,,,,,,,,,,,,,,,,,,,,,,,,,,,,,,,,,,,,,,,,,,,,,,,,,,,,,,,,,,,,,,,,,,,
1907,7,250.4,-49.7,,,,,,,,,,,,,,,,,,,,,,,,,,,,,,,,,,,6.7,6.7,6.7,6.7,1.0,0.0,4.0,1.0,4.74,4.74,4.74,4.74,1.0,0.0,4.0,1.0,-4.74,-4.74,-4.74,-4.74,1.0,0.0,4.0,1.0,1003.8,1003.8,1003.8,1003.8,1.0,0.0,4.0,1.0,,,,,,,,,,,,,,,,,,,,,,,,,,,,,,,,,,,,,,,,,,,,,,,,,,,,,,,,,,,,,,,,,,,,,,,,,,,,,,,,,,,,,,,,,,,,,,,,,,,,,,,,,,,,,,,,,,,,,,,,,,,,,,,,,,
1907,7,250.4,-41.7,,,,,,,,,,,,,,,,,,,,,,,,,,,,,,,,,,,15.4,15.4,15.4,15.4,1.0,0.0,28.0,1.0,14.28,14.28,14.28,14.28,1.0,0.0,28.0,1.0,5.77,5.77,5.77,5.77,1.0,0.0,28.0,1.0,1002.6,1002.6,1002.6,1002.6,1.0,0.0,28.0,1.0,,,,,,,,,,,,,,,,,,,,,,,,,,,,,,,,,,,,,,,,,,,,,,,,,,,,,,,,,,,,,,,,,,,,,,,,,,,,,,,,,,,,,,,,,,,,,,,,,,,,,,,,,,,,,,,,,,,,,,,,,,,,,,,,,,
1907,7,250.4,-37.7,,,,,,,,,,,,,,,,,,,,,,,,,,,,,,,,,,,9.3,9.3,9.3,9.3,1.0,0.0,30.0,1.0,9.3,9.3,9.3,9.3,1.0,0.0,30.0,1.0,0.0,0.0,0.0,0.0,1.0,0.0,30.0,1.0,1003.02,1005.2,1007.38,1005.2,2.0,4.53,30.0,1.0,,,,,,,,,,,,,,,,,,,,,,,,,,,,,,,,,,,,,,,,,,,,,,,,,,,,,,,,,,,,,,,,,,,,,,,,,,,,,,,,,,,,,,,,,,,,,,,,,,,,,,,,,,,,,,,,,,,,,,,,,,,,,,,,,,
1907,7,250.4,-15.7,,,,,,,,,,,,,,,,,,,,,,,,,,,,,,,,,,,6.7,6.7,6.7,6.7,1.0,0.0,30.0,1.0,-6.7,-6.7,-6.7,-6.7,1.0,0.0,30.0,1.0,0.0,0.0,0.0,0.0,1.0,0.0,30.0,1.0,1017.2,1017.2,1017.2,1017.2,1.0,0.0,30.0,1.0,,,,,,,,,,,,,,,,,,,,,,,,,,,,,,,,,,,,,,,,,,,,,,,,,,,,,,,,,,,,,,,,,,,,,,,,,,,,,,,,,,,,,,,,,,,,,,,,,,,,,,,,,,,,,,,,,,,,,,,,,,,,,,,,,,
1907,7,250.4,6.3,,,,,,,,,,,,,,,,,,,,,,,,,,,,,,,,,,,2.6,2.6,2.6,2.6,1.0,0.0,2.0,1.0,-1.84,-1.84,-1.84,-1.84,1.0,0.0,2.0,1.0,1.84,1.84,1.84,1.84,1.0,0.0,2.0,1.0,1011.9,1011.9,1011.9,1011.9,1.0,0.0,2.0,1.0,,,,,,,,,,,,,,,,,,,,,,,,,,,,,,,,,,,,,,,,,,,,,,,,,,,,,,,,,,,,,,,,,,,,,,,,,,,,,,,,,,,,,,,,,,,,,,,,,,,,,,,,,,,,,,,,,,,,,,,,,,,,,,,,,,
1907,7,250.4,20.3,,,,,,,,,,,,,,,,,,,,,,,,,,,,,,,,,,,1.0,1.0,1.0,1.0,2.0,0.0,4.0,1.0,0.0,0.0,0.0,0.0,2.0,0.0,4.0,1.0,-1.0,-1.0,-1.0,-1.0,2.0,0.0,4.0,1.0,1010.54,1011.05,1011.56,1011.05,2.0,1.06,4.0,1.0,,,,,,,,,,,,,,,,,,,,,,,,,,,,,,,,,,,,,,,,,,,,,,,,,,,,,,,,,,,,,,,,,,,,,,,,,,,,,,,,,,,,,,,,,,,,,,,,,,,,,,,,,,,,,,,,,,,,,,,,,,,,,,,,,,
1907,7,250.4,22.3,,,,,,,,,,,,,,,,,,,,,,,,,,,,,,,,,,,2.27,3.6,4.6,3.33,6.0,1.51,10.0,1.0,-2.13,0.0,2.85,0.32,6.0,2.84,10.0,1.0,-1.19,0.5,3.53,1.0,6.0,2.5,10.0,1.0,1009.2,1009.2,1009.2,1009.2,1.0,0.0,6.0,1.0,,,,,,,,,,,,,,,,,,,,,,,,,,,,,,,,,,,,,,,,,,,,,,,,,,,,,,,,,,,,,,,,,,,,,,,,,,,,,,,,,,,,,,,,,,,,,,,,,,,,,,,,,,,,,,,,,,,,,,,,,,,,,,,,,,
1907,7,250.4,24.3,,,,,,,,,,,,,,,,,,,,,,,,,,,,,,,,,,,4.6,4.6,4.6,4.6,2.0,0.0,10.0,1.0,-2.45,-0.73,1.0,-0.73,2.0,3.57,10.0,1.0,3.41,3.74,4.08,3.74,2.0,0.69,10.0,1.0,1008.3,1008.3,1008.3,1008.3,1.0,0.0,8.0,1.0,,,,,,,,,,,,,,,,,,,,,,,,,,,,,,,,,,,,,,,,,,,,,,,,,,,,,,,,,,,,,,,,,,,,,,,,,,,,,,,,,,,,,,,,,,,,,,,,,,,,,,,,,,,,,,,,,,,,,,,,,,,,,,,,,,
1907,7,252.4,-41.7,,,,,,,,,,,,,,,,,,,,,,,,,,,,,,,,,,,15.4,15.4,15.4,15.4,1.0,0.0,28.0,1.0,10.89,10.89,10.89,10.89,1.0,0.0,28.0,1.0,10.89,10.89,10.89,10.89,1.0,0.0,28.0,1.0,1000.7,1000.7,1000.7,1000.7,1.0,0.0,28.0,1.0,,,,,,,,,,,,,,,,,,,,,,,,,,,,,,,,,,,,,,,,,,,,,,,,,,,,,,,,,,,,,,,,,,,,,,,,,,,,,,,,,,,,,,,,,,,,,,,,,,,,,,,,,,,,,,,,,,,,,,,,,,,,,,,,,,
1907,7,252.4,-37.7,,,,,,,,,,,,,,,,,,,,,,,,,,,,,,,,,,,6.31,10.0,13.69,10.0,2.0,7.64,30.0,1.0,3.78,8.04,12.3,8.04,2.0,8.83,30.0,1.0,4.48,5.0,5.53,5.0,2.0,1.09,30.0,1.0,1002.21,1007.4,1012.59,1007.4,2.0,10.75,30.0,1.0,,,,,,,,,,,,,,,,,,,,,,,,,,,,,,,,,,,,,,,,,,,,,,,,,,,,,,,,,,,,,,,,,,,,,,,,,,,,,,,,,,,,,,,,,,,,,,,,,,,,,,,,,,,,,,,,,,,,,,,,,,,,,,,,,,
1907,7,252.4,-15.7,,,,,,,,,,,,,,,,,,,,,,,,,,,,,,,,,,,9.3,9.3,9.3,9.3,2.0,0.0,24.0,1.0,-8.25,-7.57,-6.89,-7.57,2.0,1.4,24.0,1.0,4.1,5.1,6.11,5.1,2.0,2.08,24.0,1.0,1015.9,1015.9,1015.9,1015.9,1.0,0.0,30.0,1.0,,,,,,,,,,,,,,,,,,,,,,,,,,,,,,,,,,,,,,,,,,,,,,,,,,,,,,,,,,,,,,,,,,,,,,,,,,,,,,,,,,,,,,,,,,,,,,,,,,,,,,,,,,,,,,,,,,,,,,,,,,,,,,,,,,
1907,7,254.4,-41.7,,,,,,,,,,,,,,,,,,,,,,,,,,,,,,,,,,,15.4,15.4,15.4,15.4,1.0,0.0,30.0,1.0,15.4,15.4,15.4,15.4,1.0,0.0,30.0,1.0,0.0,0.0,0.0,0.0,1.0,0.0,30.0,1.0,1003.4,1003.4,1003.4,1003.4,1.0,0.0,30.0,1.0,,,,,,,,,,,,,,,,,,,,,,,,,,,,,,,,,,,,,,,,,,,,,,,,,,,,,,,,,,,,,,,,,,,,,,,,,,,,,,,,,,,,,,,,,,,,,,,,,,,,,,,,,,,,,,,,,,,,,,,,,,,,,,,,,,
1907,7,254.4,-35.7,,,,,,,,,,,,,,,,,,,,,,,,,,,,,,,,,,,9.3,9.3,9.3,9.3,1.0,0.0,28.0,1.0,6.58,6.58,6.58,6.58,1.0,0.0,28.0,1.0,6.58,6.58,6.58,6.58,1.0,0.0,28.0,1.0,1012.0,1012.0,1012.0,1012.0,1.0,0.0,28.0,1.0,,,,,,,,,,,,,,,,,,,,,,,,,,,,,,,,,,,,,,,,,,,,,,,,,,,,,,,,,,,,,,,,,,,,,,,,,,,,,,,,,,,,,,,,,,,,,,,,,,,,,,,,,,,,,,,,,,,,,,,,,,,,,,,,,,
1907,7,254.4,-11.7,,,,,,,,,,,,,,,,,,,,,,,,,,,,,,,,,,,12.3,12.3,12.3,12.3,1.0,0.0,30.0,1.0,-8.7,-8.7,-8.7,-8.7,1.0,0.0,30.0,1.0,8.7,8.7,8.7,8.7,1.0,0.0,30.0,1.0,1014.1,1014.1,1014.1,1014.1,1.0,0.0,30.0,1.0,,,,,,,,,,,,,,,,,,,,,,,,,,,,,,,,,,,,,,,,,,,,,,,,,,,,,,,,,,,,,,,,,,,,,,,,,,,,,,,,,,,,,,,,,,,,,,,,,,,,,,,,,,,,,,,,,,,,,,,,,,,,,,,,,,
1907,7,256.4,-37.7,,,,,,,,,,,,,,,,,,,,,,,,,,,,,,,,,,,15.4,15.4,15.4,15.4,1.0,0.0,28.0,1.0,15.4,15.4,15.4,15.4,1.0,0.0,28.0,1.0,0.0,0.0,0.0,0.0,1.0,0.0,28.0,1.0,1002.0,1002.0,1002.0,1002.0,1.0,0.0,28.0,1.0,,,,,,,,,,,,,,,,,,,,,,,,,,,,,,,,,,,,,,,,,,,,,,,,,,,,,,,,,,,,,,,,,,,,,,,,,,,,,,,,,,,,,,,,,,,,,,,,,,,,,,,,,,,,,,,,,,,,,,,,,,,,,,,,,,
1907,7,256.4,-35.7,,,,,,,,,,,,,,,,,,,,,,,,,,,,,,,,,,,6.7,6.7,6.7,6.7,1.0,0.0,30.0,1.0,6.21,6.21,6.21,6.21,1.0,0.0,30.0,1.0,2.51,2.51,2.51,2.51,1.0,0.0,30.0,1.0,1019.5,1019.5,1019.5,1019.5,1.0,0.0,30.0,1.0,,,,,,,,,,,,,,,,,,,,,,,,,,,,,,,,,,,,,,,,,,,,,,,,,,,,,,,,,,,,,,,,,,,,,,,,,,,,,,,,,,,,,,,,,,,,,,,,,,,,,,,,,,,,,,,,,,,,,,,,,,,,,,,,,,
1907,7,258.4,-49.7,,,,,,,,,,,,,,,,,,,,,,,,,,,,,,,,,,,12.3,12.3,12.3,12.3,1.0,0.0,4.0,1.0,8.7,8.7,8.7,8.7,1.0,0.0,4.0,1.0,-8.7,-8.7,-8.7,-8.7,1.0,0.0,4.0,1.0,1010.9,1010.9,1010.9,1010.9,1.0,0.0,4.0,1.0,,,,,,,,,,,,,,,,,,,,,,,,,,,,,,,,,,,,,,,,,,,,,,,,,,,,,,,,,,,,,,,,,,,,,,,,,,,,,,,,,,,,,,,,,,,,,,,,,,,,,,,,,,,,,,,,,,,,,,,,,,,,,,,,,,
1907,7,258.4,-43.7,,,,,,,,,,,,,,,,,,,,,,,,,,,,,,,,,,,19.0,19.0,19.0,19.0,1.0,0.0,2.0,1.0,-7.42,-7.42,-7.42,-7.42,1.0,0.0,2.0,1.0,-17.49,-17.49,-17.49,-17.49,1.0,0.0,2.0,1.0,1013.2,1013.2,1013.2,1013.2,1.0,0.0,2.0,1.0,,,,,,,,,,,,,,,,,,,,,,,,,,,,,,,,,,,,,,,,,,,,,,,,,,,,,,,,,,,,,,,,,,,,,,,,,,,,,,,,,,,,,,,,,,,,,,,,,,,,,,,,,,,,,,,,,,,,,,,,,,,,,,,,,,
1907,7,258.4,-39.7,,,,,,,,,,,,,,,,,,,,,,,,,,,,,,,,,,,6.7,6.7,6.7,6.7,1.0,0.0,30.0,1.0,-6.7,-6.7,-6.7,-6.7,1.0,0.0,30.0,1.0,0.0,0.0,0.0,0.0,1.0,0.0,30.0,1.0,1009.6,1009.6,1009.6,1009.6,1.0,0.0,30.0,1.0,,,,,,,,,,,,,,,,,,,,,,,,,,,,,,,,,,,,,,,,,,,,,,,,,,,,,,,,,,,,,,,,,,,,,,,,,,,,,,,,,,,,,,,,,,,,,,,,,,,,,,,,,,,,,,,,,,,,,,,,,,,,,,,,,,
1907,7,258.4,-15.7,,,,,,,,,,,,,,,,,,,,,,,,,,,,,,,,,,,5.35,6.95,8.55,6.95,2.0,3.32,22.0,1.0,-6.2,-5.41,-4.61,-5.41,2.0,1.66,22.0,1.0,2.56,4.19,5.82,4.19,2.0,3.38,22.0,1.0,1017.6,1017.6,1017.6,1017.6,1.0,0.0,30.0,1.0,,,,,,,,,,,,,,,,,,,,,,,,,,,,,,,,,,,,,,,,,,,,,,,,,,,,,,,,,,,,,,,,,,,,,,,,,,,,,,,,,,,,,,,,,,,,,,,,,,,,,,,,,,,,,,,,,,,,,,,,,,,,,,,,,,
1907,7,258.4,-11.7,,,,,,,,,,,,,,,,,,,,,,,,,,,,,,,,,,,9.3,9.3,9.3,9.3,1.0,0.0,30.0,1.0,-8.56,-8.56,-8.56,-8.56,1.0,0.0,30.0,1.0,3.63,3.63,3.63,3.63,1.0,0.0,30.0,1.0,1014.3,1014.3,1014.3,1014.3,1.0,0.0,30.0,1.0,,,,,,,,,,,,,,,,,,,,,,,,,,,,,,,,,,,,,,,,,,,,,,,,,,,,,,,,,,,,,,,,,,,,,,,,,,,,,,,,,,,,,,,,,,,,,,,,,,,,,,,,,,,,,,,,,,,,,,,,,,,,,,,,,,
1907,7,260.4,-45.7,,,,,,,,,,,,,,,,,,,,,,,,,,,,,,,,,,,6.7,6.7,6.7,6.7,1.0,0.0,30.0,1.0,4.74,4.74,4.74,4.74,1.0,0.0,30.0,1.0,4.74,4.74,4.74,4.74,1.0,0.0,30.0,1.0,1001.2,1001.2,1001.2,1001.2,1.0,0.0,30.0,1.0,,,,,,,,,,,,,,,,,,,,,,,,,,,,,,,,,,,,,,,,,,,,,,,,,,,,,,,,,,,,,,,,,,,,,,,,,,,,,,,,,,,,,,,,,,,,,,,,,,,,,,,,,,,,,,,,,,,,,,,,,,,,,,,,,,
1907,7,260.4,-41.7,,,,,,,,,,,,,,,,,,,,,,,,,,,,,,,,,,,2.6,2.6,2.6,2.6,1.0,0.0,30.0,1.0,0.97,0.97,0.97,0.97,1.0,0.0,30.0,1.0,-2.41,-2.41,-2.41,-2.41,1.0,0.0,30.0,1.0,1004.88,1007.85,1010.82,1007.85,2.0,6.15,30.0,1.0,,,,,,,,,,,,,,,,,,,,,,,,,,,,,,,,,,,,,,,,,,,,,,,,,,,,,,,,,,,,,,,,,,,,,,,,,,,,,,,,,,,,,,,,,,,,,,,,,,,,,,,,,,,,,,,,,,,,,,,,,,,,,,,,,,
1907,7,260.4,-37.7,,,,,,,,,,,,,,,,,,,,,,,,,,,,,,,,,,,9.3,9.3,9.3,9.3,1.0,0.0,30.0,1.0,9.3,9.3,9.3,9.3,1.0,0.0,30.0,1.0,0.0,0.0,0.0,0.0,1.0,0.0,30.0,1.0,1004.04,1007.15,1010.26,1007.15,2.0,6.43,30.0,1.0,,,,,,,,,,,,,,,,,,,,,,,,,,,,,,,,,,,,,,,,,,,,,,,,,,,,,,,,,,,,,,,,,,,,,,,,,,,,,,,,,,,,,,,,,,,,,,,,,,,,,,,,,,,,,,,,,,,,,,,,,,,,,,,,,,
1907,7,260.4,16.3,,,,,,,,,,,,,,,,,,,,,,,,,,,,,,,,,,,1.69,4.6,5.8,4.1,10.0,2.01,8.0,0.7,-3.4,0.46,3.47,0.07,10.0,3.92,8.0,0.7,-3.16,-0.19,1.92,-0.37,10.0,2.68,8.0,0.7,1010.16,1010.5,1010.84,1010.5,2.0,0.71,4.0,1.0,,,,,,,,,,,,,,,,,,,,,,,,,,,,,,,,,,,,,,,,,,,,,,,,,,,,,,,,,,,,,,,,,,,,,,,,,,,,,,,,,,,,,,,,,,,,,,,,,,,,,,,,,,,,,,,,,,,,,,,,,,,,,,,,,,
1907,7,262.4,-51.7,,,,,,,,,,,,,,,,,,,,,,,,,,,,,,,,,,,4.6,4.6,4.6,4.6,1.0,0.0,6.0,1.0,4.6,4.6,4.6,4.6,1.0,0.0,6.0,1.0,0.0,0.0,0.0,0.0,1.0,0.0,6.0,1.0,1015.9,1015.9,1015.9,1015.9,1.0,0.0,6.0,1.0,,,,,,,,,,,,,,,,,,,,,,,,,,,,,,,,,,,,,,,,,,,,,,,,,,,,,,,,,,,,,,,,,,,,,,,,,,,,,,,,,,,,,,,,,,,,,,,,,,,,,,,,,,,,,,,,,,,,,,,,,,,,,,,,,,
1907,7,262.4,-45.7,,,,,,,,,,,,,,,,,,,,,,,,,,,,,,,,,,,2.6,2.6,2.6,2.6,1.0,0.0,4.0,1.0,2.41,2.41,2.41,2.41,1.0,0.0,4.0,1.0,0.97,0.97,0.97,0.97,1.0,0.0,4.0,1.0,1024.2,1024.2,1024.2,1024.2,1.0,0.0,4.0,1.0,,,,,,,,,,,,,,,,,,,,,,,,,,,,,,,,,,,,,,,,,,,,,,,,,,,,,,,,,,,,,,,,,,,,,,,,,,,,,,,,,,,,,,,,,,,,,,,,,,,,,,,,,,,,,,,,,,,,,,,,,,,,,,,,,,
1907,7,262.4,-41.7,,,,,,,,,,,,,,,,,,,,,,,,,,,,,,,,,,,9.3,9.3,9.3,9.3,1.0,0.0,2.0,1.0,-9.3,-9.3,-9.3,-9.3,1.0,0.0,2.0,1.0,0.0,0.0,0.0,0.0,1.0,0.0,2.0,1.0,1026.0,1026.0,1026.0,1026.0,1.0,0.0,2.0,1.0,,,,,,,,,,,,,,,,,,,,,,,,,,,,,,,,,,,,,,,,,,,,,,,,,,,,,,,,,,,,,,,,,,,,,,,,,,,,,,,,,,,,,,,,,,,,,,,,,,,,,,,,,,,,,,,,,,,,,,,,,,,,,,,,,,
1907,7,262.4,-35.7,,,,,,,,,,,,,,,,,,,,,,,,,,,,,,,,,,,9.3,9.3,13.46,11.33,3.0,3.52,30.0,1.0,-1.37,3.48,8.54,3.58,3.0,7.26,30.0,1.0,-8.6,-8.56,4.72,-2.1,3.0,11.25,30.0,1.0,1007.78,1007.95,1008.12,1007.95,2.0,0.35,30.0,1.0,,,,,,,,,,,,,,,,,,,,,,,,,,,,,,,,,,,,,,,,,,,,,,,,,,,,,,,,,,,,,,,,,,,,,,,,,,,,,,,,,,,,,,,,,,,,,,,,,,,,,,,,,,,,,,,,,,,,,,,,,,,,,,,,,,
1907,7,262.4,-15.7,,,,,,,,,,,,,,,,,,,,,,,,,,,,,,,,,,,6.7,6.7,6.7,6.7,1.0,0.0,28.0,1.0,-4.74,-4.74,-4.74,-4.74,1.0,0.0,28.0,1.0,4.74,4.74,4.74,4.74,1.0,0.0,28.0,1.0,1015.4,1015.4,1015.4,1015.4,1.0,0.0,28.0,1.0,,,,,,,,,,,,,,,,,,,,,,,,,,,,,,,,,,,,,,,,,,,,,,,,,,,,,,,,,,,,,,,,,,,,,,,,,,,,,,,,,,,,,,,,,,,,,,,,,,,,,,,,,,,,,,,,,,,,,,,,,,,,,,,,,,
1907,7,262.4,-11.7,,,,,,,,,,,,,,,,,,,,,,,,,,,,,,,,,,,12.3,12.3,12.3,12.3,1.0,0.0,30.0,1.0,-8.7,-8.7,-8.7,-8.7,1.0,0.0,30.0,1.0,8.7,8.7,8.7,8.7,1.0,0.0,30.0,1.0,1015.1,1015.1,1015.1,1015.1,1.0,0.0,30.0,1.0,,,,,,,,,,,,,,,,,,,,,,,,,,,,,,,,,,,,,,,,,,,,,,,,,,,,,,,,,,,,,,,,,,,,,,,,,,,,,,,,,,,,,,,,,,,,,,,,,,,,,,,,,,,,,,,,,,,,,,,,,,,,,,,,,,
1907,7,262.4,14.3,,,,,,,,,,,,,,,,,,,,,,,,,,,,,,,,,,,1.0,2.6,3.43,2.38,11.0,1.33,6.0,0.3,-2.6,-1.0,1.84,-0.5,11.0,2.22,6.0,0.3,-1.84,0.0,0.0,-0.84,11.0,1.42,6.0,0.3,1008.63,1010.0,1010.37,1009.6,5.0,1.14,4.0,0.2,,,,,,,,,,,,,,,,,,,,,,,,,,,,,,,,,,,,,,,,,,,,,,,,,,,,,,,,,,,,,,,,,,,,,,,,,,,,,,,,,,,,,,,,,,,,,,,,,,,,,,,,,,,,,,,,,,,,,,,,,,,,,,,,,,
1907,7,262.4,18.3,,,,,,,,,,,,,,,,,,,,,,,,,,,,,,,,,,,2.6,4.6,4.6,3.8,5.0,1.1,14.0,0.8,-2.85,-0.97,0.0,-1.48,5.0,1.9,14.0,0.8,-0.88,1.84,4.6,1.73,5.0,3.03,14.0,0.8,1011.0,1011.0,1011.0,1011.0,2.0,0.0,12.0,1.0,,,,,,,,,,,,,,,,,,,,,,,,,,,,,,,,,,,,,,,,,,,,,,,,,,,,,,,,,,,,,,,,,,,,,,,,,,,,,,,,,,,,,,,,,,,,,,,,,,,,,,,,,,,,,,,,,,,,,,,,,,,,,,,,,,
1907,7,262.4,20.3,,,,,,,,,,,,,,,,,,,,,,,,,,,,,,,,,,,4.6,6.7,6.85,6.54,7.0,1.74,14.0,0.0,-4.84,-4.74,-3.25,-4.63,7.0,1.23,14.0,0.0,3.25,4.74,4.84,4.63,7.0,1.23,14.0,0.0,1010.49,1011.1,1012.03,1011.25,4.0,1.02,14.0,0.0,,,,,,,,,,,,,,,,,,,,,,,,,,,,,,,,,,,,,,,,,,,,,,,,,,,,,,,,,,,,,,,,,,,,,,,,,,,,,,,,,,,,,,,,,,,,,,,,,,,,,,,,,,,,,,,,,,,,,,,,,,,,,,,,,,
1907,7,262.4,22.3,,,,,,,,,,,,,,,,,,,,,,,,,,,,,,,,,,,4.6,4.6,4.6,4.6,2.0,0.0,14.0,0.5,-3.25,-3.25,-3.25,-3.25,2.0,0.0,14.0,0.5,3.25,3.25,3.25,3.25,2.0,0.0,14.0,0.5,1010.6,1010.6,1010.6,1010.6,1.0,0.0,16.0,0.0,,,,,,,,,,,,,,,,,,,,,,,,,,,,,,,,,,,,,,,,,,,,,,,,,,,,,,,,,,,,,,,,,,,,,,,,,,,,,,,,,,,,,,,,,,,,,,,,,,,,,,,,,,,,,,,,,,,,,,,,,,,,,,,,,,
1907,7,264.4,-47.7,,,,,,,,,,,,,,,,,,,,,,,,,,,,,,,,,,,15.4,15.4,15.4,15.4,1.0,0.0,4.0,1.0,-6.02,-6.02,-6.02,-6.02,1.0,0.0,4.0,1.0,-14.18,-14.18,-14.18,-14.18,1.0,0.0,4.0,1.0,1009.6,1009.6,1009.6,1009.6,1.0,0.0,4.0,1.0,,,,,,,,,,,,,,,,,,,,,,,,,,,,,,,,,,,,,,,,,,,,,,,,,,,,,,,,,,,,,,,,,,,,,,,,,,,,,,,,,,,,,,,,,,,,,,,,,,,,,,,,,,,,,,,,,,,,,,,,,,,,,,,,,,
1907,7,264.4,-45.7,,,,,,,,,,,,,,,,,,,,,,,,,,,,,,,,,,,7.11,8.0,8.89,8.0,2.0,1.84,4.0,1.0,-4.55,-0.2,4.14,-0.2,2.0,9.01,4.0,1.0,-5.95,-4.6,-3.25,-4.6,2.0,2.8,4.0,1.0,1021.65,1021.75,1021.85,1021.75,2.0,0.21,4.0,1.0,,,,,,,,,,,,,,,,,,,,,,,,,,,,,,,,,,,,,,,,,,,,,,,,,,,,,,,,,,,,,,,,,,,,,,,,,,,,,,,,,,,,,,,,,,,,,,,,,,,,,,,,,,,,,,,,,,,,,,,,,,,,,,,,,,
1907,7,264.4,-15.7,,,,,,,,,,,,,,,,,,,,,,,,,,,,,,,,,,,4.6,4.6,4.6,4.6,1.0,0.0,10.0,1.0,-4.6,-4.6,-4.6,-4.6,1.0,0.0,10.0,1.0,0.0,0.0,0.0,0.0,1.0,0.0,10.0,1.0,1015.1,1015.1,1015.1,1015.1,1.0,0.0,26.0,1.0,,,,,,,,,,,,,,,,,,,,,,,,,,,,,,,,,,,,,,,,,,,,,,,,,,,,,,,,,,,,,,,,,,,,,,,,,,,,,,,,,,,,,,,,,,,,,,,,,,,,,,,,,,,,,,,,,,,,,,,,,,,,,,,,,,
1907,7,264.4,-13.7,,,,,,,,,,,,,,,,,,,,,,,,,,,,,,,,,,,9.3,9.3,9.3,9.3,1.0,0.0,28.0,1.0,-6.58,-6.58,-6.58,-6.58,1.0,0.0,28.0,1.0,6.58,6.58,6.58,6.58,1.0,0.0,28.0,1.0,1014.1,1014.1,1014.1,1014.1,1.0,0.0,28.0,1.0,,,,,,,,,,,,,,,,,,,,,,,,,,,,,,,,,,,,,,,,,,,,,,,,,,,,,,,,,,,,,,,,,,,,,,,,,,,,,,,,,,,,,,,,,,,,,,,,,,,,,,,,,,,,,,,,,,,,,,,,,,,,,,,,,,
1907,7,264.4,-7.7,,,,,,,,,,,,,,,,,,,,,,,,,,,,,,,,,,,6.7,6.7,6.7,6.7,1.0,0.0,30.0,1.0,-2.51,-2.51,-2.51,-2.51,1.0,0.0,30.0,1.0,6.21,6.21,6.21,6.21,1.0,0.0,30.0,1.0,1012.3,1012.3,1012.3,1012.3,1.0,0.0,30.0,1.0,,,,,,,,,,,,,,,,,,,,,,,,,,,,,,,,,,,,,,,,,,,,,,,,,,,,,,,,,,,,,,,,,,,,,,,,,,,,,,,,,,,,,,,,,,,,,,,,,,,,,,,,,,,,,,,,,,,,,,,,,,,,,,,,,,
1907,7,264.4,14.3,,,,,,,,,,,,,,,,,,,,,,,,,,,,,,,,,,,2.6,4.6,9.3,5.99,11.0,3.21,8.0,0.7,-5.5,0.0,3.67,-1.71,11.0,5.09,8.0,0.7,-5.73,-2.6,-0.6,-3.36,11.0,2.87,8.0,0.7,1009.63,1011.0,1011.62,1010.68,5.0,1.19,4.0,0.8,,,,,,,,,,,,,,,,,,,,,,,,,,,,,,,,,,,,,,,,,,,,,,,,,,,,,,,,,,,,,,,,,,,,,,,,,,,,,,,,,,,,,,,,,,,,,,,,,,,,,,,,,,,,,,,,,,,,,,,,,,,,,,,,,,
1907,7,264.4,18.3,,,,,,,,,,,,,,,,,,,,,,,,,,,,,,,,,,,2.6,2.6,6.13,4.07,9.0,2.57,12.0,0.3,-5.65,-2.6,-0.19,-2.7,9.0,2.77,12.0,0.3,-3.08,-0.71,1.34,-1.17,9.0,2.79,12.0,0.3,1012.0,1012.5,1013.0,1012.5,4.0,0.58,10.0,0.3,,,,,,,,,,,,,,,,,,,,,,,,,,,,,,,,,,,,,,,,,,,,,,,,,,,,,,,,,,,,,,,,,,,,,,,,,,,,,,,,,,,,,,,,,,,,,,,,,,,,,,,,,,,,,,,,,,,,,,,,,,,,,,,,,,
1907,7,264.4,20.3,,,,,,,,,,,,,,,,,,,,,,,,,,,,,,,,,,,7.19,8.25,9.31,8.25,2.0,2.19,16.0,0.5,-9.31,-8.25,-7.19,-8.25,2.0,2.19,16.0,0.5,0.0,0.0,0.0,0.0,2.0,0.0,16.0,0.5,1013.8,1013.8,1013.8,1013.8,1.0,0.0,16.0,1.0,,,,,,,,,,,,,,,,,,,,,,,,,,,,,,,,,,,,,,,,,,,,,,,,,,,,,,,,,,,,,,,,,,,,,,,,,,,,,,,,,,,,,,,,,,,,,,,,,,,,,,,,,,,,,,,,,,,,,,,,,,,,,,,,,,
1907,7,264.4,28.3,,,,,,,,,,,,,,,,,,,,,,,,,,,,,,,,,,,3.55,5.65,6.7,5.15,4.0,1.97,12.0,0.0,-2.51,-2.12,0.14,-1.23,4.0,2.08,12.0,0.0,2.99,5.24,6.21,4.63,4.0,2.08,12.0,0.0,1013.76,1014.95,1016.14,1014.95,2.0,2.47,18.0,0.5,,,,,,,,,,,,,,,,,,,,,,,,,,,,,,,,,,,,,,,,,,,,,,,,,,,,,,,,,,,,,,,,,,,,,,,,,,,,,,,,,,,,,,,,,,,,,,,,,,,,,,,,,,,,,,,,,,,,,,,,,,,,,,,,,,
1907,7,266.4,-49.7,,,,,,,,,,,,,,,,,,,,,,,,,,,,,,,,,,,6.7,6.7,6.7,6.7,1.0,0.0,8.0,1.0,-4.74,-4.74,-4.74,-4.74,1.0,0.0,8.0,1.0,-4.74,-4.74,-4.74,-4.74,1.0,0.0,8.0,1.0,1001.1,1001.1,1001.1,1001.1,1.0,0.0,8.0,1.0,,,,,,,,,,,,,,,,,,,,,,,,,,,,,,,,,,,,,,,,,,,,,,,,,,,,,,,,,,,,,,,,,,,,,,,,,,,,,,,,,,,,,,,,,,,,,,,,,,,,,,,,,,,,,,,,,,,,,,,,,,,,,,,,,,
1907,7,266.4,-47.7,,,,,,,,,,,,,,,,,,,,,,,,,,,,,,,,,,,19.0,19.0,19.0,19.0,1.0,0.0,6.0,1.0,17.49,17.49,17.49,17.49,1.0,0.0,6.0,1.0,-7.42,-7.42,-7.42,-7.42,1.0,0.0,6.0,1.0,1006.1,1006.1,1006.1,1006.1,1.0,0.0,6.0,1.0,,,,,,,,,,,,,,,,,,,,,,,,,,,,,,,,,,,,,,,,,,,,,,,,,,,,,,,,,,,,,,,,,,,,,,,,,,,,,,,,,,,,,,,,,,,,,,,,,,,,,,,,,,,,,,,,,,,,,,,,,,,,,,,,,,
1907,7,266.4,-15.7,,,,,,,,,,,,,,,,,,,,,,,,,,,,,,,,,,,6.7,6.7,6.7,6.7,1.0,0.0,26.0,1.0,-4.74,-4.74,-4.74,-4.74,1.0,0.0,26.0,1.0,4.74,4.74,4.74,4.74,1.0,0.0,26.0,1.0,1016.8,1016.8,1016.8,1016.8,1.0,0.0,26.0,1.0,,,,,,,,,,,,,,,,,,,,,,,,,,,,,,,,,,,,,,,,,,,,,,,,,,,,,,,,,,,,,,,,,,,,,,,,,,,,,,,,,,,,,,,,,,,,,,,,,,,,,,,,,,,,,,,,,,,,,,,,,,,,,,,,,,
1907,7,266.4,-3.7,,,,,,,,,,,,,,,,,,,,,,,,,,,,,,,,,,,4.6,4.6,4.6,4.6,1.0,0.0,30.0,1.0,0.0,0.0,0.0,0.0,1.0,0.0,30.0,1.0,4.6,4.6,4.6,4.6,1.0,0.0,30.0,1.0,1013.0,1013.0,1013.0,1013.0,1.0,0.0,30.0,1.0,,,,,,,,,,,,,,,,,,,,,,,,,,,,,,,,,,,,,,,,,,,,,,,,,,,,,,,,,,,,,,,,,,,,,,,,,,,,,,,,,,,,,,,,,,,,,,,,,,,,,,,,,,,,,,,,,,,,,,,,,,,,,,,,,,
1907,7,266.4,10.3,,,,,,,,,,,,,,,,,,,,,,,,,,,,,,,,,,,4.6,4.6,4.6,4.6,1.0,0.0,4.0,1.0,-2.96,-2.96,-2.96,-2.96,1.0,0.0,4.0,1.0,3.52,3.52,3.52,3.52,1.0,0.0,4.0,1.0,1010.7,1010.7,1010.7,1010.7,1.0,0.0,4.0,1.0,,,,,,,,,,,,,,,,,,,,,,,,,,,,,,,,,,,,,,,,,,,,,,,,,,,,,,,,,,,,,,,,,,,,,,,,,,,,,,,,,,,,,,,,,,,,,,,,,,,,,,,,,,,,,,,,,,,,,,,,,,,,,,,,,,
1907,7,266.4,14.3,,,,,,,,,,,,,,,,,,,,,,,,,,,,,,,,,,,2.6,3.6,6.7,4.33,10.0,2.56,14.0,0.6,-3.82,-0.46,2.47,-0.74,10.0,3.93,14.0,0.6,-2.78,0.0,3.42,-0.1,10.0,3.37,14.0,0.6,1010.48,1011.0,1011.52,1011.0,4.0,0.82,6.0,0.0,,,,,,,,,,,,,,,,,,,,,,,,,,,,,,,,,,,,,,,,,,,,,,,,,,,,,,,,,,,,,,,,,,,,,,,,,,,,,,,,,,,,,,,,,,,,,,,,,,,,,,,,,,,,,,,,,,,,,,,,,,,,,,,,,,
1907,7,266.4,20.3,,,,,,,,,,,,,,,,,,,,,,,,,,,,,,,,,,,0.79,9.8,9.8,6.7,6.0,4.81,12.0,0.3,-9.8,-9.44,0.0,-6.41,6.0,4.98,12.0,0.3,-0.76,0.0,0.21,-0.45,6.0,1.63,12.0,0.3,1013.86,1014.0,1014.61,1014.23,3.0,0.59,10.0,0.3,,,,,,,,,,,,,,,,,,,,,,,,,,,,,,,,,,,,,,,,,,,,,,,,,,,,,,,,,,,,,,,,,,,,,,,,,,,,,,,,,,,,,,,,,,,,,,,,,,,,,,,,,,,,,,,,,,,,,,,,,,,,,,,,,,
1907,7,266.4,28.3,,,,,,,,,,,,,,,,,,,,,,,,,,,,,,,,,,,1.94,4.6,5.47,3.96,11.0,1.96,14.0,0.3,-1.72,0.0,0.29,-0.37,11.0,1.23,14.0,0.3,1.37,4.27,5.27,3.74,11.0,2.02,14.0,0.3,1013.49,1014.7,1016.45,1014.92,5.0,1.83,18.0,0.0,,,,,,,,,,,,,,,,,,,,,,,,,,,,,,,,,,,,,,,,,,,,,,,,,,,,,,,,,,,,,,,,,,,,,,,,,,,,,,,,,,,,,,,,,,,,,,,,,,,,,,,,,,,,,,,,,,,,,,,,,,,,,,,,,,
1907,7,268.4,-53.7,,,,,,,,,,,,,,,,,,,,,,,,,,,,,,,,,,,6.7,6.7,6.7,6.7,1.0,0.0,8.0,1.0,2.51,2.51,2.51,2.51,1.0,0.0,8.0,1.0,-6.21,-6.21,-6.21,-6.21,1.0,0.0,8.0,1.0,974.6,974.6,974.6,974.6,1.0,0.0,8.0,1.0,,,,,,,,,,,,,,,,,,,,,,,,,,,,,,,,,,,,,,,,,,,,,,,,,,,,,,,,,,,,,,,,,,,,,,,,,,,,,,,,,,,,,,,,,,,,,,,,,,,,,,,,,,,,,,,,,,,,,,,,,,,,,,,,,,
1907,7,268.4,-49.7,,,,,,,,,,,,,,,,,,,,,,,,,,,,,,,,,,,10.27,12.35,14.43,12.35,2.0,4.31,6.0,1.0,9.5,11.4,13.29,11.4,2.0,3.93,6.0,1.0,-4.51,-1.27,1.98,-1.27,2.0,6.72,6.0,1.0,993.07,1001.4,1009.73,1001.4,2.0,17.25,6.0,1.0,,,,,,,,,,,,,,,,,,,,,,,,,,,,,,,,,,,,,,,,,,,,,,,,,,,,,,,,,,,,,,,,,,,,,,,,,,,,,,,,,,,,,,,,,,,,,,,,,,,,,,,,,,,,,,,,,,,,,,,,,,,,,,,,,,
1907,7,268.4,-43.7,,,,,,,,,,,,,,,,,,,,,,,,,,,,,,,,,,,8.08,11.05,14.02,11.05,2.0,6.15,16.0,0.5,-4.31,-0.64,3.03,-0.64,2.0,7.6,16.0,0.5,-11.17,-4.72,1.74,-4.72,2.0,13.37,16.0,0.5,1022.7,1022.7,1022.7,1022.7,1.0,0.0,4.0,0.0,,,,,,,,,,,,,,,,,,,,,,,,,,,,,,,,,,,,,,,,,,,,,,,,,,,,,,,,,,,,,,,,,,,,,,,,,,,,,,,,,,,,,,,,,,,,,,,,,,,,,,,,,,,,,,,,,,,,,,,,,,,,,,,,,,
1907,7,268.4,-41.7,,,,,,,,,,,,,,,,,,,,,,,,,,,,,,,,,,,7.94,9.3,10.87,9.4,4.0,2.29,2.0,0.8,-5.73,-4.22,-1.73,-3.75,4.0,2.78,2.0,0.8,-10.01,-7.63,-6.64,-8.29,4.0,2.22,2.0,0.8,1023.79,1024.35,1025.7,1024.73,4.0,1.33,2.0,0.8,,,,,,,,,,,,,,,,,,,,,,,,,,,,,,,,,,,,,,,,,,,,,,,,,,,,,,,,,,,,,,,,,,,,,,,,,,,,,,,,,,,,,,,,,,,,,,,,,,,,,,,,,,,,,,,,,,,,,,,,,,,,,,,,,,
1907,7,268.4,-39.7,,,,,,,,,,,,,,,,,,,,,,,,,,,,,,,,,,,1.0,1.0,2.6,1.53,6.0,0.83,2.0,0.3,-2.41,-0.2,0.37,-0.74,6.0,1.32,2.0,0.3,-0.98,-0.95,-0.93,-0.95,6.0,0.03,2.0,0.3,1026.64,1027.3,1027.98,1027.32,6.0,0.81,2.0,0.3,,,,,,,,,,,,,,,,,,,,,,,,,,,,,,,,,,,,,,,,,,,,,,,,,,,,,,,,,,,,,,,,,,,,,,,,,,,,,,,,,,,,,,,,,,,,,,,,,,,,,,,,,,,,,,,,,,,,,,,,,,,,,,,,,,
1907,7,268.4,-17.7,,,,,,,,,,,,,,,,,,,,,,,,,,,,,,,,,,,4.93,5.65,6.37,5.65,2.0,1.48,16.0,1.0,-5.92,-5.38,-4.85,-5.38,2.0,1.11,16.0,1.0,0.42,1.31,2.2,1.31,2.0,1.85,16.0,1.0,1017.3,1017.3,1017.3,1017.3,1.0,0.0,24.0,1.0,,,,,,,,,,,,,,,,,,,,,,,,,,,,,,,,,,,,,,,,,,,,,,,,,,,,,,,,,,,,,,,,,,,,,,,,,,,,,,,,,,,,,,,,,,,,,,,,,,,,,,,,,,,,,,,,,,,,,,,,,,,,,,,,,,
1907,7,268.4,-13.7,,,,,,,,,,,,,,,,,,,,,,,,,,,,,,,,,,,6.7,6.7,6.7,6.7,1.0,0.0,28.0,1.0,-6.7,-6.7,-6.7,-6.7,1.0,0.0,28.0,1.0,0.0,0.0,0.0,0.0,1.0,0.0,28.0,1.0,1014.4,1014.4,1014.4,1014.4,1.0,0.0,28.0,1.0,,,,,,,,,,,,,,,,,,,,,,,,,,,,,,,,,,,,,,,,,,,,,,,,,,,,,,,,,,,,,,,,,,,,,,,,,,,,,,,,,,,,,,,,,,,,,,,,,,,,,,,,,,,,,,,,,,,,,,,,,,,,,,,,,,
1907,7,268.4,-3.7,,,,,,,,,,,,,,,,,,,,,,,,,,,,,,,,,,,2.6,2.6,2.6,2.6,1.0,0.0,28.0,1.0,0.0,0.0,0.0,0.0,1.0,0.0,28.0,1.0,2.6,2.6,2.6,2.6,1.0,0.0,28.0,1.0,1011.7,1011.7,1011.7,1011.7,1.0,0.0,28.0,1.0,,,,,,,,,,,,,,,,,,,,,,,,,,,,,,,,,,,,,,,,,,,,,,,,,,,,,,,,,,,,,,,,,,,,,,,,,,,,,,,,,,,,,,,,,,,,,,,,,,,,,,,,,,,,,,,,,,,,,,,,,,,,,,,,,,
1907,7,268.4,8.3,,,,,,,,,,,,,,,,,,,,,,,,,,,,,,,,,,,1.0,1.0,1.0,1.0,1.0,0.0,6.0,1.0,1.0,1.0,1.0,1.0,1.0,0.0,6.0,1.0,0.0,0.0,0.0,0.0,1.0,0.0,6.0,1.0,1012.0,1012.0,1012.0,1012.0,1.0,0.0,6.0,1.0,,,,,,,,,,,,,,,,,,,,,,,,,,,,,,,,,,,,,,,,,,,,,,,,,,,,,,,,,,,,,,,,,,,,,,,,,,,,,,,,,,,,,,,,,,,,,,,,,,,,,,,,,,,,,,,,,,,,,,,,,,,,,,,,,,
1907,7,268.4,20.3,,,,,,,,,,,,,,,,,,,,,,,,,,,,,,,,,,,1.18,5.65,9.8,5.54,8.0,4.08,12.0,0.6,-9.72,-5.48,0.0,-4.96,8.0,4.49,12.0,0.6,-1.53,0.0,0.89,-0.22,8.0,1.84,12.0,0.6,1014.11,1014.9,1015.51,1014.8,5.0,1.25,10.0,0.6,,,,,,,,,,,,,,,,,,,,,,,,,,,,,,,,,,,,,,,,,,,,,,,,,,,,,,,,,,,,,,,,,,,,,,,,,,,,,,,,,,,,,,,,,,,,,,,,,,,,,,,,,,,,,,,,,,,,,,,,,,,,,,,,,,
1907,7,268.4,26.3,,,,,,,,,,,,,,,,,,,,,,,,,,,,,,,,,,,1.43,4.6,4.6,3.36,9.0,1.58,16.0,0.8,0.0,0.0,1.59,0.75,9.0,1.13,16.0,0.8,0.46,2.6,4.6,2.3,9.0,2.71,16.0,0.8,1016.02,1017.0,1017.45,1016.75,4.0,0.93,20.0,1.0,,,,,,,,,,,,,,,,,,,,,,,,,,,,,,,,,,,,,,,,,,,,,,,,,,,,,,,,,,,,,,,,,,,,,,,,,,,,,,,,,,,,,,,,,,,,,,,,,,,,,,,,,,,,,,,,,,,,,,,,,,,,,,,,,,
1907,7,268.4,28.3,,,,,,,,,,,,,,,,,,,,,,,,,,,,,,,,,,,2.6,2.6,2.6,2.6,1.0,0.0,14.0,1.0,0.0,0.0,0.0,0.0,1.0,0.0,14.0,1.0,2.6,2.6,2.6,2.6,1.0,0.0,14.0,1.0,1015.2,1015.2,1015.2,1015.2,1.0,0.0,14.0,1.0,,,,,,,,,,,,,,,,,,,,,,,,,,,,,,,,,,,,,,,,,,,,,,,,,,,,,,,,,,,,,,,,,,,,,,,,,,,,,,,,,,,,,,,,,,,,,,,,,,,,,,,,,,,,,,,,,,,,,,,,,,,,,,,,,,
1907,7,270.4,-51.7,,,,,,,,,,,,,,,,,,,,,,,,,,,,,,,,,,,12.3,12.3,12.3,12.3,1.0,0.0,6.0,1.0,12.3,12.3,12.3,12.3,1.0,0.0,6.0,1.0,0.0,0.0,0.0,0.0,1.0,0.0,6.0,1.0,1011.8,1011.8,1011.8,1011.8,1.0,0.0,6.0,1.0,,,,,,,,,,,,,,,,,,,,,,,,,,,,,,,,,,,,,,,,,,,,,,,,,,,,,,,,,,,,,,,,,,,,,,,,,,,,,,,,,,,,,,,,,,,,,,,,,,,,,,,,,,,,,,,,,,,,,,,,,,,,,,,,,,
1907,7,270.4,-47.7,,,,,,,,,,,,,,,,,,,,,,,,,,,,,,,,,,,10.25,12.3,12.3,11.3,3.0,1.73,12.0,1.0,-4.89,4.61,4.61,-0.03,3.0,8.03,12.0,1.0,-11.4,-11.4,-3.62,-7.6,3.0,6.58,12.0,1.0,988.77,1005.35,1014.12,1001.63,4.0,15.77,16.0,1.0,,,,,,,,,,,,,,,,,,,,,,,,,,,,,,,,,,,,,,,,,,,,,,,,,,,,,,,,,,,,,,,,,,,,,,,,,,,,,,,,,,,,,,,,,,,,,,,,,,,,,,,,,,,,,,,,,,,,,,,,,,,,,,,,,,
1907,7,270.4,-45.7,,,,,,,,,,,,,,,,,,,,,,,,,,,,,,,,,,,11.68,13.85,15.4,13.35,6.0,2.5,12.0,0.5,-6.02,-5.41,9.92,-0.21,6.0,8.59,12.0,0.5,-14.18,-12.75,0.0,-8.97,6.0,7.04,12.0,0.5,1002.48,1016.9,1018.26,1010.16,5.0,14.68,8.0,0.4,,,,,,,,,,,,,,,,,,,,,,,,,,,,,,,,,,,,,,,,,,,,,,,,,,,,,,,,,,,,,,,,,,,,,,,,,,,,,,,,,,,,,,,,,,,,,,,,,,,,,,,,,,,,,,,,,,,,,,,,,,,,,,,,,,
1907,7,270.4,-43.7,,,,,,,,,,,,,,,,,,,,,,,,,,,,,,,,,,,12.3,12.3,14.42,13.33,3.0,1.79,4.0,0.7,-5.63,-4.81,-4.81,-5.21,3.0,0.7,4.0,0.7,-13.27,-11.32,-11.32,-12.27,3.0,1.65,4.0,0.7,1020.1,1020.3,1021.67,1020.87,3.0,1.25,4.0,0.7,,,,,,,,,,,,,,,,,,,,,,,,,,,,,,,,,,,,,,,,,,,,,,,,,,,,,,,,,,,,,,,,,,,,,,,,,,,,,,,,,,,,,,,,,,,,,,,,,,,,,,,,,,,,,,,,,,,,,,,,,,,,,,,,,,
1907,7,270.4,-25.7,,,,,,,,,,,,,,,,,,,,,,,,,,,,,,,,,,,3.23,4.6,7.81,5.5,3.0,3.44,30.0,1.0,-5.83,-4.23,-1.34,-3.6,3.0,3.33,30.0,1.0,-1.2,1.8,5.06,1.92,3.0,4.59,30.0,1.0,1021.14,1022.1,1023.06,1022.1,3.0,1.4,30.0,1.0,,,,,,,,,,,,,,,,,,,,,,,,,,,,,,,,,,,,,,,,,,,,,,,,,,,,,,,,,,,,,,,,,,,,,,,,,,,,,,,,,,,,,,,,,,,,,,,,,,,,,,,,,,,,,,,,,,,,,,,,,,,,,,,,,,
1907,7,270.4,-23.7,,,,,,,,,,,,,,,,,,,,,,,,,,,,,,,,,,,1.0,1.0,3.33,2.04,5.0,1.59,28.0,1.0,-2.35,-0.71,0.0,-1.16,5.0,1.39,28.0,1.0,-1.0,0.71,2.35,0.76,5.0,1.84,28.0,1.0,1016.81,1018.4,1020.55,1018.66,5.0,2.12,28.0,1.0,,,,,,,,,,,,,,,,,,,,,,,,,,,,,,,,,,,,,,,,,,,,,,,,,,,,,,,,,,,,,,,,,,,,,,,,,,,,,,,,,,,,,,,,,,,,,,,,,,,,,,,,,,,,,,,,,,,,,,,,,,,,,,,,,,
1907,7,270.4,-17.7,,,,,,,,,,,,,,,,,,,,,,,,,,,,,,,,,,,6.7,6.7,6.7,6.7,2.0,0.0,20.0,1.0,-5.94,-5.45,-4.96,-5.45,2.0,1.01,20.0,1.0,2.95,3.68,4.4,3.68,2.0,1.5,20.0,1.0,1017.2,1017.2,1017.2,1017.2,1.0,0.0,30.0,1.0,,,,,,,,,,,,,,,,,,,,,,,,,,,,,,,,,,,,,,,,,,,,,,,,,,,,,,,,,,,,,,,,,,,,,,,,,,,,,,,,,,,,,,,,,,,,,,,,,,,,,,,,,,,,,,,,,,,,,,,,,,,,,,,,,,
1907,7,270.4,-13.7,,,,,,,,,,,,,,,,,,,,,,,,,,,,,,,,,,,3.23,4.6,6.03,4.63,3.0,2.05,18.0,1.0,-5.24,-3.25,-2.67,-3.94,3.0,1.98,18.0,1.0,1.52,2.62,3.05,2.3,3.0,1.15,18.0,1.0,1014.9,1014.9,1014.9,1014.9,1.0,0.0,26.0,1.0,,,,,,,,,,,,,,,,,,,,,,,,,,,,,,,,,,,,,,,,,,,,,,,,,,,,,,,,,,,,,,,,,,,,,,,,,,,,,,,,,,,,,,,,,,,,,,,,,,,,,,,,,,,,,,,,,,,,,,,,,,,,,,,,,,
1907,7,270.4,-3.7,,,,,,,,,,,,,,,,,,,,,,,,,,,,,,,,,,,4.6,4.6,4.6,4.6,1.0,0.0,28.0,1.0,0.0,0.0,0.0,0.0,1.0,0.0,28.0,1.0,4.6,4.6,4.6,4.6,1.0,0.0,28.0,1.0,1011.5,1011.5,1011.5,1011.5,1.0,0.0,28.0,1.0,,,,,,,,,,,,,,,,,,,,,,,,,,,,,,,,,,,,,,,,,,,,,,,,,,,,,,,,,,,,,,,,,,,,,,,,,,,,,,,,,,,,,,,,,,,,,,,,,,,,,,,,,,,,,,,,,,,,,,,,,,,,,,,,,,
1907,7,270.4,12.3,,,,,,,,,,,,,,,,,,,,,,,,,,,,,,,,,,,4.43,4.6,6.82,5.36,7.0,2.58,14.0,0.3,-4.23,2.62,4.38,0.99,7.0,4.18,14.0,0.3,-0.99,1.8,6.17,1.48,7.0,4.36,14.0,0.3,1010.94,1011.25,1011.56,1011.25,2.0,0.64,6.0,0.0,,,,,,,,,,,,,,,,,,,,,,,,,,,,,,,,,,,,,,,,,,,,,,,,,,,,,,,,,,,,,,,,,,,,,,,,,,,,,,,,,,,,,,,,,,,,,,,,,,,,,,,,,,,,,,,,,,,,,,,,,,,,,,,,,,
1907,7,270.4,20.3,,,,,,,,,,,,,,,,,,,,,,,,,,,,,,,,,,,3.87,4.6,5.37,4.62,5.0,1.45,14.0,0.6,-4.44,-3.25,-1.39,-2.73,5.0,2.64,14.0,0.6,-3.79,-3.25,-0.42,-2.23,5.0,2.51,14.0,0.6,1013.32,1014.0,1014.68,1014.0,2.0,1.41,10.0,0.0,,,,,,,,,,,,,,,,,,,,,,,,,,,,,,,,,,,,,,,,,,,,,,,,,,,,,,,,,,,,,,,,,,,,,,,,,,,,,,,,,,,,,,,,,,,,,,,,,,,,,,,,,,,,,,,,,,,,,,,,,,,,,,,,,,
1907,7,270.4,22.3,,,,,,,,,,,,,,,,,,,,,,,,,,,,,,,,,,,2.6,2.6,6.7,4.03,10.0,2.77,18.0,0.4,-6.17,-2.6,-1.03,-3.37,10.0,3.1,18.0,0.4,-0.97,0.0,2.28,0.16,10.0,1.85,18.0,0.4,1015.4,1016.05,1016.7,1016.05,2.0,1.34,10.0,0.5,,,,,,,,,,,,,,,,,,,,,,,,,,,,,,,,,,,,,,,,,,,,,,,,,,,,,,,,,,,,,,,,,,,,,,,,,,,,,,,,,,,,,,,,,,,,,,,,,,,,,,,,,,,,,,,,,,,,,,,,,,,,,,,,,,
1907,7,270.4,26.3,,,,,,,,,,,,,,,,,,,,,,,,,,,,,,,,,,,0.0,1.0,4.6,2.28,13.0,2.02,14.0,0.3,-1.72,-0.71,0.0,-0.76,13.0,1.08,14.0,0.3,0.0,0.71,4.27,1.9,13.0,2.01,14.0,0.3,1016.62,1018.0,1018.74,1017.82,6.0,1.14,18.0,0.3,,,,,,,,,,,,,,,,,,,,,,,,,,,,,,,,,,,,,,,,,,,,,,,,,,,,,,,,,,,,,,,,,,,,,,,,,,,,,,,,,,,,,,,,,,,,,,,,,,,,,,,,,,,,,,,,,,,,,,,,,,,,,,,,,,
1907,7,270.4,28.3,,,,,,,,,,,,,,,,,,,,,,,,,,,,,,,,,,,2.6,2.6,2.6,2.6,1.0,0.0,16.0,1.0,-1.84,-1.84,-1.84,-1.84,1.0,0.0,16.0,1.0,-1.84,-1.84,-1.84,-1.84,1.0,0.0,16.0,1.0,1019.4,1019.4,1019.4,1019.4,1.0,0.0,16.0,1.0,,,,,,,,,,,,,,,,,,,,,,,,,,,,,,,,,,,,,,,,,,,,,,,,,,,,,,,,,,,,,,,,,,,,,,,,,,,,,,,,,,,,,,,,,,,,,,,,,,,,,,,,,,,,,,,,,,,,,,,,,,,,,,,,,,
1907,7,272.4,-53.7,,,,,,,,,,,,,,,,,,,,,,,,,,,,,,,,,,,6.7,6.7,6.7,6.7,1.0,0.0,6.0,1.0,4.74,4.74,4.74,4.74,1.0,0.0,6.0,1.0,4.74,4.74,4.74,4.74,1.0,0.0,6.0,1.0,1002.7,1002.7,1002.7,1002.7,1.0,0.0,6.0,1.0,,,,,,,,,,,,,,,,,,,,,,,,,,,,,,,,,,,,,,,,,,,,,,,,,,,,,,,,,,,,,,,,,,,,,,,,,,,,,,,,,,,,,,,,,,,,,,,,,,,,,,,,,,,,,,,,,,,,,,,,,,,,,,,,,,
1907,7,272.4,-51.7,,,,,,,,,,,,,,,,,,,,,,,,,,,,,,,,,,,2.71,4.6,7.06,4.88,4.0,3.4,18.0,1.0,1.06,3.74,5.46,3.28,4.0,3.13,18.0,1.0,-1.12,1.44,4.99,1.91,4.0,3.77,18.0,1.0,984.92,996.2,1014.81,999.7,4.0,18.12,18.0,1.0,,,,,,,,,,,,,,,,,,,,,,,,,,,,,,,,,,,,,,,,,,,,,,,,,,,,,,,,,,,,,,,,,,,,,,,,,,,,,,,,,,,,,,,,,,,,,,,,,,,,,,,,,,,,,,,,,,,,,,,,,,,,,,,,,,
1907,7,272.4,-49.7,,,,,,,,,,,,,,,,,,,,,,,,,,,,,,,,,,,8.35,12.3,13.43,11.2,5.0,3.31,14.0,0.8,-4.03,8.62,12.3,4.07,5.0,11.59,14.0,0.8,-2.27,0.0,1.27,-0.55,5.0,3.51,14.0,0.8,998.84,1014.6,1017.71,1009.46,5.0,10.42,14.0,0.8,,,,,,,,,,,,,,,,,,,,,,,,,,,,,,,,,,,,,,,,,,,,,,,,,,,,,,,,,,,,,,,,,,,,,,,,,,,,,,,,,,,,,,,,,,,,,,,,,,,,,,,,,,,,,,,,,,,,,,,,,,,,,,,,,,
1907,7,272.4,-47.7,,,,,,,,,,,,,,,,,,,,,,,,,,,,,,,,,,,6.7,6.7,16.14,10.2,6.0,5.54,16.0,0.7,2.78,5.45,12.28,6.57,6.0,7.42,16.0,0.7,-3.06,4.74,7.9,3.35,6.0,5.93,16.0,0.7,979.22,1001.2,1019.56,999.7,6.0,21.04,16.0,0.7,,,,,,,,,,,,,,,,,,,,,,,,,,,,,,,,,,,,,,,,,,,,,,,,,,,,,,,,,,,,,,,,,,,,,,,,,,,,,,,,,,,,,,,,,,,,,,,,,,,,,,,,,,,,,,,,,,,,,,,,,,,,,,,,,,
1907,7,272.4,-45.7,,,,,,,,,,,,,,,,,,,,,,,,,,,,,,,,,,,3.25,4.65,6.05,4.65,2.0,2.9,30.0,1.0,-1.55,-0.92,-0.29,-0.92,2.0,1.3,30.0,1.0,-5.93,-4.27,-2.61,-4.27,2.0,3.44,30.0,1.0,1004.48,1006.6,1008.72,1006.6,2.0,4.38,30.0,1.0,,,,,,,,,,,,,,,,,,,,,,,,,,,,,,,,,,,,,,,,,,,,,,,,,,,,,,,,,,,,,,,,,,,,,,,,,,,,,,,,,,,,,,,,,,,,,,,,,,,,,,,,,,,,,,,,,,,,,,,,,,,,,,,,,,
1907,7,272.4,-43.7,,,,,,,,,,,,,,,,,,,,,,,,,,,,,,,,,,,6.7,6.7,6.7,6.7,1.0,0.0,30.0,1.0,0.0,0.0,0.0,0.0,1.0,0.0,30.0,1.0,-6.7,-6.7,-6.7,-6.7,1.0,0.0,30.0,1.0,1011.8,1011.8,1011.8,1011.8,1.0,0.0,30.0,1.0,,,,,,,,,,,,,,,,,,,,,,,,,,,,,,,,,,,,,,,,,,,,,,,,,,,,,,,,,,,,,,,,,,,,,,,,,,,,,,,,,,,,,,,,,,,,,,,,,,,,,,,,,,,,,,,,,,,,,,,,,,,,,,,,,,
1907,7,272.4,-41.7,,,,,,,,,,,,,,,,,,,,,,,,,,,,,,,,,,,5.27,6.7,12.64,8.9,3.0,5.73,26.0,1.0,0.55,1.72,4.48,2.5,3.0,2.96,26.0,1.0,-11.1,-4.27,3.22,-3.95,3.0,10.49,26.0,1.0,994.87,1014.6,1015.83,1005.57,3.0,17.23,26.0,1.0,,,,,,,,,,,,,,,,,,,,,,,,,,,,,,,,,,,,,,,,,,,,,,,,,,,,,,,,,,,,,,,,,,,,,,,,,,,,,,,,,,,,,,,,,,,,,,,,,,,,,,,,,,,,,,,,,,,,,,,,,,,,,,,,,,
1907,7,272.4,-39.7,,,,,,,,,,,,,,,,,,,,,,,,,,,,,,,,,,,15.4,15.4,15.4,15.4,1.0,0.0,30.0,1.0,15.4,15.4,15.4,15.4,1.0,0.0,30.0,1.0,0.0,0.0,0.0,0.0,1.0,0.0,30.0,1.0,1009.7,1009.7,1009.7,1009.7,1.0,0.0,30.0,1.0,,,,,,,,,,,,,,,,,,,,,,,,,,,,,,,,,,,,,,,,,,,,,,,,,,,,,,,,,,,,,,,,,,,,,,,,,,,,,,,,,,,,,,,,,,,,,,,,,,,,,,,,,,,,,,,,,,,,,,,,,,,,,,,,,,
1907,7,272.4,-37.7,,,,,,,,,,,,,,,,,,,,,,,,,,,,,,,,,,,7.59,9.5,11.41,9.5,2.0,3.96,22.0,1.0,7.43,9.01,10.59,9.01,2.0,3.27,22.0,1.0,-4.04,-2.4,-0.76,-2.4,2.0,3.4,22.0,1.0,1011.37,1015.4,1019.43,1015.4,2.0,8.34,22.0,1.0,,,,,,,,,,,,,,,,,,,,,,,,,,,,,,,,,,,,,,,,,,,,,,,,,,,,,,,,,,,,,,,,,,,,,,,,,,,,,,,,,,,,,,,,,,,,,,,,,,,,,,,,,,,,,,,,,,,,,,,,,,,,,,,,,,
1907,7,272.4,-35.7,,,,,,,,,,,,,,,,,,,,,,,,,,,,,,,,,,,6.7,6.7,6.7,6.7,1.0,0.0,28.0,1.0,6.17,6.17,6.17,6.17,1.0,0.0,28.0,1.0,-2.62,-2.62,-2.62,-2.62,1.0,0.0,28.0,1.0,1009.0,1009.0,1009.0,1009.0,1.0,0.0,28.0,1.0,,,,,,,,,,,,,,,,,,,,,,,,,,,,,,,,,,,,,,,,,,,,,,,,,,,,,,,,,,,,,,,,,,,,,,,,,,,,,,,,,,,,,,,,,,,,,,,,,,,,,,,,,,,,,,,,,,,,,,,,,,,,,,,,,,
1907,7,272.4,-33.7,,,,,,,,,,,,,,,,,,,,,,,,,,,,,,,,,,,12.3,12.3,12.3,12.3,1.0,0.0,20.0,1.0,8.7,8.7,8.7,8.7,1.0,0.0,20.0,1.0,-8.7,-8.7,-8.7,-8.7,1.0,0.0,20.0,1.0,1019.3,1019.3,1019.3,1019.3,1.0,0.0,20.0,1.0,,,,,,,,,,,,,,,,,,,,,,,,,,,,,,,,,,,,,,,,,,,,,,,,,,,,,,,,,,,,,,,,,,,,,,,,,,,,,,,,,,,,,,,,,,,,,,,,,,,,,,,,,,,,,,,,,,,,,,,,,,,,,,,,,,
1907,7,272.4,-27.7,,,,,,,,,,,,,,,,,,,,,,,,,,,,,,,,,,,4.6,4.6,4.6,4.6,1.0,0.0,30.0,1.0,0.0,0.0,0.0,0.0,1.0,0.0,30.0,1.0,-4.6,-4.6,-4.6,-4.6,1.0,0.0,30.0,1.0,1021.0,1021.0,1021.0,1021.0,1.0,0.0,30.0,1.0,,,,,,,,,,,,,,,,,,,,,,,,,,,,,,,,,,,,,,,,,,,,,,,,,,,,,,,,,,,,,,,,,,,,,,,,,,,,,,,,,,,,,,,,,,,,,,,,,,,,,,,,,,,,,,,,,,,,,,,,,,,,,,,,,,
1907,7,272.4,-23.7,,,,,,,,,,,,,,,,,,,,,,,,,,,,,,,,,,,2.6,2.6,2.6,2.6,1.0,0.0,28.0,1.0,-2.6,-2.6,-2.6,-2.6,1.0,0.0,28.0,1.0,0.0,0.0,0.0,0.0,1.0,0.0,28.0,1.0,1018.7,1018.7,1018.7,1018.7,1.0,0.0,28.0,1.0,,,,,,,,,,,,,,,,,,,,,,,,,,,,,,,,,,,,,,,,,,,,,,,,,,,,,,,,,,,,,,,,,,,,,,,,,,,,,,,,,,,,,,,,,,,,,,,,,,,,,,,,,,,,,,,,,,,,,,,,,,,,,,,,,,
1907,7,272.4,-21.7,,,,,,,,,,,,,,,,,,,,,,,,,,,,,,,,,,,1.76,2.6,4.75,3.23,4.0,2.44,26.0,1.0,-3.63,-2.12,-1.25,-2.42,4.0,1.7,26.0,1.0,-0.17,1.27,3.36,1.58,4.0,2.4,26.0,1.0,1018.48,1019.0,1019.63,1019.05,4.0,0.9,26.0,1.0,,,,,,,,,,,,,,,,,,,,,,,,,,,,,,,,,,,,,,,,,,,,,,,,,,,,,,,,,,,,,,,,,,,,,,,,,,,,,,,,,,,,,,,,,,,,,,,,,,,,,,,,,,,,,,,,,,,,,,,,,,,,,,,,,,
1907,7,272.4,-17.7,,,,,,,,,,,,,,,,,,,,,,,,,,,,,,,,,,,6.7,6.7,6.7,6.7,1.0,0.0,24.0,1.0,-6.17,-6.17,-6.17,-6.17,1.0,0.0,24.0,1.0,2.62,2.62,2.62,2.62,1.0,0.0,24.0,1.0,1017.0,1017.0,1017.0,1017.0,1.0,0.0,24.0,1.0,,,,,,,,,,,,,,,,,,,,,,,,,,,,,,,,,,,,,,,,,,,,,,,,,,,,,,,,,,,,,,,,,,,,,,,,,,,,,,,,,,,,,,,,,,,,,,,,,,,,,,,,,,,,,,,,,,,,,,,,,,,,,,,,,,
1907,7,272.4,-3.7,,,,,,,,,,,,,,,,,,,,,,,,,,,,,,,,,,,6.7,6.7,6.7,6.7,1.0,0.0,26.0,1.0,0.0,0.0,0.0,0.0,1.0,0.0,26.0,1.0,6.7,6.7,6.7,6.7,1.0,0.0,26.0,1.0,1012.6,1012.6,1012.6,1012.6,1.0,0.0,26.0,1.0,,,,,,,,,,,,,,,,,,,,,,,,,,,,,,,,,,,,,,,,,,,,,,,,,,,,,,,,,,,,,,,,,,,,,,,,,,,,,,,,,,,,,,,,,,,,,,,,,,,,,,,,,,,,,,,,,,,,,,,,,,,,,,,,,,
1907,7,272.4,2.3,,,,,,,,,,,,,,,,,,,,,,,,,,,,,,,,,,,6.7,6.7,6.7,6.7,1.0,0.0,28.0,1.0,4.74,4.74,4.74,4.74,1.0,0.0,28.0,1.0,4.74,4.74,4.74,4.74,1.0,0.0,28.0,1.0,1010.7,1010.7,1010.7,1010.7,1.0,0.0,28.0,1.0,,,,,,,,,,,,,,,,,,,,,,,,,,,,,,,,,,,,,,,,,,,,,,,,,,,,,,,,,,,,,,,,,,,,,,,,,,,,,,,,,,,,,,,,,,,,,,,,,,,,,,,,,,,,,,,,,,,,,,,,,,,,,,,,,,
1907,7,272.4,4.3,,,,,,,,,,,,,,,,,,,,,,,,,,,,,,,,,,,5.35,6.95,8.55,6.95,2.0,3.32,18.0,1.0,0.5,1.59,2.68,1.59,2.0,2.25,18.0,1.0,5.26,6.67,8.08,6.67,2.0,2.93,18.0,1.0,1009.82,1010.3,1010.78,1010.3,2.0,0.99,18.0,1.0,,,,,,,,,,,,,,,,,,,,,,,,,,,,,,,,,,,,,,,,,,,,,,,,,,,,,,,,,,,,,,,,,,,,,,,,,,,,,,,,,,,,,,,,,,,,,,,,,,,,,,,,,,,,,,,,,,,,,,,,,,,,,,,,,,
1907,7,272.4,6.3,,,,,,,,,,,,,,,,,,,,,,,,,,,,,,,,,,,4.6,4.6,4.6,4.6,1.0,0.0,30.0,1.0,3.25,3.25,3.25,3.25,1.0,0.0,30.0,1.0,3.25,3.25,3.25,3.25,1.0,0.0,30.0,1.0,1011.5,1011.5,1011.5,1011.5,1.0,0.0,30.0,1.0,,,,,,,,,,,,,,,,,,,,,,,,,,,,,,,,,,,,,,,,,,,,,,,,,,,,,,,,,,,,,,,,,,,,,,,,,,,,,,,,,,,,,,,,,,,,,,,,,,,,,,,,,,,,,,,,,,,,,,,,,,,,,,,,,,
1907,7,272.4,10.3,,,,,,,,,,,,,,,,,,,,,,,,,,,,,,,,,,,2.6,6.7,6.7,5.11,11.0,2.57,20.0,0.7,-6.41,-2.62,-0.6,-3.25,11.0,2.92,20.0,0.7,-6.17,-2.39,0.29,-2.42,11.0,2.96,20.0,0.7,1008.53,1010.1,1010.3,1009.43,3.0,1.42,16.0,1.0,,,,,,,,,,,,,,,,,,,,,,,,,,,,,,,,,,,,,,,,,,,,,,,,,,,,,,,,,,,,,,,,,,,,,,,,,,,,,,,,,,,,,,,,,,,,,,,,,,,,,,,,,,,,,,,,,,,,,,,,,,,,,,,,,,
1907,7,272.4,12.3,,,,,,,,,,,,,,,,,,,,,,,,,,,,,,,,,,,2.52,4.6,6.82,5.07,7.0,2.78,18.0,0.3,-3.41,-2.41,2.62,-1.6,7.0,3.34,18.0,0.3,-1.24,3.25,6.17,1.56,7.0,4.56,18.0,0.3,1009.4,1010.05,1010.7,1010.05,2.0,1.34,16.0,0.0,,,,,,,,,,,,,,,,,,,,,,,,,,,,,,,,,,,,,,,,,,,,,,,,,,,,,,,,,,,,,,,,,,,,,,,,,,,,,,,,,,,,,,,,,,,,,,,,,,,,,,,,,,,,,,,,,,,,,,,,,,,,,,,,,,
1907,7,272.4,22.3,,,,,,,,,,,,,,,,,,,,,,,,,,,,,,,,,,,1.61,2.6,4.6,2.93,16.0,1.77,20.0,0.6,-4.6,-2.51,1.52,-1.89,16.0,2.65,20.0,0.6,-0.6,0.0,1.84,0.27,16.0,1.18,20.0,0.6,1013.84,1015.05,1017.0,1015.4,4.0,1.96,10.0,0.8,,,,,,,,,,,,,,,,,,,,,,,,,,,,,,,,,,,,,,,,,,,,,,,,,,,,,,,,,,,,,,,,,,,,,,,,,,,,,,,,,,,,,,,,,,,,,,,,,,,,,,,,,,,,,,,,,,,,,,,,,,,,,,,,,,
1907,7,272.4,24.3,,,,,,,,,,,,,,,,,,,,,,,,,,,,,,,,,,,1.51,2.6,2.6,2.07,3.0,0.92,12.0,0.7,-0.97,-0.97,-0.94,-0.96,3.0,0.03,12.0,0.7,1.03,2.41,2.41,1.74,3.0,1.17,12.0,0.7,1020.0,1020.0,1020.0,1020.0,1.0,0.0,12.0,1.0,,,,,,,,,,,,,,,,,,,,,,,,,,,,,,,,,,,,,,,,,,,,,,,,,,,,,,,,,,,,,,,,,,,,,,,,,,,,,,,,,,,,,,,,,,,,,,,,,,,,,,,,,,,,,,,,,,,,,,,,,,,,,,,,,,
1907,7,272.4,26.3,,,,,,,,,,,,,,,,,,,,,,,,,,,,,,,,,,,1.0,1.8,2.6,2.0,10.0,1.21,16.0,0.4,-1.4,-0.92,0.0,-0.79,10.0,0.89,16.0,0.4,-0.56,0.85,2.52,1.17,10.0,1.7,16.0,0.4,1017.14,1017.5,1019.01,1017.77,7.0,1.1,18.0,0.3,,,,,,,,,,,,,,,,,,,,,,,,,,,,,,,,,,,,,,,,,,,,,,,,,,,,,,,,,,,,,,,,,,,,,,,,,,,,,,,,,,,,,,,,,,,,,,,,,,,,,,,,,,,,,,,,,,,,,,,,,,,,,,,,,,
1907,7,274.4,-55.7,,,,,,,,,,,,,,,,,,,,,,,,,,,,,,,,,,,6.7,6.7,6.7,6.7,1.0,0.0,24.0,1.0,-4.74,-4.74,-4.74,-4.74,1.0,0.0,24.0,1.0,4.74,4.74,4.74,4.74,1.0,0.0,24.0,1.0,997.0,997.0,997.0,997.0,1.0,0.0,24.0,1.0,,,,,,,,,,,,,,,,,,,,,,,,,,,,,,,,,,,,,,,,,,,,,,,,,,,,,,,,,,,,,,,,,,,,,,,,,,,,,,,,,,,,,,,,,,,,,,,,,,,,,,,,,,,,,,,,,,,,,,,,,,,,,,,,,,
1907,7,274.4,-53.7,,,,,,,,,,,,,,,,,,,,,,,,,,,,,,,,,,,12.3,12.3,12.3,12.3,1.0,0.0,10.0,1.0,11.32,11.32,11.32,11.32,1.0,0.0,10.0,1.0,-4.81,-4.81,-4.81,-4.81,1.0,0.0,10.0,1.0,983.1,983.1,983.1,983.1,1.0,0.0,10.0,1.0,,,,,,,,,,,,,,,,,,,,,,,,,,,,,,,,,,,,,,,,,,,,,,,,,,,,,,,,,,,,,,,,,,,,,,,,,,,,,,,,,,,,,,,,,,,,,,,,,,,,,,,,,,,,,,,,,,,,,,,,,,,,,,,,,,
1907,7,274.4,-51.7,,,,,,,,,,,,,,,,,,,,,,,,,,,,,,,,,,,3.46,6.95,16.13,8.63,10.0,6.44,12.0,0.7,-1.79,3.87,11.41,4.53,10.0,7.22,12.0,0.7,-8.11,-1.63,1.29,-2.82,10.0,6.36,12.0,0.7,995.07,1008.75,1013.74,1006.51,10.0,9.5,12.0,0.7,,,,,,,,,,,,,,,,,,,,,,,,,,,,,,,,,,,,,,,,,,,,,,,,,,,,,,,,,,,,,,,,,,,,,,,,,,,,,,,,,,,,,,,,,,,,,,,,,,,,,,,,,,,,,,,,,,,,,,,,,,,,,,,,,,
1907,7,274.4,-49.7,,,,,,,,,,,,,,,,,,,,,,,,,,,,,,,,,,,5.93,6.7,6.7,6.28,5.0,0.94,12.0,0.4,0.44,6.21,6.21,3.34,5.0,5.4,12.0,0.4,0.18,2.51,2.51,1.35,5.0,2.18,12.0,0.4,1008.95,1015.3,1016.9,1012.92,5.0,7.16,12.0,0.4,,,,,,,,,,,,,,,,,,,,,,,,,,,,,,,,,,,,,,,,,,,,,,,,,,,,,,,,,,,,,,,,,,,,,,,,,,,,,,,,,,,,,,,,,,,,,,,,,,,,,,,,,,,,,,,,,,,,,,,,,,,,,,,,,,
1907,7,274.4,-47.7,,,,,,,,,,,,,,,,,,,,,,,,,,,,,,,,,,,4.14,7.45,10.76,7.45,2.0,6.86,18.0,1.0,3.81,6.86,9.91,6.86,2.0,6.31,18.0,1.0,-4.2,-2.91,-1.62,-2.91,2.0,2.68,18.0,1.0,1005.6,1005.6,1005.6,1005.6,1.0,0.0,16.0,1.0,,,,,,,,,,,,,,,,,,,,,,,,,,,,,,,,,,,,,,,,,,,,,,,,,,,,,,,,,,,,,,,,,,,,,,,,,,,,,,,,,,,,,,,,,,,,,,,,,,,,,,,,,,,,,,,,,,,,,,,,,,,,,,,,,,
1907,7,274.4,-45.7,,,,,,,,,,,,,,,,,,,,,,,,,,,,,,,,,,,13.28,15.4,17.86,15.57,3.0,3.35,30.0,1.0,3.46,10.89,16.43,9.96,3.0,9.53,30.0,1.0,-11.85,-10.89,-3.46,-7.73,3.0,6.73,30.0,1.0,987.78,1008.8,1014.26,1001.2,3.0,20.49,30.0,1.0,,,,,,,,,,,,,,,,,,,,,,,,,,,,,,,,,,,,,,,,,,,,,,,,,,,,,,,,,,,,,,,,,,,,,,,,,,,,,,,,,,,,,,,,,,,,,,,,,,,,,,,,,,,,,,,,,,,,,,,,,,,,,,,,,,
1907,7,274.4,-43.7,,,,,,,,,,,,,,,,,,,,,,,,,,,,,,,,,,,11.24,15.4,17.86,14.57,3.0,4.9,24.0,1.0,-6.4,-6.02,7.26,0.28,3.0,11.4,24.0,1.0,-13.94,-13.44,0.22,-7.01,3.0,11.77,24.0,1.0,996.13,1009.3,1014.28,1005.3,3.0,13.74,24.0,1.0,,,,,,,,,,,,,,,,,,,,,,,,,,,,,,,,,,,,,,,,,,,,,,,,,,,,,,,,,,,,,,,,,,,,,,,,,,,,,,,,,,,,,,,,,,,,,,,,,,,,,,,,,,,,,,,,,,,,,,,,,,,,,,,,,,
1907,7,274.4,-39.7,,,,,,,,,,,,,,,,,,,,,,,,,,,,,,,,,,,12.3,12.3,12.3,12.3,1.0,0.0,26.0,1.0,12.3,12.3,12.3,12.3,1.0,0.0,26.0,1.0,0.0,0.0,0.0,0.0,1.0,0.0,26.0,1.0,1007.1,1007.1,1007.1,1007.1,1.0,0.0,26.0,1.0,,,,,,,,,,,,,,,,,,,,,,,,,,,,,,,,,,,,,,,,,,,,,,,,,,,,,,,,,,,,,,,,,,,,,,,,,,,,,,,,,,,,,,,,,,,,,,,,,,,,,,,,,,,,,,,,,,,,,,,,,,,,,,,,,,
1907,7,274.4,-37.7,,,,,,,,,,,,,,,,,,,,,,,,,,,,,,,,,,,12.3,12.3,12.3,12.3,1.0,0.0,26.0,1.0,8.7,8.7,8.7,8.7,1.0,0.0,26.0,1.0,-8.7,-8.7,-8.7,-8.7,1.0,0.0,26.0,1.0,1013.6,1013.6,1013.6,1013.6,1.0,0.0,26.0,1.0,,,,,,,,,,,,,,,,,,,,,,,,,,,,,,,,,,,,,,,,,,,,,,,,,,,,,,,,,,,,,,,,,,,,,,,,,,,,,,,,,,,,,,,,,,,,,,,,,,,,,,,,,,,,,,,,,,,,,,,,,,,,,,,,,,
1907,7,274.4,-31.7,,,,,,,,,,,,,,,,,,,,,,,,,,,,,,,,,,,6.7,6.7,6.7,6.7,1.0,0.0,24.0,1.0,4.74,4.74,4.74,4.74,1.0,0.0,24.0,1.0,-4.74,-4.74,-4.74,-4.74,1.0,0.0,24.0,1.0,1018.3,1018.3,1018.3,1018.3,1.0,0.0,24.0,1.0,,,,,,,,,,,,,,,,,,,,,,,,,,,,,,,,,,,,,,,,,,,,,,,,,,,,,,,,,,,,,,,,,,,,,,,,,,,,,,,,,,,,,,,,,,,,,,,,,,,,,,,,,,,,,,,,,,,,,,,,,,,,,,,,,,
1907,7,274.4,-23.7,,,,,,,,,,,,,,,,,,,,,,,,,,,,,,,,,,,2.6,2.6,2.6,2.6,1.0,0.0,30.0,1.0,0.0,0.0,0.0,0.0,1.0,0.0,30.0,1.0,2.6,2.6,2.6,2.6,1.0,0.0,30.0,1.0,1018.4,1018.4,1018.4,1018.4,1.0,0.0,30.0,1.0,,,,,,,,,,,,,,,,,,,,,,,,,,,,,,,,,,,,,,,,,,,,,,,,,,,,,,,,,,,,,,,,,,,,,,,,,,,,,,,,,,,,,,,,,,,,,,,,,,,,,,,,,,,,,,,,,,,,,,,,,,,,,,,,,,
1907,7,274.4,-21.7,,,,,,,,,,,,,,,,,,,,,,,,,,,,,,,,,,,2.6,2.6,2.6,2.6,1.0,0.0,24.0,1.0,-1.84,-1.84,-1.84,-1.84,1.0,0.0,24.0,1.0,1.84,1.84,1.84,1.84,1.0,0.0,24.0,1.0,1019.5,1019.5,1019.5,1019.5,1.0,0.0,24.0,1.0,,,,,,,,,,,,,,,,,,,,,,,,,,,,,,,,,,,,,,,,,,,,,,,,,,,,,,,,,,,,,,,,,,,,,,,,,,,,,,,,,,,,,,,,,,,,,,,,,,,,,,,,,,,,,,,,,,,,,,,,,,,,,,,,,,
1907,7,274.4,-19.7,,,,,,,,,,,,,,,,,,,,,,,,,,,,,,,,,,,3.23,4.6,6.03,4.63,3.0,2.05,24.0,1.0,-5.24,-3.25,-0.34,-2.8,3.0,3.61,24.0,1.0,2.46,2.62,3.05,2.75,3.0,0.45,24.0,1.0,1018.03,1018.3,1018.57,1018.3,3.0,0.4,24.0,1.0,,,,,,,,,,,,,,,,,,,,,,,,,,,,,,,,,,,,,,,,,,,,,,,,,,,,,,,,,,,,,,,,,,,,,,,,,,,,,,,,,,,,,,,,,,,,,,,,,,,,,,,,,,,,,,,,,,,,,,,,,,,,,,,,,,
1907,7,274.4,-17.7,,,,,,,,,,,,,,,,,,,,,,,,,,,,,,,,,,,4.93,5.65,6.37,5.65,2.0,1.48,14.0,1.0,-4.66,-4.49,-4.31,-4.49,2.0,0.36,14.0,1.0,2.26,3.27,4.27,3.27,2.0,2.08,14.0,1.0,1017.6,1017.6,1017.6,1017.6,1.0,0.0,22.0,1.0,,,,,,,,,,,,,,,,,,,,,,,,,,,,,,,,,,,,,,,,,,,,,,,,,,,,,,,,,,,,,,,,,,,,,,,,,,,,,,,,,,,,,,,,,,,,,,,,,,,,,,,,,,,,,,,,,,,,,,,,,,,,,,,,,,
1907,7,274.4,-15.7,,,,,,,,,,,,,,,,,,,,,,,,,,,,,,,,,,,6.7,6.7,6.7,6.7,1.0,0.0,26.0,1.0,-6.17,-6.17,-6.17,-6.17,1.0,0.0,26.0,1.0,2.62,2.62,2.62,2.62,1.0,0.0,26.0,1.0,1015.8,1015.8,1015.8,1015.8,1.0,0.0,26.0,1.0,,,,,,,,,,,,,,,,,,,,,,,,,,,,,,,,,,,,,,,,,,,,,,,,,,,,,,,,,,,,,,,,,,,,,,,,,,,,,,,,,,,,,,,,,,,,,,,,,,,,,,,,,,,,,,,,,,,,,,,,,,,,,,,,,,
1907,7,274.4,-3.7,,,,,,,,,,,,,,,,,,,,,,,,,,,,,,,,,,,4.6,4.6,4.6,4.6,1.0,0.0,26.0,1.0,-3.25,-3.25,-3.25,-3.25,1.0,0.0,26.0,1.0,3.25,3.25,3.25,3.25,1.0,0.0,26.0,1.0,1012.3,1012.3,1012.3,1012.3,1.0,0.0,26.0,1.0,,,,,,,,,,,,,,,,,,,,,,,,,,,,,,,,,,,,,,,,,,,,,,,,,,,,,,,,,,,,,,,,,,,,,,,,,,,,,,,,,,,,,,,,,,,,,,,,,,,,,,,,,,,,,,,,,,,,,,,,,,,,,,,,,,
1907,7,274.4,-1.7,,,,,,,,,,,,,,,,,,,,,,,,,,,,,,,,,,,3.23,4.6,4.6,3.93,3.0,1.15,26.0,1.0,0.32,1.02,1.55,0.94,3.0,0.9,26.0,1.0,2.98,4.23,4.48,3.74,3.0,1.18,26.0,1.0,1012.05,1012.8,1013.07,1012.57,3.0,0.78,26.0,1.0,,,,,,,,,,,,,,,,,,,,,,,,,,,,,,,,,,,,,,,,,,,,,,,,,,,,,,,,,,,,,,,,,,,,,,,,,,,,,,,,,,,,,,,,,,,,,,,,,,,,,,,,,,,,,,,,,,,,,,,,,,,,,,,,,,
1907,7,274.4,0.3,,,,,,,,,,,,,,,,,,,,,,,,,,,,,,,,,,,4.93,5.65,6.37,5.65,2.0,1.48,18.0,1.0,0.42,1.31,2.2,1.31,2.0,1.85,18.0,1.0,4.85,5.38,5.92,5.38,2.0,1.11,18.0,1.0,1011.94,1012.25,1012.56,1012.25,2.0,0.64,18.0,1.0,,,,,,,,,,,,,,,,,,,,,,,,,,,,,,,,,,,,,,,,,,,,,,,,,,,,,,,,,,,,,,,,,,,,,,,,,,,,,,,,,,,,,,,,,,,,,,,,,,,,,,,,,,,,,,,,,,,,,,,,,,,,,,,,,,
1907,7,274.4,6.3,,,,,,,,,,,,,,,,,,,,,,,,,,,,,,,,,,,1.0,6.7,9.3,5.23,7.0,3.66,8.0,0.9,0.88,2.62,8.56,3.47,7.0,3.6,8.0,0.9,-3.63,0.37,6.17,1.15,7.0,4.09,8.0,0.9,1010.46,1010.6,1011.01,1010.77,6.0,0.76,8.0,1.0,,,,,,,,,,,,,,,,,,,,,,,,,,,,,,,,,,,,,,,,,,,,,,,,,,,,,,,,,,,,,,,,,,,,,,,,,,,,,,,,,,,,,,,,,,,,,,,,,,,,,,,,,,,,,,,,,,,,,,,,,,,,,,,,,,
1907,7,274.4,8.3,,,,,,,,,,,,,,,,,,,,,,,,,,,,,,,,,,,1.0,2.6,5.9,3.24,16.0,2.14,20.0,0.4,-2.31,0.01,3.0,-0.01,16.0,2.8,20.0,0.4,-2.93,0.92,2.71,0.3,16.0,2.8,20.0,0.4,1008.73,1009.9,1011.08,1009.77,6.0,1.47,14.0,0.7,,,,,,,,,,,,,,,,,,,,,,,,,,,,,,,,,,,,,,,,,,,,,,,,,,,,,,,,,,,,,,,,,,,,,,,,,,,,,,,,,,,,,,,,,,,,,,,,,,,,,,,,,,,,,,,,,,,,,,,,,,,,,,,,,,
1907,7,274.4,10.3,,,,,,,,,,,,,,,,,,,,,,,,,,,,,,,,,,,1.25,1.8,2.35,1.8,2.0,1.13,22.0,0.5,-2.08,-0.95,0.18,-0.95,2.0,2.34,22.0,0.5,0.11,0.35,0.59,0.35,2.0,0.5,22.0,0.5,1010.8,1010.8,1010.8,1010.8,1.0,0.0,16.0,0.0,,,,,,,,,,,,,,,,,,,,,,,,,,,,,,,,,,,,,,,,,,,,,,,,,,,,,,,,,,,,,,,,,,,,,,,,,,,,,,,,,,,,,,,,,,,,,,,,,,,,,,,,,,,,,,,,,,,,,,,,,,,,,,,,,,
1907,7,274.4,20.3,,,,,,,,,,,,,,,,,,,,,,,,,,,,,,,,,,,2.6,4.6,6.7,5.18,17.0,2.12,16.0,0.6,-6.7,-3.25,-2.6,-4.5,17.0,2.48,16.0,0.6,-3.25,0.0,0.0,-0.95,17.0,2.09,16.0,0.6,1015.8,1016.25,1017.54,1016.65,4.0,1.23,8.0,0.5,,,,,,,,,,,,,,,,,,,,,,,,,,,,,,,,,,,,,,,,,,,,,,,,,,,,,,,,,,,,,,,,,,,,,,,,,,,,,,,,,,,,,,,,,,,,,,,,,,,,,,,,,,,,,,,,,,,,,,,,,,,,,,,,,,
1907,7,274.4,22.3,,,,,,,,,,,,,,,,,,,,,,,,,,,,,,,,,,,2.6,4.6,4.6,3.96,24.0,1.51,12.0,0.5,-4.6,-2.93,1.29,-2.72,24.0,2.81,12.0,0.5,-2.07,0.0,0.64,-0.39,24.0,1.7,12.0,0.5,1015.66,1016.3,1017.83,1016.63,10.0,1.09,10.0,0.5,,,,,,,,,,,,,,,,,,,,,,,,,,,,,,,,,,,,,,,,,,,,,,,,,,,,,,,,,,,,,,,,,,,,,,,,,,,,,,,,,,,,,,,,,,,,,,,,,,,,,,,,,,,,,,,,,,,,,,,,,,,,,,,,,,
1907,7,274.4,24.3,,,,,,,,,,,,,,,,,,,,,,,,,,,,,,,,,,,1.0,2.6,3.11,2.32,12.0,1.4,16.0,0.6,-2.86,-1.42,0.18,-1.49,12.0,1.62,16.0,0.6,0.53,1.8,1.98,1.36,12.0,0.85,16.0,0.6,1017.16,1018.0,1019.03,1018.2,6.0,1.28,18.0,0.7,,,,,,,,,,,,,,,,,,,,,,,,,,,,,,,,,,,,,,,,,,,,,,,,,,,,,,,,,,,,,,,,,,,,,,,,,,,,,,,,,,,,,,,,,,,,,,,,,,,,,,,,,,,,,,,,,,,,,,,,,,,,,,,,,,
1907,7,274.4,26.3,,,,,,,,,,,,,,,,,,,,,,,,,,,,,,,,,,,1.0,1.0,1.0,1.0,2.0,0.0,16.0,1.0,-1.0,-1.0,-1.0,-1.0,2.0,0.0,16.0,1.0,0.0,0.0,0.0,0.0,2.0,0.0,16.0,1.0,1017.52,1017.55,1017.58,1017.55,2.0,0.07,16.0,1.0,,,,,,,,,,,,,,,,,,,,,,,,,,,,,,,,,,,,,,,,,,,,,,,,,,,,,,,,,,,,,,,,,,,,,,,,,,,,,,,,,,,,,,,,,,,,,,,,,,,,,,,,,,,,,,,,,,,,,,,,,,,,,,,,,,
1907,7,276.4,-55.7,,,,,,,,,,,,,,,,,,,,,,,,,,,,,,,,,,,12.79,13.85,14.91,13.85,2.0,2.19,28.0,1.0,-5.07,2.74,10.55,2.74,2.0,16.17,28.0,1.0,-3.68,1.34,6.36,1.34,2.0,10.4,28.0,1.0,996.16,998.0,999.84,998.0,2.0,3.82,28.0,1.0,,,,,,,,,,,,,,,,,,,,,,,,,,,,,,,,,,,,,,,,,,,,,,,,,,,,,,,,,,,,,,,,,,,,,,,,,,,,,,,,,,,,,,,,,,,,,,,,,,,,,,,,,,,,,,,,,,,,,,,,,,,,,,,,,,
1907,7,276.4,-53.7,,,,,,,,,,,,,,,,,,,,,,,,,,,,,,,,,,,9.3,12.3,18.03,12.62,9.0,6.36,8.0,0.8,-0.68,6.58,14.3,5.9,9.0,7.85,8.0,0.8,-15.82,-4.81,-0.1,-6.19,9.0,8.71,8.0,0.8,982.68,988.2,998.26,991.2,7.0,11.17,8.0,0.7,,,,,,,,,,,,,,,,,,,,,,,,,,,,,,,,,,,,,,,,,,,,,,,,,,,,,,,,,,,,,,,,,,,,,,,,,,,,,,,,,,,,,,,,,,,,,,,,,,,,,,,,,,,,,,,,,,,,,,,,,,,,,,,,,,
1907,7,276.4,-51.7,,,,,,,,,,,,,,,,,,,,,,,,,,,,,,,,,,,12.2,17.2,19.0,15.68,4.0,4.58,14.0,0.8,-5.7,4.65,11.47,2.96,4.0,10.81,14.0,0.8,-12.22,-5.44,9.95,-1.33,4.0,14.75,14.0,0.8,980.08,990.35,1000.62,990.35,2.0,21.28,10.0,0.5,,,,,,,,,,,,,,,,,,,,,,,,,,,,,,,,,,,,,,,,,,,,,,,,,,,,,,,,,,,,,,,,,,,,,,,,,,,,,,,,,,,,,,,,,,,,,,,,,,,,,,,,,,,,,,,,,,,,,,,,,,,,,,,,,,
1907,7,276.4,-49.7,,,,,,,,,,,,,,,,,,,,,,,,,,,,,,,,,,,2.19,5.65,9.63,5.9,4.0,5.1,22.0,1.0,-2.23,0.0,3.51,0.61,4.0,4.53,22.0,1.0,-7.26,-0.86,0.0,-3.51,4.0,5.92,22.0,1.0,1004.7,1004.7,1004.7,1004.7,1.0,0.0,30.0,1.0,,,,,,,,,,,,,,,,,,,,,,,,,,,,,,,,,,,,,,,,,,,,,,,,,,,,,,,,,,,,,,,,,,,,,,,,,,,,,,,,,,,,,,,,,,,,,,,,,,,,,,,,,,,,,,,,,,,,,,,,,,,,,,,,,,
1907,7,276.4,-45.7,,,,,,,,,,,,,,,,,,,,,,,,,,,,,,,,,,,1.25,1.8,2.35,1.8,2.0,1.13,16.0,1.0,0.47,0.67,0.88,0.67,2.0,0.42,16.0,1.0,-2.18,-1.67,-1.16,-1.67,2.0,1.05,16.0,1.0,1004.2,1004.2,1004.2,1004.2,1.0,0.0,16.0,1.0,,,,,,,,,,,,,,,,,,,,,,,,,,,,,,,,,,,,,,,,,,,,,,,,,,,,,,,,,,,,,,,,,,,,,,,,,,,,,,,,,,,,,,,,,,,,,,,,,,,,,,,,,,,,,,,,,,,,,,,,,,,,,,,,,,
1907,7,276.4,-41.7,,,,,,,,,,,,,,,,,,,,,,,,,,,,,,,,,,,10.25,12.3,12.3,11.3,3.0,1.73,28.0,1.0,-3.28,0.0,0.0,-1.6,3.0,2.77,28.0,1.0,-11.99,-11.32,-9.94,-10.97,3.0,1.53,28.0,1.0,1021.1,1021.1,1021.1,1021.1,1.0,0.0,30.0,1.0,,,,,,,,,,,,,,,,,,,,,,,,,,,,,,,,,,,,,,,,,,,,,,,,,,,,,,,,,,,,,,,,,,,,,,,,,,,,,,,,,,,,,,,,,,,,,,,,,,,,,,,,,,,,,,,,,,,,,,,,,,,,,,,,,,
1907,7,276.4,-35.7,,,,,,,,,,,,,,,,,,,,,,,,,,,,,,,,,,,6.7,6.7,6.7,6.7,1.0,0.0,24.0,1.0,6.17,6.17,6.17,6.17,1.0,0.0,24.0,1.0,-2.62,-2.62,-2.62,-2.62,1.0,0.0,24.0,1.0,1015.0,1015.0,1015.0,1015.0,1.0,0.0,24.0,1.0,,,,,,,,,,,,,,,,,,,,,,,,,,,,,,,,,,,,,,,,,,,,,,,,,,,,,,,,,,,,,,,,,,,,,,,,,,,,,,,,,,,,,,,,,,,,,,,,,,,,,,,,,,,,,,,,,,,,,,,,,,,,,,,,,,
1907,7,276.4,-33.7,,,,,,,,,,,,,,,,,,,,,,,,,,,,,,,,,,,9.3,9.3,9.3,9.3,1.0,0.0,28.0,1.0,6.58,6.58,6.58,6.58,1.0,0.0,28.0,1.0,-6.58,-6.58,-6.58,-6.58,1.0,0.0,28.0,1.0,1010.1,1010.1,1010.1,1010.1,1.0,0.0,28.0,1.0,,,,,,,,,,,,,,,,,,,,,,,,,,,,,,,,,,,,,,,,,,,,,,,,,,,,,,,,,,,,,,,,,,,,,,,,,,,,,,,,,,,,,,,,,,,,,,,,,,,,,,,,,,,,,,,,,,,,,,,,,,,,,,,,,,
1907,7,276.4,-31.7,,,,,,,,,,,,,,,,,,,,,,,,,,,,,,,,,,,1.0,1.0,1.0,1.0,1.0,0.0,26.0,1.0,1.0,1.0,1.0,1.0,1.0,0.0,26.0,1.0,0.0,0.0,0.0,0.0,1.0,0.0,26.0,1.0,1013.86,1015.05,1016.24,1015.05,2.0,2.47,24.0,1.0,,,,,,,,,,,,,,,,,,,,,,,,,,,,,,,,,,,,,,,,,,,,,,,,,,,,,,,,,,,,,,,,,,,,,,,,,,,,,,,,,,,,,,,,,,,,,,,,,,,,,,,,,,,,,,,,,,,,,,,,,,,,,,,,,,
1907,7,276.4,-29.7,,,,,,,,,,,,,,,,,,,,,,,,,,,,,,,,,,,2.6,2.6,2.6,2.6,1.0,0.0,24.0,1.0,1.84,1.84,1.84,1.84,1.0,0.0,24.0,1.0,-1.84,-1.84,-1.84,-1.84,1.0,0.0,24.0,1.0,1011.96,1015.3,1018.64,1015.3,2.0,6.93,22.0,1.0,,,,,,,,,,,,,,,,,,,,,,,,,,,,,,,,,,,,,,,,,,,,,,,,,,,,,,,,,,,,,,,,,,,,,,,,,,,,,,,,,,,,,,,,,,,,,,,,,,,,,,,,,,,,,,,,,,,,,,,,,,,,,,,,,,
1907,7,276.4,-25.7,,,,,,,,,,,,,,,,,,,,,,,,,,,,,,,,,,,2.6,2.6,2.6,2.6,1.0,0.0,26.0,1.0,-0.97,-0.97,-0.97,-0.97,1.0,0.0,26.0,1.0,2.41,2.41,2.41,2.41,1.0,0.0,26.0,1.0,1019.0,1019.0,1019.0,1019.0,1.0,0.0,26.0,1.0,,,,,,,,,,,,,,,,,,,,,,,,,,,,,,,,,,,,,,,,,,,,,,,,,,,,,,,,,,,,,,,,,,,,,,,,,,,,,,,,,,,,,,,,,,,,,,,,,,,,,,,,,,,,,,,,,,,,,,,,,,,,,,,,,,
1907,7,276.4,-23.7,,,,,,,,,,,,,,,,,,,,,,,,,,,,,,,,,,,2.6,2.6,2.6,2.6,2.0,0.0,28.0,1.0,-2.31,-2.12,-1.93,-2.12,2.0,0.39,28.0,1.0,1.15,1.43,1.71,1.43,2.0,0.58,28.0,1.0,1016.77,1017.15,1017.53,1017.15,2.0,0.78,28.0,1.0,,,,,,,,,,,,,,,,,,,,,,,,,,,,,,,,,,,,,,,,,,,,,,,,,,,,,,,,,,,,,,,,,,,,,,,,,,,,,,,,,,,,,,,,,,,,,,,,,,,,,,,,,,,,,,,,,,,,,,,,,,,,,,,,,,
1907,7,276.4,-17.7,,,,,,,,,,,,,,,,,,,,,,,,,,,,,,,,,,,5.27,6.7,6.7,6.0,3.0,1.21,22.0,1.0,-5.71,-4.74,-3.72,-4.72,3.0,1.46,22.0,1.0,2.82,3.25,4.27,3.54,3.0,1.09,22.0,1.0,1017.14,1018.3,1018.37,1017.77,3.0,1.01,22.0,1.0,,,,,,,,,,,,,,,,,,,,,,,,,,,,,,,,,,,,,,,,,,,,,,,,,,,,,,,,,,,,,,,,,,,,,,,,,,,,,,,,,,,,,,,,,,,,,,,,,,,,,,,,,,,,,,,,,,,,,,,,,,,,,,,,,,
1907,7,276.4,-15.7,,,,,,,,,,,,,,,,,,,,,,,,,,,,,,,,,,,9.3,9.3,9.3,9.3,1.0,0.0,24.0,1.0,-6.58,-6.58,-6.58,-6.58,1.0,0.0,24.0,1.0,6.58,6.58,6.58,6.58,1.0,0.0,24.0,1.0,1015.3,1015.3,1015.3,1015.3,1.0,0.0,24.0,1.0,,,,,,,,,,,,,,,,,,,,,,,,,,,,,,,,,,,,,,,,,,,,,,,,,,,,,,,,,,,,,,,,,,,,,,,,,,,,,,,,,,,,,,,,,,,,,,,,,,,,,,,,,,,,,,,,,,,,,,,,,,,,,,,,,,
1907,7,276.4,-13.7,,,,,,,,,,,,,,,,,,,,,,,,,,,,,,,,,,,6.7,6.7,6.7,6.7,1.0,0.0,22.0,1.0,-6.17,-6.17,-6.17,-6.17,1.0,0.0,22.0,1.0,2.62,2.62,2.62,2.62,1.0,0.0,22.0,1.0,1017.9,1017.9,1017.9,1017.9,1.0,0.0,22.0,1.0,,,,,,,,,,,,,,,,,,,,,,,,,,,,,,,,,,,,,,,,,,,,,,,,,,,,,,,,,,,,,,,,,,,,,,,,,,,,,,,,,,,,,,,,,,,,,,,,,,,,,,,,,,,,,,,,,,,,,,,,,,,,,,,,,,
1907,7,276.4,-11.7,,,,,,,,,,,,,,,,,,,,,,,,,,,,,,,,,,,2.6,2.6,2.6,2.6,1.0,0.0,22.0,1.0,-2.39,-2.39,-2.39,-2.39,1.0,0.0,22.0,1.0,1.02,1.02,1.02,1.02,1.0,0.0,22.0,1.0,1016.4,1016.4,1016.4,1016.4,1.0,0.0,22.0,1.0,,,,,,,,,,,,,,,,,,,,,,,,,,,,,,,,,,,,,,,,,,,,,,,,,,,,,,,,,,,,,,,,,,,,,,,,,,,,,,,,,,,,,,,,,,,,,,,,,,,,,,,,,,,,,,,,,,,,,,,,,,,,,,,,,,
1907,7,276.4,-7.7,,,,,,,,,,,,,,,,,,,,,,,,,,,,,,,,,,,6.7,6.7,6.7,6.7,1.0,0.0,24.0,1.0,-6.17,-6.17,-6.17,-6.17,1.0,0.0,24.0,1.0,2.62,2.62,2.62,2.62,1.0,0.0,24.0,1.0,1016.3,1016.3,1016.3,1016.3,1.0,0.0,24.0,1.0,,,,,,,,,,,,,,,,,,,,,,,,,,,,,,,,,,,,,,,,,,,,,,,,,,,,,,,,,,,,,,,,,,,,,,,,,,,,,,,,,,,,,,,,,,,,,,,,,,,,,,,,,,,,,,,,,,,,,,,,,,,,,,,,,,
1907,7,276.4,-5.7,,,,,,,,,,,,,,,,,,,,,,,,,,,,,,,,,,,4.6,4.6,4.6,4.6,1.0,0.0,24.0,1.0,-3.25,-3.25,-3.25,-3.25,1.0,0.0,24.0,1.0,3.25,3.25,3.25,3.25,1.0,0.0,24.0,1.0,1014.6,1014.6,1014.6,1014.6,1.0,0.0,24.0,1.0,,,,,,,,,,,,,,,,,,,,,,,,,,,,,,,,,,,,,,,,,,,,,,,,,,,,,,,,,,,,,,,,,,,,,,,,,,,,,,,,,,,,,,,,,,,,,,,,,,,,,,,,,,,,,,,,,,,,,,,,,,,,,,,,,,
1907,7,276.4,-3.7,,,,,,,,,,,,,,,,,,,,,,,,,,,,,,,,,,,4.6,4.6,4.6,4.6,1.0,0.0,8.0,1.0,0.0,0.0,0.0,0.0,1.0,0.0,8.0,1.0,4.6,4.6,4.6,4.6,1.0,0.0,8.0,1.0,1013.0,1013.0,1013.0,1013.0,1.0,0.0,8.0,1.0,,,,,,,,,,,,,,,,,,,,,,,,,,,,,,,,,,,,,,,,,,,,,,,,,,,,,,,,,,,,,,,,,,,,,,,,,,,,,,,,,,,,,,,,,,,,,,,,,,,,,,,,,,,,,,,,,,,,,,,,,,,,,,,,,,
1907,7,276.4,4.3,,,,,,,,,,,,,,,,,,,,,,,,,,,,,,,,,,,5.6,8.0,9.3,7.48,4.0,2.28,8.0,0.5,2.19,4.6,6.58,4.39,4.0,2.54,8.0,0.5,5.15,6.37,6.58,5.89,4.0,1.12,8.0,0.5,1010.4,1010.4,1010.4,1010.4,1.0,0.0,12.0,1.0,,,,,,,,,,,,,,,,,,,,,,,,,,,,,,,,,,,,,,,,,,,,,,,,,,,,,,,,,,,,,,,,,,,,,,,,,,,,,,,,,,,,,,,,,,,,,,,,,,,,,,,,,,,,,,,,,,,,,,,,,,,,,,,,,,
1907,7,276.4,6.3,,,,,,,,,,,,,,,,,,,,,,,,,,,,,,,,,,,2.6,4.6,6.7,4.93,7.0,1.85,24.0,0.1,2.56,3.25,4.81,3.8,7.0,1.49,24.0,0.1,-2.65,1.84,4.74,1.24,7.0,3.3,24.0,0.1,1010.02,1010.7,1011.18,1010.6,3.0,0.85,18.0,0.0,,,,,,,,,,,,,,,,,,,,,,,,,,,,,,,,,,,,,,,,,,,,,,,,,,,,,,,,,,,,,,,,,,,,,,,,,,,,,,,,,,,,,,,,,,,,,,,,,,,,,,,,,,,,,,,,,,,,,,,,,,,,,,,,,,
1907,7,276.4,8.3,,,,,,,,,,,,,,,,,,,,,,,,,,,,,,,,,,,2.6,2.6,5.4,3.97,3.0,2.37,24.0,1.0,2.6,2.6,4.06,3.31,3.0,1.23,24.0,1.0,0.0,0.0,3.23,1.58,3.0,2.74,24.0,1.0,1007.8,1007.8,1007.8,1007.8,1.0,0.0,16.0,1.0,,,,,,,,,,,,,,,,,,,,,,,,,,,,,,,,,,,,,,,,,,,,,,,,,,,,,,,,,,,,,,,,,,,,,,,,,,,,,,,,,,,,,,,,,,,,,,,,,,,,,,,,,,,,,,,,,,,,,,,,,,,,,,,,,,
1907,7,276.4,18.3,,,,,,,,,,,,,,,,,,,,,,,,,,,,,,,,,,,4.6,4.6,9.46,5.91,8.0,2.64,18.0,0.6,-9.4,-3.25,-3.25,-5.18,8.0,3.05,18.0,0.6,-3.25,-2.88,0.0,-1.94,8.0,1.63,18.0,0.6,1015.0,1015.0,1015.0,1015.0,2.0,0.0,6.0,1.0,,,,,,,,,,,,,,,,,,,,,,,,,,,,,,,,,,,,,,,,,,,,,,,,,,,,,,,,,,,,,,,,,,,,,,,,,,,,,,,,,,,,,,,,,,,,,,,,,,,,,,,,,,,,,,,,,,,,,,,,,,,,,,,,,,
1907,7,276.4,20.3,,,,,,,,,,,,,,,,,,,,,,,,,,,,,,,,,,,2.6,4.6,4.6,3.89,14.0,1.28,12.0,0.1,-4.6,-3.25,-1.84,-3.33,14.0,1.55,12.0,0.1,-1.84,-1.84,0.0,-1.5,14.0,1.11,12.0,0.1,1014.21,1015.15,1015.2,1014.73,4.0,0.88,6.0,0.3,,,,,,,,,,,,,,,,,,,,,,,,,,,,,,,,,,,,,,,,,,,,,,,,,,,,,,,,,,,,,,,,,,,,,,,,,,,,,,,,,,,,,,,,,,,,,,,,,,,,,,,,,,,,,,,,,,,,,,,,,,,,,,,,,,
1907,7,276.4,22.3,,,,,,,,,,,,,,,,,,,,,,,,,,,,,,,,,,,2.6,4.6,6.7,4.74,29.0,2.02,14.0,0.4,-6.48,-4.27,0.56,-3.51,29.0,3.34,14.0,0.4,-2.21,0.0,2.26,0.12,29.0,1.87,14.0,0.4,1015.63,1017.25,1018.56,1017.07,10.0,1.89,12.0,0.6,,,,,,,,,,,,,,,,,,,,,,,,,,,,,,,,,,,,,,,,,,,,,,,,,,,,,,,,,,,,,,,,,,,,,,,,,,,,,,,,,,,,,,,,,,,,,,,,,,,,,,,,,,,,,,,,,,,,,,,,,,,,,,,,,,
1907,7,276.4,24.3,,,,,,,,,,,,,,,,,,,,,,,,,,,,,,,,,,,1.61,2.6,4.6,3.18,16.0,1.85,14.0,0.3,-4.6,-2.6,-0.38,-2.84,16.0,2.0,14.0,0.3,0.0,0.0,1.82,0.79,16.0,0.97,14.0,0.3,1014.59,1016.8,1018.61,1016.56,11.0,2.28,14.0,0.3,,,,,,,,,,,,,,,,,,,,,,,,,,,,,,,,,,,,,,,,,,,,,,,,,,,,,,,,,,,,,,,,,,,,,,,,,,,,,,,,,,,,,,,,,,,,,,,,,,,,,,,,,,,,,,,,,,,,,,,,,,,,,,,,,,
1907,7,278.4,-57.7,,,,,,,,,,,,,,,,,,,,,,,,,,,,,,,,,,,14.27,19.0,24.13,19.22,5.0,5.73,24.0,1.0,-11.63,5.77,13.64,1.54,5.0,14.51,24.0,1.0,-18.02,-15.98,-9.06,-13.34,5.0,7.66,24.0,1.0,986.74,993.55,998.58,992.7,4.0,7.38,22.0,1.0,,,,,,,,,,,,,,,,,,,,,,,,,,,,,,,,,,,,,,,,,,,,,,,,,,,,,,,,,,,,,,,,,,,,,,,,,,,,,,,,,,,,,,,,,,,,,,,,,,,,,,,,,,,,,,,,,,,,,,,,,,,,,,,,,,
1907,7,278.4,-55.7,,,,,,,,,,,,,,,,,,,,,,,,,,,,,,,,,,,12.16,15.4,19.17,15.7,7.0,4.72,16.0,0.7,8.44,14.18,19.0,11.44,7.0,9.6,16.0,0.7,-9.05,-4.81,0.0,-5.07,7.0,5.92,16.0,0.7,979.11,980.9,992.76,984.82,6.0,8.0,14.0,0.7,,,,,,,,,,,,,,,,,,,,,,,,,,,,,,,,,,,,,,,,,,,,,,,,,,,,,,,,,,,,,,,,,,,,,,,,,,,,,,,,,,,,,,,,,,,,,,,,,,,,,,,,,,,,,,,,,,,,,,,,,,,,,,,,,,
1907,7,278.4,-53.7,,,,,,,,,,,,,,,,,,,,,,,,,,,,,,,,,,,9.3,12.3,18.03,13.24,9.0,5.02,8.0,0.8,0.47,11.32,16.09,8.99,9.0,9.38,8.0,0.8,-8.45,-4.81,0.0,-3.8,9.0,5.24,8.0,0.8,982.8,985.6,1017.71,997.2,7.0,17.27,6.0,0.7,,,,,,,,,,,,,,,,,,,,,,,,,,,,,,,,,,,,,,,,,,,,,,,,,,,,,,,,,,,,,,,,,,,,,,,,,,,,,,,,,,,,,,,,,,,,,,,,,,,,,,,,,,,,,,,,,,,,,,,,,,,,,,,,,,
1907,7,278.4,-51.7,,,,,,,,,,,,,,,,,,,,,,,,,,,,,,,,,,,9.78,10.8,11.82,10.8,2.0,2.12,24.0,1.0,-4.6,-4.14,-3.69,-4.14,2.0,0.93,24.0,1.0,-8.16,-1.35,5.46,-1.35,2.0,14.1,24.0,1.0,1001.04,1005.2,1009.36,1005.2,2.0,8.63,24.0,1.0,,,,,,,,,,,,,,,,,,,,,,,,,,,,,,,,,,,,,,,,,,,,,,,,,,,,,,,,,,,,,,,,,,,,,,,,,,,,,,,,,,,,,,,,,,,,,,,,,,,,,,,,,,,,,,,,,,,,,,,,,,,,,,,,,,
1907,7,278.4,-49.7,,,,,,,,,,,,,,,,,,,,,,,,,,,,,,,,,,,9.74,17.2,19.0,14.5,4.0,6.81,14.0,1.0,-4.85,5.86,9.09,2.29,4.0,10.8,14.0,1.0,-14.41,-5.44,7.04,-3.77,4.0,13.57,14.0,1.0,988.45,990.05,991.65,990.05,2.0,3.32,16.0,1.0,,,,,,,,,,,,,,,,,,,,,,,,,,,,,,,,,,,,,,,,,,,,,,,,,,,,,,,,,,,,,,,,,,,,,,,,,,,,,,,,,,,,,,,,,,,,,,,,,,,,,,,,,,,,,,,,,,,,,,,,,,,,,,,,,,
1907,7,278.4,-47.7,,,,,,,,,,,,,,,,,,,,,,,,,,,,,,,,,,,7.59,9.5,11.41,9.5,2.0,3.96,20.0,1.0,-3.68,2.8,9.28,2.8,2.0,13.44,20.0,1.0,0.0,0.0,0.0,0.0,2.0,0.0,20.0,1.0,996.99,1002.55,1008.11,1002.55,2.0,11.53,20.0,1.0,,,,,,,,,,,,,,,,,,,,,,,,,,,,,,,,,,,,,,,,,,,,,,,,,,,,,,,,,,,,,,,,,,,,,,,,,,,,,,,,,,,,,,,,,,,,,,,,,,,,,,,,,,,,,,,,,,,,,,,,,,,,,,,,,,
1907,7,278.4,-43.7,,,,,,,,,,,,,,,,,,,,,,,,,,,,,,,,,,,3.87,9.3,12.3,8.22,5.0,4.45,22.0,1.0,-8.34,0.0,4.13,-1.33,5.0,8.55,22.0,1.0,-4.68,2.6,5.32,0.87,5.0,5.28,22.0,1.0,1009.33,1010.9,1012.47,1010.9,2.0,3.25,24.0,1.0,,,,,,,,,,,,,,,,,,,,,,,,,,,,,,,,,,,,,,,,,,,,,,,,,,,,,,,,,,,,,,,,,,,,,,,,,,,,,,,,,,,,,,,,,,,,,,,,,,,,,,,,,,,,,,,,,,,,,,,,,,,,,,,,,,
1907,7,278.4,-41.7,,,,,,,,,,,,,,,,,,,,,,,,,,,,,,,,,,,9.3,9.3,9.3,9.3,1.0,0.0,26.0,1.0,6.58,6.58,6.58,6.58,1.0,0.0,26.0,1.0,-6.58,-6.58,-6.58,-6.58,1.0,0.0,26.0,1.0,1004.0,1004.0,1004.0,1004.0,1.0,0.0,26.0,1.0,,,,,,,,,,,,,,,,,,,,,,,,,,,,,,,,,,,,,,,,,,,,,,,,,,,,,,,,,,,,,,,,,,,,,,,,,,,,,,,,,,,,,,,,,,,,,,,,,,,,,,,,,,,,,,,,,,,,,,,,,,,,,,,,,,
1907,7,278.4,-33.7,,,,,,,,,,,,,,,,,,,,,,,,,,,,,,,,,,,8.08,11.05,14.02,11.05,2.0,6.15,22.0,1.0,7.44,10.17,12.9,10.17,2.0,5.66,22.0,1.0,-5.48,-4.32,-3.16,-4.32,2.0,2.4,22.0,1.0,1018.3,1018.3,1018.3,1018.3,1.0,0.0,24.0,1.0,,,,,,,,,,,,,,,,,,,,,,,,,,,,,,,,,,,,,,,,,,,,,,,,,,,,,,,,,,,,,,,,,,,,,,,,,,,,,,,,,,,,,,,,,,,,,,,,,,,,,,,,,,,,,,,,,,,,,,,,,,,,,,,,,,
1907,7,278.4,-31.7,,,,,,,,,,,,,,,,,,,,,,,,,,,,,,,,,,,1.0,1.0,1.0,1.0,1.0,0.0,26.0,1.0,0.93,0.93,0.93,0.93,1.0,0.0,26.0,1.0,0.37,0.37,0.37,0.37,1.0,0.0,26.0,1.0,1020.0,1020.0,1020.0,1020.0,1.0,0.0,26.0,1.0,,,,,,,,,,,,,,,,,,,,,,,,,,,,,,,,,,,,,,,,,,,,,,,,,,,,,,,,,,,,,,,,,,,,,,,,,,,,,,,,,,,,,,,,,,,,,,,,,,,,,,,,,,,,,,,,,,,,,,,,,,,,,,,,,,
1907,7,278.4,-29.7,,,,,,,,,,,,,,,,,,,,,,,,,,,,,,,,,,,2.6,2.6,2.6,2.6,1.0,0.0,24.0,1.0,1.84,1.84,1.84,1.84,1.0,0.0,24.0,1.0,-1.84,-1.84,-1.84,-1.84,1.0,0.0,24.0,1.0,1019.5,1019.5,1019.5,1019.5,1.0,0.0,24.0,1.0,,,,,,,,,,,,,,,,,,,,,,,,,,,,,,,,,,,,,,,,,,,,,,,,,,,,,,,,,,,,,,,,,,,,,,,,,,,,,,,,,,,,,,,,,,,,,,,,,,,,,,,,,,,,,,,,,,,,,,,,,,,,,,,,,,
1907,7,278.4,-27.7,,,,,,,,,,,,,,,,,,,,,,,,,,,,,,,,,,,0.32,1.0,1.0,0.67,3.0,0.58,24.0,1.0,0.0,0.0,0.26,0.12,3.0,0.22,24.0,1.0,-0.63,0.0,0.68,0.02,3.0,0.96,24.0,1.0,1018.28,1019.1,1019.24,1018.77,3.0,0.76,24.0,1.0,,,,,,,,,,,,,,,,,,,,,,,,,,,,,,,,,,,,,,,,,,,,,,,,,,,,,,,,,,,,,,,,,,,,,,,,,,,,,,,,,,,,,,,,,,,,,,,,,,,,,,,,,,,,,,,,,,,,,,,,,,,,,,,,,,
1907,7,278.4,-19.7,,,,,,,,,,,,,,,,,,,,,,,,,,,,,,,,,,,4.6,4.6,4.6,4.6,1.0,0.0,20.0,1.0,-3.25,-3.25,-3.25,-3.25,1.0,0.0,20.0,1.0,3.25,3.25,3.25,3.25,1.0,0.0,20.0,1.0,1017.5,1017.5,1017.5,1017.5,1.0,0.0,20.0,1.0,,,,,,,,,,,,,,,,,,,,,,,,,,,,,,,,,,,,,,,,,,,,,,,,,,,,,,,,,,,,,,,,,,,,,,,,,,,,,,,,,,,,,,,,,,,,,,,,,,,,,,,,,,,,,,,,,,,,,,,,,,,,,,,,,,
1907,7,278.4,-15.7,,,,,,,,,,,,,,,,,,,,,,,,,,,,,,,,,,,6.7,6.7,8.47,7.57,3.0,1.5,22.0,1.0,-6.45,-6.17,-5.19,-5.83,3.0,0.97,22.0,1.0,3.29,4.74,5.99,4.64,3.0,1.98,22.0,1.0,1016.76,1017.1,1018.33,1017.53,3.0,1.21,22.0,1.0,,,,,,,,,,,,,,,,,,,,,,,,,,,,,,,,,,,,,,,,,,,,,,,,,,,,,,,,,,,,,,,,,,,,,,,,,,,,,,,,,,,,,,,,,,,,,,,,,,,,,,,,,,,,,,,,,,,,,,,,,,,,,,,,,,
1907,7,278.4,-5.7,,,,,,,,,,,,,,,,,,,,,,,,,,,,,,,,,,,2.82,5.65,9.01,5.8,8.0,2.66,10.0,0.5,-2.63,0.0,0.0,-0.78,8.0,1.44,10.0,0.5,2.67,5.11,9.01,5.5,8.0,2.87,10.0,0.5,1012.0,1012.0,1012.0,1012.0,1.0,0.0,10.0,1.0,,,,,,,,,,,,,,,,,,,,,,,,,,,,,,,,,,,,,,,,,,,,,,,,,,,,,,,,,,,,,,,,,,,,,,,,,,,,,,,,,,,,,,,,,,,,,,,,,,,,,,,,,,,,,,,,,,,,,,,,,,,,,,,,,,
1907,7,278.4,-1.7,,,,,,,,,,,,,,,,,,,,,,,,,,,,,,,,,,,4.6,6.7,6.7,5.56,11.0,1.42,18.0,0.9,1.47,2.62,4.66,3.01,11.0,1.8,18.0,0.9,1.4,4.6,6.17,3.76,11.0,2.71,18.0,0.9,1009.92,1011.1,1012.7,1011.09,7.0,1.63,24.0,1.0,,,,,,,,,,,,,,,,,,,,,,,,,,,,,,,,,,,,,,,,,,,,,,,,,,,,,,,,,,,,,,,,,,,,,,,,,,,,,,,,,,,,,,,,,,,,,,,,,,,,,,,,,,,,,,,,,,,,,,,,,,,,,,,,,,
1907,7,278.4,0.3,,,,,,,,,,,,,,,,,,,,,,,,,,,,,,,,,,,4.31,4.6,6.7,5.42,19.0,1.78,18.0,0.7,1.02,2.62,4.62,2.84,19.0,1.78,18.0,0.7,2.39,4.6,6.17,4.15,19.0,2.07,18.0,0.7,1009.53,1010.7,1011.82,1010.51,11.0,1.27,24.0,0.8,,,,,,,,,,,,,,,,,,,,,,,,,,,,,,,,,,,,,,,,,,,,,,,,,,,,,,,,,,,,,,,,,,,,,,,,,,,,,,,,,,,,,,,,,,,,,,,,,,,,,,,,,,,,,,,,,,,,,,,,,,,,,,,,,,
1907,7,278.4,2.3,,,,,,,,,,,,,,,,,,,,,,,,,,,,,,,,,,,2.48,4.6,9.44,5.44,7.0,4.28,16.0,0.4,0.97,2.6,6.68,3.33,7.0,3.14,16.0,0.4,0.0,4.23,6.68,4.01,7.0,3.37,16.0,0.4,1010.02,1010.05,1010.08,1010.05,2.0,0.07,14.0,1.0,,,,,,,,,,,,,,,,,,,,,,,,,,,,,,,,,,,,,,,,,,,,,,,,,,,,,,,,,,,,,,,,,,,,,,,,,,,,,,,,,,,,,,,,,,,,,,,,,,,,,,,,,,,,,,,,,,,,,,,,,,,,,,,,,,
1907,7,278.4,6.3,,,,,,,,,,,,,,,,,,,,,,,,,,,,,,,,,,,1.94,4.6,5.47,3.96,11.0,1.96,24.0,0.6,-0.71,2.6,4.27,1.84,11.0,2.76,24.0,0.6,-1.93,1.72,2.87,0.45,11.0,3.09,24.0,0.6,1009.78,1011.0,1011.85,1010.83,4.0,1.23,18.0,0.8,,,,,,,,,,,,,,,,,,,,,,,,,,,,,,,,,,,,,,,,,,,,,,,,,,,,,,,,,,,,,,,,,,,,,,,,,,,,,,,,,,,,,,,,,,,,,,,,,,,,,,,,,,,,,,,,,,,,,,,,,,,,,,,,,,
1907,7,278.4,18.3,,,,,,,,,,,,,,,,,,,,,,,,,,,,,,,,,,,1.69,4.6,5.8,4.1,10.0,2.01,14.0,0.5,-4.54,-3.25,-1.3,-3.02,10.0,1.57,14.0,0.5,-4.52,-2.49,-0.39,-2.42,10.0,1.9,14.0,0.5,1013.61,1014.5,1015.28,1014.37,6.0,1.14,6.0,0.3,,,,,,,,,,,,,,,,,,,,,,,,,,,,,,,,,,,,,,,,,,,,,,,,,,,,,,,,,,,,,,,,,,,,,,,,,,,,,,,,,,,,,,,,,,,,,,,,,,,,,,,,,,,,,,,,,,,,,,,,,,,,,,,,,,
1907,7,278.4,24.3,,,,,,,,,,,,,,,,,,,,,,,,,,,,,,,,,,,0.0,2.6,4.6,2.86,36.0,2.25,14.0,0.7,-4.6,-1.84,0.0,-2.23,36.0,2.27,14.0,0.7,0.0,0.0,1.84,0.41,36.0,1.74,14.0,0.7,1016.0,1018.0,1020.23,1018.16,18.0,2.27,14.0,0.7,,,,,,,,,,,,,,,,,,,,,,,,,,,,,,,,,,,,,,,,,,,,,,,,,,,,,,,,,,,,,,,,,,,,,,,,,,,,,,,,,,,,,,,,,,,,,,,,,,,,,,,,,,,,,,,,,,,,,,,,,,,,,,,,,,
1907,7,280.4,-59.7,,,,,,,,,,,,,,,,,,,,,,,,,,,,,,,,,,,2.6,2.6,2.6,2.6,1.0,0.0,14.0,1.0,-2.6,-2.6,-2.6,-2.6,1.0,0.0,14.0,1.0,0.0,0.0,0.0,0.0,1.0,0.0,14.0,1.0,978.3,978.3,978.3,978.3,1.0,0.0,14.0,1.0,,,,,,,,,,,,,,,,,,,,,,,,,,,,,,,,,,,,,,,,,,,,,,,,,,,,,,,,,,,,,,,,,,,,,,,,,,,,,,,,,,,,,,,,,,,,,,,,,,,,,,,,,,,,,,,,,,,,,,,,,,,,,,,,,,
1907,7,280.4,-57.7,,,,,,,,,,,,,,,,,,,,,,,,,,,,,,,,,,,11.41,15.95,20.49,15.95,2.0,9.4,10.0,1.0,10.5,14.68,18.86,14.68,2.0,8.66,10.0,1.0,-8.01,-6.23,-4.46,-6.23,2.0,3.67,10.0,1.0,983.9,985.2,986.5,985.2,2.0,2.69,10.0,1.0,,,,,,,,,,,,,,,,,,,,,,,,,,,,,,,,,,,,,,,,,,,,,,,,,,,,,,,,,,,,,,,,,,,,,,,,,,,,,,,,,,,,,,,,,,,,,,,,,,,,,,,,,,,,,,,,,,,,,,,,,,,,,,,,,,
1907,7,280.4,-55.7,,,,,,,,,,,,,,,,,,,,,,,,,,,,,,,,,,,6.7,6.7,25.54,12.1,8.0,9.88,12.0,0.8,0.69,6.7,23.14,9.23,8.0,10.88,12.0,0.8,-9.31,0.5,2.61,-0.65,8.0,6.97,12.0,0.8,979.58,980.7,993.61,986.14,7.0,10.53,12.0,0.7,,,,,,,,,,,,,,,,,,,,,,,,,,,,,,,,,,,,,,,,,,,,,,,,,,,,,,,,,,,,,,,,,,,,,,,,,,,,,,,,,,,,,,,,,,,,,,,,,,,,,,,,,,,,,,,,,,,,,,,,,,,,,,,,,,
1907,7,280.4,-53.7,,,,,,,,,,,,,,,,,,,,,,,,,,,,,,,,,,,2.13,6.7,8.47,5.33,3.0,4.8,14.0,1.0,-2.38,0.0,3.23,0.42,3.0,4.13,14.0,1.0,1.5,4.74,7.39,4.45,3.0,4.32,14.0,1.0,1005.01,1005.9,1010.61,1007.77,3.0,4.41,14.0,1.0,,,,,,,,,,,,,,,,,,,,,,,,,,,,,,,,,,,,,,,,,,,,,,,,,,,,,,,,,,,,,,,,,,,,,,,,,,,,,,,,,,,,,,,,,,,,,,,,,,,,,,,,,,,,,,,,,,,,,,,,,,,,,,,,,,
1907,7,280.4,-43.7,,,,,,,,,,,,,,,,,,,,,,,,,,,,,,,,,,,2.6,2.6,2.6,2.6,1.0,0.0,20.0,1.0,1.84,1.84,1.84,1.84,1.0,0.0,20.0,1.0,-1.84,-1.84,-1.84,-1.84,1.0,0.0,20.0,1.0,1013.7,1013.7,1013.7,1013.7,1.0,0.0,20.0,1.0,,,,,,,,,,,,,,,,,,,,,,,,,,,,,,,,,,,,,,,,,,,,,,,,,,,,,,,,,,,,,,,,,,,,,,,,,,,,,,,,,,,,,,,,,,,,,,,,,,,,,,,,,,,,,,,,,,,,,,,,,,,,,,,,,,
1907,7,280.4,-41.7,,,,,,,,,,,,,,,,,,,,,,,,,,,,,,,,,,,9.78,10.8,11.82,10.8,2.0,2.12,24.0,1.0,0.55,1.74,2.93,1.74,2.0,2.46,24.0,1.0,-11.72,-10.46,-9.21,-10.46,2.0,2.6,24.0,1.0,1010.99,1012.9,1014.81,1012.9,2.0,3.96,24.0,1.0,,,,,,,,,,,,,,,,,,,,,,,,,,,,,,,,,,,,,,,,,,,,,,,,,,,,,,,,,,,,,,,,,,,,,,,,,,,,,,,,,,,,,,,,,,,,,,,,,,,,,,,,,,,,,,,,,,,,,,,,,,,,,,,,,,
1907,7,280.4,-39.7,,,,,,,,,,,,,,,,,,,,,,,,,,,,,,,,,,,10.6,19.0,19.0,14.9,3.0,7.1,26.0,1.0,-4.06,2.51,9.97,2.94,3.0,10.28,26.0,1.0,-11.14,-6.21,10.05,-0.68,3.0,16.25,26.0,1.0,1010.77,1011.15,1011.53,1011.15,2.0,0.78,28.0,1.0,,,,,,,,,,,,,,,,,,,,,,,,,,,,,,,,,,,,,,,,,,,,,,,,,,,,,,,,,,,,,,,,,,,,,,,,,,,,,,,,,,,,,,,,,,,,,,,,,,,,,,,,,,,,,,,,,,,,,,,,,,,,,,,,,,
1907,7,280.4,-37.7,,,,,,,,,,,,,,,,,,,,,,,,,,,,,,,,,,,4.93,5.65,6.37,5.65,2.0,1.48,30.0,1.0,2.78,3.37,3.96,3.37,2.0,1.22,30.0,1.0,-5.51,-4.0,-2.5,-4.0,2.0,3.12,30.0,1.0,1026.9,1026.9,1026.9,1026.9,1.0,0.0,30.0,1.0,,,,,,,,,,,,,,,,,,,,,,,,,,,,,,,,,,,,,,,,,,,,,,,,,,,,,,,,,,,,,,,,,,,,,,,,,,,,,,,,,,,,,,,,,,,,,,,,,,,,,,,,,,,,,,,,,,,,,,,,,,,,,,,,,,
1907,7,280.4,-35.7,,,,,,,,,,,,,,,,,,,,,,,,,,,,,,,,,,,9.3,9.3,9.3,9.3,1.0,0.0,30.0,1.0,-9.3,-9.3,-9.3,-9.3,1.0,0.0,30.0,1.0,0.0,0.0,0.0,0.0,1.0,0.0,30.0,1.0,1025.3,1025.3,1025.3,1025.3,1.0,0.0,30.0,1.0,,,,,,,,,,,,,,,,,,,,,,,,,,,,,,,,,,,,,,,,,,,,,,,,,,,,,,,,,,,,,,,,,,,,,,,,,,,,,,,,,,,,,,,,,,,,,,,,,,,,,,,,,,,,,,,,,,,,,,,,,,,,,,,,,,
1907,7,280.4,-31.7,,,,,,,,,,,,,,,,,,,,,,,,,,,,,,,,,,,3.66,5.95,8.24,5.95,2.0,4.74,20.0,1.0,3.39,5.49,7.58,5.49,2.0,4.35,20.0,1.0,-2.9,-1.33,0.24,-1.33,2.0,3.26,20.0,1.0,1014.1,1014.1,1014.1,1014.1,1.0,0.0,22.0,1.0,,,,,,,,,,,,,,,,,,,,,,,,,,,,,,,,,,,,,,,,,,,,,,,,,,,,,,,,,,,,,,,,,,,,,,,,,,,,,,,,,,,,,,,,,,,,,,,,,,,,,,,,,,,,,,,,,,,,,,,,,,,,,,,,,,
1907,7,280.4,-29.7,,,,,,,,,,,,,,,,,,,,,,,,,,,,,,,,,,,1.76,5.95,10.87,6.3,4.0,5.38,20.0,1.0,0.48,3.79,7.69,4.07,4.0,4.23,20.0,1.0,-3.45,1.3,5.79,1.18,4.0,6.33,20.0,1.0,1019.45,1020.2,1020.95,1020.2,2.0,1.56,22.0,1.0,,,,,,,,,,,,,,,,,,,,,,,,,,,,,,,,,,,,,,,,,,,,,,,,,,,,,,,,,,,,,,,,,,,,,,,,,,,,,,,,,,,,,,,,,,,,,,,,,,,,,,,,,,,,,,,,,,,,,,,,,,,,,,,,,,
1907,7,280.4,-27.7,,,,,,,,,,,,,,,,,,,,,,,,,,,,,,,,,,,3.25,4.65,6.05,4.65,2.0,2.9,22.0,1.0,0.24,2.86,5.48,2.86,2.0,5.43,22.0,1.0,0.38,1.21,2.03,1.21,2.0,1.7,22.0,1.0,1015.5,1017.45,1019.4,1017.45,2.0,4.03,22.0,1.0,,,,,,,,,,,,,,,,,,,,,,,,,,,,,,,,,,,,,,,,,,,,,,,,,,,,,,,,,,,,,,,,,,,,,,,,,,,,,,,,,,,,,,,,,,,,,,,,,,,,,,,,,,,,,,,,,,,,,,,,,,,,,,,,,,
1907,7,280.4,-21.7,,,,,,,,,,,,,,,,,,,,,,,,,,,,,,,,,,,4.93,5.65,6.37,5.65,2.0,1.48,12.0,1.0,-5.7,-4.71,-3.72,-4.71,2.0,2.06,12.0,1.0,2.72,2.94,3.15,2.94,2.0,0.45,12.0,1.0,1018.7,1018.7,1018.7,1018.7,1.0,0.0,20.0,1.0,,,,,,,,,,,,,,,,,,,,,,,,,,,,,,,,,,,,,,,,,,,,,,,,,,,,,,,,,,,,,,,,,,,,,,,,,,,,,,,,,,,,,,,,,,,,,,,,,,,,,,,,,,,,,,,,,,,,,,,,,,,,,,,,,,
1907,7,280.4,-15.7,,,,,,,,,,,,,,,,,,,,,,,,,,,,,,,,,,,4.93,5.65,6.37,5.65,2.0,1.48,20.0,1.0,-4.5,-4.0,-3.49,-4.0,2.0,1.05,20.0,1.0,3.49,4.0,4.5,4.0,2.0,1.05,20.0,1.0,1015.94,1016.25,1016.56,1016.25,2.0,0.64,20.0,1.0,,,,,,,,,,,,,,,,,,,,,,,,,,,,,,,,,,,,,,,,,,,,,,,,,,,,,,,,,,,,,,,,,,,,,,,,,,,,,,,,,,,,,,,,,,,,,,,,,,,,,,,,,,,,,,,,,,,,,,,,,,,,,,,,,,
1907,7,280.4,-13.7,,,,,,,,,,,,,,,,,,,,,,,,,,,,,,,,,,,5.35,6.95,8.55,6.95,2.0,3.32,20.0,1.0,-3.45,-3.37,-3.29,-3.37,2.0,0.16,20.0,1.0,4.1,5.94,7.77,5.94,2.0,3.8,20.0,1.0,1014.75,1015.5,1016.25,1015.5,2.0,1.56,20.0,1.0,,,,,,,,,,,,,,,,,,,,,,,,,,,,,,,,,,,,,,,,,,,,,,,,,,,,,,,,,,,,,,,,,,,,,,,,,,,,,,,,,,,,,,,,,,,,,,,,,,,,,,,,,,,,,,,,,,,,,,,,,,,,,,,,,,
1907,7,280.4,-9.7,,,,,,,,,,,,,,,,,,,,,,,,,,,,,,,,,,,2.6,4.6,4.6,3.8,5.0,1.1,12.0,0.8,-3.74,-2.6,-1.65,-2.61,5.0,1.67,12.0,0.8,0.0,0.0,3.74,1.57,5.0,2.2,12.0,0.8,1012.0,1012.0,1012.0,1012.0,1.0,0.0,10.0,1.0,,,,,,,,,,,,,,,,,,,,,,,,,,,,,,,,,,,,,,,,,,,,,,,,,,,,,,,,,,,,,,,,,,,,,,,,,,,,,,,,,,,,,,,,,,,,,,,,,,,,,,,,,,,,,,,,,,,,,,,,,,,,,,,,,,
1907,7,280.4,0.3,,,,,,,,,,,,,,,,,,,,,,,,,,,,,,,,,,,5.27,6.7,6.7,6.0,3.0,1.21,30.0,0.7,4.42,4.74,4.74,4.58,3.0,0.27,30.0,0.7,2.68,4.74,4.74,3.73,3.0,1.74,30.0,0.7,1008.43,1009.8,1010.48,1009.47,3.0,1.53,30.0,0.7,,,,,,,,,,,,,,,,,,,,,,,,,,,,,,,,,,,,,,,,,,,,,,,,,,,,,,,,,,,,,,,,,,,,,,,,,,,,,,,,,,,,,,,,,,,,,,,,,,,,,,,,,,,,,,,,,,,,,,,,,,,,,,,,,,
1907,7,280.4,2.3,,,,,,,,,,,,,,,,,,,,,,,,,,,,,,,,,,,4.6,4.6,4.6,4.6,3.0,0.0,30.0,0.3,2.26,3.25,3.25,2.77,3.0,0.84,30.0,0.3,3.25,3.25,3.92,3.58,3.0,0.57,30.0,0.3,1008.63,1010.0,1010.27,1009.47,3.0,1.29,30.0,0.3,,,,,,,,,,,,,,,,,,,,,,,,,,,,,,,,,,,,,,,,,,,,,,,,,,,,,,,,,,,,,,,,,,,,,,,,,,,,,,,,,,,,,,,,,,,,,,,,,,,,,,,,,,,,,,,,,,,,,,,,,,,,,,,,,,
1907,7,280.4,6.3,,,,,,,,,,,,,,,,,,,,,,,,,,,,,,,,,,,1.11,2.6,4.6,3.09,10.0,2.11,24.0,0.3,-1.05,0.49,3.25,0.72,10.0,2.07,24.0,0.3,-3.25,-2.41,1.05,-1.63,10.0,2.69,24.0,0.3,1009.26,1010.2,1011.1,1010.22,6.0,0.98,24.0,0.3,,,,,,,,,,,,,,,,,,,,,,,,,,,,,,,,,,,,,,,,,,,,,,,,,,,,,,,,,,,,,,,,,,,,,,,,,,,,,,,,,,,,,,,,,,,,,,,,,,,,,,,,,,,,,,,,,,,,,,,,,,,,,,,,,,
1907,7,280.4,8.3,,,,,,,,,,,,,,,,,,,,,,,,,,,,,,,,,,,2.6,4.6,6.47,4.18,8.0,2.01,26.0,0.6,-1.71,0.0,3.17,0.43,8.0,2.93,26.0,0.6,-4.68,-2.93,-1.82,-3.17,8.0,1.91,26.0,0.6,1008.51,1009.6,1010.69,1009.6,3.0,1.6,24.0,0.7,,,,,,,,,,,,,,,,,,,,,,,,,,,,,,,,,,,,,,,,,,,,,,,,,,,,,,,,,,,,,,,,,,,,,,,,,,,,,,,,,,,,,,,,,,,,,,,,,,,,,,,,,,,,,,,,,,,,,,,,,,,,,,,,,,
1907,7,280.4,18.3,,,,,,,,,,,,,,,,,,,,,,,,,,,,,,,,,,,1.0,2.6,3.74,2.52,10.0,1.32,10.0,0.3,-3.46,-1.84,-0.53,-1.97,10.0,1.51,10.0,0.3,-1.84,-0.96,0.58,-0.7,10.0,1.29,10.0,0.3,1013.84,1014.1,1014.36,1014.1,6.0,0.36,4.0,0.3,,,,,,,,,,,,,,,,,,,,,,,,,,,,,,,,,,,,,,,,,,,,,,,,,,,,,,,,,,,,,,,,,,,,,,,,,,,,,,,,,,,,,,,,,,,,,,,,,,,,,,,,,,,,,,,,,,,,,,,,,,,,,,,,,,
1907,7,280.4,24.3,,,,,,,,,,,,,,,,,,,,,,,,,,,,,,,,,,,0.0,2.6,2.6,1.86,10.0,1.54,12.0,0.3,-2.51,-0.7,0.0,-0.99,10.0,1.89,12.0,0.3,-1.38,0.0,0.58,-0.22,10.0,1.22,12.0,0.3,1017.84,1018.8,1020.4,1018.98,6.0,1.2,14.0,0.3,,,,,,,,,,,,,,,,,,,,,,,,,,,,,,,,,,,,,,,,,,,,,,,,,,,,,,,,,,,,,,,,,,,,,,,,,,,,,,,,,,,,,,,,,,,,,,,,,,,,,,,,,,,,,,,,,,,,,,,,,,,,,,,,,,
1907,7,280.4,26.3,,,,,,,,,,,,,,,,,,,,,,,,,,,,,,,,,,,1.0,2.6,6.7,3.13,23.0,2.34,14.0,0.4,-6.21,-2.39,0.0,-2.21,23.0,2.73,14.0,0.4,-0.82,0.0,2.6,0.41,23.0,1.74,14.0,0.4,1016.3,1018.5,1020.33,1018.28,13.0,1.98,16.0,0.5,,,,,,,,,,,,,,,,,,,,,,,,,,,,,,,,,,,,,,,,,,,,,,,,,,,,,,,,,,,,,,,,,,,,,,,,,,,,,,,,,,,,,,,,,,,,,,,,,,,,,,,,,,,,,,,,,,,,,,,,,,,,,,,,,,
1907,7,280.4,28.3,,,,,,,,,,,,,,,,,,,,,,,,,,,,,,,,,,,1.0,1.0,4.6,2.44,14.0,2.43,16.0,0.7,-0.93,0.0,1.74,-0.27,14.0,2.69,16.0,0.7,-0.69,0.0,3.11,0.36,14.0,2.21,16.0,0.7,1017.33,1018.7,1019.07,1018.4,8.0,0.77,16.0,0.5,,,,,,,,,,,,,,,,,,,,,,,,,,,,,,,,,,,,,,,,,,,,,,,,,,,,,,,,,,,,,,,,,,,,,,,,,,,,,,,,,,,,,,,,,,,,,,,,,,,,,,,,,,,,,,,,,,,,,,,,,,,,,,,,,,
1907,7,280.4,30.3,,,,,,,,,,,,,,,,,,,,,,,,,,,,,,,,,,,1.1,2.6,4.6,2.9,14.0,1.53,16.0,0.5,-0.97,0.35,3.21,0.54,14.0,2.48,16.0,0.5,0.04,1.84,3.21,1.74,14.0,1.29,16.0,0.5,1014.92,1017.95,1019.31,1017.15,8.0,2.99,16.0,0.6,,,,,,,,,,,,,,,,,,,,,,,,,,,,,,,,,,,,,,,,,,,,,,,,,,,,,,,,,,,,,,,,,,,,,,,,,,,,,,,,,,,,,,,,,,,,,,,,,,,,,,,,,,,,,,,,,,,,,,,,,,,,,,,,,,
1907,7,282.4,-59.7,,,,,,,,,,,,,,,,,,,,,,,,,,,,,,,,,,,10.31,22.6,25.47,18.0,3.0,11.79,8.0,1.0,6.01,18.95,21.44,13.85,3.0,12.13,8.0,1.0,-14.4,-4.6,-1.46,-7.85,3.0,9.88,8.0,1.0,977.5,977.5,977.5,977.5,1.0,0.0,12.0,1.0,,,,,,,,,,,,,,,,,,,,,,,,,,,,,,,,,,,,,,,,,,,,,,,,,,,,,,,,,,,,,,,,,,,,,,,,,,,,,,,,,,,,,,,,,,,,,,,,,,,,,,,,,,,,,,,,,,,,,,,,,,,,,,,,,,
1907,7,282.4,-57.7,,,,,,,,,,,,,,,,,,,,,,,,,,,,,,,,,,,5.32,10.8,31.75,15.7,6.0,14.03,12.0,0.8,3.76,10.31,25.55,13.13,6.0,11.28,12.0,0.8,-8.92,0.0,6.15,-2.21,6.0,12.35,12.0,0.8,976.29,983.25,1001.79,988.78,4.0,17.59,10.0,0.8,,,,,,,,,,,,,,,,,,,,,,,,,,,,,,,,,,,,,,,,,,,,,,,,,,,,,,,,,,,,,,,,,,,,,,,,,,,,,,,,,,,,,,,,,,,,,,,,,,,,,,,,,,,,,,,,,,,,,,,,,,,,,,,,,,
1907,7,282.4,-55.7,,,,,,,,,,,,,,,,,,,,,,,,,,,,,,,,,,,2.6,6.95,12.3,7.33,8.0,4.67,16.0,0.5,-8.47,0.0,7.73,-0.76,8.0,7.44,16.0,0.5,-7.73,0.92,2.6,-0.72,8.0,5.14,16.0,0.5,974.62,977.8,1003.5,985.2,7.0,13.62,16.0,0.4,,,,,,,,,,,,,,,,,,,,,,,,,,,,,,,,,,,,,,,,,,,,,,,,,,,,,,,,,,,,,,,,,,,,,,,,,,,,,,,,,,,,,,,,,,,,,,,,,,,,,,,,,,,,,,,,,,,,,,,,,,,,,,,,,,
1907,7,282.4,-53.7,,,,,,,,,,,,,,,,,,,,,,,,,,,,,,,,,,,11.2,19.0,22.6,17.16,5.0,6.08,8.0,0.4,11.2,13.44,18.4,14.72,5.0,5.01,8.0,0.4,-14.36,0.0,0.0,-5.88,5.0,8.11,8.0,0.4,1003.01,1009.7,1011.2,1007.17,3.0,6.39,6.0,0.7,,,,,,,,,,,,,,,,,,,,,,,,,,,,,,,,,,,,,,,,,,,,,,,,,,,,,,,,,,,,,,,,,,,,,,,,,,,,,,,,,,,,,,,,,,,,,,,,,,,,,,,,,,,,,,,,,,,,,,,,,,,,,,,,,,
1907,7,282.4,-51.7,,,,,,,,,,,,,,,,,,,,,,,,,,,,,,,,,,,8.97,12.3,19.0,13.29,38.0,5.62,14.0,0.4,-6.83,6.37,13.44,3.81,38.0,9.76,14.0,0.4,-13.53,-6.58,4.75,-5.84,38.0,8.23,14.0,0.4,1002.03,1007.6,1011.79,1007.08,11.0,4.3,14.0,0.5,,,,,,,,,,,,,,,,,,,,,,,,,,,,,,,,,,,,,,,,,,,,,,,,,,,,,,,,,,,,,,,,,,,,,,,,,,,,,,,,,,,,,,,,,,,,,,,,,,,,,,,,,,,,,,,,,,,,,,,,,,,,,,,,,,
1907,7,282.4,-49.7,,,,,,,,,,,,,,,,,,,,,,,,,,,,,,,,,,,6.7,10.8,16.03,12.19,44.0,6.81,14.0,0.6,-2.53,3.39,10.89,3.62,44.0,6.97,14.0,0.6,-14.48,-3.48,4.74,-5.03,44.0,10.51,14.0,0.6,995.36,1005.0,1011.89,1003.71,13.0,7.69,20.0,0.5,,,,,,,,,,,,,,,,,,,,,,,,,,,,,,,,,,,,,,,,,,,,,,,,,,,,,,,,,,,,,,,,,,,,,,,,,,,,,,,,,,,,,,,,,,,,,,,,,,,,,,,,,,,,,,,,,,,,,,,,,,,,,,,,,,
1907,7,282.4,-47.7,,,,,,,,,,,,,,,,,,,,,,,,,,,,,,,,,,,4.6,6.7,15.4,8.87,45.0,5.6,16.0,0.5,0.0,4.23,12.3,4.41,45.0,5.98,16.0,0.5,-10.9,-1.8,2.62,-3.11,45.0,6.8,16.0,0.5,1003.71,1009.25,1017.0,1009.19,10.0,6.24,20.0,0.5,,,,,,,,,,,,,,,,,,,,,,,,,,,,,,,,,,,,,,,,,,,,,,,,,,,,,,,,,,,,,,,,,,,,,,,,,,,,,,,,,,,,,,,,,,,,,,,,,,,,,,,,,,,,,,,,,,,,,,,,,,,,,,,,,,
1907,7,282.4,-45.7,,,,,,,,,,,,,,,,,,,,,,,,,,,,,,,,,,,4.63,6.7,12.3,8.38,20.0,4.09,16.0,0.5,-6.0,1.3,8.59,1.41,20.0,6.88,16.0,0.5,-4.71,2.12,6.21,0.54,20.0,6.41,16.0,0.5,1003.95,1006.7,1017.03,1008.84,7.0,6.06,18.0,0.4,,,,,,,,,,,,,,,,,,,,,,,,,,,,,,,,,,,,,,,,,,,,,,,,,,,,,,,,,,,,,,,,,,,,,,,,,,,,,,,,,,,,,,,,,,,,,,,,,,,,,,,,,,,,,,,,,,,,,,,,,,,,,,,,,,
1907,7,282.4,-43.7,,,,,,,,,,,,,,,,,,,,,,,,,,,,,,,,,,,5.17,6.7,12.3,8.73,9.0,3.82,8.0,0.4,-6.04,-2.51,12.3,1.76,9.0,8.64,8.0,0.4,-3.36,0.0,6.21,0.93,9.0,4.61,8.0,0.4,1003.38,1011.05,1018.4,1010.93,6.0,8.51,12.0,0.3,,,,,,,,,,,,,,,,,,,,,,,,,,,,,,,,,,,,,,,,,,,,,,,,,,,,,,,,,,,,,,,,,,,,,,,,,,,,,,,,,,,,,,,,,,,,,,,,,,,,,,,,,,,,,,,,,,,,,,,,,,,,,,,,,,
1907,7,282.4,-41.7,,,,,,,,,,,,,,,,,,,,,,,,,,,,,,,,,,,3.23,4.6,11.97,7.53,3.0,6.89,14.0,1.0,-2.58,0.97,7.74,2.54,3.0,7.68,14.0,1.0,-8.2,-2.41,0.46,-3.83,3.0,6.46,14.0,1.0,997.75,1000.0,1002.25,1000.0,2.0,4.67,22.0,1.0,,,,,,,,,,,,,,,,,,,,,,,,,,,,,,,,,,,,,,,,,,,,,,,,,,,,,,,,,,,,,,,,,,,,,,,,,,,,,,,,,,,,,,,,,,,,,,,,,,,,,,,,,,,,,,,,,,,,,,,,,,,,,,,,,,
1907,7,282.4,-29.7,,,,,,,,,,,,,,,,,,,,,,,,,,,,,,,,,,,6.7,6.7,6.7,6.7,1.0,0.0,20.0,1.0,-2.51,-2.51,-2.51,-2.51,1.0,0.0,20.0,1.0,6.21,6.21,6.21,6.21,1.0,0.0,20.0,1.0,1024.4,1024.4,1024.4,1024.4,1.0,0.0,20.0,1.0,,,,,,,,,,,,,,,,,,,,,,,,,,,,,,,,,,,,,,,,,,,,,,,,,,,,,,,,,,,,,,,,,,,,,,,,,,,,,,,,,,,,,,,,,,,,,,,,,,,,,,,,,,,,,,,,,,,,,,,,,,,,,,,,,,
1907,7,282.4,-25.7,,,,,,,,,,,,,,,,,,,,,,,,,,,,,,,,,,,4.6,4.6,4.6,4.6,3.0,0.0,16.0,1.0,-2.77,-1.72,-0.55,-1.66,3.0,1.63,16.0,1.0,3.57,4.27,4.49,4.04,3.0,0.7,16.0,1.0,1017.91,1020.3,1021.26,1019.6,3.0,2.52,16.0,1.0,,,,,,,,,,,,,,,,,,,,,,,,,,,,,,,,,,,,,,,,,,,,,,,,,,,,,,,,,,,,,,,,,,,,,,,,,,,,,,,,,,,,,,,,,,,,,,,,,,,,,,,,,,,,,,,,,,,,,,,,,,,,,,,,,,
1907,7,282.4,-23.7,,,,,,,,,,,,,,,,,,,,,,,,,,,,,,,,,,,1.0,1.0,1.0,1.0,1.0,0.0,12.0,1.0,0.0,0.0,0.0,0.0,1.0,0.0,12.0,1.0,1.0,1.0,1.0,1.0,1.0,0.0,12.0,1.0,1015.8,1015.8,1015.8,1015.8,1.0,0.0,16.0,1.0,,,,,,,,,,,,,,,,,,,,,,,,,,,,,,,,,,,,,,,,,,,,,,,,,,,,,,,,,,,,,,,,,,,,,,,,,,,,,,,,,,,,,,,,,,,,,,,,,,,,,,,,,,,,,,,,,,,,,,,,,,,,,,,,,,
1907,7,282.4,-19.7,,,,,,,,,,,,,,,,,,,,,,,,,,,,,,,,,,,4.6,4.6,4.6,4.6,1.0,0.0,18.0,1.0,-4.6,-4.6,-4.6,-4.6,1.0,0.0,18.0,1.0,0.0,0.0,0.0,0.0,1.0,0.0,18.0,1.0,1020.6,1020.6,1020.6,1020.6,1.0,0.0,18.0,1.0,,,,,,,,,,,,,,,,,,,,,,,,,,,,,,,,,,,,,,,,,,,,,,,,,,,,,,,,,,,,,,,,,,,,,,,,,,,,,,,,,,,,,,,,,,,,,,,,,,,,,,,,,,,,,,,,,,,,,,,,,,,,,,,,,,
1907,7,282.4,-17.7,,,,,,,,,,,,,,,,,,,,,,,,,,,,,,,,,,,7.11,8.0,8.89,8.0,2.0,1.84,20.0,1.0,-7.95,-6.65,-5.34,-6.65,2.0,2.7,20.0,1.0,3.81,4.19,4.56,4.19,2.0,0.78,20.0,1.0,1016.77,1017.15,1017.53,1017.15,2.0,0.78,20.0,1.0,,,,,,,,,,,,,,,,,,,,,,,,,,,,,,,,,,,,,,,,,,,,,,,,,,,,,,,,,,,,,,,,,,,,,,,,,,,,,,,,,,,,,,,,,,,,,,,,,,,,,,,,,,,,,,,,,,,,,,,,,,,,,,,,,,
1907,7,282.4,2.3,,,,,,,,,,,,,,,,,,,,,,,,,,,,,,,,,,,1.0,1.0,2.09,1.53,3.0,0.92,28.0,0.7,-0.17,1.0,1.96,0.9,3.0,1.56,28.0,0.7,0.22,0.71,0.89,0.56,3.0,0.5,28.0,0.7,1007.84,1008.8,1009.48,1008.67,3.0,1.21,28.0,0.7,,,,,,,,,,,,,,,,,,,,,,,,,,,,,,,,,,,,,,,,,,,,,,,,,,,,,,,,,,,,,,,,,,,,,,,,,,,,,,,,,,,,,,,,,,,,,,,,,,,,,,,,,,,,,,,,,,,,,,,,,,,,,,,,,,
1907,7,282.4,4.3,,,,,,,,,,,,,,,,,,,,,,,,,,,,,,,,,,,0.48,1.8,3.65,2.05,4.0,2.01,28.0,0.3,0.0,0.9,1.82,0.91,4.0,1.05,28.0,0.3,0.48,1.42,3.09,1.77,4.0,1.81,28.0,0.3,1007.86,1008.85,1010.0,1008.93,4.0,1.64,28.0,0.3,,,,,,,,,,,,,,,,,,,,,,,,,,,,,,,,,,,,,,,,,,,,,,,,,,,,,,,,,,,,,,,,,,,,,,,,,,,,,,,,,,,,,,,,,,,,,,,,,,,,,,,,,,,,,,,,,,,,,,,,,,,,,,,,,,
1907,7,282.4,24.3,,,,,,,,,,,,,,,,,,,,,,,,,,,,,,,,,,,0.0,1.8,5.03,2.48,6.0,2.71,6.0,0.7,-2.88,0.0,0.15,-1.07,6.0,2.09,6.0,0.7,0.0,0.86,4.63,1.84,6.0,2.22,6.0,0.7,1017.43,1019.0,1019.27,1018.32,5.0,1.66,8.0,0.8,,,,,,,,,,,,,,,,,,,,,,,,,,,,,,,,,,,,,,,,,,,,,,,,,,,,,,,,,,,,,,,,,,,,,,,,,,,,,,,,,,,,,,,,,,,,,,,,,,,,,,,,,,,,,,,,,,,,,,,,,,,,,,,,,,
1907,7,282.4,26.3,,,,,,,,,,,,,,,,,,,,,,,,,,,,,,,,,,,2.6,2.6,3.65,3.1,4.0,1.0,10.0,0.3,-1.7,0.0,0.0,-0.81,4.0,1.63,10.0,0.3,2.6,2.6,2.94,2.76,4.0,0.33,10.0,0.3,1017.83,1019.2,1020.7,1019.27,3.0,2.1,10.0,0.3,,,,,,,,,,,,,,,,,,,,,,,,,,,,,,,,,,,,,,,,,,,,,,,,,,,,,,,,,,,,,,,,,,,,,,,,,,,,,,,,,,,,,,,,,,,,,,,,,,,,,,,,,,,,,,,,,,,,,,,,,,,,,,,,,,
1907,7,282.4,28.3,,,,,,,,,,,,,,,,,,,,,,,,,,,,,,,,,,,1.18,4.6,4.6,3.71,8.0,2.0,18.0,0.4,-3.0,-0.16,2.43,-0.03,8.0,2.47,18.0,0.4,-3.25,0.81,3.16,-0.15,8.0,3.69,18.0,0.4,1015.2,1015.4,1017.04,1016.1,3.0,1.48,22.0,0.3,,,,,,,,,,,,,,,,,,,,,,,,,,,,,,,,,,,,,,,,,,,,,,,,,,,,,,,,,,,,,,,,,,,,,,,,,,,,,,,,,,,,,,,,,,,,,,,,,,,,,,,,,,,,,,,,,,,,,,,,,,,,,,,,,,
1907,7,282.4,30.3,,,,,,,,,,,,,,,,,,,,,,,,,,,,,,,,,,,4.19,4.6,5.57,5.05,6.0,2.23,22.0,0.2,-0.36,3.25,3.94,2.44,6.0,2.91,22.0,0.2,-2.73,3.25,4.74,1.92,6.0,3.95,22.0,0.2,1010.64,1013.2,1017.96,1014.25,4.0,4.58,22.0,0.0,,,,,,,,,,,,,,,,,,,,,,,,,,,,,,,,,,,,,,,,,,,,,,,,,,,,,,,,,,,,,,,,,,,,,,,,,,,,,,,,,,,,,,,,,,,,,,,,,,,,,,,,,,,,,,,,,,,,,,,,,,,,,,,,,,
1907,7,282.4,32.3,,,,,,,,,,,,,,,,,,,,,,,,,,,,,,,,,,,2.6,4.6,6.7,4.38,12.0,2.32,16.0,0.7,-2.36,0.92,2.58,0.68,12.0,3.2,16.0,0.7,1.58,1.84,5.1,2.44,12.0,3.01,16.0,0.7,1016.85,1022.3,1023.49,1019.95,6.0,5.84,18.0,0.5,,,,,,,,,,,,,,,,,,,,,,,,,,,,,,,,,,,,,,,,,,,,,,,,,,,,,,,,,,,,,,,,,,,,,,,,,,,,,,,,,,,,,,,,,,,,,,,,,,,,,,,,,,,,,,,,,,,,,,,,,,,,,,,,,,
1907,7,282.4,36.3,,,,,,,,,,,,,,,,,,,,,,,,,,,,,,,,,,,0.41,1.3,2.19,1.3,2.0,1.84,16.0,0.0,0.16,0.51,0.85,0.51,2.0,0.72,16.0,0.0,0.38,1.2,2.01,1.2,2.0,1.69,16.0,0.0,1017.1,1017.1,1017.1,1017.1,1.0,0.0,4.0,0.0,,,,,,,,,,,,,,,,,,,,,,,,,,,,,,,,,,,,,,,,,,,,,,,,,,,,,,,,,,,,,,,,,,,,,,,,,,,,,,,,,,,,,,,,,,,,,,,,,,,,,,,,,,,,,,,,,,,,,,,,,,,,,,,,,,
1907,7,284.4,-59.7,,,,,,,,,,,,,,,,,,,,,,,,,,,,,,,,,,,13.36,15.65,17.94,15.65,2.0,4.74,8.0,1.0,13.12,14.89,16.67,14.89,2.0,3.67,8.0,1.0,-6.25,-3.71,-1.18,-3.71,2.0,5.25,8.0,1.0,977.3,977.3,977.3,977.3,1.0,0.0,12.0,1.0,,,,,,,,,,,,,,,,,,,,,,,,,,,,,,,,,,,,,,,,,,,,,,,,,,,,,,,,,,,,,,,,,,,,,,,,,,,,,,,,,,,,,,,,,,,,,,,,,,,,,,,,,,,,,,,,,,,,,,,,,,,,,,,,,,
1907,7,284.4,-57.7,,,,,,,,,,,,,,,,,,,,,,,,,,,,,,,,,,,9.3,12.3,19.17,13.87,7.0,5.03,12.0,0.7,7.51,8.7,11.86,7.96,7.0,10.7,12.0,0.7,-8.92,-4.81,0.0,-5.61,7.0,4.96,12.0,0.7,976.25,982.4,992.85,986.2,6.0,18.04,10.0,0.7,,,,,,,,,,,,,,,,,,,,,,,,,,,,,,,,,,,,,,,,,,,,,,,,,,,,,,,,,,,,,,,,,,,,,,,,,,,,,,,,,,,,,,,,,,,,,,,,,,,,,,,,,,,,,,,,,,,,,,,,,,,,,,,,,,
1907,7,284.4,-55.7,,,,,,,,,,,,,,,,,,,,,,,,,,,,,,,,,,,7.94,9.3,10.87,9.4,4.0,2.29,14.0,1.0,2.96,6.39,9.57,6.27,4.0,5.03,14.0,1.0,1.19,4.54,8.0,4.6,4.0,4.14,14.0,1.0,1008.69,1009.3,1009.3,1009.0,3.0,0.52,14.0,1.0,,,,,,,,,,,,,,,,,,,,,,,,,,,,,,,,,,,,,,,,,,,,,,,,,,,,,,,,,,,,,,,,,,,,,,,,,,,,,,,,,,,,,,,,,,,,,,,,,,,,,,,,,,,,,,,,,,,,,,,,,,,,,,,,,,
1907,7,284.4,-53.7,,,,,,,,,,,,,,,,,,,,,,,,,,,,,,,,,,,6.7,12.3,19.69,12.58,25.0,7.13,16.0,0.2,-5.01,0.0,13.58,3.84,25.0,10.19,16.0,0.2,-13.44,-6.58,1.89,-5.86,25.0,7.8,16.0,0.2,1004.36,1008.85,1013.36,1008.79,8.0,6.31,18.0,0.1,,,,,,,,,,,,,,,,,,,,,,,,,,,,,,,,,,,,,,,,,,,,,,,,,,,,,,,,,,,,,,,,,,,,,,,,,,,,,,,,,,,,,,,,,,,,,,,,,,,,,,,,,,,,,,,,,,,,,,,,,,,,,,,,,,
1907,7,284.4,-51.7,,,,,,,,,,,,,,,,,,,,,,,,,,,,,,,,,,,4.6,9.3,15.4,10.63,25.0,4.98,20.0,0.5,-5.04,2.6,6.6,2.2,25.0,6.81,20.0,0.5,-14.28,-6.02,0.35,-5.65,25.0,7.61,20.0,0.5,1007.02,1010.4,1016.87,1011.8,6.0,5.42,30.0,0.5,,,,,,,,,,,,,,,,,,,,,,,,,,,,,,,,,,,,,,,,,,,,,,,,,,,,,,,,,,,,,,,,,,,,,,,,,,,,,,,,,,,,,,,,,,,,,,,,,,,,,,,,,,,,,,,,,,,,,,,,,,,,,,,,,,
1907,7,284.4,-49.7,,,,,,,,,,,,,,,,,,,,,,,,,,,,,,,,,,,7.4,9.3,14.56,10.51,9.0,3.68,18.0,0.2,0.0,3.63,7.91,3.48,9.0,4.09,18.0,0.2,-12.77,-4.74,8.61,-3.18,9.0,9.8,18.0,0.2,1020.0,1020.0,1020.0,1020.0,1.0,0.0,30.0,1.0,,,,,,,,,,,,,,,,,,,,,,,,,,,,,,,,,,,,,,,,,,,,,,,,,,,,,,,,,,,,,,,,,,,,,,,,,,,,,,,,,,,,,,,,,,,,,,,,,,,,,,,,,,,,,,,,,,,,,,,,,,,,,,,,,,
1907,7,284.4,-45.7,,,,,,,,,,,,,,,,,,,,,,,,,,,,,,,,,,,4.6,6.7,12.3,7.99,27.0,4.23,16.0,0.4,-4.6,4.27,6.17,2.15,27.0,5.01,16.0,0.4,-10.61,0.0,3.06,-2.51,27.0,6.91,16.0,0.4,1012.01,1013.75,1015.49,1013.75,2.0,3.61,30.0,0.5,,,,,,,,,,,,,,,,,,,,,,,,,,,,,,,,,,,,,,,,,,,,,,,,,,,,,,,,,,,,,,,,,,,,,,,,,,,,,,,,,,,,,,,,,,,,,,,,,,,,,,,,,,,,,,,,,,,,,,,,,,,,,,,,,,
1907,7,284.4,-43.7,,,,,,,,,,,,,,,,,,,,,,,,,,,,,,,,,,,3.2,6.7,15.4,8.86,47.0,5.3,16.0,0.6,-3.09,0.71,7.9,2.45,47.0,5.9,16.0,0.6,-12.03,-3.63,1.73,-4.28,47.0,6.98,16.0,0.6,1009.47,1022.45,1025.42,1017.68,4.0,12.67,28.0,0.5,,,,,,,,,,,,,,,,,,,,,,,,,,,,,,,,,,,,,,,,,,,,,,,,,,,,,,,,,,,,,,,,,,,,,,,,,,,,,,,,,,,,,,,,,,,,,,,,,,,,,,,,,,,,,,,,,,,,,,,,,,,,,,,,,,
1907,7,284.4,-41.7,,,,,,,,,,,,,,,,,,,,,,,,,,,,,,,,,,,4.6,9.3,12.3,8.75,42.0,3.74,16.0,0.4,-6.58,0.0,8.7,0.89,42.0,6.69,16.0,0.4,-8.7,-4.12,3.73,-2.91,42.0,6.18,16.0,0.4,1002.27,1022.0,1029.18,1017.9,9.0,12.54,18.0,0.7,,,,,,,,,,,,,,,,,,,,,,,,,,,,,,,,,,,,,,,,,,,,,,,,,,,,,,,,,,,,,,,,,,,,,,,,,,,,,,,,,,,,,,,,,,,,,,,,,,,,,,,,,,,,,,,,,,,,,,,,,,,,,,,,,,
1907,7,284.4,-39.7,,,,,,,,,,,,,,,,,,,,,,,,,,,,,,,,,,,6.7,9.3,12.3,8.9,26.0,3.01,18.0,0.6,-4.65,2.55,6.58,2.09,26.0,5.39,18.0,0.6,-9.3,-3.27,6.58,-1.8,26.0,7.38,18.0,0.6,1009.43,1012.5,1016.1,1012.75,4.0,4.27,20.0,0.3,,,,,,,,,,,,,,,,,,,,,,,,,,,,,,,,,,,,,,,,,,,,,,,,,,,,,,,,,,,,,,,,,,,,,,,,,,,,,,,,,,,,,,,,,,,,,,,,,,,,,,,,,,,,,,,,,,,,,,,,,,,,,,,,,,
1907,7,284.4,-37.7,,,,,,,,,,,,,,,,,,,,,,,,,,,,,,,,,,,8.27,12.3,12.3,10.38,4.0,3.85,24.0,0.8,-1.67,3.93,6.75,2.6,4.0,6.28,24.0,0.8,-10.12,-5.98,4.03,-3.18,4.0,9.82,24.0,0.8,1014.56,1017.7,1020.84,1017.7,2.0,6.51,24.0,1.0,,,,,,,,,,,,,,,,,,,,,,,,,,,,,,,,,,,,,,,,,,,,,,,,,,,,,,,,,,,,,,,,,,,,,,,,,,,,,,,,,,,,,,,,,,,,,,,,,,,,,,,,,,,,,,,,,,,,,,,,,,,,,,,,,,
1907,7,284.4,-35.7,,,,,,,,,,,,,,,,,,,,,,,,,,,,,,,,,,,2.79,6.65,10.51,6.65,2.0,7.99,16.0,1.0,1.98,4.7,7.43,4.7,2.0,5.65,16.0,1.0,0.79,4.0,7.2,4.0,2.0,6.65,16.0,1.0,1021.47,1022.05,1022.63,1022.05,2.0,1.2,16.0,1.0,,,,,,,,,,,,,,,,,,,,,,,,,,,,,,,,,,,,,,,,,,,,,,,,,,,,,,,,,,,,,,,,,,,,,,,,,,,,,,,,,,,,,,,,,,,,,,,,,,,,,,,,,,,,,,,,,,,,,,,,,,,,,,,,,,
1907,7,284.4,-31.7,,,,,,,,,,,,,,,,,,,,,,,,,,,,,,,,,,,2.32,5.15,7.98,5.15,2.0,5.87,8.0,1.0,1.88,3.79,5.69,3.79,2.0,3.94,8.0,1.0,1.04,3.29,5.53,3.29,2.0,4.65,8.0,1.0,1017.9,1019.4,1020.9,1019.4,2.0,3.11,8.0,1.0,,,,,,,,,,,,,,,,,,,,,,,,,,,,,,,,,,,,,,,,,,,,,,,,,,,,,,,,,,,,,,,,,,,,,,,,,,,,,,,,,,,,,,,,,,,,,,,,,,,,,,,,,,,,,,,,,,,,,,,,,,,,,,,,,,
1907,7,284.4,-29.7,,,,,,,,,,,,,,,,,,,,,,,,,,,,,,,,,,,4.6,4.6,4.6,4.6,1.0,0.0,12.0,1.0,4.27,4.27,4.27,4.27,1.0,0.0,12.0,1.0,1.72,1.72,1.72,1.72,1.0,0.0,12.0,1.0,1017.31,1017.75,1018.19,1017.75,2.0,0.92,10.0,1.0,,,,,,,,,,,,,,,,,,,,,,,,,,,,,,,,,,,,,,,,,,,,,,,,,,,,,,,,,,,,,,,,,,,,,,,,,,,,,,,,,,,,,,,,,,,,,,,,,,,,,,,,,,,,,,,,,,,,,,,,,,,,,,,,,,
1907,7,284.4,-27.7,,,,,,,,,,,,,,,,,,,,,,,,,,,,,,,,,,,3.66,5.95,8.24,5.95,2.0,4.74,16.0,1.0,0.41,1.3,2.19,1.3,2.0,1.84,16.0,1.0,1.48,4.65,7.82,4.65,2.0,6.58,16.0,1.0,1020.48,1021.5,1022.52,1021.5,2.0,2.12,16.0,1.0,,,,,,,,,,,,,,,,,,,,,,,,,,,,,,,,,,,,,,,,,,,,,,,,,,,,,,,,,,,,,,,,,,,,,,,,,,,,,,,,,,,,,,,,,,,,,,,,,,,,,,,,,,,,,,,,,,,,,,,,,,,,,,,,,,
1907,7,284.4,-25.7,,,,,,,,,,,,,,,,,,,,,,,,,,,,,,,,,,,4.6,4.6,4.6,4.6,1.0,0.0,20.0,1.0,0.0,0.0,0.0,0.0,1.0,0.0,20.0,1.0,4.6,4.6,4.6,4.6,1.0,0.0,20.0,1.0,1019.9,1019.9,1019.9,1019.9,1.0,0.0,20.0,1.0,,,,,,,,,,,,,,,,,,,,,,,,,,,,,,,,,,,,,,,,,,,,,,,,,,,,,,,,,,,,,,,,,,,,,,,,,,,,,,,,,,,,,,,,,,,,,,,,,,,,,,,,,,,,,,,,,,,,,,,,,,,,,,,,,,
1907,7,284.4,-23.7,,,,,,,,,,,,,,,,,,,,,,,,,,,,,,,,,,,1.76,2.6,6.11,3.88,4.0,3.69,10.0,1.0,-2.26,0.05,1.45,-0.39,4.0,2.37,10.0,1.0,-0.78,1.39,5.66,2.39,4.0,4.5,10.0,1.0,1017.6,1017.6,1017.6,1017.6,1.0,0.0,16.0,1.0,,,,,,,,,,,,,,,,,,,,,,,,,,,,,,,,,,,,,,,,,,,,,,,,,,,,,,,,,,,,,,,,,,,,,,,,,,,,,,,,,,,,,,,,,,,,,,,,,,,,,,,,,,,,,,,,,,,,,,,,,,,,,,,,,,
1907,7,284.4,-21.7,,,,,,,,,,,,,,,,,,,,,,,,,,,,,,,,,,,4.93,5.65,6.37,5.65,2.0,1.48,18.0,1.0,-5.86,-5.2,-4.54,-5.2,2.0,1.37,18.0,1.0,1.93,2.21,2.49,2.21,2.0,0.58,18.0,1.0,1017.97,1018.75,1019.54,1018.75,2.0,1.63,18.0,1.0,,,,,,,,,,,,,,,,,,,,,,,,,,,,,,,,,,,,,,,,,,,,,,,,,,,,,,,,,,,,,,,,,,,,,,,,,,,,,,,,,,,,,,,,,,,,,,,,,,,,,,,,,,,,,,,,,,,,,,,,,,,,,,,,,,
1907,7,284.4,-17.7,,,,,,,,,,,,,,,,,,,,,,,,,,,,,,,,,,,3.25,4.65,6.05,4.65,2.0,2.9,18.0,0.5,-4.28,-3.29,-2.3,-3.29,2.0,2.05,18.0,0.5,2.3,3.29,4.28,3.29,2.0,2.05,18.0,0.5,1016.2,1016.2,1016.2,1016.2,1.0,0.0,22.0,1.0,,,,,,,,,,,,,,,,,,,,,,,,,,,,,,,,,,,,,,,,,,,,,,,,,,,,,,,,,,,,,,,,,,,,,,,,,,,,,,,,,,,,,,,,,,,,,,,,,,,,,,,,,,,,,,,,,,,,,,,,,,,,,,,,,,
1907,7,284.4,20.3,,,,,,,,,,,,,,,,,,,,,,,,,,,,,,,,,,,9.62,9.8,10.71,10.2,5.0,1.19,8.0,0.6,-10.71,-9.8,-8.89,-9.91,5.0,1.43,8.0,0.6,-1.34,0.0,1.33,-0.01,5.0,2.58,8.0,0.6,1017.97,1018.35,1018.73,1018.35,2.0,0.78,12.0,0.5,,,,,,,,,,,,,,,,,,,,,,,,,,,,,,,,,,,,,,,,,,,,,,,,,,,,,,,,,,,,,,,,,,,,,,,,,,,,,,,,,,,,,,,,,,,,,,,,,,,,,,,,,,,,,,,,,,,,,,,,,,,,,,,,,,
1907,7,284.4,22.3,,,,,,,,,,,,,,,,,,,,,,,,,,,,,,,,,,,9.3,9.55,9.8,9.55,6.0,0.27,8.0,0.5,-9.8,-9.18,-8.56,-9.18,6.0,0.68,8.0,0.5,0.0,1.82,3.63,1.82,6.0,1.99,8.0,0.5,1018.3,1018.5,1018.7,1018.5,3.0,0.3,12.0,0.7,,,,,,,,,,,,,,,,,,,,,,,,,,,,,,,,,,,,,,,,,,,,,,,,,,,,,,,,,,,,,,,,,,,,,,,,,,,,,,,,,,,,,,,,,,,,,,,,,,,,,,,,,,,,,,,,,,,,,,,,,,,,,,,,,,
1907,7,284.4,24.3,,,,,,,,,,,,,,,,,,,,,,,,,,,,,,,,,,,1.18,3.6,6.7,4.38,8.0,3.15,14.0,0.6,-6.64,-0.92,0.0,-2.84,8.0,4.13,14.0,0.6,0.04,1.5,2.62,1.6,8.0,1.6,14.0,0.6,1019.16,1019.4,1019.56,1019.38,6.0,0.27,16.0,0.5,,,,,,,,,,,,,,,,,,,,,,,,,,,,,,,,,,,,,,,,,,,,,,,,,,,,,,,,,,,,,,,,,,,,,,,,,,,,,,,,,,,,,,,,,,,,,,,,,,,,,,,,,,,,,,,,,,,,,,,,,,,,,,,,,,
1907,7,284.4,26.3,,,,,,,,,,,,,,,,,,,,,,,,,,,,,,,,,,,2.45,2.6,4.6,2.97,13.0,1.27,10.0,0.5,-3.35,0.0,1.09,-0.54,13.0,2.09,10.0,0.5,1.72,2.39,2.66,2.3,13.0,0.87,10.0,0.5,1019.19,1020.4,1021.0,1020.11,7.0,0.84,14.0,0.6,,,,,,,,,,,,,,,,,,,,,,,,,,,,,,,,,,,,,,,,,,,,,,,,,,,,,,,,,,,,,,,,,,,,,,,,,,,,,,,,,,,,,,,,,,,,,,,,,,,,,,,,,,,,,,,,,,,,,,,,,,,,,,,,,,
1907,7,284.4,28.3,,,,,,,,,,,,,,,,,,,,,,,,,,,,,,,,,,,2.6,4.6,6.57,4.34,14.0,1.58,10.0,0.6,0.11,2.17,4.27,2.23,14.0,1.88,10.0,0.6,1.73,2.41,4.73,3.19,14.0,1.68,10.0,0.6,1017.93,1018.65,1019.5,1018.76,8.0,0.78,14.0,0.6,,,,,,,,,,,,,,,,,,,,,,,,,,,,,,,,,,,,,,,,,,,,,,,,,,,,,,,,,,,,,,,,,,,,,,,,,,,,,,,,,,,,,,,,,,,,,,,,,,,,,,,,,,,,,,,,,,,,,,,,,,,,,,,,,,
1907,7,284.4,30.3,,,,,,,,,,,,,,,,,,,,,,,,,,,,,,,,,,,2.6,6.7,9.3,6.76,16.0,3.32,14.0,0.5,1.31,4.0,7.84,4.38,16.0,3.95,14.0,0.5,2.05,4.67,6.58,4.34,16.0,1.9,14.0,0.5,1015.26,1017.6,1019.1,1017.35,10.0,2.2,18.0,0.5,,,,,,,,,,,,,,,,,,,,,,,,,,,,,,,,,,,,,,,,,,,,,,,,,,,,,,,,,,,,,,,,,,,,,,,,,,,,,,,,,,,,,,,,,,,,,,,,,,,,,,,,,,,,,,,,,,,,,,,,,,,,,,,,,,
1907,7,284.4,32.3,,,,,,,,,,,,,,,,,,,,,,,,,,,,,,,,,,,5.3,8.0,12.3,8.44,22.0,2.87,14.0,0.5,0.6,4.19,10.45,5.0,22.0,4.01,14.0,0.5,3.16,4.67,7.9,4.18,22.0,4.72,14.0,0.5,1012.45,1015.85,1017.08,1015.1,12.0,4.33,16.0,0.5,,,,,,,,,,,,,,,,,,,,,,,,,,,,,,,,,,,,,,,,,,,,,,,,,,,,,,,,,,,,,,,,,,,,,,,,,,,,,,,,,,,,,,,,,,,,,,,,,,,,,,,,,,,,,,,,,,,,,,,,,,,,,,,,,,
1907,7,284.4,34.3,,,,,,,,,,,,,,,,,,,,,,,,,,,,,,,,,,,2.6,4.6,7.2,5.1,25.0,3.2,14.0,0.5,0.0,2.62,4.81,3.0,25.0,2.49,14.0,0.5,1.78,3.25,4.74,3.67,25.0,2.77,14.0,0.5,1013.23,1015.1,1024.34,1017.25,11.0,5.77,12.0,0.6,,,,,,,,,,,,,,,,,,,,,,,,,,,,,,,,,,,,,,,,,,,,,,,,,,,,,,,,,,,,,,,,,,,,,,,,,,,,,,,,,,,,,,,,,,,,,,,,,,,,,,,,,,,,,,,,,,,,,,,,,,,,,,,,,,
1907,7,284.4,36.3,,,,,,,,,,,,,,,,,,,,,,,,,,,,,,,,,,,1.0,2.6,4.6,3.08,39.0,2.47,14.0,0.5,0.0,1.02,3.25,1.33,39.0,1.88,14.0,0.5,0.0,1.84,3.25,1.13,39.0,3.03,14.0,0.5,1012.91,1014.3,1016.22,1014.55,8.0,2.05,6.0,0.3,,,,,,,,,,,,,,,,,,,,,,,,,,,,,,,,,,,,,,,,,,,,,,,,,,,,,,,,,,,,,,,,,,,,,,,,,,,,,,,,,,,,,,,,,,,,,,,,,,,,,,,,,,,,,,,,,,,,,,,,,,,,,,,,,,
1907,7,284.4,38.3,,,,,,,,,,,,,,,,,,,,,,,,,,,,,,,,,,,0.17,2.6,4.6,2.96,21.0,2.33,14.0,0.5,-0.58,0.92,3.25,1.27,21.0,2.16,14.0,0.5,0.0,1.0,4.06,1.79,21.0,2.22,14.0,0.5,1011.53,1012.4,1014.36,1012.64,8.0,2.31,16.0,0.5,,,,,,,,,,,,,,,,,,,,,,,,,,,,,,,,,,,,,,,,,,,,,,,,,,,,,,,,,,,,,,,,,,,,,,,,,,,,,,,,,,,,,,,,,,,,,,,,,,,,,,,,,,,,,,,,,,,,,,,,,,,,,,,,,,
1907,7,284.4,40.3,,,,,,,,,,,,,,,,,,,,,,,,,,,,,,,,,,,2.6,2.6,2.6,2.6,1.0,0.0,26.0,1.0,1.84,1.84,1.84,1.84,1.0,0.0,26.0,1.0,1.84,1.84,1.84,1.84,1.0,0.0,26.0,1.0,1010.4,1010.4,1010.4,1010.4,1.0,0.0,26.0,1.0,,,,,,,,,,,,,,,,,,,,,,,,,,,,,,,,,,,,,,,,,,,,,,,,,,,,,,,,,,,,,,,,,,,,,,,,,,,,,,,,,,,,,,,,,,,,,,,,,,,,,,,,,,,,,,,,,,,,,,,,,,,,,,,,,,
1907,7,286.4,-57.7,,,,,,,,,,,,,,,,,,,,,,,,,,,,,,,,,,,2.6,9.5,15.4,8.63,10.0,6.11,12.0,0.8,1.84,4.67,11.14,6.32,10.0,5.37,12.0,0.8,-10.89,-2.88,1.05,-4.08,10.0,5.32,12.0,0.8,983.59,1000.0,1015.57,998.98,6.0,18.28,16.0,0.7,,,,,,,,,,,,,,,,,,,,,,,,,,,,,,,,,,,,,,,,,,,,,,,,,,,,,,,,,,,,,,,,,,,,,,,,,,,,,,,,,,,,,,,,,,,,,,,,,,,,,,,,,,,,,,,,,,,,,,,,,,,,,,,,,,
1907,7,286.4,-55.7,,,,,,,,,,,,,,,,,,,,,,,,,,,,,,,,,,,19.0,19.0,19.0,19.0,2.0,0.0,22.0,1.0,2.13,6.72,11.3,6.72,2.0,9.5,22.0,1.0,14.32,16.22,18.12,16.22,2.0,3.94,22.0,1.0,999.56,999.9,1000.24,999.9,2.0,0.71,22.0,1.0,,,,,,,,,,,,,,,,,,,,,,,,,,,,,,,,,,,,,,,,,,,,,,,,,,,,,,,,,,,,,,,,,,,,,,,,,,,,,,,,,,,,,,,,,,,,,,,,,,,,,,,,,,,,,,,,,,,,,,,,,,,,,,,,,,
1907,7,286.4,-39.7,,,,,,,,,,,,,,,,,,,,,,,,,,,,,,,,,,,4.6,9.3,12.3,9.01,24.0,3.79,18.0,0.3,-2.77,1.25,8.7,2.05,24.0,4.86,18.0,0.3,-11.38,-6.58,3.25,-5.36,24.0,6.41,18.0,0.3,1020.09,1020.7,1023.36,1021.7,3.0,2.55,10.0,0.7,,,,,,,,,,,,,,,,,,,,,,,,,,,,,,,,,,,,,,,,,,,,,,,,,,,,,,,,,,,,,,,,,,,,,,,,,,,,,,,,,,,,,,,,,,,,,,,,,,,,,,,,,,,,,,,,,,,,,,,,,,,,,,,,,,
1907,7,286.4,-37.7,,,,,,,,,,,,,,,,,,,,,,,,,,,,,,,,,,,2.6,4.6,9.3,5.35,40.0,4.41,18.0,0.5,0.0,1.78,4.6,1.89,40.0,3.25,18.0,0.5,-6.33,0.0,2.3,-1.53,40.0,5.67,18.0,0.5,1016.11,1022.0,1023.29,1019.48,5.0,6.72,16.0,0.6,,,,,,,,,,,,,,,,,,,,,,,,,,,,,,,,,,,,,,,,,,,,,,,,,,,,,,,,,,,,,,,,,,,,,,,,,,,,,,,,,,,,,,,,,,,,,,,,,,,,,,,,,,,,,,,,,,,,,,,,,,,,,,,,,,
1907,7,286.4,-33.7,,,,,,,,,,,,,,,,,,,,,,,,,,,,,,,,,,,1.0,4.6,5.8,4.2,10.0,3.55,20.0,0.6,-1.35,0.0,1.03,0.13,10.0,1.96,20.0,0.6,-0.87,3.04,4.6,1.3,10.0,5.14,20.0,0.6,1019.76,1022.7,1025.64,1022.7,2.0,6.08,14.0,1.0,,,,,,,,,,,,,,,,,,,,,,,,,,,,,,,,,,,,,,,,,,,,,,,,,,,,,,,,,,,,,,,,,,,,,,,,,,,,,,,,,,,,,,,,,,,,,,,,,,,,,,,,,,,,,,,,,,,,,,,,,,,,,,,,,,
1907,7,286.4,-29.7,,,,,,,,,,,,,,,,,,,,,,,,,,,,,,,,,,,9.3,9.3,9.3,9.3,1.0,0.0,2.0,1.0,0.0,0.0,0.0,0.0,1.0,0.0,2.0,1.0,9.3,9.3,9.3,9.3,1.0,0.0,2.0,1.0,1020.6,1020.6,1020.6,1020.6,1.0,0.0,2.0,1.0,,,,,,,,,,,,,,,,,,,,,,,,,,,,,,,,,,,,,,,,,,,,,,,,,,,,,,,,,,,,,,,,,,,,,,,,,,,,,,,,,,,,,,,,,,,,,,,,,,,,,,,,,,,,,,,,,,,,,,,,,,,,,,,,,,
1907,7,286.4,-27.7,,,,,,,,,,,,,,,,,,,,,,,,,,,,,,,,,,,3.23,4.6,4.6,3.93,3.0,1.15,18.0,1.0,1.21,1.72,1.72,1.47,3.0,0.43,18.0,1.0,-4.27,-4.27,-3.0,-3.65,3.0,1.07,18.0,1.0,1018.78,1019.8,1020.35,1019.57,3.0,1.17,18.0,1.0,,,,,,,,,,,,,,,,,,,,,,,,,,,,,,,,,,,,,,,,,,,,,,,,,,,,,,,,,,,,,,,,,,,,,,,,,,,,,,,,,,,,,,,,,,,,,,,,,,,,,,,,,,,,,,,,,,,,,,,,,,,,,,,,,,
1907,7,286.4,-25.7,,,,,,,,,,,,,,,,,,,,,,,,,,,,,,,,,,,1.51,2.6,5.4,3.43,3.0,2.94,8.0,1.0,0.0,0.0,0.69,0.34,3.0,0.59,8.0,1.0,1.44,2.39,5.33,3.36,3.0,2.97,8.0,1.0,1016.26,1017.9,1019.54,1017.9,2.0,3.39,10.0,1.0,,,,,,,,,,,,,,,,,,,,,,,,,,,,,,,,,,,,,,,,,,,,,,,,,,,,,,,,,,,,,,,,,,,,,,,,,,,,,,,,,,,,,,,,,,,,,,,,,,,,,,,,,,,,,,,,,,,,,,,,,,,,,,,,,,
1907,7,286.4,-23.7,,,,,,,,,,,,,,,,,,,,,,,,,,,,,,,,,,,1.76,2.6,3.65,2.7,4.0,1.47,10.0,1.0,-0.96,0.2,0.72,-0.11,4.0,1.23,10.0,1.0,1.36,2.12,3.55,2.44,4.0,1.56,10.0,1.0,1016.06,1016.2,1016.34,1016.2,2.0,0.28,10.0,1.0,,,,,,,,,,,,,,,,,,,,,,,,,,,,,,,,,,,,,,,,,,,,,,,,,,,,,,,,,,,,,,,,,,,,,,,,,,,,,,,,,,,,,,,,,,,,,,,,,,,,,,,,,,,,,,,,,,,,,,,,,,,,,,,,,,
1907,7,286.4,-21.7,,,,,,,,,,,,,,,,,,,,,,,,,,,,,,,,,,,2.6,2.6,2.6,2.6,1.0,0.0,18.0,1.0,-1.84,-1.84,-1.84,-1.84,1.0,0.0,18.0,1.0,1.84,1.84,1.84,1.84,1.0,0.0,18.0,1.0,1019.4,1019.4,1019.4,1019.4,1.0,0.0,18.0,1.0,,,,,,,,,,,,,,,,,,,,,,,,,,,,,,,,,,,,,,,,,,,,,,,,,,,,,,,,,,,,,,,,,,,,,,,,,,,,,,,,,,,,,,,,,,,,,,,,,,,,,,,,,,,,,,,,,,,,,,,,,,,,,,,,,,
1907,7,286.4,-19.7,,,,,,,,,,,,,,,,,,,,,,,,,,,,,,,,,,,1.9,3.85,5.8,3.85,2.0,4.03,12.0,1.0,-3.84,-1.91,0.03,-1.91,2.0,4.01,12.0,1.0,1.07,2.56,4.05,2.56,2.0,3.09,12.0,1.0,1015.8,1015.8,1015.8,1015.8,1.0,0.0,20.0,1.0,,,,,,,,,,,,,,,,,,,,,,,,,,,,,,,,,,,,,,,,,,,,,,,,,,,,,,,,,,,,,,,,,,,,,,,,,,,,,,,,,,,,,,,,,,,,,,,,,,,,,,,,,,,,,,,,,,,,,,,,,,,,,,,,,,
1907,7,286.4,18.3,,,,,,,,,,,,,,,,,,,,,,,,,,,,,,,,,,,1.0,2.6,4.6,2.89,8.0,2.27,22.0,0.3,-4.6,-1.2,0.71,-1.63,8.0,2.76,22.0,0.3,-0.71,0.0,0.9,0.31,8.0,1.97,22.0,0.3,1018.71,1018.95,1019.19,1018.95,2.0,0.49,12.0,1.0,,,,,,,,,,,,,,,,,,,,,,,,,,,,,,,,,,,,,,,,,,,,,,,,,,,,,,,,,,,,,,,,,,,,,,,,,,,,,,,,,,,,,,,,,,,,,,,,,,,,,,,,,,,,,,,,,,,,,,,,,,,,,,,,,,
1907,7,286.4,20.3,,,,,,,,,,,,,,,,,,,,,,,,,,,,,,,,,,,4.93,5.65,6.37,5.65,2.0,1.48,12.0,0.0,-6.15,-4.98,-3.8,-4.98,2.0,2.44,12.0,0.0,0.52,1.63,2.74,1.63,2.0,2.3,12.0,0.0,1019.03,1019.1,1019.17,1019.1,2.0,0.14,12.0,0.0,,,,,,,,,,,,,,,,,,,,,,,,,,,,,,,,,,,,,,,,,,,,,,,,,,,,,,,,,,,,,,,,,,,,,,,,,,,,,,,,,,,,,,,,,,,,,,,,,,,,,,,,,,,,,,,,,,,,,,,,,,,,,,,,,,
1907,7,286.4,26.3,,,,,,,,,,,,,,,,,,,,,,,,,,,,,,,,,,,2.6,2.6,4.6,3.15,8.0,1.32,4.0,0.6,-1.83,0.0,0.35,-0.4,8.0,1.94,4.0,0.6,1.92,2.6,3.25,2.67,8.0,1.0,4.0,0.6,1018.85,1019.0,1020.07,1019.36,5.0,0.7,4.0,0.8,,,,,,,,,,,,,,,,,,,,,,,,,,,,,,,,,,,,,,,,,,,,,,,,,,,,,,,,,,,,,,,,,,,,,,,,,,,,,,,,,,,,,,,,,,,,,,,,,,,,,,,,,,,,,,,,,,,,,,,,,,,,,,,,,,
1907,7,286.4,30.3,,,,,,,,,,,,,,,,,,,,,,,,,,,,,,,,,,,6.7,6.7,6.7,6.7,2.0,0.0,28.0,1.0,4.97,5.47,5.98,5.47,2.0,1.04,28.0,1.0,2.86,3.62,4.38,3.62,2.0,1.58,28.0,1.0,1013.96,1014.1,1014.24,1014.1,2.0,0.28,28.0,1.0,,,,,,,,,,,,,,,,,,,,,,,,,,,,,,,,,,,,,,,,,,,,,,,,,,,,,,,,,,,,,,,,,,,,,,,,,,,,,,,,,,,,,,,,,,,,,,,,,,,,,,,,,,,,,,,,,,,,,,,,,,,,,,,,,,
1907,7,286.4,32.3,,,,,,,,,,,,,,,,,,,,,,,,,,,,,,,,,,,7.11,8.0,8.89,8.0,2.0,1.84,24.0,0.5,-4.55,-0.18,4.18,-0.18,2.0,9.04,24.0,0.5,-5.13,-2.03,1.07,-2.03,2.0,6.42,24.0,0.5,1007.74,1010.2,1012.66,1010.2,2.0,5.09,24.0,0.5,,,,,,,,,,,,,,,,,,,,,,,,,,,,,,,,,,,,,,,,,,,,,,,,,,,,,,,,,,,,,,,,,,,,,,,,,,,,,,,,,,,,,,,,,,,,,,,,,,,,,,,,,,,,,,,,,,,,,,,,,,,,,,,,,,
1907,7,286.4,34.3,,,,,,,,,,,,,,,,,,,,,,,,,,,,,,,,,,,2.52,4.6,6.7,4.11,7.0,2.17,18.0,0.1,1.02,2.62,4.28,2.45,7.0,1.54,18.0,0.1,0.0,2.39,6.17,2.69,7.0,2.57,18.0,0.1,1013.68,1022.1,1022.9,1018.93,6.0,5.91,20.0,0.2,,,,,,,,,,,,,,,,,,,,,,,,,,,,,,,,,,,,,,,,,,,,,,,,,,,,,,,,,,,,,,,,,,,,,,,,,,,,,,,,,,,,,,,,,,,,,,,,,,,,,,,,,,,,,,,,,,,,,,,,,,,,,,,,,,
1907,7,286.4,36.3,,,,,,,,,,,,,,,,,,,,,,,,,,,,,,,,,,,1.79,4.6,6.7,4.4,23.0,2.61,18.0,0.6,-1.28,0.0,4.27,1.3,23.0,3.01,18.0,0.6,-1.84,1.72,4.42,1.32,23.0,3.8,18.0,0.6,1012.46,1013.3,1017.69,1015.04,5.0,4.59,20.0,1.0,,,,,,,,,,,,,,,,,,,,,,,,,,,,,,,,,,,,,,,,,,,,,,,,,,,,,,,,,,,,,,,,,,,,,,,,,,,,,,,,,,,,,,,,,,,,,,,,,,,,,,,,,,,,,,,,,,,,,,,,,,,,,,,,,,
1907,7,286.4,38.3,,,,,,,,,,,,,,,,,,,,,,,,,,,,,,,,,,,2.6,4.6,6.7,4.78,42.0,2.89,16.0,0.5,-0.97,1.84,4.77,2.06,42.0,3.4,16.0,0.5,0.0,2.6,5.44,2.76,42.0,2.85,16.0,0.5,1009.76,1011.2,1012.71,1011.13,19.0,1.57,16.0,0.4,,,,,,,,,,,,,,,,,,,,,,,,,,,,,,,,,,,,,,,,,,,,,,,,,,,,,,,,,,,,,,,,,,,,,,,,,,,,,,,,,,,,,,,,,,,,,,,,,,,,,,,,,,,,,,,,,,,,,,,,,,,,,,,,,,
1907,7,286.4,40.3,,,,,,,,,,,,,,,,,,,,,,,,,,,,,,,,,,,1.0,2.6,4.6,3.15,87.0,1.99,14.0,0.5,0.0,1.0,3.25,1.29,87.0,2.05,14.0,0.5,0.0,1.0,4.23,1.53,87.0,2.39,14.0,0.5,1009.42,1012.6,1016.97,1012.98,21.0,3.39,16.0,0.5,,,,,,,,,,,,,,,,,,,,,,,,,,,,,,,,,,,,,,,,,,,,,,,,,,,,,,,,,,,,,,,,,,,,,,,,,,,,,,,,,,,,,,,,,,,,,,,,,,,,,,,,,,,,,,,,,,,,,,,,,,,,,,,,,,
1907,7,288.4,-57.7,,,,,,,,,,,,,,,,,,,,,,,,,,,,,,,,,,,6.7,9.3,14.71,10.25,15.0,5.55,16.0,0.5,4.67,6.21,11.29,7.27,15.0,3.69,16.0,0.5,-7.73,2.51,5.85,1.77,15.0,8.35,16.0,0.5,991.5,1012.2,1015.66,1008.55,13.0,13.24,16.0,0.5,,,,,,,,,,,,,,,,,,,,,,,,,,,,,,,,,,,,,,,,,,,,,,,,,,,,,,,,,,,,,,,,,,,,,,,,,,,,,,,,,,,,,,,,,,,,,,,,,,,,,,,,,,,,,,,,,,,,,,,,,,,,,,,,,,
1907,7,288.4,-55.7,,,,,,,,,,,,,,,,,,,,,,,,,,,,,,,,,,,15.4,15.4,15.4,15.4,1.0,0.0,4.0,1.0,14.18,14.18,14.18,14.18,1.0,0.0,4.0,1.0,-6.02,-6.02,-6.02,-6.02,1.0,0.0,4.0,1.0,1016.2,1016.2,1016.2,1016.2,1.0,0.0,4.0,1.0,,,,,,,,,,,,,,,,,,,,,,,,,,,,,,,,,,,,,,,,,,,,,,,,,,,,,,,,,,,,,,,,,,,,,,,,,,,,,,,,,,,,,,,,,,,,,,,,,,,,,,,,,,,,,,,,,,,,,,,,,,,,,,,,,,
1907,7,288.4,-53.7,,,,,,,,,,,,,,,,,,,,,,,,,,,,,,,,,,,6.7,6.7,6.7,6.7,1.0,0.0,22.0,1.0,-6.7,-6.7,-6.7,-6.7,1.0,0.0,22.0,1.0,0.0,0.0,0.0,0.0,1.0,0.0,22.0,1.0,1004.7,1004.7,1004.7,1004.7,1.0,0.0,22.0,1.0,,,,,,,,,,,,,,,,,,,,,,,,,,,,,,,,,,,,,,,,,,,,,,,,,,,,,,,,,,,,,,,,,,,,,,,,,,,,,,,,,,,,,,,,,,,,,,,,,,,,,,,,,,,,,,,,,,,,,,,,,,,,,,,,,,
1907,7,288.4,-33.7,,,,,,,,,,,,,,,,,,,,,,,,,,,,,,,,,,,1.0,4.6,9.3,4.83,18.0,4.03,18.0,0.6,-0.21,0.0,2.35,0.85,18.0,2.19,18.0,0.6,-1.48,3.32,6.7,1.97,18.0,5.59,18.0,0.6,1018.1,1018.1,1018.1,1018.1,1.0,0.0,28.0,1.0,,,,,,,,,,,,,,,,,,,,,,,,,,,,,,,,,,,,,,,,,,,,,,,,,,,,,,,,,,,,,,,,,,,,,,,,,,,,,,,,,,,,,,,,,,,,,,,,,,,,,,,,,,,,,,,,,,,,,,,,,,,,,,,,,,
1907,7,288.4,-27.7,,,,,,,,,,,,,,,,,,,,,,,,,,,,,,,,,,,1.0,4.6,6.7,4.67,20.0,2.91,10.0,0.4,0.0,0.0,0.7,0.47,20.0,1.04,10.0,0.4,1.0,4.6,6.7,4.5,20.0,2.97,10.0,0.4,1023.8,1023.8,1023.8,1023.8,1.0,0.0,2.0,1.0,,,,,,,,,,,,,,,,,,,,,,,,,,,,,,,,,,,,,,,,,,,,,,,,,,,,,,,,,,,,,,,,,,,,,,,,,,,,,,,,,,,,,,,,,,,,,,,,,,,,,,,,,,,,,,,,,,,,,,,,,,,,,,,,,,
1907,7,288.4,-25.7,,,,,,,,,,,,,,,,,,,,,,,,,,,,,,,,,,,1.0,4.6,5.23,3.67,18.0,2.44,10.0,0.7,0.0,0.0,1.44,0.56,18.0,1.18,10.0,0.7,0.93,2.93,5.07,3.09,18.0,2.9,10.0,0.7,1015.32,1016.05,1018.27,1016.58,6.0,1.57,12.0,1.0,,,,,,,,,,,,,,,,,,,,,,,,,,,,,,,,,,,,,,,,,,,,,,,,,,,,,,,,,,,,,,,,,,,,,,,,,,,,,,,,,,,,,,,,,,,,,,,,,,,,,,,,,,,,,,,,,,,,,,,,,,,,,,,,,,
1907,7,288.4,-23.7,,,,,,,,,,,,,,,,,,,,,,,,,,,,,,,,,,,1.0,1.0,7.9,3.83,17.0,4.12,10.0,0.5,-0.3,0.0,0.18,-0.04,17.0,0.48,10.0,0.5,-0.35,1.0,7.9,3.34,17.0,4.53,10.0,0.5,1016.32,1017.0,1017.68,1017.0,2.0,1.41,6.0,1.0,,,,,,,,,,,,,,,,,,,,,,,,,,,,,,,,,,,,,,,,,,,,,,,,,,,,,,,,,,,,,,,,,,,,,,,,,,,,,,,,,,,,,,,,,,,,,,,,,,,,,,,,,,,,,,,,,,,,,,,,,,,,,,,,,,
1907,7,288.4,-21.7,,,,,,,,,,,,,,,,,,,,,,,,,,,,,,,,,,,1.0,4.6,5.13,3.67,12.0,2.3,10.0,0.3,-0.83,0.0,0.0,-0.54,12.0,1.27,10.0,0.3,-0.25,3.93,5.13,2.73,12.0,3.15,10.0,0.3,1016.04,1017.2,1018.36,1017.2,2.0,2.4,20.0,1.0,,,,,,,,,,,,,,,,,,,,,,,,,,,,,,,,,,,,,,,,,,,,,,,,,,,,,,,,,,,,,,,,,,,,,,,,,,,,,,,,,,,,,,,,,,,,,,,,,,,,,,,,,,,,,,,,,,,,,,,,,,,,,,,,,,
1907,7,288.4,-19.7,,,,,,,,,,,,,,,,,,,,,,,,,,,,,,,,,,,0.0,2.6,4.7,2.73,7.0,2.39,14.0,0.3,-2.43,0.0,0.12,-0.72,7.0,1.91,14.0,0.3,0.0,1.02,3.42,1.97,7.0,2.37,14.0,0.3,1016.6,1016.6,1016.6,1016.6,1.0,0.0,20.0,1.0,,,,,,,,,,,,,,,,,,,,,,,,,,,,,,,,,,,,,,,,,,,,,,,,,,,,,,,,,,,,,,,,,,,,,,,,,,,,,,,,,,,,,,,,,,,,,,,,,,,,,,,,,,,,,,,,,,,,,,,,,,,,,,,,,,
1907,7,288.4,26.3,,,,,,,,,,,,,,,,,,,,,,,,,,,,,,,,,,,3.55,4.6,4.6,4.1,4.0,1.0,4.0,0.8,-3.96,-3.25,-1.02,-2.52,4.0,2.44,4.0,0.8,1.14,2.82,3.25,2.22,4.0,1.54,4.0,0.8,1018.5,1018.5,1018.5,1018.5,1.0,0.0,8.0,1.0,,,,,,,,,,,,,,,,,,,,,,,,,,,,,,,,,,,,,,,,,,,,,,,,,,,,,,,,,,,,,,,,,,,,,,,,,,,,,,,,,,,,,,,,,,,,,,,,,,,,,,,,,,,,,,,,,,,,,,,,,,,,,,,,,,
1907,7,288.4,28.3,,,,,,,,,,,,,,,,,,,,,,,,,,,,,,,,,,,4.6,5.65,6.7,5.65,6.0,1.15,6.0,0.2,3.25,4.0,4.74,4.0,6.0,0.81,6.0,0.2,3.25,4.0,4.74,4.0,6.0,0.81,6.0,0.2,1020.19,1020.6,1020.87,1020.53,3.0,0.5,2.0,0.0,,,,,,,,,,,,,,,,,,,,,,,,,,,,,,,,,,,,,,,,,,,,,,,,,,,,,,,,,,,,,,,,,,,,,,,,,,,,,,,,,,,,,,,,,,,,,,,,,,,,,,,,,,,,,,,,,,,,,,,,,,,,,,,,,,
1907,7,288.4,32.3,,,,,,,,,,,,,,,,,,,,,,,,,,,,,,,,,,,3.23,4.6,4.6,3.93,3.0,1.15,28.0,0.3,-0.42,4.27,4.27,1.98,3.0,3.96,28.0,0.3,0.55,1.72,1.72,1.15,3.0,0.99,28.0,0.3,1013.56,1013.9,1014.86,1014.2,3.0,0.98,28.0,0.3,,,,,,,,,,,,,,,,,,,,,,,,,,,,,,,,,,,,,,,,,,,,,,,,,,,,,,,,,,,,,,,,,,,,,,,,,,,,,,,,,,,,,,,,,,,,,,,,,,,,,,,,,,,,,,,,,,,,,,,,,,,,,,,,,,
1907,7,288.4,34.3,,,,,,,,,,,,,,,,,,,,,,,,,,,,,,,,,,,4.93,5.65,6.37,5.65,2.0,1.48,22.0,0.0,-2.39,-2.12,-1.85,-2.12,2.0,0.56,22.0,0.0,4.57,5.24,5.9,5.24,2.0,1.38,22.0,0.0,1009.81,1010.05,1010.29,1010.05,2.0,0.5,22.0,0.0,,,,,,,,,,,,,,,,,,,,,,,,,,,,,,,,,,,,,,,,,,,,,,,,,,,,,,,,,,,,,,,,,,,,,,,,,,,,,,,,,,,,,,,,,,,,,,,,,,,,,,,,,,,,,,,,,,,,,,,,,,,,,,,,,,
1907,7,288.4,36.3,,,,,,,,,,,,,,,,,,,,,,,,,,,,,,,,,,,2.6,4.6,8.02,4.65,23.0,2.96,16.0,0.3,-1.43,1.8,4.23,1.56,23.0,3.07,16.0,0.3,-1.32,2.39,4.42,2.23,23.0,3.76,16.0,0.3,1020.82,1021.55,1021.75,1021.3,4.0,0.69,18.0,0.3,,,,,,,,,,,,,,,,,,,,,,,,,,,,,,,,,,,,,,,,,,,,,,,,,,,,,,,,,,,,,,,,,,,,,,,,,,,,,,,,,,,,,,,,,,,,,,,,,,,,,,,,,,,,,,,,,,,,,,,,,,,,,,,,,,
1907,7,288.4,38.3,,,,,,,,,,,,,,,,,,,,,,,,,,,,,,,,,,,2.4,4.6,6.7,4.55,38.0,2.94,16.0,0.5,-1.11,1.8,6.21,2.26,38.0,3.52,16.0,0.5,-0.09,1.02,4.6,1.46,38.0,3.17,16.0,0.5,1009.8,1011.7,1013.42,1011.27,14.0,1.91,14.0,0.5,,,,,,,,,,,,,,,,,,,,,,,,,,,,,,,,,,,,,,,,,,,,,,,,,,,,,,,,,,,,,,,,,,,,,,,,,,,,,,,,,,,,,,,,,,,,,,,,,,,,,,,,,,,,,,,,,,,,,,,,,,,,,,,,,,
1907,7,288.4,40.3,,,,,,,,,,,,,,,,,,,,,,,,,,,,,,,,,,,1.0,2.6,4.6,3.25,113.0,2.5,16.0,0.4,0.0,0.93,3.25,1.4,113.0,2.51,16.0,0.4,-1.0,1.0,3.25,1.02,113.0,2.75,16.0,0.4,1011.1,1013.1,1017.06,1013.67,29.0,3.45,16.0,0.4,,,,,,,,,,,,,,,,,,,,,,,,,,,,,,,,,,,,,,,,,,,,,,,,,,,,,,,,,,,,,,,,,,,,,,,,,,,,,,,,,,,,,,,,,,,,,,,,,,,,,,,,,,,,,,,,,,,,,,,,,,,,,,,,,,
1907,7,290.4,-57.7,,,,,,,,,,,,,,,,,,,,,,,,,,,,,,,,,,,6.7,9.8,15.4,11.85,41.0,7.24,16.0,0.2,2.05,6.93,12.3,8.66,41.0,7.62,16.0,0.2,-9.09,0.0,6.81,-0.39,41.0,7.81,16.0,0.2,984.5,1011.4,1012.97,1000.89,9.0,15.61,14.0,0.4,,,,,,,,,,,,,,,,,,,,,,,,,,,,,,,,,,,,,,,,,,,,,,,,,,,,,,,,,,,,,,,,,,,,,,,,,,,,,,,,,,,,,,,,,,,,,,,,,,,,,,,,,,,,,,,,,,,,,,,,,,,,,,,,,,
1907,7,290.4,-53.7,,,,,,,,,,,,,,,,,,,,,,,,,,,,,,,,,,,4.6,6.7,12.11,8.09,14.0,4.7,18.0,0.4,-4.32,2.56,6.69,2.49,14.0,5.81,18.0,0.4,-4.73,-0.92,6.16,-1.11,14.0,7.12,18.0,0.4,1008.15,1013.2,1026.24,1017.1,3.0,13.67,20.0,0.7,,,,,,,,,,,,,,,,,,,,,,,,,,,,,,,,,,,,,,,,,,,,,,,,,,,,,,,,,,,,,,,,,,,,,,,,,,,,,,,,,,,,,,,,,,,,,,,,,,,,,,,,,,,,,,,,,,,,,,,,,,,,,,,,,,
1907,7,290.4,14.3,,,,,,,,,,,,,,,,,,,,,,,,,,,,,,,,,,,6.7,9.8,9.8,8.72,11.0,1.83,10.0,0.5,-9.17,-9.09,-6.48,-8.27,11.0,1.66,10.0,0.5,-3.67,0.0,3.12,-0.4,11.0,2.97,10.0,0.5,1014.8,1014.8,1014.8,1014.8,1.0,0.0,30.0,1.0,,,,,,,,,,,,,,,,,,,,,,,,,,,,,,,,,,,,,,,,,,,,,,,,,,,,,,,,,,,,,,,,,,,,,,,,,,,,,,,,,,,,,,,,,,,,,,,,,,,,,,,,,,,,,,,,,,,,,,,,,,,,,,,,,,
1907,7,290.4,26.3,,,,,,,,,,,,,,,,,,,,,,,,,,,,,,,,,,,2.6,2.6,3.65,3.1,4.0,1.0,6.0,0.8,-0.39,1.84,2.58,1.13,4.0,2.45,6.0,0.8,1.39,1.84,2.58,1.98,4.0,0.94,6.0,0.8,1017.0,1017.0,1017.14,1017.07,3.0,0.12,6.0,0.7,,,,,,,,,,,,,,,,,,,,,,,,,,,,,,,,,,,,,,,,,,,,,,,,,,,,,,,,,,,,,,,,,,,,,,,,,,,,,,,,,,,,,,,,,,,,,,,,,,,,,,,,,,,,,,,,,,,,,,,,,,,,,,,,,,
1907,7,290.4,32.3,,,,,,,,,,,,,,,,,,,,,,,,,,,,,,,,,,,5.68,12.3,12.3,9.07,3.0,5.6,24.0,0.7,-0.18,4.61,4.61,2.27,3.0,4.05,24.0,0.7,2.95,11.4,11.4,7.28,3.0,7.15,24.0,0.7,1016.1,1016.1,1016.1,1016.1,1.0,0.0,28.0,1.0,,,,,,,,,,,,,,,,,,,,,,,,,,,,,,,,,,,,,,,,,,,,,,,,,,,,,,,,,,,,,,,,,,,,,,,,,,,,,,,,,,,,,,,,,,,,,,,,,,,,,,,,,,,,,,,,,,,,,,,,,,,,,,,,,,
1907,7,290.4,36.3,,,,,,,,,,,,,,,,,,,,,,,,,,,,,,,,,,,2.6,4.6,6.7,4.42,17.0,1.84,16.0,0.6,-4.25,-1.0,3.94,-0.37,17.0,3.74,16.0,0.6,-2.49,0.0,2.61,-0.23,17.0,3.15,16.0,0.6,1012.46,1015.8,1019.14,1015.8,2.0,6.93,20.0,1.0,,,,,,,,,,,,,,,,,,,,,,,,,,,,,,,,,,,,,,,,,,,,,,,,,,,,,,,,,,,,,,,,,,,,,,,,,,,,,,,,,,,,,,,,,,,,,,,,,,,,,,,,,,,,,,,,,,,,,,,,,,,,,,,,,,
1907,7,290.4,38.3,,,,,,,,,,,,,,,,,,,,,,,,,,,,,,,,,,,2.6,2.6,6.7,3.69,33.0,2.6,14.0,0.5,-1.84,0.71,4.52,1.1,33.0,3.17,14.0,0.5,-1.84,0.0,1.01,-0.08,33.0,3.08,14.0,0.5,1011.34,1013.75,1016.81,1013.89,12.0,3.27,12.0,0.5,,,,,,,,,,,,,,,,,,,,,,,,,,,,,,,,,,,,,,,,,,,,,,,,,,,,,,,,,,,,,,,,,,,,,,,,,,,,,,,,,,,,,,,,,,,,,,,,,,,,,,,,,,,,,,,,,,,,,,,,,,,,,,,,,,
1907,7,290.4,40.3,,,,,,,,,,,,,,,,,,,,,,,,,,,,,,,,,,,1.0,2.6,4.6,3.21,112.0,2.35,16.0,0.5,0.0,1.37,4.27,1.74,112.0,2.52,16.0,0.5,-1.81,0.19,3.25,0.68,112.0,2.46,16.0,0.5,1009.21,1012.2,1018.53,1012.73,34.0,5.32,18.0,0.5,,,,,,,,,,,,,,,,,,,,,,,,,,,,,,,,,,,,,,,,,,,,,,,,,,,,,,,,,,,,,,,,,,,,,,,,,,,,,,,,,,,,,,,,,,,,,,,,,,,,,,,,,,,,,,,,,,,,,,,,,,,,,,,,,,
1907,7,292.4,-57.7,,,,,,,,,,,,,,,,,,,,,,,,,,,,,,,,,,,6.7,15.4,22.6,14.49,55.0,7.86,12.0,0.3,0.0,9.3,18.12,9.88,55.0,8.86,12.0,0.3,-6.94,0.0,14.7,2.65,55.0,9.53,12.0,0.3,998.72,1008.5,1012.92,1005.83,6.0,8.69,14.0,0.5,,,,,,,,,,,,,,,,,,,,,,,,,,,,,,,,,,,,,,,,,,,,,,,,,,,,,,,,,,,,,,,,,,,,,,,,,,,,,,,,,,,,,,,,,,,,,,,,,,,,,,,,,,,,,,,,,,,,,,,,,,,,,,,,,,
1907,7,292.4,-51.7,,,,,,,,,,,,,,,,,,,,,,,,,,,,,,,,,,,2.6,6.7,9.3,6.53,45.0,3.22,16.0,0.3,1.0,3.25,6.58,3.83,45.0,3.73,16.0,0.3,-4.23,0.0,6.22,0.86,45.0,4.93,16.0,0.3,1009.02,1011.1,1031.0,1018.16,5.0,11.94,18.0,0.2,,,,,,,,,,,,,,,,,,,,,,,,,,,,,,,,,,,,,,,,,,,,,,,,,,,,,,,,,,,,,,,,,,,,,,,,,,,,,,,,,,,,,,,,,,,,,,,,,,,,,,,,,,,,,,,,,,,,,,,,,,,,,,,,,,
1907,7,292.4,16.3,,,,,,,,,,,,,,,,,,,,,,,,,,,,,,,,,,,4.6,5.65,6.7,5.65,16.0,1.08,14.0,0.4,-6.7,-5.41,-4.6,-5.51,16.0,1.06,14.0,0.4,-2.21,0.0,0.0,-0.47,16.0,1.2,14.0,0.4,1015.99,1016.4,1016.67,1016.33,3.0,0.5,30.0,0.7,,,,,,,,,,,,,,,,,,,,,,,,,,,,,,,,,,,,,,,,,,,,,,,,,,,,,,,,,,,,,,,,,,,,,,,,,,,,,,,,,,,,,,,,,,,,,,,,,,,,,,,,,,,,,,,,,,,,,,,,,,,,,,,,,,
1907,7,292.4,26.3,,,,,,,,,,,,,,,,,,,,,,,,,,,,,,,,,,,2.92,3.6,4.28,3.6,2.0,1.41,6.0,0.5,2.53,2.82,3.12,2.82,2.0,0.61,6.0,0.5,1.37,2.13,2.9,2.13,2.0,1.58,6.0,0.5,1016.85,1016.95,1017.05,1016.95,2.0,0.21,6.0,0.5,,,,,,,,,,,,,,,,,,,,,,,,,,,,,,,,,,,,,,,,,,,,,,,,,,,,,,,,,,,,,,,,,,,,,,,,,,,,,,,,,,,,,,,,,,,,,,,,,,,,,,,,,,,,,,,,,,,,,,,,,,,,,,,,,,
1907,7,292.4,34.3,,,,,,,,,,,,,,,,,,,,,,,,,,,,,,,,,,,0.0,3.85,9.3,4.38,6.0,4.55,26.0,0.2,0.0,2.21,5.12,2.62,6.0,2.74,26.0,0.2,0.0,2.56,7.0,3.39,6.0,3.78,26.0,0.2,1017.1,1017.1,1017.37,1017.23,3.0,0.23,30.0,0.0,,,,,,,,,,,,,,,,,,,,,,,,,,,,,,,,,,,,,,,,,,,,,,,,,,,,,,,,,,,,,,,,,,,,,,,,,,,,,,,,,,,,,,,,,,,,,,,,,,,,,,,,,,,,,,,,,,,,,,,,,,,,,,,,,,
1907,7,292.4,36.3,,,,,,,,,,,,,,,,,,,,,,,,,,,,,,,,,,,5.6,6.7,6.7,6.18,4.0,1.05,16.0,0.3,-3.3,1.51,4.74,0.75,4.0,4.76,16.0,0.3,-4.51,0.24,4.74,0.12,4.0,5.34,16.0,0.3,1009.1,1009.1,1009.1,1009.1,1.0,0.0,24.0,0.0,,,,,,,,,,,,,,,,,,,,,,,,,,,,,,,,,,,,,,,,,,,,,,,,,,,,,,,,,,,,,,,,,,,,,,,,,,,,,,,,,,,,,,,,,,,,,,,,,,,,,,,,,,,,,,,,,,,,,,,,,,,,,,,,,,
1907,7,292.4,38.3,,,,,,,,,,,,,,,,,,,,,,,,,,,,,,,,,,,1.0,3.6,6.7,3.78,40.0,2.44,16.0,0.5,-2.56,0.86,4.53,0.99,40.0,3.07,16.0,0.5,-1.65,0.0,4.05,0.67,40.0,3.12,16.0,0.5,1011.51,1014.8,1017.23,1014.42,12.0,3.48,14.0,0.4,,,,,,,,,,,,,,,,,,,,,,,,,,,,,,,,,,,,,,,,,,,,,,,,,,,,,,,,,,,,,,,,,,,,,,,,,,,,,,,,,,,,,,,,,,,,,,,,,,,,,,,,,,,,,,,,,,,,,,,,,,,,,,,,,,
1907,7,292.4,40.3,,,,,,,,,,,,,,,,,,,,,,,,,,,,,,,,,,,1.0,4.6,6.7,4.09,103.0,2.71,16.0,0.5,0.0,1.84,4.71,2.3,103.0,3.05,16.0,0.5,-1.72,0.71,3.44,1.06,103.0,2.91,16.0,0.5,1006.27,1011.45,1017.43,1011.79,28.0,5.49,16.0,0.5,,,,,,,,,,,,,,,,,,,,,,,,,,,,,,,,,,,,,,,,,,,,,,,,,,,,,,,,,,,,,,,,,,,,,,,,,,,,,,,,,,,,,,,,,,,,,,,,,,,,,,,,,,,,,,,,,,,,,,,,,,,,,,,,,,
1907,7,294.4,-57.7,,,,,,,,,,,,,,,,,,,,,,,,,,,,,,,,,,,2.6,6.7,15.4,8.96,33.0,7.94,12.0,0.2,0.08,2.62,14.05,6.78,33.0,8.62,12.0,0.2,-6.69,0.0,1.0,-2.0,33.0,4.49,12.0,0.2,1008.38,1009.55,1010.68,1009.57,6.0,1.2,14.0,0.2,,,,,,,,,,,,,,,,,,,,,,,,,,,,,,,,,,,,,,,,,,,,,,,,,,,,,,,,,,,,,,,,,,,,,,,,,,,,,,,,,,,,,,,,,,,,,,,,,,,,,,,,,,,,,,,,,,,,,,,,,,,,,,,,,,
1907,7,294.4,-55.7,,,,,,,,,,,,,,,,,,,,,,,,,,,,,,,,,,,3.49,9.3,17.4,11.62,29.0,9.76,14.0,0.3,-2.62,3.48,10.16,5.61,29.0,10.47,14.0,0.3,-10.47,-4.81,0.95,-3.46,29.0,8.98,14.0,0.3,993.79,999.8,1005.81,999.8,2.0,12.45,2.0,1.0,,,,,,,,,,,,,,,,,,,,,,,,,,,,,,,,,,,,,,,,,,,,,,,,,,,,,,,,,,,,,,,,,,,,,,,,,,,,,,,,,,,,,,,,,,,,,,,,,,,,,,,,,,,,,,,,,,,,,,,,,,,,,,,,,,
1907,7,294.4,-53.7,,,,,,,,,,,,,,,,,,,,,,,,,,,,,,,,,,,6.7,9.3,22.6,12.38,28.0,7.72,14.0,0.2,-1.87,4.14,18.49,6.45,28.0,10.7,14.0,0.2,-8.95,-1.74,6.05,-1.45,28.0,7.66,14.0,0.2,995.09,1002.8,1010.51,1002.8,2.0,15.98,8.0,0.0,,,,,,,,,,,,,,,,,,,,,,,,,,,,,,,,,,,,,,,,,,,,,,,,,,,,,,,,,,,,,,,,,,,,,,,,,,,,,,,,,,,,,,,,,,,,,,,,,,,,,,,,,,,,,,,,,,,,,,,,,,,,,,,,,,
1907,7,294.4,-51.7,,,,,,,,,,,,,,,,,,,,,,,,,,,,,,,,,,,4.6,6.7,15.4,9.65,25.0,7.1,18.0,0.3,-2.98,4.6,12.17,5.18,25.0,8.19,18.0,0.3,-1.72,0.0,4.98,0.83,25.0,7.18,18.0,0.3,1005.5,1005.5,1005.5,1005.5,1.0,0.0,12.0,0.0,,,,,,,,,,,,,,,,,,,,,,,,,,,,,,,,,,,,,,,,,,,,,,,,,,,,,,,,,,,,,,,,,,,,,,,,,,,,,,,,,,,,,,,,,,,,,,,,,,,,,,,,,,,,,,,,,,,,,,,,,,,,,,,,,,
1907,7,294.4,-49.7,,,,,,,,,,,,,,,,,,,,,,,,,,,,,,,,,,,4.6,9.3,15.4,9.49,68.0,5.34,18.0,0.4,-2.12,4.25,8.7,3.37,68.0,5.42,18.0,0.4,-12.99,-1.76,4.81,-2.51,68.0,8.52,18.0,0.4,991.4,1004.4,1019.36,1004.91,16.0,12.94,22.0,0.5,,,,,,,,,,,,,,,,,,,,,,,,,,,,,,,,,,,,,,,,,,,,,,,,,,,,,,,,,,,,,,,,,,,,,,,,,,,,,,,,,,,,,,,,,,,,,,,,,,,,,,,,,,,,,,,,,,,,,,,,,,,,,,,,,,
1907,7,294.4,16.3,,,,,,,,,,,,,,,,,,,,,,,,,,,,,,,,,,,4.6,6.7,6.7,5.8,7.0,1.12,8.0,0.4,-6.7,-6.21,-4.19,-5.49,7.0,1.43,8.0,0.4,-2.55,0.0,0.09,-0.57,7.0,1.73,8.0,0.4,1018.0,1018.0,1018.0,1018.0,1.0,0.0,30.0,0.0,,,,,,,,,,,,,,,,,,,,,,,,,,,,,,,,,,,,,,,,,,,,,,,,,,,,,,,,,,,,,,,,,,,,,,,,,,,,,,,,,,,,,,,,,,,,,,,,,,,,,,,,,,,,,,,,,,,,,,,,,,,,,,,,,,
1907,7,294.4,18.3,,,,,,,,,,,,,,,,,,,,,,,,,,,,,,,,,,,4.6,4.6,7.93,6.2,30.0,2.4,14.0,0.4,-7.62,-4.6,-3.84,-5.7,30.0,2.39,14.0,0.4,-2.81,0.0,2.62,-0.1,30.0,2.49,14.0,0.4,1017.7,1018.9,1020.09,1018.88,5.0,1.41,28.0,0.4,,,,,,,,,,,,,,,,,,,,,,,,,,,,,,,,,,,,,,,,,,,,,,,,,,,,,,,,,,,,,,,,,,,,,,,,,,,,,,,,,,,,,,,,,,,,,,,,,,,,,,,,,,,,,,,,,,,,,,,,,,,,,,,,,,
1907,7,294.4,26.3,,,,,,,,,,,,,,,,,,,,,,,,,,,,,,,,,,,1.57,2.8,4.03,2.8,2.0,2.55,16.0,0.5,0.19,1.43,2.67,1.43,2.0,2.58,16.0,0.5,1.29,2.09,2.88,2.09,2.0,1.65,16.0,0.5,1017.7,1017.7,1017.7,1017.7,1.0,0.0,6.0,0.0,,,,,,,,,,,,,,,,,,,,,,,,,,,,,,,,,,,,,,,,,,,,,,,,,,,,,,,,,,,,,,,,,,,,,,,,,,,,,,,,,,,,,,,,,,,,,,,,,,,,,,,,,,,,,,,,,,,,,,,,,,,,,,,,,,
1907,7,294.4,28.3,,,,,,,,,,,,,,,,,,,,,,,,,,,,,,,,,,,3.87,4.6,4.6,4.2,5.0,0.89,6.0,0.4,1.8,1.84,3.61,2.58,5.0,1.11,6.0,0.4,-4.23,1.8,2.35,-0.32,5.0,3.62,6.0,0.4,1017.96,1018.1,1018.24,1018.1,2.0,0.28,6.0,0.5,,,,,,,,,,,,,,,,,,,,,,,,,,,,,,,,,,,,,,,,,,,,,,,,,,,,,,,,,,,,,,,,,,,,,,,,,,,,,,,,,,,,,,,,,,,,,,,,,,,,,,,,,,,,,,,,,,,,,,,,,,,,,,,,,,
1907,7,294.4,34.3,,,,,,,,,,,,,,,,,,,,,,,,,,,,,,,,,,,3.29,9.8,12.3,8.0,5.0,5.02,26.0,0.8,-0.14,6.93,8.7,4.79,5.0,4.6,26.0,0.8,3.26,6.93,8.7,5.97,5.0,3.28,26.0,0.8,1018.46,1018.6,1018.74,1018.6,2.0,0.28,30.0,1.0,,,,,,,,,,,,,,,,,,,,,,,,,,,,,,,,,,,,,,,,,,,,,,,,,,,,,,,,,,,,,,,,,,,,,,,,,,,,,,,,,,,,,,,,,,,,,,,,,,,,,,,,,,,,,,,,,,,,,,,,,,,,,,,,,,
1907,7,294.4,36.3,,,,,,,,,,,,,,,,,,,,,,,,,,,,,,,,,,,2.71,5.65,6.7,4.75,4.0,2.69,20.0,0.5,0.0,3.11,6.21,3.11,4.0,3.59,20.0,0.5,-2.89,0.75,2.51,-0.15,4.0,3.4,20.0,0.5,1008.45,1008.55,1008.65,1008.55,2.0,0.21,24.0,0.0,,,,,,,,,,,,,,,,,,,,,,,,,,,,,,,,,,,,,,,,,,,,,,,,,,,,,,,,,,,,,,,,,,,,,,,,,,,,,,,,,,,,,,,,,,,,,,,,,,,,,,,,,,,,,,,,,,,,,,,,,,,,,,,,,,
1907,7,294.4,38.3,,,,,,,,,,,,,,,,,,,,,,,,,,,,,,,,,,,1.0,4.6,6.7,5.03,45.0,2.71,16.0,0.5,-1.8,2.39,6.17,1.8,45.0,3.95,16.0,0.5,-2.64,0.0,4.6,0.67,45.0,3.72,16.0,0.5,1011.87,1014.85,1016.54,1014.22,10.0,2.38,14.0,0.6,,,,,,,,,,,,,,,,,,,,,,,,,,,,,,,,,,,,,,,,,,,,,,,,,,,,,,,,,,,,,,,,,,,,,,,,,,,,,,,,,,,,,,,,,,,,,,,,,,,,,,,,,,,,,,,,,,,,,,,,,,,,,,,,,,
1907,7,294.4,40.3,,,,,,,,,,,,,,,,,,,,,,,,,,,,,,,,,,,1.0,4.6,9.3,4.95,116.0,3.5,16.0,0.4,-0.39,2.39,6.58,2.71,116.0,4.26,16.0,0.4,0.0,1.02,4.6,1.64,116.0,2.95,16.0,0.4,1009.0,1013.6,1016.72,1013.18,36.0,4.14,16.0,0.5,,,,,,,,,,,,,,,,,,,,,,,,,,,,,,,,,,,,,,,,,,,,,,,,,,,,,,,,,,,,,,,,,,,,,,,,,,,,,,,,,,,,,,,,,,,,,,,,,,,,,,,,,,,,,,,,,,,,,,,,,,,,,,,,,,
1907,7,294.4,42.3,,,,,,,,,,,,,,,,,,,,,,,,,,,,,,,,,,,1.76,2.6,2.6,2.2,4.0,0.8,18.0,0.5,-0.81,1.76,2.6,0.93,4.0,2.35,18.0,0.5,0.0,0.19,0.71,0.35,4.0,0.48,18.0,0.5,1005.22,1007.4,1009.58,1007.4,2.0,4.53,18.0,0.5,,,,,,,,,,,,,,,,,,,,,,,,,,,,,,,,,,,,,,,,,,,,,,,,,,,,,,,,,,,,,,,,,,,,,,,,,,,,,,,,,,,,,,,,,,,,,,,,,,,,,,,,,,,,,,,,,,,,,,,,,,,,,,,,,,
1907,7,296.4,-57.7,,,,,,,,,,,,,,,,,,,,,,,,,,,,,,,,,,,6.7,6.7,6.7,6.7,1.0,0.0,14.0,0.0,2.51,2.51,2.51,2.51,1.0,0.0,14.0,0.0,-6.21,-6.21,-6.21,-6.21,1.0,0.0,14.0,0.0,1008.4,1008.4,1008.4,1008.4,1.0,0.0,14.0,0.0,,,,,,,,,,,,,,,,,,,,,,,,,,,,,,,,,,,,,,,,,,,,,,,,,,,,,,,,,,,,,,,,,,,,,,,,,,,,,,,,,,,,,,,,,,,,,,,,,,,,,,,,,,,,,,,,,,,,,,,,,,,,,,,,,,
1907,7,296.4,-55.7,,,,,,,,,,,,,,,,,,,,,,,,,,,,,,,,,,,8.64,15.4,20.98,15.43,12.0,6.82,4.0,0.3,0.0,9.76,16.97,9.2,12.0,9.98,4.0,0.3,-11.54,3.0,11.4,1.27,12.0,10.61,4.0,0.3,1007.5,1007.5,1007.5,1007.5,1.0,0.0,14.0,0.0,,,,,,,,,,,,,,,,,,,,,,,,,,,,,,,,,,,,,,,,,,,,,,,,,,,,,,,,,,,,,,,,,,,,,,,,,,,,,,,,,,,,,,,,,,,,,,,,,,,,,,,,,,,,,,,,,,,,,,,,,,,,,,,,,,
1907,7,296.4,-49.7,,,,,,,,,,,,,,,,,,,,,,,,,,,,,,,,,,,4.6,9.3,19.0,10.29,23.0,6.75,16.0,0.3,1.37,6.17,7.42,5.33,23.0,4.29,16.0,0.3,-7.59,-1.8,17.49,0.48,23.0,10.39,16.0,0.3,988.86,1003.7,1013.24,1002.54,24.0,10.89,18.0,0.3,,,,,,,,,,,,,,,,,,,,,,,,,,,,,,,,,,,,,,,,,,,,,,,,,,,,,,,,,,,,,,,,,,,,,,,,,,,,,,,,,,,,,,,,,,,,,,,,,,,,,,,,,,,,,,,,,,,,,,,,,,,,,,,,,,
1907,7,296.4,-47.7,,,,,,,,,,,,,,,,,,,,,,,,,,,,,,,,,,,4.6,9.3,15.4,9.31,66.0,5.5,16.0,0.6,-0.63,4.43,7.42,3.84,66.0,4.72,16.0,0.6,-13.44,-3.93,3.05,-4.37,66.0,7.85,16.0,0.6,994.43,1003.2,1010.27,1002.58,22.0,7.15,16.0,0.6,,,,,,,,,,,,,,,,,,,,,,,,,,,,,,,,,,,,,,,,,,,,,,,,,,,,,,,,,,,,,,,,,,,,,,,,,,,,,,,,,,,,,,,,,,,,,,,,,,,,,,,,,,,,,,,,,,,,,,,,,,,,,,,,,,
1907,7,296.4,-45.7,,,,,,,,,,,,,,,,,,,,,,,,,,,,,,,,,,,4.6,6.7,9.3,6.52,21.0,2.65,18.0,0.4,-2.7,4.23,6.58,2.77,21.0,4.68,18.0,0.4,-6.58,-1.8,0.0,-2.1,21.0,4.13,18.0,0.4,1003.0,1004.5,1006.1,1004.55,4.0,1.79,22.0,0.0,,,,,,,,,,,,,,,,,,,,,,,,,,,,,,,,,,,,,,,,,,,,,,,,,,,,,,,,,,,,,,,,,,,,,,,,,,,,,,,,,,,,,,,,,,,,,,,,,,,,,,,,,,,,,,,,,,,,,,,,,,,,,,,,,,
1907,7,296.4,18.3,,,,,,,,,,,,,,,,,,,,,,,,,,,,,,,,,,,2.6,6.7,8.81,6.08,40.0,2.31,16.0,0.5,-6.68,-6.17,-2.4,-5.4,40.0,2.32,16.0,0.5,-2.51,1.02,3.25,0.83,40.0,2.71,16.0,0.5,1019.88,1020.2,1021.17,1020.21,11.0,1.21,28.0,0.5,,,,,,,,,,,,,,,,,,,,,,,,,,,,,,,,,,,,,,,,,,,,,,,,,,,,,,,,,,,,,,,,,,,,,,,,,,,,,,,,,,,,,,,,,,,,,,,,,,,,,,,,,,,,,,,,,,,,,,,,,,,,,,,,,,
1907,7,296.4,20.3,,,,,,,,,,,,,,,,,,,,,,,,,,,,,,,,,,,6.07,6.7,9.3,7.53,18.0,2.07,18.0,0.7,-9.3,-6.17,-4.7,-7.08,18.0,2.15,18.0,0.7,-2.62,-2.21,0.0,-1.42,18.0,2.12,18.0,0.7,1020.02,1020.3,1021.49,1020.74,5.0,1.16,24.0,0.8,,,,,,,,,,,,,,,,,,,,,,,,,,,,,,,,,,,,,,,,,,,,,,,,,,,,,,,,,,,,,,,,,,,,,,,,,,,,,,,,,,,,,,,,,,,,,,,,,,,,,,,,,,,,,,,,,,,,,,,,,,,,,,,,,,
1907,7,296.4,28.3,,,,,,,,,,,,,,,,,,,,,,,,,,,,,,,,,,,0.79,2.6,2.6,1.9,6.0,1.13,4.0,0.5,0.0,0.0,0.21,0.17,6.0,0.41,4.0,0.5,-2.6,-1.2,1.33,-0.67,6.0,2.21,4.0,0.5,1019.16,1019.3,1019.91,1019.53,3.0,0.59,6.0,0.7,,,,,,,,,,,,,,,,,,,,,,,,,,,,,,,,,,,,,,,,,,,,,,,,,,,,,,,,,,,,,,,,,,,,,,,,,,,,,,,,,,,,,,,,,,,,,,,,,,,,,,,,,,,,,,,,,,,,,,,,,,,,,,,,,,
1907,7,296.4,34.3,,,,,,,,,,,,,,,,,,,,,,,,,,,,,,,,,,,6.7,6.7,6.7,6.7,1.0,0.0,30.0,1.0,2.62,2.62,2.62,2.62,1.0,0.0,30.0,1.0,6.17,6.17,6.17,6.17,1.0,0.0,30.0,1.0,1017.1,1017.1,1017.1,1017.1,1.0,0.0,30.0,1.0,,,,,,,,,,,,,,,,,,,,,,,,,,,,,,,,,,,,,,,,,,,,,,,,,,,,,,,,,,,,,,,,,,,,,,,,,,,,,,,,,,,,,,,,,,,,,,,,,,,,,,,,,,,,,,,,,,,,,,,,,,,,,,,,,,
1907,7,296.4,36.3,,,,,,,,,,,,,,,,,,,,,,,,,,,,,,,,,,,4.6,4.6,9.88,7.18,5.0,4.68,22.0,0.2,3.36,4.27,6.98,5.19,5.0,3.39,22.0,0.2,1.72,4.23,6.98,4.66,5.0,3.75,22.0,0.2,1017.1,1017.1,1017.1,1017.1,1.0,0.0,30.0,0.0,,,,,,,,,,,,,,,,,,,,,,,,,,,,,,,,,,,,,,,,,,,,,,,,,,,,,,,,,,,,,,,,,,,,,,,,,,,,,,,,,,,,,,,,,,,,,,,,,,,,,,,,,,,,,,,,,,,,,,,,,,,,,,,,,,
1907,7,296.4,38.3,,,,,,,,,,,,,,,,,,,,,,,,,,,,,,,,,,,3.07,6.7,8.68,5.92,34.0,2.71,18.0,0.5,-4.03,1.82,6.17,1.41,34.0,4.63,18.0,0.5,-4.09,1.72,4.74,0.86,34.0,4.38,18.0,0.5,1010.28,1012.1,1012.61,1011.97,7.0,1.63,22.0,0.9,,,,,,,,,,,,,,,,,,,,,,,,,,,,,,,,,,,,,,,,,,,,,,,,,,,,,,,,,,,,,,,,,,,,,,,,,,,,,,,,,,,,,,,,,,,,,,,,,,,,,,,,,,,,,,,,,,,,,,,,,,,,,,,,,,
1907,7,296.4,40.3,,,,,,,,,,,,,,,,,,,,,,,,,,,,,,,,,,,2.42,4.6,6.7,4.57,120.0,2.84,14.0,0.6,0.0,2.39,6.21,2.7,120.0,3.61,14.0,0.6,-2.6,0.0,3.25,0.52,120.0,2.91,14.0,0.6,1010.53,1014.45,1016.89,1013.81,36.0,3.57,14.0,0.5,,,,,,,,,,,,,,,,,,,,,,,,,,,,,,,,,,,,,,,,,,,,,,,,,,,,,,,,,,,,,,,,,,,,,,,,,,,,,,,,,,,,,,,,,,,,,,,,,,,,,,,,,,,,,,,,,,,,,,,,,,,,,,,,,,
1907,7,296.4,42.3,,,,,,,,,,,,,,,,,,,,,,,,,,,,,,,,,,,2.6,4.6,6.7,4.53,10.0,2.49,20.0,0.8,0.0,2.12,5.86,3.07,10.0,3.0,20.0,0.8,-3.21,0.0,3.11,0.01,10.0,3.09,20.0,0.8,1006.15,1010.1,1012.94,1008.81,7.0,4.34,20.0,0.7,,,,,,,,,,,,,,,,,,,,,,,,,,,,,,,,,,,,,,,,,,,,,,,,,,,,,,,,,,,,,,,,,,,,,,,,,,,,,,,,,,,,,,,,,,,,,,,,,,,,,,,,,,,,,,,,,,,,,,,,,,,,,,,,,,
1907,7,298.4,-55.7,,,,,,,,,,,,,,,,,,,,,,,,,,,,,,,,,,,6.09,9.3,15.92,10.97,3.0,7.34,14.0,0.3,0.0,0.0,0.0,0.0,3.0,0.0,14.0,0.3,-15.92,-9.3,-6.09,-10.97,3.0,7.34,14.0,0.3,1005.9,1006.1,1006.24,1006.07,3.0,0.25,14.0,0.3,,,,,,,,,,,,,,,,,,,,,,,,,,,,,,,,,,,,,,,,,,,,,,,,,,,,,,,,,,,,,,,,,,,,,,,,,,,,,,,,,,,,,,,,,,,,,,,,,,,,,,,,,,,,,,,,,,,,,,,,,,,,,,,,,,
1907,7,298.4,-47.7,,,,,,,,,,,,,,,,,,,,,,,,,,,,,,,,,,,6.7,9.3,19.0,11.4,17.0,6.39,14.0,0.5,1.32,6.21,11.86,6.47,17.0,5.59,14.0,0.5,-6.36,0.0,11.15,1.35,17.0,10.06,14.0,0.5,997.77,1010.6,1018.11,1008.74,15.0,9.08,12.0,0.5,,,,,,,,,,,,,,,,,,,,,,,,,,,,,,,,,,,,,,,,,,,,,,,,,,,,,,,,,,,,,,,,,,,,,,,,,,,,,,,,,,,,,,,,,,,,,,,,,,,,,,,,,,,,,,,,,,,,,,,,,,,,,,,,,,
1907,7,298.4,-45.7,,,,,,,,,,,,,,,,,,,,,,,,,,,,,,,,,,,2.69,6.7,12.16,7.06,58.0,4.31,16.0,0.6,0.02,3.25,7.39,3.7,58.0,3.59,16.0,0.6,-6.69,-3.25,0.36,-2.96,58.0,5.78,16.0,0.6,998.78,1005.6,1011.71,1006.04,27.0,6.92,16.0,0.6,,,,,,,,,,,,,,,,,,,,,,,,,,,,,,,,,,,,,,,,,,,,,,,,,,,,,,,,,,,,,,,,,,,,,,,,,,,,,,,,,,,,,,,,,,,,,,,,,,,,,,,,,,,,,,,,,,,,,,,,,,,,,,,,,,
1907,7,298.4,-43.7,,,,,,,,,,,,,,,,,,,,,,,,,,,,,,,,,,,2.6,4.6,9.3,5.65,36.0,4.01,16.0,0.6,-1.32,1.78,6.43,2.63,36.0,4.6,16.0,0.6,-3.92,-0.9,3.23,-0.68,36.0,4.49,16.0,0.6,1007.27,1012.85,1016.21,1012.02,12.0,4.39,20.0,0.6,,,,,,,,,,,,,,,,,,,,,,,,,,,,,,,,,,,,,,,,,,,,,,,,,,,,,,,,,,,,,,,,,,,,,,,,,,,,,,,,,,,,,,,,,,,,,,,,,,,,,,,,,,,,,,,,,,,,,,,,,,,,,,,,,,
1907,7,298.4,20.3,,,,,,,,,,,,,,,,,,,,,,,,,,,,,,,,,,,2.6,6.7,6.7,5.48,37.0,2.15,14.0,0.5,-6.21,-4.74,-2.41,-4.84,37.0,2.1,14.0,0.5,-2.62,0.0,2.83,0.13,37.0,2.66,14.0,0.5,1021.2,1021.6,1022.8,1021.79,9.0,0.89,28.0,0.4,,,,,,,,,,,,,,,,,,,,,,,,,,,,,,,,,,,,,,,,,,,,,,,,,,,,,,,,,,,,,,,,,,,,,,,,,,,,,,,,,,,,,,,,,,,,,,,,,,,,,,,,,,,,,,,,,,,,,,,,,,,,,,,,,,
1907,7,298.4,22.3,,,,,,,,,,,,,,,,,,,,,,,,,,,,,,,,,,,3.36,4.6,6.7,4.91,16.0,1.75,14.0,0.4,-6.2,-4.6,-3.22,-4.58,16.0,1.86,14.0,0.4,-2.58,-1.8,0.0,-1.27,16.0,1.1,14.0,0.4,1021.26,1021.7,1023.18,1022.08,5.0,1.19,20.0,0.4,,,,,,,,,,,,,,,,,,,,,,,,,,,,,,,,,,,,,,,,,,,,,,,,,,,,,,,,,,,,,,,,,,,,,,,,,,,,,,,,,,,,,,,,,,,,,,,,,,,,,,,,,,,,,,,,,,,,,,,,,,,,,,,,,,
1907,7,298.4,26.3,,,,,,,,,,,,,,,,,,,,,,,,,,,,,,,,,,,3.55,4.6,4.6,4.1,4.0,1.0,20.0,0.8,2.03,4.43,4.6,3.37,4.0,2.25,20.0,0.8,-2.18,-0.86,0.0,-1.08,4.0,1.3,20.0,0.8,1024.4,1024.4,1024.4,1024.4,1.0,0.0,2.0,0.0,,,,,,,,,,,,,,,,,,,,,,,,,,,,,,,,,,,,,,,,,,,,,,,,,,,,,,,,,,,,,,,,,,,,,,,,,,,,,,,,,,,,,,,,,,,,,,,,,,,,,,,,,,,,,,,,,,,,,,,,,,,,,,,,,,
1907,7,298.4,28.3,,,,,,,,,,,,,,,,,,,,,,,,,,,,,,,,,,,0.0,0.0,0.68,0.33,3.0,0.58,4.0,0.3,0.0,0.0,0.63,0.31,3.0,0.54,4.0,0.3,-0.26,0.0,0.0,-0.12,3.0,0.22,4.0,0.3,1019.86,1020.2,1020.47,1020.17,3.0,0.45,4.0,0.3,,,,,,,,,,,,,,,,,,,,,,,,,,,,,,,,,,,,,,,,,,,,,,,,,,,,,,,,,,,,,,,,,,,,,,,,,,,,,,,,,,,,,,,,,,,,,,,,,,,,,,,,,,,,,,,,,,,,,,,,,,,,,,,,,,
1907,7,298.4,36.3,,,,,,,,,,,,,,,,,,,,,,,,,,,,,,,,,,,6.7,6.7,9.32,7.89,7.0,1.49,24.0,0.4,2.49,3.63,6.21,3.56,7.0,2.18,24.0,0.4,-8.62,2.51,6.28,1.08,7.0,7.34,24.0,0.4,1013.53,1013.8,1014.69,1014.1,3.0,0.89,30.0,0.3,,,,,,,,,,,,,,,,,,,,,,,,,,,,,,,,,,,,,,,,,,,,,,,,,,,,,,,,,,,,,,,,,,,,,,,,,,,,,,,,,,,,,,,,,,,,,,,,,,,,,,,,,,,,,,,,,,,,,,,,,,,,,,,,,,
1907,7,298.4,38.3,,,,,,,,,,,,,,,,,,,,,,,,,,,,,,,,,,,2.6,4.6,9.3,5.54,34.0,3.11,18.0,0.7,-2.92,1.8,6.2,1.16,34.0,4.95,18.0,0.7,-2.55,0.9,4.51,1.09,34.0,3.77,18.0,0.7,1010.48,1011.05,1013.43,1011.8,6.0,1.93,22.0,0.3,,,,,,,,,,,,,,,,,,,,,,,,,,,,,,,,,,,,,,,,,,,,,,,,,,,,,,,,,,,,,,,,,,,,,,,,,,,,,,,,,,,,,,,,,,,,,,,,,,,,,,,,,,,,,,,,,,,,,,,,,,,,,,,,,,
1907,7,298.4,40.3,,,,,,,,,,,,,,,,,,,,,,,,,,,,,,,,,,,2.6,4.6,6.7,4.89,109.0,2.96,16.0,0.4,0.0,2.41,6.21,2.69,109.0,4.04,16.0,0.4,-3.16,0.0,3.25,0.24,109.0,3.04,16.0,0.4,1008.9,1013.95,1017.12,1013.46,30.0,3.76,14.0,0.4,,,,,,,,,,,,,,,,,,,,,,,,,,,,,,,,,,,,,,,,,,,,,,,,,,,,,,,,,,,,,,,,,,,,,,,,,,,,,,,,,,,,,,,,,,,,,,,,,,,,,,,,,,,,,,,,,,,,,,,,,,,,,,,,,,
1907,7,298.4,42.3,,,,,,,,,,,,,,,,,,,,,,,,,,,,,,,,,,,3.77,4.6,7.77,5.55,11.0,2.89,22.0,0.5,-1.94,1.72,7.49,2.58,11.0,4.88,22.0,0.5,-3.17,-1.72,3.35,-0.23,11.0,3.33,22.0,0.5,1008.71,1010.35,1012.86,1009.79,8.0,4.38,22.0,0.6,,,,,,,,,,,,,,,,,,,,,,,,,,,,,,,,,,,,,,,,,,,,,,,,,,,,,,,,,,,,,,,,,,,,,,,,,,,,,,,,,,,,,,,,,,,,,,,,,,,,,,,,,,,,,,,,,,,,,,,,,,,,,,,,,,
1907,7,300.4,-55.7,,,,,,,,,,,,,,,,,,,,,,,,,,,,,,,,,,,15.49,19.0,19.0,17.33,4.0,3.35,16.0,0.0,0.0,0.0,2.41,1.15,4.0,2.3,16.0,0.0,-19.0,-19.0,-15.02,-17.1,4.0,3.8,16.0,0.0,997.62,999.05,1002.26,999.9,4.0,3.27,16.0,0.0,,,,,,,,,,,,,,,,,,,,,,,,,,,,,,,,,,,,,,,,,,,,,,,,,,,,,,,,,,,,,,,,,,,,,,,,,,,,,,,,,,,,,,,,,,,,,,,,,,,,,,,,,,,,,,,,,,,,,,,,,,,,,,,,,,
1907,7,300.4,-53.7,,,,,,,,,,,,,,,,,,,,,,,,,,,,,,,,,,,8.35,12.3,12.3,10.58,5.0,2.53,4.0,0.2,1.66,11.4,11.4,7.37,5.0,5.61,4.0,0.2,4.61,4.61,7.31,5.86,5.0,2.04,4.0,0.2,1009.53,1010.5,1012.51,1011.04,5.0,2.17,4.0,0.2,,,,,,,,,,,,,,,,,,,,,,,,,,,,,,,,,,,,,,,,,,,,,,,,,,,,,,,,,,,,,,,,,,,,,,,,,,,,,,,,,,,,,,,,,,,,,,,,,,,,,,,,,,,,,,,,,,,,,,,,,,,,,,,,,,
1907,7,300.4,-45.7,,,,,,,,,,,,,,,,,,,,,,,,,,,,,,,,,,,2.19,4.6,7.36,4.63,12.0,2.87,16.0,0.5,0.87,2.82,5.01,3.05,12.0,2.06,16.0,0.5,-2.19,0.86,2.51,-0.39,12.0,4.14,16.0,0.5,1003.76,1005.2,1018.07,1008.83,6.0,7.45,18.0,0.5,,,,,,,,,,,,,,,,,,,,,,,,,,,,,,,,,,,,,,,,,,,,,,,,,,,,,,,,,,,,,,,,,,,,,,,,,,,,,,,,,,,,,,,,,,,,,,,,,,,,,,,,,,,,,,,,,,,,,,,,,,,,,,,,,,
1907,7,300.4,-43.7,,,,,,,,,,,,,,,,,,,,,,,,,,,,,,,,,,,2.6,6.7,12.5,7.75,51.0,5.82,14.0,0.5,-1.72,3.48,8.7,3.98,51.0,5.29,14.0,0.5,-6.24,0.0,6.58,-0.53,51.0,7.11,14.0,0.5,1002.83,1007.7,1016.44,1009.17,29.0,6.9,14.0,0.4,,,,,,,,,,,,,,,,,,,,,,,,,,,,,,,,,,,,,,,,,,,,,,,,,,,,,,,,,,,,,,,,,,,,,,,,,,,,,,,,,,,,,,,,,,,,,,,,,,,,,,,,,,,,,,,,,,,,,,,,,,,,,,,,,,
1907,7,300.4,-41.7,,,,,,,,,,,,,,,,,,,,,,,,,,,,,,,,,,,2.6,6.7,12.99,6.96,50.0,5.05,14.0,0.4,0.0,2.39,10.89,3.87,50.0,5.54,14.0,0.4,-6.86,-0.5,4.34,-1.15,50.0,5.25,14.0,0.4,1004.51,1009.7,1026.38,1015.17,20.0,10.73,12.0,0.5,,,,,,,,,,,,,,,,,,,,,,,,,,,,,,,,,,,,,,,,,,,,,,,,,,,,,,,,,,,,,,,,,,,,,,,,,,,,,,,,,,,,,,,,,,,,,,,,,,,,,,,,,,,,,,,,,,,,,,,,,,,,,,,,,,
1907,7,300.4,20.3,,,,,,,,,,,,,,,,,,,,,,,,,,,,,,,,,,,2.6,4.6,6.7,4.47,17.0,1.78,12.0,0.4,-4.66,-3.25,-0.99,-2.94,17.0,1.89,12.0,0.4,0.0,2.62,3.94,2.14,17.0,2.6,12.0,0.4,1019.9,1021.2,1022.02,1020.97,3.0,1.56,28.0,0.7,,,,,,,,,,,,,,,,,,,,,,,,,,,,,,,,,,,,,,,,,,,,,,,,,,,,,,,,,,,,,,,,,,,,,,,,,,,,,,,,,,,,,,,,,,,,,,,,,,,,,,,,,,,,,,,,,,,,,,,,,,,,,,,,,,
1907,7,300.4,22.3,,,,,,,,,,,,,,,,,,,,,,,,,,,,,,,,,,,2.6,4.6,6.7,4.55,27.0,2.49,16.0,0.7,-6.17,-4.23,-0.57,-3.79,27.0,2.81,16.0,0.7,-2.5,-1.02,1.7,-0.44,27.0,2.17,16.0,0.7,1021.18,1022.9,1023.92,1022.73,7.0,1.38,26.0,0.6,,,,,,,,,,,,,,,,,,,,,,,,,,,,,,,,,,,,,,,,,,,,,,,,,,,,,,,,,,,,,,,,,,,,,,,,,,,,,,,,,,,,,,,,,,,,,,,,,,,,,,,,,,,,,,,,,,,,,,,,,,,,,,,,,,
1907,7,300.4,24.3,,,,,,,,,,,,,,,,,,,,,,,,,,,,,,,,,,,2.6,2.6,5.47,3.75,11.0,1.84,16.0,0.4,-4.46,-2.6,-1.83,-2.85,11.0,2.09,16.0,0.4,-3.23,-0.97,0.0,-1.54,11.0,1.7,16.0,0.4,1023.63,1023.7,1024.18,1023.9,3.0,0.44,26.0,0.0,,,,,,,,,,,,,,,,,,,,,,,,,,,,,,,,,,,,,,,,,,,,,,,,,,,,,,,,,,,,,,,,,,,,,,,,,,,,,,,,,,,,,,,,,,,,,,,,,,,,,,,,,,,,,,,,,,,,,,,,,,,,,,,,,,
1907,7,300.4,28.3,,,,,,,,,,,,,,,,,,,,,,,,,,,,,,,,,,,2.6,3.6,4.6,3.6,4.0,1.15,14.0,0.5,1.84,3.22,4.6,3.22,4.0,1.59,14.0,0.5,-1.84,-0.92,0.0,-0.92,4.0,1.06,14.0,0.5,1020.63,1020.7,1020.77,1020.7,2.0,0.14,4.0,1.0,,,,,,,,,,,,,,,,,,,,,,,,,,,,,,,,,,,,,,,,,,,,,,,,,,,,,,,,,,,,,,,,,,,,,,,,,,,,,,,,,,,,,,,,,,,,,,,,,,,,,,,,,,,,,,,,,,,,,,,,,,,,,,,,,,
1907,7,300.4,32.3,,,,,,,,,,,,,,,,,,,,,,,,,,,,,,,,,,,3.14,4.6,6.7,5.14,9.0,2.13,16.0,0.8,-3.79,4.6,6.47,2.24,9.0,4.65,16.0,0.8,0.0,0.0,2.4,1.42,9.0,2.19,16.0,0.8,1019.7,1019.7,1019.7,1019.7,1.0,0.0,30.0,1.0,,,,,,,,,,,,,,,,,,,,,,,,,,,,,,,,,,,,,,,,,,,,,,,,,,,,,,,,,,,,,,,,,,,,,,,,,,,,,,,,,,,,,,,,,,,,,,,,,,,,,,,,,,,,,,,,,,,,,,,,,,,,,,,,,,
1907,7,300.4,36.3,,,,,,,,,,,,,,,,,,,,,,,,,,,,,,,,,,,6.7,9.3,12.94,9.95,6.0,3.38,24.0,0.7,3.63,4.77,7.18,5.65,6.0,2.74,24.0,0.7,-8.56,3.62,10.98,2.06,6.0,8.91,24.0,0.7,1012.33,1012.6,1012.87,1012.6,2.0,0.57,30.0,1.0,,,,,,,,,,,,,,,,,,,,,,,,,,,,,,,,,,,,,,,,,,,,,,,,,,,,,,,,,,,,,,,,,,,,,,,,,,,,,,,,,,,,,,,,,,,,,,,,,,,,,,,,,,,,,,,,,,,,,,,,,,,,,,,,,,
1907,7,300.4,38.3,,,,,,,,,,,,,,,,,,,,,,,,,,,,,,,,,,,2.6,4.6,6.7,4.66,35.0,2.84,18.0,0.5,-1.77,0.0,4.6,1.03,35.0,3.96,18.0,0.5,-1.72,0.97,4.6,1.36,35.0,3.42,18.0,0.5,1005.83,1007.4,1009.86,1007.83,3.0,2.97,24.0,0.3,,,,,,,,,,,,,,,,,,,,,,,,,,,,,,,,,,,,,,,,,,,,,,,,,,,,,,,,,,,,,,,,,,,,,,,,,,,,,,,,,,,,,,,,,,,,,,,,,,,,,,,,,,,,,,,,,,,,,,,,,,,,,,,,,,
1907,7,300.4,40.3,,,,,,,,,,,,,,,,,,,,,,,,,,,,,,,,,,,2.6,6.7,9.3,6.23,121.0,3.35,16.0,0.4,-2.6,3.25,8.56,3.13,121.0,5.45,16.0,0.4,-2.61,0.0,3.63,0.74,121.0,3.2,16.0,0.4,1008.04,1012.8,1016.12,1012.42,35.0,4.31,16.0,0.5,,,,,,,,,,,,,,,,,,,,,,,,,,,,,,,,,,,,,,,,,,,,,,,,,,,,,,,,,,,,,,,,,,,,,,,,,,,,,,,,,,,,,,,,,,,,,,,,,,,,,,,,,,,,,,,,,,,,,,,,,,,,,,,,,,
1907,7,300.4,42.3,,,,,,,,,,,,,,,,,,,,,,,,,,,,,,,,,,,3.68,6.7,10.68,6.81,17.0,3.42,22.0,0.4,-2.9,2.6,9.9,3.41,17.0,5.7,22.0,0.4,-4.23,0.0,4.67,0.9,17.0,3.9,22.0,0.4,1002.77,1012.15,1014.67,1009.59,10.0,5.9,22.0,0.2,,,,,,,,,,,,,,,,,,,,,,,,,,,,,,,,,,,,,,,,,,,,,,,,,,,,,,,,,,,,,,,,,,,,,,,,,,,,,,,,,,,,,,,,,,,,,,,,,,,,,,,,,,,,,,,,,,,,,,,,,,,,,,,,,,
1907,7,302.4,-55.7,,,,,,,,,,,,,,,,,,,,,,,,,,,,,,,,,,,4.19,9.5,12.3,8.47,6.0,4.39,16.0,0.2,2.96,6.72,8.7,5.99,6.0,3.11,16.0,0.2,-8.7,-6.72,-2.2,-5.37,6.0,4.24,16.0,0.2,992.98,993.55,995.88,994.68,6.0,2.87,16.0,0.2,,,,,,,,,,,,,,,,,,,,,,,,,,,,,,,,,,,,,,,,,,,,,,,,,,,,,,,,,,,,,,,,,,,,,,,,,,,,,,,,,,,,,,,,,,,,,,,,,,,,,,,,,,,,,,,,,,,,,,,,,,,,,,,,,,
1907,7,302.4,-53.7,,,,,,,,,,,,,,,,,,,,,,,,,,,,,,,,,,,6.7,6.7,7.65,7.22,5.0,1.16,4.0,0.4,-6.16,-4.74,-1.28,-3.62,5.0,4.97,4.0,0.4,-4.74,-4.74,-4.28,-4.49,5.0,0.56,4.0,0.4,1018.33,1019.4,1021.0,1019.6,5.0,1.36,4.0,0.4,,,,,,,,,,,,,,,,,,,,,,,,,,,,,,,,,,,,,,,,,,,,,,,,,,,,,,,,,,,,,,,,,,,,,,,,,,,,,,,,,,,,,,,,,,,,,,,,,,,,,,,,,,,,,,,,,,,,,,,,,,,,,,,,,,
1907,7,302.4,-51.7,,,,,,,,,,,,,,,,,,,,,,,,,,,,,,,,,,,4.6,6.7,9.3,7.34,19.0,3.68,12.0,0.3,0.83,3.48,6.59,4.12,19.0,3.66,12.0,0.3,-8.62,-4.27,0.0,-3.38,19.0,5.2,12.0,0.3,992.6,999.45,1008.03,1000.32,18.0,7.84,12.0,0.3,,,,,,,,,,,,,,,,,,,,,,,,,,,,,,,,,,,,,,,,,,,,,,,,,,,,,,,,,,,,,,,,,,,,,,,,,,,,,,,,,,,,,,,,,,,,,,,,,,,,,,,,,,,,,,,,,,,,,,,,,,,,,,,,,,
1907,7,302.4,-43.7,,,,,,,,,,,,,,,,,,,,,,,,,,,,,,,,,,,2.54,6.7,9.9,6.16,10.0,4.03,12.0,0.7,-3.25,2.76,6.17,2.27,10.0,5.53,12.0,0.7,-1.5,2.62,3.25,0.57,10.0,4.66,12.0,0.7,1006.8,1008.45,1013.92,1010.28,4.0,5.51,14.0,0.5,,,,,,,,,,,,,,,,,,,,,,,,,,,,,,,,,,,,,,,,,,,,,,,,,,,,,,,,,,,,,,,,,,,,,,,,,,,,,,,,,,,,,,,,,,,,,,,,,,,,,,,,,,,,,,,,,,,,,,,,,,,,,,,,,,
1907,7,302.4,-41.7,,,,,,,,,,,,,,,,,,,,,,,,,,,,,,,,,,,2.6,4.6,12.3,7.07,36.0,5.1,14.0,0.6,-4.6,0.0,5.13,0.32,36.0,4.8,14.0,0.6,-5.28,0.99,7.46,1.2,36.0,7.26,14.0,0.6,1010.01,1018.6,1027.09,1018.45,27.0,9.23,14.0,0.6,,,,,,,,,,,,,,,,,,,,,,,,,,,,,,,,,,,,,,,,,,,,,,,,,,,,,,,,,,,,,,,,,,,,,,,,,,,,,,,,,,,,,,,,,,,,,,,,,,,,,,,,,,,,,,,,,,,,,,,,,,,,,,,,,,
1907,7,302.4,-39.7,,,,,,,,,,,,,,,,,,,,,,,,,,,,,,,,,,,2.6,4.6,9.3,6.73,49.0,4.1,12.0,0.6,-1.98,0.0,6.32,2.06,49.0,4.48,12.0,0.6,-3.4,1.8,9.3,1.89,49.0,5.91,12.0,0.6,1013.03,1015.6,1017.97,1016.01,14.0,7.4,12.0,0.7,,,,,,,,,,,,,,,,,,,,,,,,,,,,,,,,,,,,,,,,,,,,,,,,,,,,,,,,,,,,,,,,,,,,,,,,,,,,,,,,,,,,,,,,,,,,,,,,,,,,,,,,,,,,,,,,,,,,,,,,,,,,,,,,,,
1907,7,302.4,-37.7,,,,,,,,,,,,,,,,,,,,,,,,,,,,,,,,,,,1.0,4.6,9.3,5.72,23.0,3.87,16.0,0.5,-1.37,0.0,1.76,-0.03,23.0,1.67,16.0,0.5,-6.7,0.97,7.44,1.65,23.0,6.6,16.0,0.5,1015.32,1015.8,1016.48,1015.9,3.0,0.85,4.0,0.0,,,,,,,,,,,,,,,,,,,,,,,,,,,,,,,,,,,,,,,,,,,,,,,,,,,,,,,,,,,,,,,,,,,,,,,,,,,,,,,,,,,,,,,,,,,,,,,,,,,,,,,,,,,,,,,,,,,,,,,,,,,,,,,,,,
1907,7,302.4,-35.7,,,,,,,,,,,,,,,,,,,,,,,,,,,,,,,,,,,2.12,4.6,6.7,4.66,18.0,2.67,20.0,0.6,-6.17,-1.78,1.2,-1.66,18.0,3.49,20.0,0.6,-2.62,0.19,3.25,0.17,18.0,3.87,20.0,0.6,1015.94,1023.25,1028.1,1022.08,4.0,7.45,20.0,0.3,,,,,,,,,,,,,,,,,,,,,,,,,,,,,,,,,,,,,,,,,,,,,,,,,,,,,,,,,,,,,,,,,,,,,,,,,,,,,,,,,,,,,,,,,,,,,,,,,,,,,,,,,,,,,,,,,,,,,,,,,,,,,,,,,,
1907,7,302.4,22.3,,,,,,,,,,,,,,,,,,,,,,,,,,,,,,,,,,,0.33,2.6,9.3,4.05,22.0,4.15,14.0,0.4,-8.02,-0.71,0.47,-2.85,22.0,4.6,14.0,0.4,-0.99,0.0,2.36,0.36,22.0,2.14,14.0,0.4,1020.61,1021.4,1021.9,1021.22,6.0,0.97,28.0,0.7,,,,,,,,,,,,,,,,,,,,,,,,,,,,,,,,,,,,,,,,,,,,,,,,,,,,,,,,,,,,,,,,,,,,,,,,,,,,,,,,,,,,,,,,,,,,,,,,,,,,,,,,,,,,,,,,,,,,,,,,,,,,,,,,,,
1907,7,302.4,24.3,,,,,,,,,,,,,,,,,,,,,,,,,,,,,,,,,,,1.0,2.6,6.7,3.53,20.0,2.34,16.0,0.3,-6.19,-1.84,0.0,-2.41,20.0,2.53,16.0,0.3,-2.51,-1.84,0.0,-1.07,20.0,2.19,16.0,0.3,1019.22,1022.1,1022.89,1021.31,8.0,2.48,18.0,0.3,,,,,,,,,,,,,,,,,,,,,,,,,,,,,,,,,,,,,,,,,,,,,,,,,,,,,,,,,,,,,,,,,,,,,,,,,,,,,,,,,,,,,,,,,,,,,,,,,,,,,,,,,,,,,,,,,,,,,,,,,,,,,,,,,,
1907,7,302.4,26.3,,,,,,,,,,,,,,,,,,,,,,,,,,,,,,,,,,,1.0,2.6,5.37,3.18,5.0,2.46,14.0,0.8,-4.98,-1.84,-1.0,-2.86,5.0,2.3,14.0,0.8,-2.08,-1.72,0.0,-1.21,5.0,1.15,14.0,0.8,1024.0,1024.0,1024.0,1024.0,1.0,0.0,24.0,1.0,,,,,,,,,,,,,,,,,,,,,,,,,,,,,,,,,,,,,,,,,,,,,,,,,,,,,,,,,,,,,,,,,,,,,,,,,,,,,,,,,,,,,,,,,,,,,,,,,,,,,,,,,,,,,,,,,,,,,,,,,,,,,,,,,,
1907,7,302.4,28.3,,,,,,,,,,,,,,,,,,,,,,,,,,,,,,,,,,,2.6,2.6,2.6,2.6,1.0,0.0,4.0,0.0,1.84,1.84,1.84,1.84,1.0,0.0,4.0,0.0,-1.84,-1.84,-1.84,-1.84,1.0,0.0,4.0,0.0,1018.53,1019.0,1019.26,1018.9,4.0,0.58,2.0,0.0,,,,,,,,,,,,,,,,,,,,,,,,,,,,,,,,,,,,,,,,,,,,,,,,,,,,,,,,,,,,,,,,,,,,,,,,,,,,,,,,,,,,,,,,,,,,,,,,,,,,,,,,,,,,,,,,,,,,,,,,,,,,,,,,,,
1907,7,302.4,30.3,,,,,,,,,,,,,,,,,,,,,,,,,,,,,,,,,,,1.0,1.0,4.7,2.56,7.0,2.27,12.0,0.3,-4.35,0.92,1.0,-0.87,7.0,3.22,12.0,0.3,0.0,0.39,1.83,0.71,7.0,0.98,12.0,0.3,1020.11,1020.35,1020.59,1020.35,2.0,0.5,4.0,0.0,,,,,,,,,,,,,,,,,,,,,,,,,,,,,,,,,,,,,,,,,,,,,,,,,,,,,,,,,,,,,,,,,,,,,,,,,,,,,,,,,,,,,,,,,,,,,,,,,,,,,,,,,,,,,,,,,,,,,,,,,,,,,,,,,,
1907,7,302.4,32.3,,,,,,,,,,,,,,,,,,,,,,,,,,,,,,,,,,,4.6,4.6,6.7,5.46,8.0,2.03,18.0,0.3,2.49,4.42,6.17,3.89,8.0,3.81,18.0,0.3,1.1,2.21,3.18,2.09,8.0,1.19,18.0,0.3,1020.43,1020.7,1020.97,1020.7,2.0,0.57,30.0,1.0,,,,,,,,,,,,,,,,,,,,,,,,,,,,,,,,,,,,,,,,,,,,,,,,,,,,,,,,,,,,,,,,,,,,,,,,,,,,,,,,,,,,,,,,,,,,,,,,,,,,,,,,,,,,,,,,,,,,,,,,,,,,,,,,,,
1907,7,302.4,38.3,,,,,,,,,,,,,,,,,,,,,,,,,,,,,,,,,,,2.6,4.6,6.7,4.92,40.0,3.08,18.0,0.4,-2.61,0.0,3.25,0.4,40.0,3.51,18.0,0.4,-4.6,0.0,4.07,-0.17,40.0,4.67,18.0,0.4,1006.14,1010.55,1011.19,1009.4,6.0,2.68,26.0,0.5,,,,,,,,,,,,,,,,,,,,,,,,,,,,,,,,,,,,,,,,,,,,,,,,,,,,,,,,,,,,,,,,,,,,,,,,,,,,,,,,,,,,,,,,,,,,,,,,,,,,,,,,,,,,,,,,,,,,,,,,,,,,,,,,,,
1907,7,302.4,40.3,,,,,,,,,,,,,,,,,,,,,,,,,,,,,,,,,,,2.6,4.6,9.3,5.45,116.0,3.4,16.0,0.6,-1.52,3.25,6.7,2.91,116.0,4.49,16.0,0.6,-2.59,0.0,3.63,0.7,116.0,3.52,16.0,0.6,1008.94,1013.0,1017.14,1013.72,37.0,5.27,16.0,0.5,,,,,,,,,,,,,,,,,,,,,,,,,,,,,,,,,,,,,,,,,,,,,,,,,,,,,,,,,,,,,,,,,,,,,,,,,,,,,,,,,,,,,,,,,,,,,,,,,,,,,,,,,,,,,,,,,,,,,,,,,,,,,,,,,,
1907,7,302.4,42.3,,,,,,,,,,,,,,,,,,,,,,,,,,,,,,,,,,,2.6,4.6,6.7,4.84,15.0,2.77,18.0,0.6,-1.56,3.25,4.74,2.5,15.0,3.82,18.0,0.6,-1.88,1.84,4.74,1.57,15.0,2.97,18.0,0.6,1003.07,1011.45,1016.61,1009.85,6.0,7.79,18.0,0.7,,,,,,,,,,,,,,,,,,,,,,,,,,,,,,,,,,,,,,,,,,,,,,,,,,,,,,,,,,,,,,,,,,,,,,,,,,,,,,,,,,,,,,,,,,,,,,,,,,,,,,,,,,,,,,,,,,,,,,,,,,,,,,,,,,
1907,7,302.4,44.3,,,,,,,,,,,,,,,,,,,,,,,,,,,,,,,,,,,2.14,4.6,7.81,4.97,3.0,4.16,24.0,0.7,-3.2,-0.92,4.2,0.46,3.0,5.55,24.0,0.7,-1.05,0.39,4.61,1.75,3.0,4.31,24.0,0.7,1002.35,1010.15,1014.65,1008.58,4.0,7.49,24.0,0.8,,,,,,,,,,,,,,,,,,,,,,,,,,,,,,,,,,,,,,,,,,,,,,,,,,,,,,,,,,,,,,,,,,,,,,,,,,,,,,,,,,,,,,,,,,,,,,,,,,,,,,,,,,,,,,,,,,,,,,,,,,,,,,,,,,
1907,7,304.4,-55.7,,,,,,,,,,,,,,,,,,,,,,,,,,,,,,,,,,,4.6,4.6,4.6,4.6,1.0,0.0,16.0,0.0,4.6,4.6,4.6,4.6,1.0,0.0,16.0,0.0,0.0,0.0,0.0,0.0,1.0,0.0,16.0,0.0,1007.0,1007.0,1007.0,1007.0,1.0,0.0,16.0,0.0,,,,,,,,,,,,,,,,,,,,,,,,,,,,,,,,,,,,,,,,,,,,,,,,,,,,,,,,,,,,,,,,,,,,,,,,,,,,,,,,,,,,,,,,,,,,,,,,,,,,,,,,,,,,,,,,,,,,,,,,,,,,,,,,,,
1907,7,304.4,-53.7,,,,,,,,,,,,,,,,,,,,,,,,,,,,,,,,,,,9.3,12.3,15.4,12.46,9.0,4.06,10.0,0.3,6.61,12.3,15.1,11.09,9.0,4.77,10.0,0.3,-7.2,0.0,4.21,-1.23,9.0,5.31,10.0,0.3,991.66,992.9,1012.19,1000.24,9.0,11.54,10.0,0.3,,,,,,,,,,,,,,,,,,,,,,,,,,,,,,,,,,,,,,,,,,,,,,,,,,,,,,,,,,,,,,,,,,,,,,,,,,,,,,,,,,,,,,,,,,,,,,,,,,,,,,,,,,,,,,,,,,,,,,,,,,,,,,,,,,
1907,7,304.4,-51.7,,,,,,,,,,,,,,,,,,,,,,,,,,,,,,,,,,,9.82,15.4,22.6,15.34,21.0,6.47,8.0,0.4,6.95,10.89,17.62,12.06,21.0,6.25,8.0,0.4,-10.51,4.61,10.89,2.37,21.0,9.54,8.0,0.4,984.92,998.1,1002.9,995.74,21.0,8.74,8.0,0.4,,,,,,,,,,,,,,,,,,,,,,,,,,,,,,,,,,,,,,,,,,,,,,,,,,,,,,,,,,,,,,,,,,,,,,,,,,,,,,,,,,,,,,,,,,,,,,,,,,,,,,,,,,,,,,,,,,,,,,,,,,,,,,,,,,
1907,7,304.4,-41.7,,,,,,,,,,,,,,,,,,,,,,,,,,,,,,,,,,,4.6,6.7,9.3,7.15,10.0,2.5,12.0,0.3,-4.74,-0.76,7.59,0.98,10.0,5.82,12.0,0.3,1.07,3.76,4.74,3.53,10.0,3.78,12.0,0.3,1007.08,1008.1,1014.04,1010.5,3.0,5.51,14.0,0.3,,,,,,,,,,,,,,,,,,,,,,,,,,,,,,,,,,,,,,,,,,,,,,,,,,,,,,,,,,,,,,,,,,,,,,,,,,,,,,,,,,,,,,,,,,,,,,,,,,,,,,,,,,,,,,,,,,,,,,,,,,,,,,,,,,
1907,7,304.4,-39.7,,,,,,,,,,,,,,,,,,,,,,,,,,,,,,,,,,,2.6,6.7,9.3,6.55,40.0,3.55,16.0,0.5,-2.49,0.0,4.81,1.15,40.0,4.12,16.0,0.5,-6.68,1.02,6.21,-0.41,40.0,6.17,16.0,0.5,1014.04,1027.2,1036.09,1025.18,28.0,9.61,16.0,0.4,,,,,,,,,,,,,,,,,,,,,,,,,,,,,,,,,,,,,,,,,,,,,,,,,,,,,,,,,,,,,,,,,,,,,,,,,,,,,,,,,,,,,,,,,,,,,,,,,,,,,,,,,,,,,,,,,,,,,,,,,,,,,,,,,,
1907,7,304.4,-37.7,,,,,,,,,,,,,,,,,,,,,,,,,,,,,,,,,,,4.6,9.3,15.4,10.07,39.0,5.96,8.0,0.6,-4.8,-0.71,4.8,-0.68,39.0,4.44,8.0,0.6,-2.34,9.3,15.37,7.12,39.0,8.21,8.0,0.6,1014.87,1019.5,1022.7,1018.82,19.0,3.6,8.0,0.6,,,,,,,,,,,,,,,,,,,,,,,,,,,,,,,,,,,,,,,,,,,,,,,,,,,,,,,,,,,,,,,,,,,,,,,,,,,,,,,,,,,,,,,,,,,,,,,,,,,,,,,,,,,,,,,,,,,,,,,,,,,,,,,,,,
1907,7,304.4,-35.7,,,,,,,,,,,,,,,,,,,,,,,,,,,,,,,,,,,2.6,4.6,6.7,5.12,82.0,2.93,18.0,0.5,-4.83,0.0,3.25,-0.84,82.0,4.02,18.0,0.5,-2.6,0.71,6.17,1.72,82.0,3.91,18.0,0.5,1009.52,1015.8,1024.35,1016.35,20.0,7.38,16.0,0.4,,,,,,,,,,,,,,,,,,,,,,,,,,,,,,,,,,,,,,,,,,,,,,,,,,,,,,,,,,,,,,,,,,,,,,,,,,,,,,,,,,,,,,,,,,,,,,,,,,,,,,,,,,,,,,,,,,,,,,,,,,,,,,,,,,
1907,7,304.4,6.3,,,,,,,,,,,,,,,,,,,,,,,,,,,,,,,,,,,2.6,4.6,6.7,4.7,9.0,2.42,18.0,0.6,-5.81,-3.25,-2.4,-4.09,9.0,2.41,18.0,0.6,-1.52,0.0,2.87,0.52,9.0,2.4,18.0,0.6,1011.2,1012.0,1012.6,1011.91,7.0,0.63,14.0,0.6,,,,,,,,,,,,,,,,,,,,,,,,,,,,,,,,,,,,,,,,,,,,,,,,,,,,,,,,,,,,,,,,,,,,,,,,,,,,,,,,,,,,,,,,,,,,,,,,,,,,,,,,,,,,,,,,,,,,,,,,,,,,,,,,,,
1907,7,304.4,22.3,,,,,,,,,,,,,,,,,,,,,,,,,,,,,,,,,,,0.48,3.85,8.06,4.25,4.0,4.48,12.0,0.8,-7.13,-2.37,0.0,-3.51,4.0,4.46,12.0,0.8,-0.52,0.0,2.48,0.93,4.0,2.58,12.0,0.8,1021.2,1021.2,1021.2,1021.2,1.0,0.0,28.0,1.0,,,,,,,,,,,,,,,,,,,,,,,,,,,,,,,,,,,,,,,,,,,,,,,,,,,,,,,,,,,,,,,,,,,,,,,,,,,,,,,,,,,,,,,,,,,,,,,,,,,,,,,,,,,,,,,,,,,,,,,,,,,,,,,,,,
1907,7,304.4,24.3,,,,,,,,,,,,,,,,,,,,,,,,,,,,,,,,,,,2.6,3.6,6.7,4.41,18.0,2.6,16.0,0.7,-5.33,-2.83,1.37,-2.83,18.0,3.63,16.0,0.7,-3.86,-0.97,0.0,-1.53,18.0,1.81,16.0,0.7,1019.76,1020.5,1021.0,1020.04,7.0,1.45,24.0,0.3,,,,,,,,,,,,,,,,,,,,,,,,,,,,,,,,,,,,,,,,,,,,,,,,,,,,,,,,,,,,,,,,,,,,,,,,,,,,,,,,,,,,,,,,,,,,,,,,,,,,,,,,,,,,,,,,,,,,,,,,,,,,,,,,,,
1907,7,304.4,26.3,,,,,,,,,,,,,,,,,,,,,,,,,,,,,,,,,,,1.0,2.6,4.6,2.93,20.0,1.82,16.0,0.5,-2.6,-1.01,1.77,-1.2,20.0,2.52,16.0,0.5,-1.8,-0.49,0.0,-0.23,20.0,2.11,16.0,0.5,1017.22,1022.5,1023.6,1021.4,8.0,3.3,20.0,0.6,,,,,,,,,,,,,,,,,,,,,,,,,,,,,,,,,,,,,,,,,,,,,,,,,,,,,,,,,,,,,,,,,,,,,,,,,,,,,,,,,,,,,,,,,,,,,,,,,,,,,,,,,,,,,,,,,,,,,,,,,,,,,,,,,,
1907,7,304.4,30.3,,,,,,,,,,,,,,,,,,,,,,,,,,,,,,,,,,,1.0,4.6,8.6,4.51,9.0,3.62,12.0,0.8,-5.41,0.92,5.05,0.1,9.0,4.71,12.0,0.8,-2.51,0.39,4.91,0.59,9.0,3.66,12.0,0.8,1018.41,1019.35,1020.0,1019.12,6.0,1.04,2.0,1.0,,,,,,,,,,,,,,,,,,,,,,,,,,,,,,,,,,,,,,,,,,,,,,,,,,,,,,,,,,,,,,,,,,,,,,,,,,,,,,,,,,,,,,,,,,,,,,,,,,,,,,,,,,,,,,,,,,,,,,,,,,,,,,,,,,
1907,7,304.4,32.3,,,,,,,,,,,,,,,,,,,,,,,,,,,,,,,,,,,2.6,6.7,8.6,5.46,9.0,2.89,14.0,0.7,2.39,2.6,4.4,3.19,9.0,0.98,14.0,0.7,1.02,4.74,7.97,4.0,9.0,3.38,14.0,0.7,1019.99,1020.4,1020.81,1020.4,2.0,0.85,30.0,0.0,,,,,,,,,,,,,,,,,,,,,,,,,,,,,,,,,,,,,,,,,,,,,,,,,,,,,,,,,,,,,,,,,,,,,,,,,,,,,,,,,,,,,,,,,,,,,,,,,,,,,,,,,,,,,,,,,,,,,,,,,,,,,,,,,,
1907,7,304.4,38.3,,,,,,,,,,,,,,,,,,,,,,,,,,,,,,,,,,,2.6,2.6,8.68,4.91,34.0,4.02,18.0,0.4,-2.6,0.84,3.43,0.88,34.0,3.54,18.0,0.4,-5.86,0.0,2.41,-0.75,34.0,5.21,18.0,0.4,1007.67,1008.65,1010.07,1008.87,6.0,1.63,26.0,0.3,,,,,,,,,,,,,,,,,,,,,,,,,,,,,,,,,,,,,,,,,,,,,,,,,,,,,,,,,,,,,,,,,,,,,,,,,,,,,,,,,,,,,,,,,,,,,,,,,,,,,,,,,,,,,,,,,,,,,,,,,,,,,,,,,,
1907,7,304.4,40.3,,,,,,,,,,,,,,,,,,,,,,,,,,,,,,,,,,,2.6,4.6,6.7,5.14,107.0,2.68,16.0,0.4,-2.73,1.8,6.21,1.62,107.0,3.98,16.0,0.4,-2.51,0.0,4.32,0.97,107.0,3.79,16.0,0.4,1008.51,1013.2,1018.0,1013.33,28.0,5.34,16.0,0.5,,,,,,,,,,,,,,,,,,,,,,,,,,,,,,,,,,,,,,,,,,,,,,,,,,,,,,,,,,,,,,,,,,,,,,,,,,,,,,,,,,,,,,,,,,,,,,,,,,,,,,,,,,,,,,,,,,,,,,,,,,,,,,,,,,
1907,7,304.4,42.3,,,,,,,,,,,,,,,,,,,,,,,,,,,,,,,,,,,2.6,4.6,7.07,4.39,19.0,2.75,14.0,0.5,-1.84,1.02,5.0,1.79,19.0,3.09,14.0,0.5,-1.21,1.84,5.0,1.6,19.0,3.51,14.0,0.5,1007.24,1010.95,1018.28,1011.83,8.0,5.33,14.0,0.5,,,,,,,,,,,,,,,,,,,,,,,,,,,,,,,,,,,,,,,,,,,,,,,,,,,,,,,,,,,,,,,,,,,,,,,,,,,,,,,,,,,,,,,,,,,,,,,,,,,,,,,,,,,,,,,,,,,,,,,,,,,,,,,,,,
1907,7,304.4,44.3,,,,,,,,,,,,,,,,,,,,,,,,,,,,,,,,,,,3.87,9.3,9.3,7.02,5.0,3.2,24.0,0.8,-4.47,-1.02,6.58,0.46,5.0,5.92,24.0,0.8,-2.71,6.58,6.58,2.82,5.0,5.16,24.0,0.8,1005.12,1006.7,1011.94,1008.2,5.0,3.65,24.0,0.8,,,,,,,,,,,,,,,,,,,,,,,,,,,,,,,,,,,,,,,,,,,,,,,,,,,,,,,,,,,,,,,,,,,,,,,,,,,,,,,,,,,,,,,,,,,,,,,,,,,,,,,,,,,,,,,,,,,,,,,,,,,,,,,,,,
1907,7,306.4,-53.7,,,,,,,,,,,,,,,,,,,,,,,,,,,,,,,,,,,1.0,2.6,4.82,3.67,7.0,2.89,18.0,0.1,0.0,1.84,3.41,2.39,7.0,2.27,18.0,0.1,-3.41,-1.84,-1.0,-2.68,7.0,1.95,18.0,0.1,1006.96,1009.7,1012.32,1009.36,7.0,2.99,18.0,0.1,,,,,,,,,,,,,,,,,,,,,,,,,,,,,,,,,,,,,,,,,,,,,,,,,,,,,,,,,,,,,,,,,,,,,,,,,,,,,,,,,,,,,,,,,,,,,,,,,,,,,,,,,,,,,,,,,,,,,,,,,,,,,,,,,,
1907,7,306.4,-51.7,,,,,,,,,,,,,,,,,,,,,,,,,,,,,,,,,,,1.25,1.8,2.35,1.8,2.0,1.13,18.0,0.5,-0.85,-0.51,-0.16,-0.51,2.0,0.72,18.0,0.5,-2.17,-1.7,-1.22,-1.7,2.0,0.99,18.0,0.5,1002.4,1002.4,1002.4,1002.4,2.0,0.0,18.0,0.5,,,,,,,,,,,,,,,,,,,,,,,,,,,,,,,,,,,,,,,,,,,,,,,,,,,,,,,,,,,,,,,,,,,,,,,,,,,,,,,,,,,,,,,,,,,,,,,,,,,,,,,,,,,,,,,,,,,,,,,,,,,,,,,,,,
1907,7,306.4,-39.7,,,,,,,,,,,,,,,,,,,,,,,,,,,,,,,,,,,4.6,4.6,6.7,5.16,17.0,1.87,12.0,0.5,-4.66,0.0,1.8,-1.34,17.0,3.37,12.0,0.5,-4.4,0.0,3.72,-0.52,17.0,4.27,12.0,0.5,1013.99,1021.8,1028.9,1021.51,11.0,9.63,10.0,0.5,,,,,,,,,,,,,,,,,,,,,,,,,,,,,,,,,,,,,,,,,,,,,,,,,,,,,,,,,,,,,,,,,,,,,,,,,,,,,,,,,,,,,,,,,,,,,,,,,,,,,,,,,,,,,,,,,,,,,,,,,,,,,,,,,,
1907,7,306.4,-37.7,,,,,,,,,,,,,,,,,,,,,,,,,,,,,,,,,,,2.6,4.6,7.45,5.44,37.0,3.59,14.0,0.4,-4.74,-1.84,2.51,-1.56,37.0,4.38,14.0,0.4,-1.76,2.6,4.74,1.77,37.0,4.29,14.0,0.4,1019.51,1021.1,1032.66,1023.79,19.0,8.7,14.0,0.4,,,,,,,,,,,,,,,,,,,,,,,,,,,,,,,,,,,,,,,,,,,,,,,,,,,,,,,,,,,,,,,,,,,,,,,,,,,,,,,,,,,,,,,,,,,,,,,,,,,,,,,,,,,,,,,,,,,,,,,,,,,,,,,,,,
1907,7,306.4,-35.7,,,,,,,,,,,,,,,,,,,,,,,,,,,,,,,,,,,2.6,4.6,9.3,5.88,66.0,3.62,16.0,0.4,-3.95,0.0,4.49,-0.1,66.0,4.77,16.0,0.4,-4.26,0.0,6.58,0.88,66.0,4.96,16.0,0.4,1011.24,1018.6,1024.64,1018.34,21.0,6.65,18.0,0.4,,,,,,,,,,,,,,,,,,,,,,,,,,,,,,,,,,,,,,,,,,,,,,,,,,,,,,,,,,,,,,,,,,,,,,,,,,,,,,,,,,,,,,,,,,,,,,,,,,,,,,,,,,,,,,,,,,,,,,,,,,,,,,,,,,
1907,7,306.4,-33.7,,,,,,,,,,,,,,,,,,,,,,,,,,,,,,,,,,,1.0,4.6,9.3,5.22,37.0,4.58,18.0,0.6,-5.03,0.0,2.06,-0.9,37.0,4.89,18.0,0.6,-2.06,0.71,4.61,1.22,37.0,4.77,18.0,0.6,1014.26,1018.6,1024.7,1019.5,13.0,7.35,16.0,0.7,,,,,,,,,,,,,,,,,,,,,,,,,,,,,,,,,,,,,,,,,,,,,,,,,,,,,,,,,,,,,,,,,,,,,,,,,,,,,,,,,,,,,,,,,,,,,,,,,,,,,,,,,,,,,,,,,,,,,,,,,,,,,,,,,,
1907,7,306.4,-31.7,,,,,,,,,,,,,,,,,,,,,,,,,,,,,,,,,,,2.6,2.6,2.6,2.6,1.0,0.0,12.0,1.0,0.0,0.0,0.0,0.0,1.0,0.0,12.0,1.0,-2.6,-2.6,-2.6,-2.6,1.0,0.0,12.0,1.0,1014.4,1014.4,1014.4,1014.4,1.0,0.0,12.0,1.0,,,,,,,,,,,,,,,,,,,,,,,,,,,,,,,,,,,,,,,,,,,,,,,,,,,,,,,,,,,,,,,,,,,,,,,,,,,,,,,,,,,,,,,,,,,,,,,,,,,,,,,,,,,,,,,,,,,,,,,,,,,,,,,,,,
1907,7,306.4,6.3,,,,,,,,,,,,,,,,,,,,,,,,,,,,,,,,,,,1.46,4.6,4.6,3.07,3.0,2.66,20.0,0.3,-3.25,-3.25,-1.03,-2.17,3.0,1.88,20.0,0.3,1.03,3.25,3.25,2.17,3.0,1.88,20.0,0.3,1011.68,1011.85,1012.02,1011.85,2.0,0.35,14.0,0.5,,,,,,,,,,,,,,,,,,,,,,,,,,,,,,,,,,,,,,,,,,,,,,,,,,,,,,,,,,,,,,,,,,,,,,,,,,,,,,,,,,,,,,,,,,,,,,,,,,,,,,,,,,,,,,,,,,,,,,,,,,,,,,,,,,
1907,7,306.4,8.3,,,,,,,,,,,,,,,,,,,,,,,,,,,,,,,,,,,2.6,4.6,6.7,4.71,14.0,3.06,16.0,0.4,-6.21,-3.25,-1.03,-3.99,14.0,2.98,16.0,0.4,-2.46,0.92,3.25,0.82,14.0,2.54,16.0,0.4,1011.08,1012.3,1013.2,1012.26,7.0,1.02,16.0,0.3,,,,,,,,,,,,,,,,,,,,,,,,,,,,,,,,,,,,,,,,,,,,,,,,,,,,,,,,,,,,,,,,,,,,,,,,,,,,,,,,,,,,,,,,,,,,,,,,,,,,,,,,,,,,,,,,,,,,,,,,,,,,,,,,,,
1907,7,306.4,10.3,,,,,,,,,,,,,,,,,,,,,,,,,,,,,,,,,,,3.66,5.95,8.24,5.95,2.0,4.74,10.0,0.5,-7.58,-5.49,-3.39,-5.49,2.0,4.35,10.0,0.5,-3.21,-2.3,-1.4,-2.3,2.0,1.88,10.0,0.5,1010.9,1010.9,1010.9,1010.9,1.0,0.0,20.0,1.0,,,,,,,,,,,,,,,,,,,,,,,,,,,,,,,,,,,,,,,,,,,,,,,,,,,,,,,,,,,,,,,,,,,,,,,,,,,,,,,,,,,,,,,,,,,,,,,,,,,,,,,,,,,,,,,,,,,,,,,,,,,,,,,,,,
1907,7,306.4,24.3,,,,,,,,,,,,,,,,,,,,,,,,,,,,,,,,,,,2.6,4.6,4.6,4.21,14.0,1.56,12.0,0.3,-4.6,-3.93,2.48,-2.05,14.0,3.47,12.0,0.3,-3.16,0.0,0.95,-0.81,14.0,2.06,12.0,0.3,1019.86,1020.0,1020.55,1020.2,3.0,0.53,26.0,0.7,,,,,,,,,,,,,,,,,,,,,,,,,,,,,,,,,,,,,,,,,,,,,,,,,,,,,,,,,,,,,,,,,,,,,,,,,,,,,,,,,,,,,,,,,,,,,,,,,,,,,,,,,,,,,,,,,,,,,,,,,,,,,,,,,,
1907,7,306.4,26.3,,,,,,,,,,,,,,,,,,,,,,,,,,,,,,,,,,,2.45,2.6,4.6,3.2,13.0,1.54,16.0,0.4,-2.76,0.0,4.27,0.21,13.0,3.43,16.0,0.4,-1.73,0.0,0.8,-0.3,13.0,1.25,16.0,0.4,1016.0,1020.1,1021.86,1019.35,6.0,2.74,18.0,0.5,,,,,,,,,,,,,,,,,,,,,,,,,,,,,,,,,,,,,,,,,,,,,,,,,,,,,,,,,,,,,,,,,,,,,,,,,,,,,,,,,,,,,,,,,,,,,,,,,,,,,,,,,,,,,,,,,,,,,,,,,,,,,,,,,,
1907,7,306.4,28.3,,,,,,,,,,,,,,,,,,,,,,,,,,,,,,,,,,,1.0,2.6,6.7,2.89,19.0,2.24,16.0,0.5,-1.84,-0.71,2.04,-0.16,19.0,3.28,16.0,0.5,-2.41,0.0,0.87,-0.35,19.0,1.72,16.0,0.5,1019.97,1022.6,1023.43,1021.6,5.0,3.15,22.0,0.6,,,,,,,,,,,,,,,,,,,,,,,,,,,,,,,,,,,,,,,,,,,,,,,,,,,,,,,,,,,,,,,,,,,,,,,,,,,,,,,,,,,,,,,,,,,,,,,,,,,,,,,,,,,,,,,,,,,,,,,,,,,,,,,,,,
1907,7,306.4,30.3,,,,,,,,,,,,,,,,,,,,,,,,,,,,,,,,,,,1.0,1.0,6.7,2.86,12.0,2.55,12.0,0.5,0.0,0.96,5.1,1.67,12.0,2.62,12.0,0.5,-0.79,0.0,2.62,0.36,12.0,2.31,12.0,0.5,1017.01,1018.65,1019.4,1018.27,6.0,1.32,2.0,0.0,,,,,,,,,,,,,,,,,,,,,,,,,,,,,,,,,,,,,,,,,,,,,,,,,,,,,,,,,,,,,,,,,,,,,,,,,,,,,,,,,,,,,,,,,,,,,,,,,,,,,,,,,,,,,,,,,,,,,,,,,,,,,,,,,,
1907,7,306.4,34.3,,,,,,,,,,,,,,,,,,,,,,,,,,,,,,,,,,,4.6,4.6,7.24,5.73,6.0,1.94,20.0,0.3,2.94,4.25,5.12,4.13,6.0,1.61,20.0,0.3,1.78,3.76,5.12,3.73,6.0,1.87,20.0,0.3,1020.13,1020.4,1021.01,1020.57,3.0,0.67,30.0,0.7,,,,,,,,,,,,,,,,,,,,,,,,,,,,,,,,,,,,,,,,,,,,,,,,,,,,,,,,,,,,,,,,,,,,,,,,,,,,,,,,,,,,,,,,,,,,,,,,,,,,,,,,,,,,,,,,,,,,,,,,,,,,,,,,,,
1907,7,306.4,38.3,,,,,,,,,,,,,,,,,,,,,,,,,,,,,,,,,,,2.6,2.6,6.7,4.56,27.0,3.35,18.0,0.6,-1.84,0.0,5.99,1.32,27.0,3.76,18.0,0.6,-3.17,0.71,4.16,0.78,27.0,4.03,18.0,0.6,1010.36,1010.7,1010.9,1010.63,3.0,0.4,28.0,1.0,,,,,,,,,,,,,,,,,,,,,,,,,,,,,,,,,,,,,,,,,,,,,,,,,,,,,,,,,,,,,,,,,,,,,,,,,,,,,,,,,,,,,,,,,,,,,,,,,,,,,,,,,,,,,,,,,,,,,,,,,,,,,,,,,,
1907,7,306.4,40.3,,,,,,,,,,,,,,,,,,,,,,,,,,,,,,,,,,,2.6,4.6,6.7,5.42,119.0,2.79,16.0,0.5,-3.25,0.92,4.81,0.64,119.0,4.03,16.0,0.5,-3.63,1.84,4.74,0.96,119.0,4.45,16.0,0.5,1010.23,1012.3,1017.1,1013.16,31.0,4.06,18.0,0.5,,,,,,,,,,,,,,,,,,,,,,,,,,,,,,,,,,,,,,,,,,,,,,,,,,,,,,,,,,,,,,,,,,,,,,,,,,,,,,,,,,,,,,,,,,,,,,,,,,,,,,,,,,,,,,,,,,,,,,,,,,,,,,,,,,
1907,7,306.4,42.3,,,,,,,,,,,,,,,,,,,,,,,,,,,,,,,,,,,2.6,4.6,6.23,3.98,15.0,1.78,14.0,0.6,-1.83,2.39,4.41,1.63,15.0,2.79,14.0,0.6,0.53,2.51,4.23,2.44,15.0,1.77,14.0,0.6,1007.91,1008.9,1010.58,1009.16,5.0,1.81,12.0,0.6,,,,,,,,,,,,,,,,,,,,,,,,,,,,,,,,,,,,,,,,,,,,,,,,,,,,,,,,,,,,,,,,,,,,,,,,,,,,,,,,,,,,,,,,,,,,,,,,,,,,,,,,,,,,,,,,,,,,,,,,,,,,,,,,,,
1907,7,306.4,44.3,,,,,,,,,,,,,,,,,,,,,,,,,,,,,,,,,,,3.11,6.7,9.3,6.14,11.0,3.31,22.0,0.5,-7.16,0.0,2.35,-1.7,11.0,5.41,22.0,0.5,-3.89,0.0,3.35,-0.18,11.0,4.46,22.0,0.5,1007.09,1009.55,1011.97,1010.45,8.0,4.45,22.0,0.5,,,,,,,,,,,,,,,,,,,,,,,,,,,,,,,,,,,,,,,,,,,,,,,,,,,,,,,,,,,,,,,,,,,,,,,,,,,,,,,,,,,,,,,,,,,,,,,,,,,,,,,,,,,,,,,,,,,,,,,,,,,,,,,,,,
1907,7,308.4,-51.7,,,,,,,,,,,,,,,,,,,,,,,,,,,,,,,,,,,2.27,9.3,9.3,6.8,6.0,3.91,20.0,0.3,-3.48,0.0,0.94,-0.74,6.0,2.23,20.0,0.3,-0.94,8.62,9.3,5.55,6.0,5.31,20.0,0.3,997.3,998.95,1000.3,998.9,6.0,1.57,20.0,0.3,,,,,,,,,,,,,,,,,,,,,,,,,,,,,,,,,,,,,,,,,,,,,,,,,,,,,,,,,,,,,,,,,,,,,,,,,,,,,,,,,,,,,,,,,,,,,,,,,,,,,,,,,,,,,,,,,,,,,,,,,,,,,,,,,,
1907,7,308.4,-39.7,,,,,,,,,,,,,,,,,,,,,,,,,,,,,,,,,,,4.6,4.6,4.6,4.6,1.0,0.0,2.0,0.0,0.0,0.0,0.0,0.0,1.0,0.0,2.0,0.0,-4.6,-4.6,-4.6,-4.6,1.0,0.0,2.0,0.0,1024.3,1024.3,1024.3,1024.3,1.0,0.0,2.0,0.0,,,,,,,,,,,,,,,,,,,,,,,,,,,,,,,,,,,,,,,,,,,,,,,,,,,,,,,,,,,,,,,,,,,,,,,,,,,,,,,,,,,,,,,,,,,,,,,,,,,,,,,,,,,,,,,,,,,,,,,,,,,,,,,,,,
1907,7,308.4,-37.7,,,,,,,,,,,,,,,,,,,,,,,,,,,,,,,,,,,2.6,4.6,10.17,6.01,16.0,4.04,16.0,0.4,-4.55,-1.84,4.6,-0.53,16.0,3.76,16.0,0.4,-1.84,0.9,8.87,2.78,16.0,5.68,16.0,0.4,1022.33,1025.5,1027.78,1024.68,9.0,7.39,12.0,0.3,,,,,,,,,,,,,,,,,,,,,,,,,,,,,,,,,,,,,,,,,,,,,,,,,,,,,,,,,,,,,,,,,,,,,,,,,,,,,,,,,,,,,,,,,,,,,,,,,,,,,,,,,,,,,,,,,,,,,,,,,,,,,,,,,,
1907,7,308.4,-35.7,,,,,,,,,,,,,,,,,,,,,,,,,,,,,,,,,,,3.49,6.7,12.3,7.77,29.0,5.01,14.0,0.5,-7.76,-1.84,6.7,-1.56,29.0,6.85,14.0,0.5,0.0,3.25,7.81,3.56,29.0,4.99,14.0,0.5,1010.3,1024.6,1030.99,1022.41,15.0,9.4,16.0,0.5,,,,,,,,,,,,,,,,,,,,,,,,,,,,,,,,,,,,,,,,,,,,,,,,,,,,,,,,,,,,,,,,,,,,,,,,,,,,,,,,,,,,,,,,,,,,,,,,,,,,,,,,,,,,,,,,,,,,,,,,,,,,,,,,,,
1907,7,308.4,-33.7,,,,,,,,,,,,,,,,,,,,,,,,,,,,,,,,,,,2.6,6.7,9.3,6.98,104.0,4.69,18.0,0.5,-4.78,0.35,6.45,0.58,104.0,5.31,18.0,0.5,-3.97,1.84,6.58,1.76,104.0,6.29,18.0,0.5,1009.97,1018.4,1024.96,1017.81,37.0,6.76,16.0,0.4,,,,,,,,,,,,,,,,,,,,,,,,,,,,,,,,,,,,,,,,,,,,,,,,,,,,,,,,,,,,,,,,,,,,,,,,,,,,,,,,,,,,,,,,,,,,,,,,,,,,,,,,,,,,,,,,,,,,,,,,,,,,,,,,,,
1907,7,308.4,-31.7,,,,,,,,,,,,,,,,,,,,,,,,,,,,,,,,,,,2.6,4.6,7.45,5.45,37.0,3.91,18.0,0.4,-3.25,1.02,4.74,1.6,37.0,4.64,18.0,0.4,-3.25,1.84,4.64,0.77,37.0,4.58,18.0,0.4,1014.64,1018.4,1028.36,1018.89,19.0,6.58,14.0,0.5,,,,,,,,,,,,,,,,,,,,,,,,,,,,,,,,,,,,,,,,,,,,,,,,,,,,,,,,,,,,,,,,,,,,,,,,,,,,,,,,,,,,,,,,,,,,,,,,,,,,,,,,,,,,,,,,,,,,,,,,,,,,,,,,,,
1907,7,308.4,10.3,,,,,,,,,,,,,,,,,,,,,,,,,,,,,,,,,,,4.6,5.65,6.7,5.65,10.0,1.11,20.0,0.5,-5.58,-4.5,-3.25,-4.29,10.0,1.47,20.0,0.5,-4.74,-2.88,1.86,-1.94,10.0,3.14,20.0,0.5,1011.56,1013.7,1014.55,1013.19,7.0,1.73,16.0,0.6,,,,,,,,,,,,,,,,,,,,,,,,,,,,,,,,,,,,,,,,,,,,,,,,,,,,,,,,,,,,,,,,,,,,,,,,,,,,,,,,,,,,,,,,,,,,,,,,,,,,,,,,,,,,,,,,,,,,,,,,,,,,,,,,,,
1907,7,308.4,12.3,,,,,,,,,,,,,,,,,,,,,,,,,,,,,,,,,,,6.7,6.7,8.06,7.35,4.0,1.3,22.0,0.5,-7.83,-6.21,-5.44,-6.62,4.0,1.92,22.0,0.5,-3.68,-2.51,-1.19,-2.44,4.0,1.94,22.0,0.5,1013.65,1015.05,1016.45,1015.05,2.0,2.9,16.0,0.0,,,,,,,,,,,,,,,,,,,,,,,,,,,,,,,,,,,,,,,,,,,,,,,,,,,,,,,,,,,,,,,,,,,,,,,,,,,,,,,,,,,,,,,,,,,,,,,,,,,,,,,,,,,,,,,,,,,,,,,,,,,,,,,,,,
1907,7,308.4,26.3,,,,,,,,,,,,,,,,,,,,,,,,,,,,,,,,,,,0.0,2.6,2.6,1.87,19.0,1.48,16.0,0.6,-1.84,0.0,1.13,-0.24,19.0,1.92,16.0,0.6,-1.84,0.0,1.74,0.12,19.0,1.46,16.0,0.6,1019.72,1021.2,1021.82,1020.8,5.0,1.36,26.0,0.2,,,,,,,,,,,,,,,,,,,,,,,,,,,,,,,,,,,,,,,,,,,,,,,,,,,,,,,,,,,,,,,,,,,,,,,,,,,,,,,,,,,,,,,,,,,,,,,,,,,,,,,,,,,,,,,,,,,,,,,,,,,,,,,,,,
1907,7,308.4,28.3,,,,,,,,,,,,,,,,,,,,,,,,,,,,,,,,,,,1.0,2.6,4.6,2.78,20.0,1.84,16.0,0.6,-1.84,0.0,2.59,0.26,20.0,2.24,16.0,0.6,-4.21,-1.01,0.99,-1.24,20.0,2.19,16.0,0.6,1018.73,1020.25,1024.13,1020.94,10.0,2.65,20.0,0.6,,,,,,,,,,,,,,,,,,,,,,,,,,,,,,,,,,,,,,,,,,,,,,,,,,,,,,,,,,,,,,,,,,,,,,,,,,,,,,,,,,,,,,,,,,,,,,,,,,,,,,,,,,,,,,,,,,,,,,,,,,,,,,,,,,
1907,7,308.4,30.3,,,,,,,,,,,,,,,,,,,,,,,,,,,,,,,,,,,1.0,2.6,4.6,2.56,14.0,1.93,12.0,0.2,0.0,2.12,4.17,1.99,14.0,2.06,12.0,0.2,-0.96,0.0,1.75,0.05,14.0,1.53,12.0,0.2,1017.15,1018.1,1019.0,1018.08,4.0,1.07,2.0,0.8,,,,,,,,,,,,,,,,,,,,,,,,,,,,,,,,,,,,,,,,,,,,,,,,,,,,,,,,,,,,,,,,,,,,,,,,,,,,,,,,,,,,,,,,,,,,,,,,,,,,,,,,,,,,,,,,,,,,,,,,,,,,,,,,,,
1907,7,308.4,32.3,,,,,,,,,,,,,,,,,,,,,,,,,,,,,,,,,,,3.25,4.65,6.05,4.65,2.0,2.9,12.0,0.5,-1.03,1.89,4.81,1.89,2.0,6.05,12.0,0.5,-0.44,0.8,2.04,0.8,2.0,2.57,12.0,0.5,1018.4,1018.4,1018.4,1018.4,1.0,0.0,2.0,1.0,,,,,,,,,,,,,,,,,,,,,,,,,,,,,,,,,,,,,,,,,,,,,,,,,,,,,,,,,,,,,,,,,,,,,,,,,,,,,,,,,,,,,,,,,,,,,,,,,,,,,,,,,,,,,,,,,,,,,,,,,,,,,,,,,,
1907,7,308.4,34.3,,,,,,,,,,,,,,,,,,,,,,,,,,,,,,,,,,,4.6,4.6,6.82,5.57,7.0,1.82,16.0,0.6,4.11,4.23,4.83,4.28,7.0,1.42,16.0,0.6,1.8,1.8,4.83,3.25,7.0,1.95,16.0,0.6,1020.93,1021.2,1021.47,1021.2,2.0,0.57,30.0,0.5,,,,,,,,,,,,,,,,,,,,,,,,,,,,,,,,,,,,,,,,,,,,,,,,,,,,,,,,,,,,,,,,,,,,,,,,,,,,,,,,,,,,,,,,,,,,,,,,,,,,,,,,,,,,,,,,,,,,,,,,,,,,,,,,,,
1907,7,308.4,38.3,,,,,,,,,,,,,,,,,,,,,,,,,,,,,,,,,,,2.6,4.6,9.3,5.45,26.0,2.35,16.0,0.3,-2.62,2.83,6.58,1.98,26.0,4.32,16.0,0.3,-4.27,0.0,3.3,-0.07,26.0,3.69,16.0,0.3,1011.9,1011.9,1011.9,1011.9,1.0,0.0,30.0,0.0,,,,,,,,,,,,,,,,,,,,,,,,,,,,,,,,,,,,,,,,,,,,,,,,,,,,,,,,,,,,,,,,,,,,,,,,,,,,,,,,,,,,,,,,,,,,,,,,,,,,,,,,,,,,,,,,,,,,,,,,,,,,,,,,,,
1907,7,308.4,40.3,,,,,,,,,,,,,,,,,,,,,,,,,,,,,,,,,,,2.6,4.6,6.7,4.69,121.0,3.12,16.0,0.4,-2.6,0.0,4.73,0.85,121.0,3.87,16.0,0.4,-2.62,0.97,3.63,0.43,121.0,4.0,16.0,0.4,1010.58,1014.4,1018.84,1014.44,35.0,4.09,18.0,0.3,,,,,,,,,,,,,,,,,,,,,,,,,,,,,,,,,,,,,,,,,,,,,,,,,,,,,,,,,,,,,,,,,,,,,,,,,,,,,,,,,,,,,,,,,,,,,,,,,,,,,,,,,,,,,,,,,,,,,,,,,,,,,,,,,,
1907,7,308.4,42.3,,,,,,,,,,,,,,,,,,,,,,,,,,,,,,,,,,,1.0,2.6,8.26,3.98,15.0,3.12,14.0,0.7,-0.98,0.0,2.43,0.66,15.0,2.45,14.0,0.7,0.0,0.71,4.52,1.86,15.0,4.07,14.0,0.7,1005.2,1009.0,1013.63,1009.32,5.0,4.62,12.0,0.6,,,,,,,,,,,,,,,,,,,,,,,,,,,,,,,,,,,,,,,,,,,,,,,,,,,,,,,,,,,,,,,,,,,,,,,,,,,,,,,,,,,,,,,,,,,,,,,,,,,,,,,,,,,,,,,,,,,,,,,,,,,,,,,,,,
1907,7,308.4,44.3,,,,,,,,,,,,,,,,,,,,,,,,,,,,,,,,,,,2.6,4.6,4.6,4.17,15.0,2.3,20.0,0.7,-4.23,0.0,4.02,-0.04,15.0,4.34,20.0,0.7,-1.8,-0.97,2.53,-0.29,15.0,2.24,20.0,0.7,1007.44,1012.5,1017.96,1012.42,9.0,5.37,18.0,0.8,,,,,,,,,,,,,,,,,,,,,,,,,,,,,,,,,,,,,,,,,,,,,,,,,,,,,,,,,,,,,,,,,,,,,,,,,,,,,,,,,,,,,,,,,,,,,,,,,,,,,,,,,,,,,,,,,,,,,,,,,,,,,,,,,,
1907,7,310.4,-49.7,,,,,,,,,,,,,,,,,,,,,,,,,,,,,,,,,,,6.7,6.7,7.65,7.22,5.0,1.16,20.0,0.4,0.0,2.62,4.58,2.49,5.0,2.63,20.0,0.4,4.83,6.7,7.38,6.13,5.0,2.22,20.0,0.4,1003.62,1004.5,1004.83,1004.24,5.0,1.02,20.0,0.4,,,,,,,,,,,,,,,,,,,,,,,,,,,,,,,,,,,,,,,,,,,,,,,,,,,,,,,,,,,,,,,,,,,,,,,,,,,,,,,,,,,,,,,,,,,,,,,,,,,,,,,,,,,,,,,,,,,,,,,,,,,,,,,,,,
1907,7,310.4,-47.7,,,,,,,,,,,,,,,,,,,,,,,,,,,,,,,,,,,9.3,9.3,9.3,9.3,3.0,0.0,22.0,0.3,8.62,8.62,9.09,8.85,3.0,0.39,22.0,0.3,1.11,3.48,3.48,2.32,3.0,2.01,22.0,0.3,1004.5,1004.5,1004.84,1004.67,3.0,0.29,22.0,0.3,,,,,,,,,,,,,,,,,,,,,,,,,,,,,,,,,,,,,,,,,,,,,,,,,,,,,,,,,,,,,,,,,,,,,,,,,,,,,,,,,,,,,,,,,,,,,,,,,,,,,,,,,,,,,,,,,,,,,,,,,,,,,,,,,,
1907,7,310.4,-37.7,,,,,,,,,,,,,,,,,,,,,,,,,,,,,,,,,,,2.79,6.65,10.51,6.65,2.0,7.99,14.0,0.0,-3.76,-1.95,-0.14,-1.95,2.0,3.76,14.0,0.0,2.4,6.06,9.71,6.06,2.0,7.56,14.0,0.0,1026.6,1026.6,1026.6,1026.6,1.0,0.0,2.0,0.0,,,,,,,,,,,,,,,,,,,,,,,,,,,,,,,,,,,,,,,,,,,,,,,,,,,,,,,,,,,,,,,,,,,,,,,,,,,,,,,,,,,,,,,,,,,,,,,,,,,,,,,,,,,,,,,,,,,,,,,,,,,,,,,,,,
1907,7,310.4,-35.7,,,,,,,,,,,,,,,,,,,,,,,,,,,,,,,,,,,4.6,6.7,12.3,7.92,25.0,3.54,22.0,0.6,-5.49,0.0,3.75,-1.45,25.0,5.26,22.0,0.6,-2.06,4.74,9.12,4.42,25.0,5.25,22.0,0.6,1018.7,1021.8,1027.73,1021.83,15.0,6.41,22.0,0.6,,,,,,,,,,,,,,,,,,,,,,,,,,,,,,,,,,,,,,,,,,,,,,,,,,,,,,,,,,,,,,,,,,,,,,,,,,,,,,,,,,,,,,,,,,,,,,,,,,,,,,,,,,,,,,,,,,,,,,,,,,,,,,,,,,
1907,7,310.4,-33.7,,,,,,,,,,,,,,,,,,,,,,,,,,,,,,,,,,,4.6,6.7,12.06,8.53,33.0,4.92,18.0,0.4,-5.69,0.0,3.63,-0.72,33.0,5.21,18.0,0.4,1.85,6.17,12.06,6.18,33.0,5.67,18.0,0.4,1005.15,1012.2,1025.76,1015.35,13.0,9.36,12.0,0.3,,,,,,,,,,,,,,,,,,,,,,,,,,,,,,,,,,,,,,,,,,,,,,,,,,,,,,,,,,,,,,,,,,,,,,,,,,,,,,,,,,,,,,,,,,,,,,,,,,,,,,,,,,,,,,,,,,,,,,,,,,,,,,,,,,
1907,7,310.4,-31.7,,,,,,,,,,,,,,,,,,,,,,,,,,,,,,,,,,,2.6,6.7,12.3,7.17,107.0,4.26,18.0,0.5,-5.84,-0.71,5.0,-0.32,107.0,5.75,18.0,0.5,-4.92,1.84,4.74,0.83,107.0,6.02,18.0,0.5,1005.37,1017.9,1021.63,1016.17,41.0,6.78,14.0,0.5,,,,,,,,,,,,,,,,,,,,,,,,,,,,,,,,,,,,,,,,,,,,,,,,,,,,,,,,,,,,,,,,,,,,,,,,,,,,,,,,,,,,,,,,,,,,,,,,,,,,,,,,,,,,,,,,,,,,,,,,,,,,,,,,,,
1907,7,310.4,-29.7,,,,,,,,,,,,,,,,,,,,,,,,,,,,,,,,,,,4.6,6.7,11.26,7.34,41.0,3.56,16.0,0.5,-4.74,1.8,10.34,2.29,41.0,6.53,16.0,0.5,-3.89,3.25,4.78,1.68,41.0,4.13,16.0,0.5,1014.22,1019.6,1029.19,1021.26,33.0,6.44,12.0,0.6,,,,,,,,,,,,,,,,,,,,,,,,,,,,,,,,,,,,,,,,,,,,,,,,,,,,,,,,,,,,,,,,,,,,,,,,,,,,,,,,,,,,,,,,,,,,,,,,,,,,,,,,,,,,,,,,,,,,,,,,,,,,,,,,,,
1907,7,310.4,-27.7,,,,,,,,,,,,,,,,,,,,,,,,,,,,,,,,,,,1.18,3.6,6.7,4.31,8.0,3.03,18.0,0.5,0.0,0.0,0.0,0.08,8.0,1.17,18.0,0.5,-4.38,0.0,5.73,0.43,8.0,5.37,18.0,0.5,1014.42,1016.4,1020.15,1017.27,3.0,4.27,14.0,0.3,,,,,,,,,,,,,,,,,,,,,,,,,,,,,,,,,,,,,,,,,,,,,,,,,,,,,,,,,,,,,,,,,,,,,,,,,,,,,,,,,,,,,,,,,,,,,,,,,,,,,,,,,,,,,,,,,,,,,,,,,,,,,,,,,,
1907,7,310.4,12.3,,,,,,,,,,,,,,,,,,,,,,,,,,,,,,,,,,,6.27,6.7,7.24,6.78,6.0,1.49,20.0,0.7,-7.1,-6.21,-5.88,-6.43,6.0,1.29,20.0,0.7,-2.71,-2.51,0.0,-1.84,6.0,1.47,20.0,0.7,1014.34,1016.05,1017.81,1016.08,4.0,2.02,16.0,1.0,,,,,,,,,,,,,,,,,,,,,,,,,,,,,,,,,,,,,,,,,,,,,,,,,,,,,,,,,,,,,,,,,,,,,,,,,,,,,,,,,,,,,,,,,,,,,,,,,,,,,,,,,,,,,,,,,,,,,,,,,,,,,,,,,,
1907,7,310.4,14.3,,,,,,,,,,,,,,,,,,,,,,,,,,,,,,,,,,,9.3,9.3,12.3,9.84,8.0,2.59,20.0,0.4,-11.4,-8.96,-8.62,-9.25,8.0,2.29,20.0,0.4,-4.61,-3.48,-0.39,-3.03,8.0,1.94,20.0,0.4,1015.47,1018.05,1019.89,1017.78,6.0,2.29,18.0,0.3,,,,,,,,,,,,,,,,,,,,,,,,,,,,,,,,,,,,,,,,,,,,,,,,,,,,,,,,,,,,,,,,,,,,,,,,,,,,,,,,,,,,,,,,,,,,,,,,,,,,,,,,,,,,,,,,,,,,,,,,,,,,,,,,,,
1907,7,310.4,26.3,,,,,,,,,,,,,,,,,,,,,,,,,,,,,,,,,,,0.0,2.6,4.6,2.99,16.0,2.32,20.0,0.5,-1.82,0.0,3.25,0.66,16.0,2.52,20.0,0.5,0.0,2.12,3.86,1.89,16.0,2.07,20.0,0.5,1021.63,1022.4,1022.86,1022.24,5.0,0.92,26.0,0.8,,,,,,,,,,,,,,,,,,,,,,,,,,,,,,,,,,,,,,,,,,,,,,,,,,,,,,,,,,,,,,,,,,,,,,,,,,,,,,,,,,,,,,,,,,,,,,,,,,,,,,,,,,,,,,,,,,,,,,,,,,,,,,,,,,
1907,7,310.4,28.3,,,,,,,,,,,,,,,,,,,,,,,,,,,,,,,,,,,0.0,2.6,4.6,2.38,8.0,2.13,18.0,0.4,-1.63,0.0,2.89,0.28,8.0,2.06,18.0,0.4,0.0,0.92,3.25,1.49,8.0,2.03,18.0,0.4,1022.4,1022.6,1022.8,1022.6,2.0,0.42,26.0,0.5,,,,,,,,,,,,,,,,,,,,,,,,,,,,,,,,,,,,,,,,,,,,,,,,,,,,,,,,,,,,,,,,,,,,,,,,,,,,,,,,,,,,,,,,,,,,,,,,,,,,,,,,,,,,,,,,,,,,,,,,,,,,,,,,,,
1907,7,310.4,30.3,,,,,,,,,,,,,,,,,,,,,,,,,,,,,,,,,,,2.6,2.6,4.6,3.38,14.0,1.6,10.0,0.4,0.72,1.84,4.58,2.37,14.0,2.03,10.0,0.4,-2.37,-0.71,0.91,-1.04,14.0,1.88,10.0,0.4,1016.12,1019.3,1020.08,1018.5,6.0,2.03,6.0,0.2,,,,,,,,,,,,,,,,,,,,,,,,,,,,,,,,,,,,,,,,,,,,,,,,,,,,,,,,,,,,,,,,,,,,,,,,,,,,,,,,,,,,,,,,,,,,,,,,,,,,,,,,,,,,,,,,,,,,,,,,,,,,,,,,,,
1907,7,310.4,40.3,,,,,,,,,,,,,,,,,,,,,,,,,,,,,,,,,,,2.6,4.6,6.7,4.86,101.0,2.98,18.0,0.5,-4.27,0.0,4.6,-0.01,101.0,4.05,18.0,0.5,-1.84,0.0,4.62,1.15,101.0,3.87,18.0,0.5,1011.01,1014.2,1018.95,1014.23,27.0,4.05,18.0,0.6,,,,,,,,,,,,,,,,,,,,,,,,,,,,,,,,,,,,,,,,,,,,,,,,,,,,,,,,,,,,,,,,,,,,,,,,,,,,,,,,,,,,,,,,,,,,,,,,,,,,,,,,,,,,,,,,,,,,,,,,,,,,,,,,,,
1907,7,310.4,42.3,,,,,,,,,,,,,,,,,,,,,,,,,,,,,,,,,,,1.0,2.6,6.7,3.4,34.0,2.7,14.0,0.4,-2.26,0.0,4.13,0.77,34.0,3.34,14.0,0.4,-0.54,0.46,2.56,1.28,34.0,2.4,14.0,0.4,1002.95,1011.8,1014.11,1009.74,7.0,5.42,12.0,0.7,,,,,,,,,,,,,,,,,,,,,,,,,,,,,,,,,,,,,,,,,,,,,,,,,,,,,,,,,,,,,,,,,,,,,,,,,,,,,,,,,,,,,,,,,,,,,,,,,,,,,,,,,,,,,,,,,,,,,,,,,,,,,,,,,,
1907,7,310.4,44.3,,,,,,,,,,,,,,,,,,,,,,,,,,,,,,,,,,,1.0,2.6,4.6,2.9,14.0,2.02,20.0,0.5,-2.36,0.0,2.37,0.16,14.0,2.96,20.0,0.5,-1.01,-0.19,2.59,0.44,14.0,2.04,20.0,0.5,1001.72,1013.5,1017.68,1010.6,9.0,7.62,18.0,0.6,,,,,,,,,,,,,,,,,,,,,,,,,,,,,,,,,,,,,,,,,,,,,,,,,,,,,,,,,,,,,,,,,,,,,,,,,,,,,,,,,,,,,,,,,,,,,,,,,,,,,,,,,,,,,,,,,,,,,,,,,,,,,,,,,,
1907,7,310.4,46.3,,,,,,,,,,,,,,,,,,,,,,,,,,,,,,,,,,,0.41,1.3,2.19,1.3,2.0,1.84,22.0,0.5,0.16,0.51,0.85,0.51,2.0,0.72,22.0,0.5,0.38,1.2,2.01,1.2,2.0,1.69,22.0,0.5,1005.18,1008.35,1011.52,1008.35,2.0,6.58,22.0,0.5,,,,,,,,,,,,,,,,,,,,,,,,,,,,,,,,,,,,,,,,,,,,,,,,,,,,,,,,,,,,,,,,,,,,,,,,,,,,,,,,,,,,,,,,,,,,,,,,,,,,,,,,,,,,,,,,,,,,,,,,,,,,,,,,,,
1907,7,312.4,-47.7,,,,,,,,,,,,,,,,,,,,,,,,,,,,,,,,,,,9.3,9.3,9.3,9.3,2.0,0.0,22.0,1.0,8.68,8.93,9.18,8.93,2.0,0.52,22.0,1.0,-3.06,-1.82,-0.58,-1.82,2.0,2.57,22.0,1.0,1004.8,1005.0,1005.2,1005.0,2.0,0.42,22.0,1.0,,,,,,,,,,,,,,,,,,,,,,,,,,,,,,,,,,,,,,,,,,,,,,,,,,,,,,,,,,,,,,,,,,,,,,,,,,,,,,,,,,,,,,,,,,,,,,,,,,,,,,,,,,,,,,,,,,,,,,,,,,,,,,,,,,
1907,7,312.4,-45.7,,,,,,,,,,,,,,,,,,,,,,,,,,,,,,,,,,,12.3,12.3,12.3,12.3,5.0,0.0,22.0,0.2,11.32,11.32,11.32,11.32,5.0,0.0,22.0,0.2,-4.81,-4.81,-4.81,-4.81,5.0,0.0,22.0,0.2,1003.5,1004.2,1004.5,1004.04,5.0,0.51,22.0,0.2,,,,,,,,,,,,,,,,,,,,,,,,,,,,,,,,,,,,,,,,,,,,,,,,,,,,,,,,,,,,,,,,,,,,,,,,,,,,,,,,,,,,,,,,,,,,,,,,,,,,,,,,,,,,,,,,,,,,,,,,,,,,,,,,,,
1907,7,312.4,-35.7,,,,,,,,,,,,,,,,,,,,,,,,,,,,,,,,,,,1.0,4.6,6.7,4.39,19.0,3.14,22.0,0.5,-6.21,0.0,2.69,-1.16,19.0,4.46,22.0,0.5,-2.51,0.0,2.04,0.11,19.0,2.97,22.0,0.5,1015.56,1020.7,1028.61,1021.39,19.0,5.61,22.0,0.5,,,,,,,,,,,,,,,,,,,,,,,,,,,,,,,,,,,,,,,,,,,,,,,,,,,,,,,,,,,,,,,,,,,,,,,,,,,,,,,,,,,,,,,,,,,,,,,,,,,,,,,,,,,,,,,,,,,,,,,,,,,,,,,,,,
1907,7,312.4,-33.7,,,,,,,,,,,,,,,,,,,,,,,,,,,,,,,,,,,5.17,9.3,11.49,8.12,9.0,3.28,22.0,0.6,-5.44,2.39,6.08,0.58,9.0,5.57,22.0,0.6,1.45,4.74,8.68,4.58,9.0,5.47,22.0,0.6,1012.77,1023.5,1027.68,1020.38,4.0,11.3,22.0,0.5,,,,,,,,,,,,,,,,,,,,,,,,,,,,,,,,,,,,,,,,,,,,,,,,,,,,,,,,,,,,,,,,,,,,,,,,,,,,,,,,,,,,,,,,,,,,,,,,,,,,,,,,,,,,,,,,,,,,,,,,,,,,,,,,,,
1907,7,312.4,-31.7,,,,,,,,,,,,,,,,,,,,,,,,,,,,,,,,,,,4.6,6.7,12.3,8.42,39.0,4.39,18.0,0.5,-4.7,1.84,11.34,3.29,39.0,7.5,18.0,0.5,-4.73,0.0,4.74,0.23,39.0,4.98,18.0,0.5,1002.58,1013.8,1015.84,1011.32,17.0,5.86,10.0,0.5,,,,,,,,,,,,,,,,,,,,,,,,,,,,,,,,,,,,,,,,,,,,,,,,,,,,,,,,,,,,,,,,,,,,,,,,,,,,,,,,,,,,,,,,,,,,,,,,,,,,,,,,,,,,,,,,,,,,,,,,,,,,,,,,,,
1907,7,312.4,-29.7,,,,,,,,,,,,,,,,,,,,,,,,,,,,,,,,,,,2.6,6.7,12.3,7.75,101.0,4.79,16.0,0.4,-6.58,0.0,6.75,0.34,101.0,6.33,16.0,0.4,-4.74,0.0,6.58,1.75,101.0,6.35,16.0,0.4,1014.54,1019.25,1025.89,1019.14,28.0,5.65,14.0,0.4,,,,,,,,,,,,,,,,,,,,,,,,,,,,,,,,,,,,,,,,,,,,,,,,,,,,,,,,,,,,,,,,,,,,,,,,,,,,,,,,,,,,,,,,,,,,,,,,,,,,,,,,,,,,,,,,,,,,,,,,,,,,,,,,,,
1907,7,312.4,-27.7,,,,,,,,,,,,,,,,,,,,,,,,,,,,,,,,,,,1.0,4.6,7.45,4.69,37.0,3.28,16.0,0.6,-2.8,0.0,4.64,0.38,37.0,3.87,16.0,0.6,-1.84,0.71,6.32,1.57,37.0,3.96,16.0,0.6,1015.83,1017.4,1019.25,1018.1,21.0,4.34,16.0,0.6,,,,,,,,,,,,,,,,,,,,,,,,,,,,,,,,,,,,,,,,,,,,,,,,,,,,,,,,,,,,,,,,,,,,,,,,,,,,,,,,,,,,,,,,,,,,,,,,,,,,,,,,,,,,,,,,,,,,,,,,,,,,,,,,,,
1907,7,312.4,-25.7,,,,,,,,,,,,,,,,,,,,,,,,,,,,,,,,,,,1.0,2.6,4.6,2.99,35.0,2.42,16.0,0.4,-4.27,0.0,0.88,-0.71,35.0,3.14,16.0,0.4,-1.44,0.0,1.84,0.34,35.0,2.14,16.0,0.4,1016.32,1021.0,1025.33,1021.45,11.0,5.71,24.0,0.4,,,,,,,,,,,,,,,,,,,,,,,,,,,,,,,,,,,,,,,,,,,,,,,,,,,,,,,,,,,,,,,,,,,,,,,,,,,,,,,,,,,,,,,,,,,,,,,,,,,,,,,,,,,,,,,,,,,,,,,,,,,,,,,,,,
1907,7,312.4,-1.7,,,,,,,,,,,,,,,,,,,,,,,,,,,,,,,,,,,4.6,4.6,6.7,5.36,11.0,1.06,16.0,0.7,-6.41,-4.6,-3.25,-4.84,11.0,1.38,16.0,0.7,-3.25,0.0,2.05,-0.44,11.0,2.2,16.0,0.7,1012.74,1014.2,1015.91,1014.22,10.0,1.65,14.0,0.7,,,,,,,,,,,,,,,,,,,,,,,,,,,,,,,,,,,,,,,,,,,,,,,,,,,,,,,,,,,,,,,,,,,,,,,,,,,,,,,,,,,,,,,,,,,,,,,,,,,,,,,,,,,,,,,,,,,,,,,,,,,,,,,,,,
1907,7,312.4,0.3,,,,,,,,,,,,,,,,,,,,,,,,,,,,,,,,,,,6.7,6.7,9.8,7.94,5.0,1.7,18.0,0.4,-9.09,-6.21,-4.74,-6.77,5.0,2.2,18.0,0.4,-3.67,-2.51,4.74,-0.08,5.0,4.42,18.0,0.4,1013.04,1014.5,1015.96,1014.5,5.0,1.59,18.0,0.4,,,,,,,,,,,,,,,,,,,,,,,,,,,,,,,,,,,,,,,,,,,,,,,,,,,,,,,,,,,,,,,,,,,,,,,,,,,,,,,,,,,,,,,,,,,,,,,,,,,,,,,,,,,,,,,,,,,,,,,,,,,,,,,,,,
1907,7,312.4,14.3,,,,,,,,,,,,,,,,,,,,,,,,,,,,,,,,,,,9.3,9.3,10.4,9.9,5.0,1.34,18.0,0.2,-9.64,-8.62,-8.62,-9.18,5.0,1.24,18.0,0.2,-3.89,-3.48,-3.48,-3.71,5.0,0.5,18.0,0.2,1019.6,1019.6,1019.6,1019.6,1.0,0.0,12.0,0.0,,,,,,,,,,,,,,,,,,,,,,,,,,,,,,,,,,,,,,,,,,,,,,,,,,,,,,,,,,,,,,,,,,,,,,,,,,,,,,,,,,,,,,,,,,,,,,,,,,,,,,,,,,,,,,,,,,,,,,,,,,,,,,,,,,
1907,7,312.4,16.3,,,,,,,,,,,,,,,,,,,,,,,,,,,,,,,,,,,6.7,9.3,10.06,8.72,12.0,2.08,16.0,0.5,-9.33,-8.62,-6.21,-8.08,12.0,1.94,16.0,0.5,-3.77,-3.48,-2.51,-2.84,12.0,1.87,16.0,0.5,1016.54,1018.9,1020.6,1018.78,9.0,2.23,14.0,0.7,,,,,,,,,,,,,,,,,,,,,,,,,,,,,,,,,,,,,,,,,,,,,,,,,,,,,,,,,,,,,,,,,,,,,,,,,,,,,,,,,,,,,,,,,,,,,,,,,,,,,,,,,,,,,,,,,,,,,,,,,,,,,,,,,,
1907,7,312.4,18.3,,,,,,,,,,,,,,,,,,,,,,,,,,,,,,,,,,,9.3,9.3,9.3,9.3,1.0,0.0,22.0,0.0,-8.62,-8.62,-8.62,-8.62,1.0,0.0,22.0,0.0,-3.48,-3.48,-3.48,-3.48,1.0,0.0,22.0,0.0,1019.1,1019.1,1019.1,1019.1,1.0,0.0,22.0,0.0,,,,,,,,,,,,,,,,,,,,,,,,,,,,,,,,,,,,,,,,,,,,,,,,,,,,,,,,,,,,,,,,,,,,,,,,,,,,,,,,,,,,,,,,,,,,,,,,,,,,,,,,,,,,,,,,,,,,,,,,,,,,,,,,,,
1907,7,312.4,28.3,,,,,,,,,,,,,,,,,,,,,,,,,,,,,,,,,,,0.0,2.6,5.67,2.66,23.0,2.62,18.0,0.6,0.0,0.0,4.51,1.37,23.0,2.6,18.0,0.6,0.0,1.72,2.6,1.16,23.0,2.03,18.0,0.6,1023.04,1023.25,1023.8,1023.33,6.0,0.41,26.0,0.5,,,,,,,,,,,,,,,,,,,,,,,,,,,,,,,,,,,,,,,,,,,,,,,,,,,,,,,,,,,,,,,,,,,,,,,,,,,,,,,,,,,,,,,,,,,,,,,,,,,,,,,,,,,,,,,,,,,,,,,,,,,,,,,,,,
1907,7,312.4,30.3,,,,,,,,,,,,,,,,,,,,,,,,,,,,,,,,,,,2.6,4.6,5.37,4.22,5.0,1.71,16.0,0.6,2.28,2.6,5.37,3.64,5.0,2.01,16.0,0.6,-1.56,0.0,0.0,-0.85,5.0,1.91,16.0,0.6,1020.6,1020.6,1020.6,1020.6,1.0,0.0,4.0,1.0,,,,,,,,,,,,,,,,,,,,,,,,,,,,,,,,,,,,,,,,,,,,,,,,,,,,,,,,,,,,,,,,,,,,,,,,,,,,,,,,,,,,,,,,,,,,,,,,,,,,,,,,,,,,,,,,,,,,,,,,,,,,,,,,,,
1907,7,312.4,32.3,,,,,,,,,,,,,,,,,,,,,,,,,,,,,,,,,,,1.69,4.6,6.7,4.52,10.0,2.3,12.0,0.3,0.3,3.76,5.56,3.19,10.0,2.4,12.0,0.3,-4.02,-0.96,1.79,-0.78,10.0,3.2,12.0,0.3,1017.09,1018.9,1019.56,1018.35,4.0,1.78,8.0,0.3,,,,,,,,,,,,,,,,,,,,,,,,,,,,,,,,,,,,,,,,,,,,,,,,,,,,,,,,,,,,,,,,,,,,,,,,,,,,,,,,,,,,,,,,,,,,,,,,,,,,,,,,,,,,,,,,,,,,,,,,,,,,,,,,,,
1907,7,312.4,40.3,,,,,,,,,,,,,,,,,,,,,,,,,,,,,,,,,,,1.0,4.6,6.7,4.3,87.0,3.08,18.0,0.5,-2.47,0.0,4.38,0.67,87.0,3.42,18.0,0.5,-1.76,0.0,4.65,1.36,87.0,3.76,18.0,0.5,1006.69,1015.0,1017.0,1012.97,19.0,4.82,18.0,0.7,,,,,,,,,,,,,,,,,,,,,,,,,,,,,,,,,,,,,,,,,,,,,,,,,,,,,,,,,,,,,,,,,,,,,,,,,,,,,,,,,,,,,,,,,,,,,,,,,,,,,,,,,,,,,,,,,,,,,,,,,,,,,,,,,,
1907,7,312.4,42.3,,,,,,,,,,,,,,,,,,,,,,,,,,,,,,,,,,,1.0,4.6,6.7,4.0,65.0,2.51,16.0,0.4,-3.25,0.71,4.6,0.8,65.0,3.53,16.0,0.4,-0.71,0.0,3.25,1.17,65.0,2.83,16.0,0.4,1010.6,1013.9,1017.13,1013.3,22.0,4.53,16.0,0.4,,,,,,,,,,,,,,,,,,,,,,,,,,,,,,,,,,,,,,,,,,,,,,,,,,,,,,,,,,,,,,,,,,,,,,,,,,,,,,,,,,,,,,,,,,,,,,,,,,,,,,,,,,,,,,,,,,,,,,,,,,,,,,,,,,
1907,7,312.4,44.3,,,,,,,,,,,,,,,,,,,,,,,,,,,,,,,,,,,0.43,4.6,8.19,4.68,10.0,3.47,18.0,0.5,-3.25,0.0,5.23,0.59,10.0,4.92,18.0,0.5,-2.93,0.0,4.12,0.51,10.0,3.39,18.0,0.5,1008.36,1016.0,1018.42,1013.14,5.0,8.58,16.0,0.4,,,,,,,,,,,,,,,,,,,,,,,,,,,,,,,,,,,,,,,,,,,,,,,,,,,,,,,,,,,,,,,,,,,,,,,,,,,,,,,,,,,,,,,,,,,,,,,,,,,,,,,,,,,,,,,,,,,,,,,,,,,,,,,,,,
1907,7,312.4,46.3,,,,,,,,,,,,,,,,,,,,,,,,,,,,,,,,,,,4.19,4.6,4.6,4.27,6.0,0.82,22.0,0.2,-3.46,-1.2,2.31,-0.64,6.0,3.27,22.0,0.2,-2.04,1.37,4.31,1.1,6.0,3.14,22.0,0.2,1006.33,1010.3,1013.46,1010.5,6.0,4.54,22.0,0.2,,,,,,,,,,,,,,,,,,,,,,,,,,,,,,,,,,,,,,,,,,,,,,,,,,,,,,,,,,,,,,,,,,,,,,,,,,,,,,,,,,,,,,,,,,,,,,,,,,,,,,,,,,,,,,,,,,,,,,,,,,,,,,,,,,
1907,7,314.4,-45.7,,,,,,,,,,,,,,,,,,,,,,,,,,,,,,,,,,,12.3,12.3,12.3,12.3,1.0,0.0,22.0,1.0,12.3,12.3,12.3,12.3,1.0,0.0,22.0,1.0,0.0,0.0,0.0,0.0,1.0,0.0,22.0,1.0,1004.8,1004.8,1004.8,1004.8,1.0,0.0,22.0,1.0,,,,,,,,,,,,,,,,,,,,,,,,,,,,,,,,,,,,,,,,,,,,,,,,,,,,,,,,,,,,,,,,,,,,,,,,,,,,,,,,,,,,,,,,,,,,,,,,,,,,,,,,,,,,,,,,,,,,,,,,,,,,,,,,,,
1907,7,314.4,-43.7,,,,,,,,,,,,,,,,,,,,,,,,,,,,,,,,,,,3.87,6.7,8.75,6.58,5.0,3.62,22.0,0.4,1.17,4.23,6.17,3.68,5.0,2.72,22.0,0.4,-6.15,-2.62,-0.47,-3.5,5.0,5.25,22.0,0.4,1005.69,1006.8,1008.91,1007.36,5.0,2.21,22.0,0.4,,,,,,,,,,,,,,,,,,,,,,,,,,,,,,,,,,,,,,,,,,,,,,,,,,,,,,,,,,,,,,,,,,,,,,,,,,,,,,,,,,,,,,,,,,,,,,,,,,,,,,,,,,,,,,,,,,,,,,,,,,,,,,,,,,
1907,7,314.4,-33.7,,,,,,,,,,,,,,,,,,,,,,,,,,,,,,,,,,,6.7,9.3,12.3,9.18,27.0,3.33,20.0,0.4,-4.8,0.0,4.81,-0.02,27.0,4.42,20.0,0.4,1.84,6.58,11.07,5.24,27.0,7.12,20.0,0.4,1017.21,1023.9,1025.9,1022.25,27.0,4.55,20.0,0.4,,,,,,,,,,,,,,,,,,,,,,,,,,,,,,,,,,,,,,,,,,,,,,,,,,,,,,,,,,,,,,,,,,,,,,,,,,,,,,,,,,,,,,,,,,,,,,,,,,,,,,,,,,,,,,,,,,,,,,,,,,,,,,,,,,
1907,7,314.4,-31.7,,,,,,,,,,,,,,,,,,,,,,,,,,,,,,,,,,,4.6,6.7,9.3,6.87,6.0,2.11,18.0,0.7,-2.53,-1.8,1.36,-0.36,6.0,3.52,18.0,0.7,-7.14,-6.19,-4.23,-6.12,6.0,1.87,18.0,0.7,1020.06,1023.0,1023.82,1021.97,3.0,2.89,12.0,1.0,,,,,,,,,,,,,,,,,,,,,,,,,,,,,,,,,,,,,,,,,,,,,,,,,,,,,,,,,,,,,,,,,,,,,,,,,,,,,,,,,,,,,,,,,,,,,,,,,,,,,,,,,,,,,,,,,,,,,,,,,,,,,,,,,,
1907,7,314.4,-29.7,,,,,,,,,,,,,,,,,,,,,,,,,,,,,,,,,,,4.6,6.7,12.3,7.99,38.0,3.48,16.0,0.5,-3.43,2.2,8.7,2.97,38.0,5.68,16.0,0.5,-6.59,-2.55,6.7,-0.87,38.0,5.96,16.0,0.5,1005.52,1013.35,1023.68,1013.79,12.0,8.14,10.0,0.4,,,,,,,,,,,,,,,,,,,,,,,,,,,,,,,,,,,,,,,,,,,,,,,,,,,,,,,,,,,,,,,,,,,,,,,,,,,,,,,,,,,,,,,,,,,,,,,,,,,,,,,,,,,,,,,,,,,,,,,,,,,,,,,,,,
1907,7,314.4,-27.7,,,,,,,,,,,,,,,,,,,,,,,,,,,,,,,,,,,2.6,6.7,9.3,6.51,118.0,3.65,18.0,0.5,-4.74,0.0,4.74,-0.08,118.0,4.27,18.0,0.5,-4.66,1.84,6.7,1.32,118.0,6.0,18.0,0.5,1012.44,1016.3,1027.4,1018.33,39.0,7.18,16.0,0.5,,,,,,,,,,,,,,,,,,,,,,,,,,,,,,,,,,,,,,,,,,,,,,,,,,,,,,,,,,,,,,,,,,,,,,,,,,,,,,,,,,,,,,,,,,,,,,,,,,,,,,,,,,,,,,,,,,,,,,,,,,,,,,,,,,
1907,7,314.4,-25.7,,,,,,,,,,,,,,,,,,,,,,,,,,,,,,,,,,,2.6,6.7,9.3,6.03,43.0,3.21,16.0,0.5,-4.76,-2.41,4.99,-0.83,43.0,4.7,16.0,0.5,-4.65,0.0,4.74,-0.1,43.0,4.97,16.0,0.5,1013.19,1014.95,1024.17,1017.18,16.0,5.49,14.0,0.4,,,,,,,,,,,,,,,,,,,,,,,,,,,,,,,,,,,,,,,,,,,,,,,,,,,,,,,,,,,,,,,,,,,,,,,,,,,,,,,,,,,,,,,,,,,,,,,,,,,,,,,,,,,,,,,,,,,,,,,,,,,,,,,,,,
1907,7,314.4,-23.7,,,,,,,,,,,,,,,,,,,,,,,,,,,,,,,,,,,0.49,2.6,4.6,2.59,23.0,2.06,14.0,0.3,-2.93,0.0,2.6,-0.23,23.0,2.54,14.0,0.3,-1.37,0.0,1.41,-0.02,23.0,2.18,14.0,0.3,1019.69,1020.3,1024.74,1022.17,3.0,4.04,22.0,0.3,,,,,,,,,,,,,,,,,,,,,,,,,,,,,,,,,,,,,,,,,,,,,,,,,,,,,,,,,,,,,,,,,,,,,,,,,,,,,,,,,,,,,,,,,,,,,,,,,,,,,,,,,,,,,,,,,,,,,,,,,,,,,,,,,,
1907,7,314.4,-3.7,,,,,,,,,,,,,,,,,,,,,,,,,,,,,,,,,,,4.93,5.65,6.37,5.65,2.0,1.48,16.0,0.5,-6.31,-5.47,-4.63,-5.47,2.0,1.74,16.0,0.5,-1.51,-0.9,-0.29,-0.9,2.0,1.27,16.0,0.5,1014.23,1014.5,1014.77,1014.5,2.0,0.57,16.0,0.5,,,,,,,,,,,,,,,,,,,,,,,,,,,,,,,,,,,,,,,,,,,,,,,,,,,,,,,,,,,,,,,,,,,,,,,,,,,,,,,,,,,,,,,,,,,,,,,,,,,,,,,,,,,,,,,,,,,,,,,,,,,,,,,,,,
1907,7,314.4,-1.7,,,,,,,,,,,,,,,,,,,,,,,,,,,,,,,,,,,4.6,4.6,4.7,4.9,7.0,0.79,14.0,0.1,-4.7,-4.6,-4.23,-4.74,7.0,0.88,14.0,0.1,-1.8,0.0,0.0,-0.77,7.0,0.96,14.0,0.1,1013.04,1014.6,1015.14,1014.29,7.0,1.41,14.0,0.1,,,,,,,,,,,,,,,,,,,,,,,,,,,,,,,,,,,,,,,,,,,,,,,,,,,,,,,,,,,,,,,,,,,,,,,,,,,,,,,,,,,,,,,,,,,,,,,,,,,,,,,,,,,,,,,,,,,,,,,,,,,,,,,,,,
1907,7,314.4,0.3,,,,,,,,,,,,,,,,,,,,,,,,,,,,,,,,,,,6.7,6.7,6.7,6.7,2.0,0.0,16.0,0.5,-5.98,-5.47,-4.97,-5.47,2.0,1.04,16.0,0.5,-1.36,1.11,3.59,1.11,2.0,5.12,16.0,0.5,1013.41,1014.5,1015.59,1014.5,2.0,2.26,16.0,0.5,,,,,,,,,,,,,,,,,,,,,,,,,,,,,,,,,,,,,,,,,,,,,,,,,,,,,,,,,,,,,,,,,,,,,,,,,,,,,,,,,,,,,,,,,,,,,,,,,,,,,,,,,,,,,,,,,,,,,,,,,,,,,,,,,,
1907,7,314.4,2.3,,,,,,,,,,,,,,,,,,,,,,,,,,,,,,,,,,,6.7,6.7,6.7,6.7,5.0,0.0,12.0,0.6,-6.21,-4.74,-4.74,-5.33,5.0,0.81,12.0,0.6,-2.51,4.74,4.74,1.84,5.0,3.97,12.0,0.6,1011.85,1012.9,1014.17,1013.02,5.0,1.31,12.0,0.6,,,,,,,,,,,,,,,,,,,,,,,,,,,,,,,,,,,,,,,,,,,,,,,,,,,,,,,,,,,,,,,,,,,,,,,,,,,,,,,,,,,,,,,,,,,,,,,,,,,,,,,,,,,,,,,,,,,,,,,,,,,,,,,,,,
1907,7,314.4,4.3,,,,,,,,,,,,,,,,,,,,,,,,,,,,,,,,,,,4.93,5.65,6.37,5.65,2.0,1.48,4.0,1.0,-2.32,-0.32,1.69,-0.32,2.0,4.15,4.0,1.0,3.72,4.71,5.7,4.71,2.0,2.06,4.0,1.0,1013.4,1013.4,1013.4,1013.4,1.0,0.0,4.0,1.0,,,,,,,,,,,,,,,,,,,,,,,,,,,,,,,,,,,,,,,,,,,,,,,,,,,,,,,,,,,,,,,,,,,,,,,,,,,,,,,,,,,,,,,,,,,,,,,,,,,,,,,,,,,,,,,,,,,,,,,,,,,,,,,,,,
1907,7,314.4,18.3,,,,,,,,,,,,,,,,,,,,,,,,,,,,,,,,,,,6.7,6.7,9.3,7.43,15.0,1.47,14.0,0.6,-8.62,-6.7,-6.21,-7.12,15.0,1.32,14.0,0.6,-3.48,-2.51,0.0,-1.6,15.0,1.59,14.0,0.6,1016.92,1019.4,1021.57,1019.34,11.0,2.01,10.0,0.5,,,,,,,,,,,,,,,,,,,,,,,,,,,,,,,,,,,,,,,,,,,,,,,,,,,,,,,,,,,,,,,,,,,,,,,,,,,,,,,,,,,,,,,,,,,,,,,,,,,,,,,,,,,,,,,,,,,,,,,,,,,,,,,,,,
1907,7,314.4,20.3,,,,,,,,,,,,,,,,,,,,,,,,,,,,,,,,,,,6.7,6.7,6.7,6.7,3.0,0.0,24.0,0.3,-6.55,-6.21,-5.21,-5.88,3.0,1.02,24.0,0.3,-4.03,-2.51,-0.8,-2.42,3.0,2.37,24.0,0.3,1020.32,1021.0,1021.68,1021.0,2.0,1.41,22.0,0.5,,,,,,,,,,,,,,,,,,,,,,,,,,,,,,,,,,,,,,,,,,,,,,,,,,,,,,,,,,,,,,,,,,,,,,,,,,,,,,,,,,,,,,,,,,,,,,,,,,,,,,,,,,,,,,,,,,,,,,,,,,,,,,,,,,
1907,7,314.4,28.3,,,,,,,,,,,,,,,,,,,,,,,,,,,,,,,,,,,0.0,2.6,4.6,2.44,12.0,2.3,18.0,0.3,-0.26,0.0,2.2,0.58,12.0,1.82,18.0,0.3,-0.61,0.5,3.6,0.95,12.0,2.67,18.0,0.3,1022.33,1022.4,1023.01,1022.67,3.0,0.55,24.0,0.3,,,,,,,,,,,,,,,,,,,,,,,,,,,,,,,,,,,,,,,,,,,,,,,,,,,,,,,,,,,,,,,,,,,,,,,,,,,,,,,,,,,,,,,,,,,,,,,,,,,,,,,,,,,,,,,,,,,,,,,,,,,,,,,,,,
1907,7,314.4,30.3,,,,,,,,,,,,,,,,,,,,,,,,,,,,,,,,,,,1.76,3.6,4.6,3.2,4.0,1.74,24.0,0.3,0.67,2.55,3.25,1.99,4.0,1.72,24.0,0.3,0.39,2.55,3.25,1.86,4.0,1.97,24.0,0.3,1022.11,1022.35,1022.59,1022.35,2.0,0.49,24.0,0.5,,,,,,,,,,,,,,,,,,,,,,,,,,,,,,,,,,,,,,,,,,,,,,,,,,,,,,,,,,,,,,,,,,,,,,,,,,,,,,,,,,,,,,,,,,,,,,,,,,,,,,,,,,,,,,,,,,,,,,,,,,,,,,,,,,
1907,7,314.4,32.3,,,,,,,,,,,,,,,,,,,,,,,,,,,,,,,,,,,2.6,4.6,5.47,4.29,11.0,1.69,12.0,0.5,0.0,2.6,4.6,2.32,11.0,2.04,12.0,0.5,-4.66,0.0,2.76,-0.74,11.0,3.53,12.0,0.5,1016.73,1018.7,1019.83,1018.3,4.0,2.13,4.0,0.5,,,,,,,,,,,,,,,,,,,,,,,,,,,,,,,,,,,,,,,,,,,,,,,,,,,,,,,,,,,,,,,,,,,,,,,,,,,,,,,,,,,,,,,,,,,,,,,,,,,,,,,,,,,,,,,,,,,,,,,,,,,,,,,,,,
1907,7,314.4,34.3,,,,,,,,,,,,,,,,,,,,,,,,,,,,,,,,,,,1.76,2.6,3.65,2.7,4.0,1.47,10.0,0.8,1.52,2.51,3.65,2.58,4.0,1.59,10.0,0.8,0.0,0.35,0.85,0.42,4.0,0.5,10.0,0.8,1019.3,1019.3,1019.3,1019.3,1.0,0.0,4.0,1.0,,,,,,,,,,,,,,,,,,,,,,,,,,,,,,,,,,,,,,,,,,,,,,,,,,,,,,,,,,,,,,,,,,,,,,,,,,,,,,,,,,,,,,,,,,,,,,,,,,,,,,,,,,,,,,,,,,,,,,,,,,,,,,,,,,
1907,7,314.4,40.3,,,,,,,,,,,,,,,,,,,,,,,,,,,,,,,,,,,2.6,6.7,9.3,6.0,49.0,3.37,18.0,0.5,-2.85,2.6,6.62,2.04,49.0,4.82,18.0,0.5,-1.2,1.84,5.44,2.11,49.0,4.02,18.0,0.5,1008.48,1015.0,1017.1,1013.37,7.0,5.2,18.0,0.6,,,,,,,,,,,,,,,,,,,,,,,,,,,,,,,,,,,,,,,,,,,,,,,,,,,,,,,,,,,,,,,,,,,,,,,,,,,,,,,,,,,,,,,,,,,,,,,,,,,,,,,,,,,,,,,,,,,,,,,,,,,,,,,,,,
1907,7,314.4,42.3,,,,,,,,,,,,,,,,,,,,,,,,,,,,,,,,,,,2.6,4.6,9.3,5.65,104.0,3.53,16.0,0.6,-4.25,0.0,4.69,0.47,104.0,4.63,16.0,0.6,-2.35,1.84,5.57,1.75,104.0,4.46,16.0,0.6,1010.6,1014.5,1016.0,1013.1,28.0,4.01,18.0,0.4,,,,,,,,,,,,,,,,,,,,,,,,,,,,,,,,,,,,,,,,,,,,,,,,,,,,,,,,,,,,,,,,,,,,,,,,,,,,,,,,,,,,,,,,,,,,,,,,,,,,,,,,,,,,,,,,,,,,,,,,,,,,,,,,,,
1907,7,314.4,44.3,,,,,,,,,,,,,,,,,,,,,,,,,,,,,,,,,,,4.6,5.65,9.92,7.02,6.0,3.19,16.0,0.8,-5.53,-3.25,4.94,-0.86,6.0,7.11,16.0,0.8,-3.56,0.0,3.83,0.04,6.0,4.21,16.0,0.8,1016.28,1019.9,1020.45,1018.4,3.0,3.32,12.0,0.7,,,,,,,,,,,,,,,,,,,,,,,,,,,,,,,,,,,,,,,,,,,,,,,,,,,,,,,,,,,,,,,,,,,,,,,,,,,,,,,,,,,,,,,,,,,,,,,,,,,,,,,,,,,,,,,,,,,,,,,,,,,,,,,,,,
1907,7,314.4,46.3,,,,,,,,,,,,,,,,,,,,,,,,,,,,,,,,,,,4.5,4.6,4.6,4.31,7.0,0.76,24.0,0.6,-3.25,-2.6,0.09,-1.51,7.0,2.07,24.0,0.6,-3.32,-3.25,4.25,-0.79,7.0,3.82,24.0,0.6,1011.51,1013.1,1017.54,1014.1,5.0,3.39,24.0,0.6,,,,,,,,,,,,,,,,,,,,,,,,,,,,,,,,,,,,,,,,,,,,,,,,,,,,,,,,,,,,,,,,,,,,,,,,,,,,,,,,,,,,,,,,,,,,,,,,,,,,,,,,,,,,,,,,,,,,,,,,,,,,,,,,,,
1907,7,316.4,-43.7,,,,,,,,,,,,,,,,,,,,,,,,,,,,,,,,,,,4.62,12.3,13.43,9.54,5.0,5.71,24.0,0.6,0.0,0.71,11.68,4.87,5.0,6.36,24.0,0.6,-9.88,-4.81,0.26,-5.24,5.0,6.49,24.0,0.6,994.24,998.0,1005.24,999.7,5.0,7.87,24.0,0.6,,,,,,,,,,,,,,,,,,,,,,,,,,,,,,,,,,,,,,,,,,,,,,,,,,,,,,,,,,,,,,,,,,,,,,,,,,,,,,,,,,,,,,,,,,,,,,,,,,,,,,,,,,,,,,,,,,,,,,,,,,,,,,,,,,
1907,7,316.4,-33.7,,,,,,,,,,,,,,,,,,,,,,,,,,,,,,,,,,,1.0,2.6,9.3,4.46,16.0,4.73,24.0,0.6,-0.72,0.92,5.38,2.07,16.0,4.04,24.0,0.6,-4.21,-0.19,0.97,-1.46,16.0,4.52,24.0,0.6,1015.34,1019.1,1021.56,1018.79,16.0,3.14,24.0,0.6,,,,,,,,,,,,,,,,,,,,,,,,,,,,,,,,,,,,,,,,,,,,,,,,,,,,,,,,,,,,,,,,,,,,,,,,,,,,,,,,,,,,,,,,,,,,,,,,,,,,,,,,,,,,,,,,,,,,,,,,,,,,,,,,,,
1907,7,316.4,-31.7,,,,,,,,,,,,,,,,,,,,,,,,,,,,,,,,,,,2.6,3.6,12.3,6.46,14.0,4.93,20.0,0.5,0.92,2.41,8.56,2.32,14.0,5.49,20.0,0.5,0.06,1.84,8.7,4.04,14.0,3.96,20.0,0.5,1018.7,1023.25,1024.19,1022.25,14.0,2.49,20.0,0.5,,,,,,,,,,,,,,,,,,,,,,,,,,,,,,,,,,,,,,,,,,,,,,,,,,,,,,,,,,,,,,,,,,,,,,,,,,,,,,,,,,,,,,,,,,,,,,,,,,,,,,,,,,,,,,,,,,,,,,,,,,,,,,,,,,
1907,7,316.4,-29.7,,,,,,,,,,,,,,,,,,,,,,,,,,,,,,,,,,,1.0,2.6,6.7,4.46,21.0,3.94,16.0,0.5,-4.09,0.71,4.35,0.69,21.0,4.03,16.0,0.5,-2.41,0.0,4.1,0.7,21.0,4.38,16.0,0.5,1015.96,1021.4,1023.81,1019.96,17.0,4.08,14.0,0.5,,,,,,,,,,,,,,,,,,,,,,,,,,,,,,,,,,,,,,,,,,,,,,,,,,,,,,,,,,,,,,,,,,,,,,,,,,,,,,,,,,,,,,,,,,,,,,,,,,,,,,,,,,,,,,,,,,,,,,,,,,,,,,,,,,
1907,7,316.4,-27.7,,,,,,,,,,,,,,,,,,,,,,,,,,,,,,,,,,,1.0,6.7,12.3,6.96,50.0,4.26,20.0,0.5,-4.64,0.0,6.17,0.38,50.0,4.71,20.0,0.5,-6.18,0.0,8.62,0.62,50.0,6.7,20.0,0.5,1010.77,1016.0,1019.93,1016.49,19.0,6.32,18.0,0.5,,,,,,,,,,,,,,,,,,,,,,,,,,,,,,,,,,,,,,,,,,,,,,,,,,,,,,,,,,,,,,,,,,,,,,,,,,,,,,,,,,,,,,,,,,,,,,,,,,,,,,,,,,,,,,,,,,,,,,,,,,,,,,,,,,
1907,7,316.4,-25.7,,,,,,,,,,,,,,,,,,,,,,,,,,,,,,,,,,,2.6,4.6,9.3,6.3,110.0,3.52,18.0,0.5,-4.74,0.0,2.61,-0.77,110.0,3.99,18.0,0.5,-4.27,1.82,6.7,1.74,110.0,5.73,18.0,0.5,1013.93,1018.3,1028.26,1020.16,37.0,6.47,18.0,0.5,,,,,,,,,,,,,,,,,,,,,,,,,,,,,,,,,,,,,,,,,,,,,,,,,,,,,,,,,,,,,,,,,,,,,,,,,,,,,,,,,,,,,,,,,,,,,,,,,,,,,,,,,,,,,,,,,,,,,,,,,,,,,,,,,,
1907,7,316.4,-23.7,,,,,,,,,,,,,,,,,,,,,,,,,,,,,,,,,,,1.0,2.6,6.7,4.27,69.0,3.22,16.0,0.5,-3.76,0.0,2.4,-0.54,69.0,3.27,16.0,0.5,-2.74,0.0,4.6,0.95,69.0,4.12,16.0,0.5,1012.24,1017.6,1027.93,1018.97,16.0,6.87,18.0,0.5,,,,,,,,,,,,,,,,,,,,,,,,,,,,,,,,,,,,,,,,,,,,,,,,,,,,,,,,,,,,,,,,,,,,,,,,,,,,,,,,,,,,,,,,,,,,,,,,,,,,,,,,,,,,,,,,,,,,,,,,,,,,,,,,,,
1907,7,316.4,-3.7,,,,,,,,,,,,,,,,,,,,,,,,,,,,,,,,,,,6.7,6.7,9.3,7.81,7.0,1.39,16.0,0.6,-9.3,-6.7,-6.21,-7.56,7.0,1.43,16.0,0.6,-2.67,0.0,0.12,-0.53,7.0,2.01,16.0,0.6,1011.63,1013.3,1014.9,1013.09,7.0,1.67,16.0,0.6,,,,,,,,,,,,,,,,,,,,,,,,,,,,,,,,,,,,,,,,,,,,,,,,,,,,,,,,,,,,,,,,,,,,,,,,,,,,,,,,,,,,,,,,,,,,,,,,,,,,,,,,,,,,,,,,,,,,,,,,,,,,,,,,,,
1907,7,316.4,2.3,,,,,,,,,,,,,,,,,,,,,,,,,,,,,,,,,,,6.7,6.7,6.7,6.7,1.0,0.0,28.0,0.0,-6.21,-6.21,-6.21,-6.21,1.0,0.0,28.0,0.0,-2.51,-2.51,-2.51,-2.51,1.0,0.0,28.0,0.0,1015.0,1015.0,1015.0,1015.0,1.0,0.0,28.0,0.0,,,,,,,,,,,,,,,,,,,,,,,,,,,,,,,,,,,,,,,,,,,,,,,,,,,,,,,,,,,,,,,,,,,,,,,,,,,,,,,,,,,,,,,,,,,,,,,,,,,,,,,,,,,,,,,,,,,,,,,,,,,,,,,,,,
1907,7,316.4,4.3,,,,,,,,,,,,,,,,,,,,,,,,,,,,,,,,,,,4.6,6.7,6.7,5.89,9.0,2.05,12.0,0.2,-5.81,-4.6,2.19,-2.68,9.0,3.75,12.0,0.2,0.0,3.25,6.17,3.02,9.0,3.3,12.0,0.2,1012.96,1013.7,1014.5,1013.75,6.0,0.82,16.0,0.3,,,,,,,,,,,,,,,,,,,,,,,,,,,,,,,,,,,,,,,,,,,,,,,,,,,,,,,,,,,,,,,,,,,,,,,,,,,,,,,,,,,,,,,,,,,,,,,,,,,,,,,,,,,,,,,,,,,,,,,,,,,,,,,,,,
1907,7,316.4,6.3,,,,,,,,,,,,,,,,,,,,,,,,,,,,,,,,,,,1.51,2.6,3.97,2.73,3.0,1.8,18.0,0.7,-1.94,-0.93,0.93,-0.51,3.0,2.13,18.0,0.7,-0.78,-0.37,2.77,0.96,3.0,2.85,18.0,0.7,1011.97,1013.2,1013.27,1012.63,3.0,1.07,18.0,0.7,,,,,,,,,,,,,,,,,,,,,,,,,,,,,,,,,,,,,,,,,,,,,,,,,,,,,,,,,,,,,,,,,,,,,,,,,,,,,,,,,,,,,,,,,,,,,,,,,,,,,,,,,,,,,,,,,,,,,,,,,,,,,,,,,,
1907,7,316.4,20.3,,,,,,,,,,,,,,,,,,,,,,,,,,,,,,,,,,,4.6,6.7,6.7,6.08,16.0,1.53,14.0,0.4,-6.7,-6.21,-4.27,-5.72,16.0,1.53,14.0,0.4,-2.51,-0.86,0.0,-0.94,16.0,1.89,14.0,0.4,1020.64,1021.4,1021.86,1021.31,10.0,0.67,10.0,0.4,,,,,,,,,,,,,,,,,,,,,,,,,,,,,,,,,,,,,,,,,,,,,,,,,,,,,,,,,,,,,,,,,,,,,,,,,,,,,,,,,,,,,,,,,,,,,,,,,,,,,,,,,,,,,,,,,,,,,,,,,,,,,,,,,,
1907,7,316.4,22.3,,,,,,,,,,,,,,,,,,,,,,,,,,,,,,,,,,,3.87,4.6,5.37,4.62,5.0,1.45,18.0,1.0,-5.17,-4.6,-3.66,-4.45,5.0,1.27,18.0,1.0,-0.63,0.0,0.96,0.18,5.0,1.55,18.0,1.0,1021.95,1022.5,1022.7,1022.33,3.0,0.57,16.0,1.0,,,,,,,,,,,,,,,,,,,,,,,,,,,,,,,,,,,,,,,,,,,,,,,,,,,,,,,,,,,,,,,,,,,,,,,,,,,,,,,,,,,,,,,,,,,,,,,,,,,,,,,,,,,,,,,,,,,,,,,,,,,,,,,,,,
1907,7,316.4,30.3,,,,,,,,,,,,,,,,,,,,,,,,,,,,,,,,,,,1.11,4.6,5.8,3.7,10.0,2.38,20.0,0.7,0.0,2.11,5.35,2.51,10.0,2.47,20.0,0.7,-2.98,0.0,2.47,-0.3,10.0,2.77,20.0,0.7,1023.15,1023.3,1023.87,1023.5,4.0,0.55,24.0,0.5,,,,,,,,,,,,,,,,,,,,,,,,,,,,,,,,,,,,,,,,,,,,,,,,,,,,,,,,,,,,,,,,,,,,,,,,,,,,,,,,,,,,,,,,,,,,,,,,,,,,,,,,,,,,,,,,,,,,,,,,,,,,,,,,,,
1907,7,316.4,34.3,,,,,,,,,,,,,,,,,,,,,,,,,,,,,,,,,,,2.6,4.6,6.7,4.49,11.0,2.06,14.0,0.5,0.42,1.84,5.33,2.96,11.0,2.43,14.0,0.5,-4.46,-1.84,1.49,-1.67,11.0,2.8,14.0,0.5,1016.75,1017.95,1018.47,1017.63,4.0,1.29,10.0,0.3,,,,,,,,,,,,,,,,,,,,,,,,,,,,,,,,,,,,,,,,,,,,,,,,,,,,,,,,,,,,,,,,,,,,,,,,,,,,,,,,,,,,,,,,,,,,,,,,,,,,,,,,,,,,,,,,,,,,,,,,,,,,,,,,,,
1907,7,316.4,36.3,,,,,,,,,,,,,,,,,,,,,,,,,,,,,,,,,,,4.19,5.65,6.7,5.32,6.0,1.68,16.0,0.3,2.96,4.0,5.14,4.09,6.0,1.68,16.0,0.3,-0.67,2.55,4.74,1.89,6.0,3.1,16.0,0.3,1018.8,1018.8,1018.8,1018.8,1.0,0.0,28.0,0.0,,,,,,,,,,,,,,,,,,,,,,,,,,,,,,,,,,,,,,,,,,,,,,,,,,,,,,,,,,,,,,,,,,,,,,,,,,,,,,,,,,,,,,,,,,,,,,,,,,,,,,,,,,,,,,,,,,,,,,,,,,,,,,,,,,
1907,7,316.4,40.3,,,,,,,,,,,,,,,,,,,,,,,,,,,,,,,,,,,4.6,6.7,11.16,7.1,16.0,3.7,18.0,0.5,-3.25,1.25,7.81,2.23,16.0,5.99,18.0,0.5,-3.25,3.25,5.65,2.21,16.0,4.59,18.0,0.5,1013.16,1013.5,1013.84,1013.5,2.0,0.71,26.0,0.0,,,,,,,,,,,,,,,,,,,,,,,,,,,,,,,,,,,,,,,,,,,,,,,,,,,,,,,,,,,,,,,,,,,,,,,,,,,,,,,,,,,,,,,,,,,,,,,,,,,,,,,,,,,,,,,,,,,,,,,,,,,,,,,,,,
1907,7,316.4,42.3,,,,,,,,,,,,,,,,,,,,,,,,,,,,,,,,,,,2.6,4.6,9.3,5.42,107.0,3.23,18.0,0.5,-3.51,0.0,6.17,0.7,107.0,4.62,18.0,0.5,-1.84,1.02,4.74,1.22,107.0,4.08,18.0,0.5,1010.0,1015.45,1017.88,1014.25,24.0,4.38,20.0,0.5,,,,,,,,,,,,,,,,,,,,,,,,,,,,,,,,,,,,,,,,,,,,,,,,,,,,,,,,,,,,,,,,,,,,,,,,,,,,,,,,,,,,,,,,,,,,,,,,,,,,,,,,,,,,,,,,,,,,,,,,,,,,,,,,,,
1907,7,316.4,44.3,,,,,,,,,,,,,,,,,,,,,,,,,,,,,,,,,,,2.6,4.6,8.02,5.37,23.0,3.0,12.0,0.4,-6.17,-0.37,4.74,-0.49,23.0,5.38,12.0,0.4,-0.36,2.62,4.67,2.13,23.0,2.28,12.0,0.4,1014.22,1016.0,1020.77,1016.7,6.0,3.78,10.0,0.3,,,,,,,,,,,,,,,,,,,,,,,,,,,,,,,,,,,,,,,,,,,,,,,,,,,,,,,,,,,,,,,,,,,,,,,,,,,,,,,,,,,,,,,,,,,,,,,,,,,,,,,,,,,,,,,,,,,,,,,,,,,,,,,,,,
1907,7,316.4,46.3,,,,,,,,,,,,,,,,,,,,,,,,,,,,,,,,,,,3.77,6.7,12.3,7.79,11.0,4.75,18.0,0.8,-5.5,1.72,7.45,1.2,11.0,6.37,18.0,0.8,-5.05,-2.41,8.7,0.97,11.0,6.8,18.0,0.8,997.46,1015.4,1021.42,1012.1,8.0,10.75,16.0,1.0,,,,,,,,,,,,,,,,,,,,,,,,,,,,,,,,,,,,,,,,,,,,,,,,,,,,,,,,,,,,,,,,,,,,,,,,,,,,,,,,,,,,,,,,,,,,,,,,,,,,,,,,,,,,,,,,,,,,,,,,,,,,,,,,,,
1907,7,316.4,48.3,,,,,,,,,,,,,,,,,,,,,,,,,,,,,,,,,,,6.7,6.7,6.7,6.7,2.0,0.0,22.0,0.5,-6.04,-4.6,-3.17,-4.6,2.0,2.96,22.0,0.5,0.99,3.11,5.23,3.11,2.0,4.39,22.0,0.5,1012.82,1016.3,1016.91,1014.9,3.0,3.24,18.0,0.3,,,,,,,,,,,,,,,,,,,,,,,,,,,,,,,,,,,,,,,,,,,,,,,,,,,,,,,,,,,,,,,,,,,,,,,,,,,,,,,,,,,,,,,,,,,,,,,,,,,,,,,,,,,,,,,,,,,,,,,,,,,,,,,,,,
1907,7,318.4,-41.7,,,,,,,,,,,,,,,,,,,,,,,,,,,,,,,,,,,10.25,19.0,20.31,15.92,5.0,6.36,24.0,0.4,7.25,13.44,16.78,12.58,5.0,6.68,24.0,0.4,3.01,8.7,13.44,8.06,5.0,5.79,24.0,0.4,994.69,997.9,1007.65,1000.8,5.0,7.34,24.0,0.4,,,,,,,,,,,,,,,,,,,,,,,,,,,,,,,,,,,,,,,,,,,,,,,,,,,,,,,,,,,,,,,,,,,,,,,,,,,,,,,,,,,,,,,,,,,,,,,,,,,,,,,,,,,,,,,,,,,,,,,,,,,,,,,,,,
1907,7,318.4,-33.7,,,,,,,,,,,,,,,,,,,,,,,,,,,,,,,,,,,5.68,12.3,12.3,9.07,3.0,5.6,24.0,0.0,2.72,4.61,7.4,5.05,3.0,3.45,24.0,0.0,-10.55,-8.7,-4.02,-7.31,3.0,4.93,24.0,0.0,1018.9,1021.9,1022.24,1020.6,3.0,2.7,24.0,0.0,,,,,,,,,,,,,,,,,,,,,,,,,,,,,,,,,,,,,,,,,,,,,,,,,,,,,,,,,,,,,,,,,,,,,,,,,,,,,,,,,,,,,,,,,,,,,,,,,,,,,,,,,,,,,,,,,,,,,,,,,,,,,,,,,,
1907,7,318.4,-31.7,,,,,,,,,,,,,,,,,,,,,,,,,,,,,,,,,,,1.76,2.6,3.65,2.7,4.0,1.47,22.0,0.8,1.36,1.84,3.09,2.21,4.0,1.42,22.0,0.8,-1.13,0.72,1.84,0.37,4.0,1.79,22.0,0.8,1019.48,1021.5,1022.58,1021.05,4.0,2.21,22.0,0.8,,,,,,,,,,,,,,,,,,,,,,,,,,,,,,,,,,,,,,,,,,,,,,,,,,,,,,,,,,,,,,,,,,,,,,,,,,,,,,,,,,,,,,,,,,,,,,,,,,,,,,,,,,,,,,,,,,,,,,,,,,,,,,,,,,
1907,7,318.4,-29.7,,,,,,,,,,,,,,,,,,,,,,,,,,,,,,,,,,,11.68,12.3,15.4,12.83,6.0,2.3,22.0,0.5,4.81,6.3,9.15,6.97,6.0,2.4,22.0,0.5,8.26,11.11,11.91,10.5,6.0,2.59,22.0,0.5,1019.8,1020.35,1021.84,1020.45,6.0,1.47,22.0,0.5,,,,,,,,,,,,,,,,,,,,,,,,,,,,,,,,,,,,,,,,,,,,,,,,,,,,,,,,,,,,,,,,,,,,,,,,,,,,,,,,,,,,,,,,,,,,,,,,,,,,,,,,,,,,,,,,,,,,,,,,,,,,,,,,,,
1907,7,318.4,-27.7,,,,,,,,,,,,,,,,,,,,,,,,,,,,,,,,,,,1.0,4.6,9.3,5.27,34.0,3.6,16.0,0.5,0.0,1.78,6.16,2.22,34.0,3.75,16.0,0.5,-4.74,1.42,3.48,0.51,34.0,4.71,16.0,0.5,1012.83,1015.55,1019.0,1016.08,22.0,3.09,14.0,0.5,,,,,,,,,,,,,,,,,,,,,,,,,,,,,,,,,,,,,,,,,,,,,,,,,,,,,,,,,,,,,,,,,,,,,,,,,,,,,,,,,,,,,,,,,,,,,,,,,,,,,,,,,,,,,,,,,,,,,,,,,,,,,,,,,,
1907,7,318.4,-25.7,,,,,,,,,,,,,,,,,,,,,,,,,,,,,,,,,,,2.6,6.7,12.3,6.69,42.0,3.88,20.0,0.5,-3.48,0.0,3.04,-0.54,42.0,3.73,20.0,0.5,-4.43,2.5,8.62,2.12,42.0,6.48,20.0,0.5,1015.33,1019.5,1026.8,1020.43,28.0,5.58,22.0,0.5,,,,,,,,,,,,,,,,,,,,,,,,,,,,,,,,,,,,,,,,,,,,,,,,,,,,,,,,,,,,,,,,,,,,,,,,,,,,,,,,,,,,,,,,,,,,,,,,,,,,,,,,,,,,,,,,,,,,,,,,,,,,,,,,,,
1907,7,318.4,-23.7,,,,,,,,,,,,,,,,,,,,,,,,,,,,,,,,,,,1.0,4.6,9.3,5.58,168.0,3.96,18.0,0.5,-3.48,0.0,2.6,-0.41,168.0,3.71,18.0,0.5,-3.25,0.71,8.59,1.61,168.0,5.52,18.0,0.5,1014.69,1020.45,1026.61,1020.79,66.0,5.22,20.0,0.5,,,,,,,,,,,,,,,,,,,,,,,,,,,,,,,,,,,,,,,,,,,,,,,,,,,,,,,,,,,,,,,,,,,,,,,,,,,,,,,,,,,,,,,,,,,,,,,,,,,,,,,,,,,,,,,,,,,,,,,,,,,,,,,,,,
1907,7,318.4,-21.7,,,,,,,,,,,,,,,,,,,,,,,,,,,,,,,,,,,2.6,4.6,9.3,5.05,85.0,3.26,16.0,0.5,-2.57,0.0,2.21,-0.32,85.0,2.87,16.0,0.5,-5.65,0.0,4.6,0.24,85.0,5.29,16.0,0.5,1015.97,1021.0,1026.13,1021.12,22.0,4.43,20.0,0.5,,,,,,,,,,,,,,,,,,,,,,,,,,,,,,,,,,,,,,,,,,,,,,,,,,,,,,,,,,,,,,,,,,,,,,,,,,,,,,,,,,,,,,,,,,,,,,,,,,,,,,,,,,,,,,,,,,,,,,,,,,,,,,,,,,
1907,7,318.4,-3.7,,,,,,,,,,,,,,,,,,,,,,,,,,,,,,,,,,,5.93,6.7,10.4,7.92,5.0,2.96,14.0,0.8,-10.4,-6.21,-5.5,-7.66,5.0,3.16,14.0,0.8,0.0,1.72,2.51,1.35,5.0,1.27,14.0,0.8,1013.42,1014.1,1014.75,1014.02,5.0,0.99,14.0,0.8,,,,,,,,,,,,,,,,,,,,,,,,,,,,,,,,,,,,,,,,,,,,,,,,,,,,,,,,,,,,,,,,,,,,,,,,,,,,,,,,,,,,,,,,,,,,,,,,,,,,,,,,,,,,,,,,,,,,,,,,,,,,,,,,,,
1907,7,318.4,6.3,,,,,,,,,,,,,,,,,,,,,,,,,,,,,,,,,,,1.76,2.6,6.37,4.0,4.0,3.94,16.0,0.5,-4.78,-1.56,-0.34,-2.51,4.0,3.11,16.0,0.5,-0.85,0.95,4.87,1.96,4.0,3.69,16.0,0.5,1013.09,1013.5,1014.33,1013.7,4.0,0.93,16.0,0.5,,,,,,,,,,,,,,,,,,,,,,,,,,,,,,,,,,,,,,,,,,,,,,,,,,,,,,,,,,,,,,,,,,,,,,,,,,,,,,,,,,,,,,,,,,,,,,,,,,,,,,,,,,,,,,,,,,,,,,,,,,,,,,,,,,
1907,7,318.4,8.3,,,,,,,,,,,,,,,,,,,,,,,,,,,,,,,,,,,6.7,6.7,6.7,6.7,4.0,0.0,16.0,0.5,-6.7,-5.72,-4.74,-5.72,4.0,1.13,16.0,0.5,-4.74,-2.37,0.0,-2.37,4.0,2.74,16.0,0.5,1012.93,1013.2,1014.16,1013.53,3.0,0.95,12.0,0.3,,,,,,,,,,,,,,,,,,,,,,,,,,,,,,,,,,,,,,,,,,,,,,,,,,,,,,,,,,,,,,,,,,,,,,,,,,,,,,,,,,,,,,,,,,,,,,,,,,,,,,,,,,,,,,,,,,,,,,,,,,,,,,,,,,
1907,7,318.4,22.3,,,,,,,,,,,,,,,,,,,,,,,,,,,,,,,,,,,1.94,4.6,6.7,4.15,11.0,2.12,14.0,0.3,-6.17,-4.6,-1.94,-4.06,11.0,2.0,14.0,0.3,0.0,0.0,1.08,0.48,11.0,1.06,14.0,0.3,1021.01,1021.5,1022.94,1021.85,8.0,1.2,10.0,0.4,,,,,,,,,,,,,,,,,,,,,,,,,,,,,,,,,,,,,,,,,,,,,,,,,,,,,,,,,,,,,,,,,,,,,,,,,,,,,,,,,,,,,,,,,,,,,,,,,,,,,,,,,,,,,,,,,,,,,,,,,,,,,,,,,,
1907,7,318.4,24.3,,,,,,,,,,,,,,,,,,,,,,,,,,,,,,,,,,,1.0,2.6,4.6,2.73,6.0,1.61,14.0,0.7,-4.6,-2.6,-1.0,-2.73,6.0,1.61,14.0,0.7,0.0,0.0,0.0,0.0,6.0,0.0,14.0,0.7,1021.89,1022.1,1022.4,1022.12,5.0,0.29,12.0,0.6,,,,,,,,,,,,,,,,,,,,,,,,,,,,,,,,,,,,,,,,,,,,,,,,,,,,,,,,,,,,,,,,,,,,,,,,,,,,,,,,,,,,,,,,,,,,,,,,,,,,,,,,,,,,,,,,,,,,,,,,,,,,,,,,,,
1907,7,318.4,30.3,,,,,,,,,,,,,,,,,,,,,,,,,,,,,,,,,,,0.0,1.8,4.6,2.44,8.0,2.6,16.0,0.3,0.0,1.22,2.5,1.33,8.0,1.32,16.0,0.3,-3.79,0.0,0.94,-0.69,8.0,3.05,16.0,0.3,1023.58,1024.6,1024.6,1024.1,3.0,0.87,24.0,0.7,,,,,,,,,,,,,,,,,,,,,,,,,,,,,,,,,,,,,,,,,,,,,,,,,,,,,,,,,,,,,,,,,,,,,,,,,,,,,,,,,,,,,,,,,,,,,,,,,,,,,,,,,,,,,,,,,,,,,,,,,,,,,,,,,,
1907,7,318.4,34.3,,,,,,,,,,,,,,,,,,,,,,,,,,,,,,,,,,,1.0,2.6,4.6,2.65,11.0,1.74,14.0,0.5,-0.41,0.0,3.66,1.01,11.0,2.15,14.0,0.5,0.0,1.0,2.87,1.3,11.0,1.78,14.0,0.5,1016.8,1016.8,1018.57,1017.67,3.0,1.5,4.0,1.0,,,,,,,,,,,,,,,,,,,,,,,,,,,,,,,,,,,,,,,,,,,,,,,,,,,,,,,,,,,,,,,,,,,,,,,,,,,,,,,,,,,,,,,,,,,,,,,,,,,,,,,,,,,,,,,,,,,,,,,,,,,,,,,,,,
1907,7,318.4,36.3,,,,,,,,,,,,,,,,,,,,,,,,,,,,,,,,,,,3.55,4.6,4.6,4.1,4.0,1.0,8.0,0.5,1.39,1.8,3.07,2.21,4.0,1.4,8.0,0.5,0.2,3.31,4.23,2.27,4.0,2.84,8.0,0.5,1016.5,1016.5,1016.5,1016.5,1.0,0.0,4.0,0.0,,,,,,,,,,,,,,,,,,,,,,,,,,,,,,,,,,,,,,,,,,,,,,,,,,,,,,,,,,,,,,,,,,,,,,,,,,,,,,,,,,,,,,,,,,,,,,,,,,,,,,,,,,,,,,,,,,,,,,,,,,,,,,,,,,
1907,7,318.4,42.3,,,,,,,,,,,,,,,,,,,,,,,,,,,,,,,,,,,2.6,4.6,8.73,5.1,78.0,3.02,18.0,0.5,-4.53,-0.54,6.21,0.31,78.0,4.82,18.0,0.5,-0.55,1.0,4.23,1.56,78.0,3.1,18.0,0.5,1014.77,1017.0,1022.73,1017.69,26.0,6.26,20.0,0.6,,,,,,,,,,,,,,,,,,,,,,,,,,,,,,,,,,,,,,,,,,,,,,,,,,,,,,,,,,,,,,,,,,,,,,,,,,,,,,,,,,,,,,,,,,,,,,,,,,,,,,,,,,,,,,,,,,,,,,,,,,,,,,,,,,
1907,7,318.4,44.3,,,,,,,,,,,,,,,,,,,,,,,,,,,,,,,,,,,2.6,4.6,9.3,5.99,59.0,4.27,16.0,0.5,-3.56,0.0,4.74,0.99,59.0,5.01,16.0,0.5,-3.25,1.84,4.74,0.75,59.0,5.3,16.0,0.5,1009.17,1016.0,1021.55,1015.02,17.0,5.78,16.0,0.8,,,,,,,,,,,,,,,,,,,,,,,,,,,,,,,,,,,,,,,,,,,,,,,,,,,,,,,,,,,,,,,,,,,,,,,,,,,,,,,,,,,,,,,,,,,,,,,,,,,,,,,,,,,,,,,,,,,,,,,,,,,,,,,,,,
1907,7,318.4,46.3,,,,,,,,,,,,,,,,,,,,,,,,,,,,,,,,,,,5.01,9.3,12.3,8.94,11.0,3.62,18.0,0.5,-8.95,3.48,4.66,0.31,11.0,6.53,18.0,0.5,-11.4,0.0,4.0,-2.36,11.0,7.21,18.0,0.5,1010.23,1014.2,1016.99,1012.66,7.0,8.67,20.0,0.3,,,,,,,,,,,,,,,,,,,,,,,,,,,,,,,,,,,,,,,,,,,,,,,,,,,,,,,,,,,,,,,,,,,,,,,,,,,,,,,,,,,,,,,,,,,,,,,,,,,,,,,,,,,,,,,,,,,,,,,,,,,,,,,,,,
1907,7,318.4,48.3,,,,,,,,,,,,,,,,,,,,,,,,,,,,,,,,,,,2.6,4.6,4.6,3.8,5.0,1.1,24.0,0.2,-4.25,-3.25,1.32,-1.78,5.0,2.97,24.0,0.2,-2.04,-1.72,2.33,-0.18,5.0,2.54,24.0,0.2,1015.51,1019.2,1019.2,1017.4,3.0,3.12,22.0,0.0,,,,,,,,,,,,,,,,,,,,,,,,,,,,,,,,,,,,,,,,,,,,,,,,,,,,,,,,,,,,,,,,,,,,,,,,,,,,,,,,,,,,,,,,,,,,,,,,,,,,,,,,,,,,,,,,,,,,,,,,,,,,,,,,,,
1907,7,320.4,-41.7,,,,,,,,,,,,,,,,,,,,,,,,,,,,,,,,,,,4.6,4.6,6.03,5.3,3.0,1.21,26.0,0.7,3.57,4.27,4.59,4.09,3.0,0.76,26.0,0.7,2.21,3.25,4.27,3.24,3.0,1.51,26.0,0.7,1014.72,1015.4,1015.54,1015.13,3.0,0.64,26.0,0.7,,,,,,,,,,,,,,,,,,,,,,,,,,,,,,,,,,,,,,,,,,,,,,,,,,,,,,,,,,,,,,,,,,,,,,,,,,,,,,,,,,,,,,,,,,,,,,,,,,,,,,,,,,,,,,,,,,,,,,,,,,,,,,,,,,
1907,7,320.4,-39.7,,,,,,,,,,,,,,,,,,,,,,,,,,,,,,,,,,,6.7,6.7,6.7,6.7,3.0,0.0,26.0,0.3,5.19,6.17,6.17,5.69,3.0,0.83,26.0,0.3,-4.06,-2.62,-2.62,-3.32,3.0,1.22,26.0,0.3,1008.52,1010.7,1013.16,1010.83,3.0,3.4,26.0,0.3,,,,,,,,,,,,,,,,,,,,,,,,,,,,,,,,,,,,,,,,,,,,,,,,,,,,,,,,,,,,,,,,,,,,,,,,,,,,,,,,,,,,,,,,,,,,,,,,,,,,,,,,,,,,,,,,,,,,,,,,,,,,,,,,,,
1907,7,320.4,-33.7,,,,,,,,,,,,,,,,,,,,,,,,,,,,,,,,,,,1.0,1.0,1.0,1.0,1.0,0.0,24.0,1.0,0.71,0.71,0.71,0.71,1.0,0.0,24.0,1.0,-0.71,-0.71,-0.71,-0.71,1.0,0.0,24.0,1.0,1022.6,1022.6,1022.6,1022.6,1.0,0.0,24.0,1.0,,,,,,,,,,,,,,,,,,,,,,,,,,,,,,,,,,,,,,,,,,,,,,,,,,,,,,,,,,,,,,,,,,,,,,,,,,,,,,,,,,,,,,,,,,,,,,,,,,,,,,,,,,,,,,,,,,,,,,,,,,,,,,,,,,
1907,7,320.4,-31.7,,,,,,,,,,,,,,,,,,,,,,,,,,,,,,,,,,,1.0,2.6,4.6,2.76,5.0,1.8,22.0,0.4,0.93,2.39,3.25,2.15,5.0,1.17,22.0,0.4,-0.13,0.37,3.25,1.25,5.0,1.92,22.0,0.4,1022.47,1023.5,1023.65,1023.06,5.0,1.07,22.0,0.4,,,,,,,,,,,,,,,,,,,,,,,,,,,,,,,,,,,,,,,,,,,,,,,,,,,,,,,,,,,,,,,,,,,,,,,,,,,,,,,,,,,,,,,,,,,,,,,,,,,,,,,,,,,,,,,,,,,,,,,,,,,,,,,,,,
1907,7,320.4,-27.7,,,,,,,,,,,,,,,,,,,,,,,,,,,,,,,,,,,1.0,2.6,4.82,3.67,7.0,2.89,8.0,0.4,-1.72,-0.37,0.0,-0.74,7.0,0.75,8.0,0.4,0.93,2.6,4.51,3.53,7.0,2.89,8.0,0.4,1021.66,1024.1,1026.46,1024.05,10.0,2.5,6.0,0.5,,,,,,,,,,,,,,,,,,,,,,,,,,,,,,,,,,,,,,,,,,,,,,,,,,,,,,,,,,,,,,,,,,,,,,,,,,,,,,,,,,,,,,,,,,,,,,,,,,,,,,,,,,,,,,,,,,,,,,,,,,,,,,,,,,
1907,7,320.4,-25.7,,,,,,,,,,,,,,,,,,,,,,,,,,,,,,,,,,,4.6,9.3,15.4,9.55,17.0,4.26,20.0,0.6,-3.43,0.0,6.36,1.34,17.0,4.54,20.0,0.6,-9.91,-4.74,1.45,-3.85,17.0,8.75,20.0,0.6,1014.87,1016.8,1018.84,1017.41,19.0,3.88,18.0,0.6,,,,,,,,,,,,,,,,,,,,,,,,,,,,,,,,,,,,,,,,,,,,,,,,,,,,,,,,,,,,,,,,,,,,,,,,,,,,,,,,,,,,,,,,,,,,,,,,,,,,,,,,,,,,,,,,,,,,,,,,,,,,,,,,,,
1907,7,320.4,-23.7,,,,,,,,,,,,,,,,,,,,,,,,,,,,,,,,,,,2.6,6.7,11.59,6.43,34.0,4.2,18.0,0.5,-2.92,0.0,4.12,0.68,34.0,3.41,18.0,0.5,-6.58,-0.71,5.72,0.03,34.0,6.94,18.0,0.5,1013.7,1015.7,1018.76,1016.29,29.0,2.47,18.0,0.5,,,,,,,,,,,,,,,,,,,,,,,,,,,,,,,,,,,,,,,,,,,,,,,,,,,,,,,,,,,,,,,,,,,,,,,,,,,,,,,,,,,,,,,,,,,,,,,,,,,,,,,,,,,,,,,,,,,,,,,,,,,,,,,,,,
1907,7,320.4,-21.7,,,,,,,,,,,,,,,,,,,,,,,,,,,,,,,,,,,2.6,6.7,9.3,6.06,114.0,3.04,16.0,0.5,-3.86,-1.72,1.8,-1.37,114.0,2.94,16.0,0.5,-6.7,-0.84,6.21,-0.39,114.0,5.97,16.0,0.5,1015.88,1018.9,1023.41,1019.24,51.0,3.64,18.0,0.5,,,,,,,,,,,,,,,,,,,,,,,,,,,,,,,,,,,,,,,,,,,,,,,,,,,,,,,,,,,,,,,,,,,,,,,,,,,,,,,,,,,,,,,,,,,,,,,,,,,,,,,,,,,,,,,,,,,,,,,,,,,,,,,,,,
1907,7,320.4,-19.7,,,,,,,,,,,,,,,,,,,,,,,,,,,,,,,,,,,2.6,4.6,9.3,5.8,186.0,4.13,14.0,0.5,-3.4,-1.0,0.0,-1.19,186.0,2.24,14.0,0.5,-4.27,0.0,9.3,1.52,186.0,6.49,14.0,0.5,1015.57,1019.1,1022.4,1019.0,56.0,3.08,16.0,0.5,,,,,,,,,,,,,,,,,,,,,,,,,,,,,,,,,,,,,,,,,,,,,,,,,,,,,,,,,,,,,,,,,,,,,,,,,,,,,,,,,,,,,,,,,,,,,,,,,,,,,,,,,,,,,,,,,,,,,,,,,,,,,,,,,,
1907,7,320.4,-17.7,,,,,,,,,,,,,,,,,,,,,,,,,,,,,,,,,,,1.0,4.6,6.7,4.15,79.0,3.28,16.0,0.5,-4.47,-1.84,0.0,-2.15,79.0,1.72,16.0,0.5,-4.25,0.71,4.56,0.82,79.0,4.46,16.0,0.5,1015.86,1017.85,1020.72,1018.01,18.0,2.48,18.0,0.4,,,,,,,,,,,,,,,,,,,,,,,,,,,,,,,,,,,,,,,,,,,,,,,,,,,,,,,,,,,,,,,,,,,,,,,,,,,,,,,,,,,,,,,,,,,,,,,,,,,,,,,,,,,,,,,,,,,,,,,,,,,,,,,,,,
1907,7,320.4,-15.7,,,,,,,,,,,,,,,,,,,,,,,,,,,,,,,,,,,1.0,3.6,6.7,3.97,32.0,2.77,18.0,0.3,-2.75,-1.37,0.0,-1.73,32.0,1.79,18.0,0.3,-4.23,0.35,2.65,0.68,32.0,4.15,18.0,0.3,1015.53,1016.6,1018.98,1017.1,9.0,1.62,14.0,0.3,,,,,,,,,,,,,,,,,,,,,,,,,,,,,,,,,,,,,,,,,,,,,,,,,,,,,,,,,,,,,,,,,,,,,,,,,,,,,,,,,,,,,,,,,,,,,,,,,,,,,,,,,,,,,,,,,,,,,,,,,,,,,,,,,,
1907,7,320.4,-13.7,,,,,,,,,,,,,,,,,,,,,,,,,,,,,,,,,,,2.6,4.6,6.7,4.7,23.0,2.2,20.0,0.3,-5.42,-2.6,-0.99,-3.14,23.0,2.33,20.0,0.3,-1.23,1.72,3.39,1.42,23.0,3.18,20.0,0.3,1015.46,1016.95,1017.99,1016.75,8.0,1.26,16.0,0.1,,,,,,,,,,,,,,,,,,,,,,,,,,,,,,,,,,,,,,,,,,,,,,,,,,,,,,,,,,,,,,,,,,,,,,,,,,,,,,,,,,,,,,,,,,,,,,,,,,,,,,,,,,,,,,,,,,,,,,,,,,,,,,,,,,
1907,7,320.4,-3.7,,,,,,,,,,,,,,,,,,,,,,,,,,,,,,,,,,,6.7,9.3,9.3,8.39,8.0,1.41,14.0,0.1,-9.3,-8.96,-6.27,-8.18,8.0,1.54,14.0,0.1,0.0,0.0,2.61,1.08,8.0,1.51,14.0,0.1,1013.3,1013.65,1014.19,1013.73,8.0,0.46,14.0,0.1,,,,,,,,,,,,,,,,,,,,,,,,,,,,,,,,,,,,,,,,,,,,,,,,,,,,,,,,,,,,,,,,,,,,,,,,,,,,,,,,,,,,,,,,,,,,,,,,,,,,,,,,,,,,,,,,,,,,,,,,,,,,,,,,,,
1907,7,320.4,8.3,,,,,,,,,,,,,,,,,,,,,,,,,,,,,,,,,,,6.7,6.7,6.7,6.7,2.0,0.0,14.0,0.5,-5.94,-5.45,-4.96,-5.45,2.0,1.01,14.0,0.5,-3.57,-1.06,1.45,-1.06,2.0,5.2,14.0,0.5,1013.62,1014.1,1014.58,1014.1,2.0,0.99,14.0,0.5,,,,,,,,,,,,,,,,,,,,,,,,,,,,,,,,,,,,,,,,,,,,,,,,,,,,,,,,,,,,,,,,,,,,,,,,,,,,,,,,,,,,,,,,,,,,,,,,,,,,,,,,,,,,,,,,,,,,,,,,,,,,,,,,,,
1907,7,320.4,10.3,,,,,,,,,,,,,,,,,,,,,,,,,,,,,,,,,,,4.6,4.6,4.7,4.9,7.0,0.79,18.0,0.4,-4.67,-4.27,-3.25,-4.15,7.0,1.06,18.0,0.4,-3.25,-1.72,0.13,-1.51,7.0,2.18,18.0,0.4,1013.43,1014.1,1014.71,1014.04,5.0,0.81,18.0,0.4,,,,,,,,,,,,,,,,,,,,,,,,,,,,,,,,,,,,,,,,,,,,,,,,,,,,,,,,,,,,,,,,,,,,,,,,,,,,,,,,,,,,,,,,,,,,,,,,,,,,,,,,,,,,,,,,,,,,,,,,,,,,,,,,,,
1907,7,320.4,24.3,,,,,,,,,,,,,,,,,,,,,,,,,,,,,,,,,,,0.7,4.6,4.6,3.13,9.0,1.97,14.0,0.4,-4.6,-4.23,-0.5,-2.99,9.0,1.98,14.0,0.4,0.0,0.0,1.59,0.52,9.0,0.81,14.0,0.4,1021.78,1021.85,1023.74,1022.47,6.0,1.04,10.0,0.3,,,,,,,,,,,,,,,,,,,,,,,,,,,,,,,,,,,,,,,,,,,,,,,,,,,,,,,,,,,,,,,,,,,,,,,,,,,,,,,,,,,,,,,,,,,,,,,,,,,,,,,,,,,,,,,,,,,,,,,,,,,,,,,,,,
1907,7,320.4,26.3,,,,,,,,,,,,,,,,,,,,,,,,,,,,,,,,,,,2.48,2.6,4.6,2.8,7.0,1.55,16.0,0.4,-4.6,-2.39,-1.75,-2.63,7.0,1.6,16.0,0.4,0.0,0.0,1.06,0.55,7.0,0.74,16.0,0.4,1022.32,1022.65,1024.14,1023.07,6.0,1.05,14.0,0.5,,,,,,,,,,,,,,,,,,,,,,,,,,,,,,,,,,,,,,,,,,,,,,,,,,,,,,,,,,,,,,,,,,,,,,,,,,,,,,,,,,,,,,,,,,,,,,,,,,,,,,,,,,,,,,,,,,,,,,,,,,,,,,,,,,
1907,7,320.4,32.3,,,,,,,,,,,,,,,,,,,,,,,,,,,,,,,,,,,1.94,2.6,9.3,4.42,11.0,3.53,16.0,0.6,1.01,1.84,9.3,3.89,11.0,3.67,16.0,0.6,0.0,0.0,2.07,0.82,11.0,1.76,16.0,0.6,1024.46,1024.6,1024.87,1024.67,3.0,0.31,24.0,0.3,,,,,,,,,,,,,,,,,,,,,,,,,,,,,,,,,,,,,,,,,,,,,,,,,,,,,,,,,,,,,,,,,,,,,,,,,,,,,,,,,,,,,,,,,,,,,,,,,,,,,,,,,,,,,,,,,,,,,,,,,,,,,,,,,,
1907,7,320.4,34.3,,,,,,,,,,,,,,,,,,,,,,,,,,,,,,,,,,,5.27,6.7,6.7,6.0,3.0,1.21,8.0,0.3,-1.79,0.0,4.24,1.2,3.0,4.54,8.0,0.3,3.17,4.6,5.67,4.43,3.0,1.83,8.0,0.3,1017.16,1017.3,1017.44,1017.3,2.0,0.28,4.0,0.0,,,,,,,,,,,,,,,,,,,,,,,,,,,,,,,,,,,,,,,,,,,,,,,,,,,,,,,,,,,,,,,,,,,,,,,,,,,,,,,,,,,,,,,,,,,,,,,,,,,,,,,,,,,,,,,,,,,,,,,,,,,,,,,,,,
1907,7,320.4,36.3,,,,,,,,,,,,,,,,,,,,,,,,,,,,,,,,,,,1.69,4.6,6.7,4.21,10.0,2.35,12.0,0.5,0.0,0.35,2.98,0.98,10.0,2.06,12.0,0.5,-2.16,3.5,5.5,1.99,10.0,3.94,12.0,0.5,1016.23,1016.3,1016.37,1016.3,2.0,0.14,6.0,0.0,,,,,,,,,,,,,,,,,,,,,,,,,,,,,,,,,,,,,,,,,,,,,,,,,,,,,,,,,,,,,,,,,,,,,,,,,,,,,,,,,,,,,,,,,,,,,,,,,,,,,,,,,,,,,,,,,,,,,,,,,,,,,,,,,,
1907,7,320.4,42.3,,,,,,,,,,,,,,,,,,,,,,,,,,,,,,,,,,,2.6,4.6,8.4,5.31,41.0,2.56,16.0,0.7,-4.23,-1.8,6.21,0.43,41.0,4.94,16.0,0.7,-1.72,1.72,4.56,1.22,41.0,3.06,16.0,0.7,1014.0,1017.0,1019.0,1017.0,9.0,4.18,16.0,0.6,,,,,,,,,,,,,,,,,,,,,,,,,,,,,,,,,,,,,,,,,,,,,,,,,,,,,,,,,,,,,,,,,,,,,,,,,,,,,,,,,,,,,,,,,,,,,,,,,,,,,,,,,,,,,,,,,,,,,,,,,,,,,,,,,,
1907,7,320.4,44.3,,,,,,,,,,,,,,,,,,,,,,,,,,,,,,,,,,,2.6,4.6,9.3,5.39,98.0,3.36,18.0,0.6,-4.23,0.0,6.17,0.6,98.0,4.83,18.0,0.6,-1.04,1.84,4.69,2.03,98.0,3.58,18.0,0.6,1008.0,1014.45,1021.73,1015.09,32.0,7.34,18.0,0.6,,,,,,,,,,,,,,,,,,,,,,,,,,,,,,,,,,,,,,,,,,,,,,,,,,,,,,,,,,,,,,,,,,,,,,,,,,,,,,,,,,,,,,,,,,,,,,,,,,,,,,,,,,,,,,,,,,,,,,,,,,,,,,,,,,
1907,7,320.4,46.3,,,,,,,,,,,,,,,,,,,,,,,,,,,,,,,,,,,3.58,9.3,13.88,8.73,23.0,4.36,16.0,0.6,-1.41,3.63,6.18,3.02,23.0,5.58,16.0,0.6,-8.85,1.84,6.58,-0.11,23.0,7.61,16.0,0.6,994.93,1011.3,1021.8,1009.43,9.0,12.01,16.0,0.6,,,,,,,,,,,,,,,,,,,,,,,,,,,,,,,,,,,,,,,,,,,,,,,,,,,,,,,,,,,,,,,,,,,,,,,,,,,,,,,,,,,,,,,,,,,,,,,,,,,,,,,,,,,,,,,,,,,,,,,,,,,,,,,,,,
1907,7,320.4,48.3,,,,,,,,,,,,,,,,,,,,,,,,,,,,,,,,,,,0.95,1.0,6.82,3.09,7.0,3.52,24.0,0.4,-2.6,-0.37,0.02,-0.8,7.0,1.26,24.0,0.4,-6.32,-0.92,0.0,-2.61,7.0,3.64,24.0,0.4,1010.56,1012.4,1016.22,1013.37,3.0,4.23,20.0,0.7,,,,,,,,,,,,,,,,,,,,,,,,,,,,,,,,,,,,,,,,,,,,,,,,,,,,,,,,,,,,,,,,,,,,,,,,,,,,,,,,,,,,,,,,,,,,,,,,,,,,,,,,,,,,,,,,,,,,,,,,,,,,,,,,,,
1907,7,320.4,50.3,,,,,,,,,,,,,,,,,,,,,,,,,,,,,,,,,,,1.0,1.0,1.0,1.0,1.0,0.0,22.0,1.0,-0.93,-0.93,-0.93,-0.93,1.0,0.0,22.0,1.0,-0.37,-0.37,-0.37,-0.37,1.0,0.0,22.0,1.0,1018.3,1018.3,1018.3,1018.3,1.0,0.0,22.0,1.0,,,,,,,,,,,,,,,,,,,,,,,,,,,,,,,,,,,,,,,,,,,,,,,,,,,,,,,,,,,,,,,,,,,,,,,,,,,,,,,,,,,,,,,,,,,,,,,,,,,,,,,,,,,,,,,,,,,,,,,,,,,,,,,,,,
1907,7,322.4,-39.7,,,,,,,,,,,,,,,,,,,,,,,,,,,,,,,,,,,22.6,22.6,22.6,22.6,2.0,0.0,26.0,0.5,22.6,22.6,22.6,22.6,2.0,0.0,26.0,0.5,0.0,0.0,0.0,0.0,2.0,0.0,26.0,0.5,1001.14,1002.3,1002.37,1001.77,3.0,1.01,26.0,0.7,,,,,,,,,,,,,,,,,,,,,,,,,,,,,,,,,,,,,,,,,,,,,,,,,,,,,,,,,,,,,,,,,,,,,,,,,,,,,,,,,,,,,,,,,,,,,,,,,,,,,,,,,,,,,,,,,,,,,,,,,,,,,,,,,,
1907,7,322.4,-37.7,,,,,,,,,,,,,,,,,,,,,,,,,,,,,,,,,,,15.4,15.4,15.4,15.4,1.0,0.0,28.0,0.0,14.28,14.28,14.28,14.28,1.0,0.0,28.0,0.0,5.77,5.77,5.77,5.77,1.0,0.0,28.0,0.0,999.6,999.6,999.6,999.6,1.0,0.0,28.0,0.0,,,,,,,,,,,,,,,,,,,,,,,,,,,,,,,,,,,,,,,,,,,,,,,,,,,,,,,,,,,,,,,,,,,,,,,,,,,,,,,,,,,,,,,,,,,,,,,,,,,,,,,,,,,,,,,,,,,,,,,,,,,,,,,,,,
1907,7,322.4,-25.7,,,,,,,,,,,,,,,,,,,,,,,,,,,,,,,,,,,4.6,4.6,4.6,4.6,2.0,0.0,18.0,0.0,1.97,2.49,3.01,2.49,2.0,1.08,18.0,0.0,-4.1,-3.76,-3.41,-3.76,2.0,0.72,18.0,0.0,1018.6,1018.6,1018.6,1018.6,1.0,0.0,18.0,0.0,,,,,,,,,,,,,,,,,,,,,,,,,,,,,,,,,,,,,,,,,,,,,,,,,,,,,,,,,,,,,,,,,,,,,,,,,,,,,,,,,,,,,,,,,,,,,,,,,,,,,,,,,,,,,,,,,,,,,,,,,,,,,,,,,,
1907,7,322.4,-23.7,,,,,,,,,,,,,,,,,,,,,,,,,,,,,,,,,,,1.0,4.6,9.3,5.06,30.0,3.71,22.0,0.5,0.0,1.78,5.0,1.82,30.0,3.25,22.0,0.5,-6.58,-1.84,0.15,-3.06,30.0,4.07,22.0,0.5,1014.93,1016.1,1018.01,1016.46,24.0,1.65,24.0,0.5,,,,,,,,,,,,,,,,,,,,,,,,,,,,,,,,,,,,,,,,,,,,,,,,,,,,,,,,,,,,,,,,,,,,,,,,,,,,,,,,,,,,,,,,,,,,,,,,,,,,,,,,,,,,,,,,,,,,,,,,,,,,,,,,,,
1907,7,322.4,-21.7,,,,,,,,,,,,,,,,,,,,,,,,,,,,,,,,,,,2.6,4.6,9.22,5.21,39.0,2.94,22.0,0.4,-3.62,0.0,1.84,-1.02,39.0,3.18,22.0,0.4,-6.7,-3.25,-1.04,-3.91,39.0,3.1,22.0,0.4,1015.62,1016.4,1020.82,1017.68,29.0,2.34,22.0,0.4,,,,,,,,,,,,,,,,,,,,,,,,,,,,,,,,,,,,,,,,,,,,,,,,,,,,,,,,,,,,,,,,,,,,,,,,,,,,,,,,,,,,,,,,,,,,,,,,,,,,,,,,,,,,,,,,,,,,,,,,,,,,,,,,,,
1907,7,322.4,-19.7,,,,,,,,,,,,,,,,,,,,,,,,,,,,,,,,,,,2.6,4.6,9.3,6.25,49.0,3.44,22.0,0.5,-4.74,-3.25,0.0,-3.0,49.0,2.35,22.0,0.5,-3.63,0.0,5.3,0.8,49.0,6.03,22.0,0.5,1015.44,1017.1,1022.56,1018.58,46.0,3.45,24.0,0.5,,,,,,,,,,,,,,,,,,,,,,,,,,,,,,,,,,,,,,,,,,,,,,,,,,,,,,,,,,,,,,,,,,,,,,,,,,,,,,,,,,,,,,,,,,,,,,,,,,,,,,,,,,,,,,,,,,,,,,,,,,,,,,,,,,
1907,7,322.4,-17.7,,,,,,,,,,,,,,,,,,,,,,,,,,,,,,,,,,,2.6,4.6,6.7,4.16,118.0,2.47,16.0,0.4,-4.6,-2.6,-0.22,-2.76,118.0,2.16,16.0,0.4,-2.89,0.0,3.25,0.21,118.0,3.33,16.0,0.4,1015.3,1017.2,1020.62,1017.83,51.0,2.29,18.0,0.6,,,,,,,,,,,,,,,,,,,,,,,,,,,,,,,,,,,,,,,,,,,,,,,,,,,,,,,,,,,,,,,,,,,,,,,,,,,,,,,,,,,,,,,,,,,,,,,,,,,,,,,,,,,,,,,,,,,,,,,,,,,,,,,,,,
1907,7,322.4,-15.7,,,,,,,,,,,,,,,,,,,,,,,,,,,,,,,,,,,2.6,4.6,6.7,4.91,146.0,2.63,14.0,0.5,-6.15,-4.23,-1.84,-3.79,146.0,1.87,14.0,0.5,-1.02,0.97,4.74,1.71,146.0,3.21,14.0,0.5,1016.23,1018.2,1020.24,1018.17,47.0,1.93,14.0,0.4,,,,,,,,,,,,,,,,,,,,,,,,,,,,,,,,,,,,,,,,,,,,,,,,,,,,,,,,,,,,,,,,,,,,,,,,,,,,,,,,,,,,,,,,,,,,,,,,,,,,,,,,,,,,,,,,,,,,,,,,,,,,,,,,,,
1907,7,322.4,-13.7,,,,,,,,,,,,,,,,,,,,,,,,,,,,,,,,,,,2.6,4.6,9.3,5.93,80.0,2.99,14.0,0.4,-6.58,-4.27,-2.4,-4.31,80.0,2.43,14.0,0.4,0.0,2.51,6.58,2.87,80.0,3.39,14.0,0.4,1015.31,1017.1,1019.9,1017.61,20.0,2.0,16.0,0.6,,,,,,,,,,,,,,,,,,,,,,,,,,,,,,,,,,,,,,,,,,,,,,,,,,,,,,,,,,,,,,,,,,,,,,,,,,,,,,,,,,,,,,,,,,,,,,,,,,,,,,,,,,,,,,,,,,,,,,,,,,,,,,,,,,
1907,7,322.4,-11.7,,,,,,,,,,,,,,,,,,,,,,,,,,,,,,,,,,,4.6,6.7,9.3,6.04,30.0,2.15,18.0,0.8,-6.21,-4.27,-2.18,-4.46,30.0,2.44,18.0,0.8,1.72,2.51,5.31,3.17,30.0,2.35,18.0,0.8,1015.23,1016.2,1017.73,1016.41,10.0,1.26,16.0,0.8,,,,,,,,,,,,,,,,,,,,,,,,,,,,,,,,,,,,,,,,,,,,,,,,,,,,,,,,,,,,,,,,,,,,,,,,,,,,,,,,,,,,,,,,,,,,,,,,,,,,,,,,,,,,,,,,,,,,,,,,,,,,,,,,,,
1907,7,322.4,10.3,,,,,,,,,,,,,,,,,,,,,,,,,,,,,,,,,,,4.6,4.6,4.6,4.81,10.0,0.66,18.0,0.4,-4.6,-4.27,-3.69,-4.18,10.0,0.52,18.0,0.4,-3.25,-1.72,-0.74,-1.99,10.0,1.45,18.0,0.4,1014.28,1014.75,1015.47,1014.9,6.0,0.93,14.0,0.5,,,,,,,,,,,,,,,,,,,,,,,,,,,,,,,,,,,,,,,,,,,,,,,,,,,,,,,,,,,,,,,,,,,,,,,,,,,,,,,,,,,,,,,,,,,,,,,,,,,,,,,,,,,,,,,,,,,,,,,,,,,,,,,,,,
1907,7,322.4,12.3,,,,,,,,,,,,,,,,,,,,,,,,,,,,,,,,,,,4.6,6.7,6.7,5.5,10.0,1.87,20.0,0.6,-5.56,-4.74,-3.83,-4.44,10.0,1.55,20.0,0.6,-4.74,-1.63,1.8,-1.63,10.0,3.13,20.0,0.6,1015.19,1016.0,1016.82,1015.92,6.0,0.94,16.0,0.3,,,,,,,,,,,,,,,,,,,,,,,,,,,,,,,,,,,,,,,,,,,,,,,,,,,,,,,,,,,,,,,,,,,,,,,,,,,,,,,,,,,,,,,,,,,,,,,,,,,,,,,,,,,,,,,,,,,,,,,,,,,,,,,,,,
1907,7,322.4,26.3,,,,,,,,,,,,,,,,,,,,,,,,,,,,,,,,,,,1.0,2.6,4.06,2.33,9.0,1.48,14.0,0.7,-3.08,0.0,0.52,-0.81,9.0,1.82,14.0,0.7,0.71,1.0,3.08,1.6,9.0,1.19,14.0,0.7,1023.16,1023.55,1024.02,1023.57,6.0,0.43,10.0,0.7,,,,,,,,,,,,,,,,,,,,,,,,,,,,,,,,,,,,,,,,,,,,,,,,,,,,,,,,,,,,,,,,,,,,,,,,,,,,,,,,,,,,,,,,,,,,,,,,,,,,,,,,,,,,,,,,,,,,,,,,,,,,,,,,,,
1907,7,322.4,28.3,,,,,,,,,,,,,,,,,,,,,,,,,,,,,,,,,,,0.0,0.0,1.74,0.93,6.0,1.84,18.0,0.7,-0.36,0.0,0.0,-0.29,6.0,0.7,18.0,0.7,0.0,0.0,1.67,0.88,6.0,1.71,18.0,0.7,1021.49,1023.1,1024.32,1022.96,7.0,1.36,14.0,0.4,,,,,,,,,,,,,,,,,,,,,,,,,,,,,,,,,,,,,,,,,,,,,,,,,,,,,,,,,,,,,,,,,,,,,,,,,,,,,,,,,,,,,,,,,,,,,,,,,,,,,,,,,,,,,,,,,,,,,,,,,,,,,,,,,,
1907,7,322.4,32.3,,,,,,,,,,,,,,,,,,,,,,,,,,,,,,,,,,,2.6,4.6,6.7,4.43,15.0,2.82,16.0,0.5,0.78,2.39,5.89,3.13,15.0,2.57,16.0,0.5,-1.66,2.39,4.07,1.43,15.0,3.11,16.0,0.5,1025.24,1025.6,1025.9,1025.58,4.0,0.4,24.0,0.5,,,,,,,,,,,,,,,,,,,,,,,,,,,,,,,,,,,,,,,,,,,,,,,,,,,,,,,,,,,,,,,,,,,,,,,,,,,,,,,,,,,,,,,,,,,,,,,,,,,,,,,,,,,,,,,,,,,,,,,,,,,,,,,,,,
1907,7,322.4,34.3,,,,,,,,,,,,,,,,,,,,,,,,,,,,,,,,,,,2.81,6.7,6.7,4.8,3.0,3.29,12.0,0.0,-1.56,0.71,3.46,0.94,3.0,3.68,12.0,0.0,1.99,4.74,5.71,3.87,3.0,2.83,12.0,0.0,1016.6,1016.6,1016.6,1016.6,1.0,0.0,6.0,0.0,,,,,,,,,,,,,,,,,,,,,,,,,,,,,,,,,,,,,,,,,,,,,,,,,,,,,,,,,,,,,,,,,,,,,,,,,,,,,,,,,,,,,,,,,,,,,,,,,,,,,,,,,,,,,,,,,,,,,,,,,,,,,,,,,,
1907,7,322.4,36.3,,,,,,,,,,,,,,,,,,,,,,,,,,,,,,,,,,,2.6,6.7,9.8,6.29,14.0,3.88,12.0,0.5,-3.05,0.0,4.5,0.15,14.0,3.77,12.0,0.5,-4.6,2.39,9.75,2.6,14.0,6.01,12.0,0.5,1016.69,1017.55,1018.73,1017.7,4.0,1.28,10.0,1.0,,,,,,,,,,,,,,,,,,,,,,,,,,,,,,,,,,,,,,,,,,,,,,,,,,,,,,,,,,,,,,,,,,,,,,,,,,,,,,,,,,,,,,,,,,,,,,,,,,,,,,,,,,,,,,,,,,,,,,,,,,,,,,,,,,
1907,7,322.4,42.3,,,,,,,,,,,,,,,,,,,,,,,,,,,,,,,,,,,2.6,5.65,6.7,4.9,8.0,3.02,20.0,0.3,-2.35,-0.9,3.52,0.49,8.0,3.28,20.0,0.3,0.11,3.04,6.21,3.18,8.0,3.73,20.0,0.3,1014.0,1014.0,1014.0,1014.0,1.0,0.0,28.0,0.0,,,,,,,,,,,,,,,,,,,,,,,,,,,,,,,,,,,,,,,,,,,,,,,,,,,,,,,,,,,,,,,,,,,,,,,,,,,,,,,,,,,,,,,,,,,,,,,,,,,,,,,,,,,,,,,,,,,,,,,,,,,,,,,,,,
1907,7,322.4,44.3,,,,,,,,,,,,,,,,,,,,,,,,,,,,,,,,,,,2.6,4.6,9.3,5.25,112.0,3.25,16.0,0.7,-4.74,0.0,4.74,-0.17,112.0,5.0,16.0,0.7,-1.84,0.0,3.86,1.1,112.0,3.48,16.0,0.7,1011.01,1019.0,1025.47,1018.05,28.0,8.03,14.0,0.8,,,,,,,,,,,,,,,,,,,,,,,,,,,,,,,,,,,,,,,,,,,,,,,,,,,,,,,,,,,,,,,,,,,,,,,,,,,,,,,,,,,,,,,,,,,,,,,,,,,,,,,,,,,,,,,,,,,,,,,,,,,,,,,,,,
1907,7,322.4,46.3,,,,,,,,,,,,,,,,,,,,,,,,,,,,,,,,,,,2.6,6.7,9.3,6.05,19.0,3.01,16.0,0.7,-2.25,3.48,6.17,1.93,19.0,4.39,16.0,0.7,-2.62,0.93,8.62,1.94,19.0,4.53,16.0,0.7,1014.49,1017.8,1023.64,1017.15,10.0,8.04,12.0,0.8,,,,,,,,,,,,,,,,,,,,,,,,,,,,,,,,,,,,,,,,,,,,,,,,,,,,,,,,,,,,,,,,,,,,,,,,,,,,,,,,,,,,,,,,,,,,,,,,,,,,,,,,,,,,,,,,,,,,,,,,,,,,,,,,,,
1907,7,322.4,48.3,,,,,,,,,,,,,,,,,,,,,,,,,,,,,,,,,,,2.73,5.65,12.11,6.94,14.0,4.58,16.0,0.7,0.0,4.43,8.41,3.91,14.0,5.2,16.0,0.7,-5.94,0.0,1.66,-1.93,14.0,5.02,16.0,0.7,1001.62,1005.25,1013.38,1007.4,4.0,8.26,22.0,0.5,,,,,,,,,,,,,,,,,,,,,,,,,,,,,,,,,,,,,,,,,,,,,,,,,,,,,,,,,,,,,,,,,,,,,,,,,,,,,,,,,,,,,,,,,,,,,,,,,,,,,,,,,,,,,,,,,,,,,,,,,,,,,,,,,,
1907,7,322.4,50.3,,,,,,,,,,,,,,,,,,,,,,,,,,,,,,,,,,,2.6,2.6,2.6,2.6,5.0,0.0,24.0,0.6,-2.12,0.0,1.32,-0.32,5.0,1.87,24.0,0.6,1.17,1.84,2.47,1.73,5.0,1.03,24.0,0.6,1016.99,1017.4,1017.95,1017.47,3.0,0.7,22.0,0.3,,,,,,,,,,,,,,,,,,,,,,,,,,,,,,,,,,,,,,,,,,,,,,,,,,,,,,,,,,,,,,,,,,,,,,,,,,,,,,,,,,,,,,,,,,,,,,,,,,,,,,,,,,,,,,,,,,,,,,,,,,,,,,,,,,
1907,7,324.4,-37.7,,,,,,,,,,,,,,,,,,,,,,,,,,,,,,,,,,,12.22,15.4,22.6,16.54,5.0,6.57,24.0,0.8,8.64,10.89,15.98,11.7,5.0,4.65,24.0,0.8,5.18,10.89,15.98,9.8,5.0,8.52,24.0,0.8,1001.15,1004.1,1005.95,1003.58,4.0,3.27,28.0,0.8,,,,,,,,,,,,,,,,,,,,,,,,,,,,,,,,,,,,,,,,,,,,,,,,,,,,,,,,,,,,,,,,,,,,,,,,,,,,,,,,,,,,,,,,,,,,,,,,,,,,,,,,,,,,,,,,,,,,,,,,,,,,,,,,,,
1907,7,324.4,-21.7,,,,,,,,,,,,,,,,,,,,,,,,,,,,,,,,,,,5.93,6.7,9.3,7.32,5.0,2.0,18.0,0.2,-6.58,-4.74,-4.2,-5.18,5.0,1.41,18.0,0.2,-6.58,-4.74,-4.2,-5.18,5.0,1.41,18.0,0.2,1023.0,1023.0,1023.0,1023.0,1.0,0.0,26.0,0.0,,,,,,,,,,,,,,,,,,,,,,,,,,,,,,,,,,,,,,,,,,,,,,,,,,,,,,,,,,,,,,,,,,,,,,,,,,,,,,,,,,,,,,,,,,,,,,,,,,,,,,,,,,,,,,,,,,,,,,,,,,,,,,,,,,
1907,7,324.4,-19.7,,,,,,,,,,,,,,,,,,,,,,,,,,,,,,,,,,,4.6,4.6,6.7,5.6,22.0,1.52,20.0,0.5,-6.17,-4.23,-2.07,-4.28,22.0,1.79,20.0,0.5,-4.23,0.9,3.3,-0.01,22.0,3.57,20.0,0.5,1016.88,1020.05,1023.5,1020.06,16.0,3.38,22.0,0.4,,,,,,,,,,,,,,,,,,,,,,,,,,,,,,,,,,,,,,,,,,,,,,,,,,,,,,,,,,,,,,,,,,,,,,,,,,,,,,,,,,,,,,,,,,,,,,,,,,,,,,,,,,,,,,,,,,,,,,,,,,,,,,,,,,
1907,7,324.4,-17.7,,,,,,,,,,,,,,,,,,,,,,,,,,,,,,,,,,,2.6,4.6,6.7,4.61,45.0,2.76,16.0,0.6,-6.17,-2.6,-0.92,-3.12,45.0,2.18,16.0,0.6,-0.01,0.97,6.21,1.93,45.0,3.29,16.0,0.6,1016.1,1016.8,1021.04,1017.9,25.0,2.44,14.0,0.6,,,,,,,,,,,,,,,,,,,,,,,,,,,,,,,,,,,,,,,,,,,,,,,,,,,,,,,,,,,,,,,,,,,,,,,,,,,,,,,,,,,,,,,,,,,,,,,,,,,,,,,,,,,,,,,,,,,,,,,,,,,,,,,,,,
1907,7,324.4,-15.7,,,,,,,,,,,,,,,,,,,,,,,,,,,,,,,,,,,2.6,4.6,6.7,5.01,37.0,2.15,18.0,0.5,-6.17,-4.23,-1.72,-4.01,37.0,2.14,18.0,0.5,0.0,2.41,4.4,2.14,37.0,2.15,18.0,0.5,1015.97,1020.7,1021.47,1019.5,22.0,2.6,18.0,0.5,,,,,,,,,,,,,,,,,,,,,,,,,,,,,,,,,,,,,,,,,,,,,,,,,,,,,,,,,,,,,,,,,,,,,,,,,,,,,,,,,,,,,,,,,,,,,,,,,,,,,,,,,,,,,,,,,,,,,,,,,,,,,,,,,,
1907,7,324.4,-13.7,,,,,,,,,,,,,,,,,,,,,,,,,,,,,,,,,,,4.6,4.6,7.9,5.89,80.0,2.62,14.0,0.6,-6.7,-4.27,-2.15,-4.53,80.0,2.56,14.0,0.6,0.0,2.45,4.74,2.09,80.0,3.21,14.0,0.6,1014.6,1018.1,1019.21,1017.3,26.0,2.2,14.0,0.5,,,,,,,,,,,,,,,,,,,,,,,,,,,,,,,,,,,,,,,,,,,,,,,,,,,,,,,,,,,,,,,,,,,,,,,,,,,,,,,,,,,,,,,,,,,,,,,,,,,,,,,,,,,,,,,,,,,,,,,,,,,,,,,,,,
1907,7,324.4,-11.7,,,,,,,,,,,,,,,,,,,,,,,,,,,,,,,,,,,2.81,4.6,6.7,5.61,134.0,2.55,14.0,0.5,-6.21,-4.25,-1.84,-4.26,134.0,2.48,14.0,0.5,0.0,2.51,4.74,2.77,134.0,2.46,14.0,0.5,1014.75,1016.45,1018.08,1016.36,34.0,1.84,12.0,0.5,,,,,,,,,,,,,,,,,,,,,,,,,,,,,,,,,,,,,,,,,,,,,,,,,,,,,,,,,,,,,,,,,,,,,,,,,,,,,,,,,,,,,,,,,,,,,,,,,,,,,,,,,,,,,,,,,,,,,,,,,,,,,,,,,,
1907,7,324.4,-9.7,,,,,,,,,,,,,,,,,,,,,,,,,,,,,,,,,,,2.6,4.6,6.7,5.12,130.0,2.51,14.0,0.5,-4.74,-3.25,-1.02,-3.31,130.0,2.35,14.0,0.5,0.0,3.25,6.17,3.12,130.0,2.52,14.0,0.5,1014.1,1016.0,1017.73,1015.99,38.0,1.92,14.0,0.4,,,,,,,,,,,,,,,,,,,,,,,,,,,,,,,,,,,,,,,,,,,,,,,,,,,,,,,,,,,,,,,,,,,,,,,,,,,,,,,,,,,,,,,,,,,,,,,,,,,,,,,,,,,,,,,,,,,,,,,,,,,,,,,,,,
1907,7,324.4,-7.7,,,,,,,,,,,,,,,,,,,,,,,,,,,,,,,,,,,2.6,4.6,9.3,5.43,38.0,2.32,14.0,0.4,-4.93,-3.25,-1.83,-3.45,38.0,2.12,14.0,0.4,0.0,3.25,6.26,3.22,38.0,2.89,14.0,0.4,1014.08,1015.4,1018.63,1015.91,7.0,2.25,8.0,0.4,,,,,,,,,,,,,,,,,,,,,,,,,,,,,,,,,,,,,,,,,,,,,,,,,,,,,,,,,,,,,,,,,,,,,,,,,,,,,,,,,,,,,,,,,,,,,,,,,,,,,,,,,,,,,,,,,,,,,,,,,,,,,,,,,,
1907,7,324.4,12.3,,,,,,,,,,,,,,,,,,,,,,,,,,,,,,,,,,,4.6,5.65,6.7,5.65,8.0,1.12,20.0,0.4,-4.74,-4.5,-3.36,-4.49,8.0,1.08,20.0,0.4,-4.74,-3.25,-1.72,-3.02,8.0,1.75,20.0,0.4,1013.73,1014.85,1016.07,1014.9,4.0,1.41,10.0,0.5,,,,,,,,,,,,,,,,,,,,,,,,,,,,,,,,,,,,,,,,,,,,,,,,,,,,,,,,,,,,,,,,,,,,,,,,,,,,,,,,,,,,,,,,,,,,,,,,,,,,,,,,,,,,,,,,,,,,,,,,,,,,,,,,,,
1907,7,324.4,14.3,,,,,,,,,,,,,,,,,,,,,,,,,,,,,,,,,,,4.6,6.7,6.7,6.18,12.0,0.95,26.0,0.4,-5.24,-4.74,-4.23,-4.86,12.0,0.96,26.0,0.4,-4.74,-4.74,0.46,-2.74,12.0,2.77,26.0,0.4,1016.0,1016.5,1017.81,1016.78,5.0,1.09,28.0,0.4,,,,,,,,,,,,,,,,,,,,,,,,,,,,,,,,,,,,,,,,,,,,,,,,,,,,,,,,,,,,,,,,,,,,,,,,,,,,,,,,,,,,,,,,,,,,,,,,,,,,,,,,,,,,,,,,,,,,,,,,,,,,,,,,,,
1907,7,324.4,28.3,,,,,,,,,,,,,,,,,,,,,,,,,,,,,,,,,,,0.0,1.0,1.0,0.57,7.0,0.53,16.0,0.4,0.0,0.0,0.03,0.1,7.0,0.27,16.0,0.4,0.0,0.71,1.0,0.53,7.0,0.51,16.0,0.4,1021.86,1025.0,1025.85,1023.92,5.0,2.63,10.0,0.6,,,,,,,,,,,,,,,,,,,,,,,,,,,,,,,,,,,,,,,,,,,,,,,,,,,,,,,,,,,,,,,,,,,,,,,,,,,,,,,,,,,,,,,,,,,,,,,,,,,,,,,,,,,,,,,,,,,,,,,,,,,,,,,,,,
1907,7,324.4,30.3,,,,,,,,,,,,,,,,,,,,,,,,,,,,,,,,,,,0.0,0.0,3.33,1.44,5.0,2.09,22.0,0.4,0.0,0.0,1.68,0.92,5.0,2.06,22.0,0.4,0.0,0.0,0.95,0.52,5.0,1.16,22.0,0.4,1021.72,1022.7,1024.57,1023.13,6.0,1.8,16.0,0.5,,,,,,,,,,,,,,,,,,,,,,,,,,,,,,,,,,,,,,,,,,,,,,,,,,,,,,,,,,,,,,,,,,,,,,,,,,,,,,,,,,,,,,,,,,,,,,,,,,,,,,,,,,,,,,,,,,,,,,,,,,,,,,,,,,
1907,7,324.4,32.3,,,,,,,,,,,,,,,,,,,,,,,,,,,,,,,,,,,1.0,1.0,7.01,3.93,3.0,5.08,14.0,0.3,0.39,0.39,6.28,3.27,3.0,4.98,14.0,0.3,-2.32,0.92,0.92,-0.66,3.0,2.74,14.0,0.3,1026.6,1026.6,1026.6,1026.6,1.0,0.0,22.0,1.0,,,,,,,,,,,,,,,,,,,,,,,,,,,,,,,,,,,,,,,,,,,,,,,,,,,,,,,,,,,,,,,,,,,,,,,,,,,,,,,,,,,,,,,,,,,,,,,,,,,,,,,,,,,,,,,,,,,,,,,,,,,,,,,,,,
1907,7,324.4,34.3,,,,,,,,,,,,,,,,,,,,,,,,,,,,,,,,,,,1.0,6.7,9.3,5.95,13.0,3.34,16.0,0.6,0.0,4.74,6.58,3.97,13.0,3.04,16.0,0.6,-4.74,0.0,4.91,-0.18,13.0,4.81,16.0,0.6,1024.86,1025.2,1025.4,1025.13,3.0,0.4,22.0,0.3,,,,,,,,,,,,,,,,,,,,,,,,,,,,,,,,,,,,,,,,,,,,,,,,,,,,,,,,,,,,,,,,,,,,,,,,,,,,,,,,,,,,,,,,,,,,,,,,,,,,,,,,,,,,,,,,,,,,,,,,,,,,,,,,,,
1907,7,324.4,36.3,,,,,,,,,,,,,,,,,,,,,,,,,,,,,,,,,,,3.86,6.7,9.8,6.43,6.0,3.34,14.0,0.8,0.0,0.0,2.4,1.09,6.0,1.93,14.0,0.8,-4.34,2.85,9.8,2.72,6.0,6.84,14.0,0.8,1016.82,1017.95,1019.08,1017.95,2.0,2.33,16.0,1.0,,,,,,,,,,,,,,,,,,,,,,,,,,,,,,,,,,,,,,,,,,,,,,,,,,,,,,,,,,,,,,,,,,,,,,,,,,,,,,,,,,,,,,,,,,,,,,,,,,,,,,,,,,,,,,,,,,,,,,,,,,,,,,,,,,
1907,7,324.4,38.3,,,,,,,,,,,,,,,,,,,,,,,,,,,,,,,,,,,2.6,4.6,6.7,4.87,19.0,2.12,16.0,0.5,-1.74,1.8,4.6,1.49,19.0,3.03,16.0,0.5,0.0,1.84,4.82,2.13,19.0,3.62,16.0,0.5,1016.86,1018.5,1020.14,1018.5,2.0,3.39,16.0,0.5,,,,,,,,,,,,,,,,,,,,,,,,,,,,,,,,,,,,,,,,,,,,,,,,,,,,,,,,,,,,,,,,,,,,,,,,,,,,,,,,,,,,,,,,,,,,,,,,,,,,,,,,,,,,,,,,,,,,,,,,,,,,,,,,,,
1907,7,324.4,42.3,,,,,,,,,,,,,,,,,,,,,,,,,,,,,,,,,,,1.0,2.6,5.57,3.52,6.0,3.13,20.0,0.5,-0.83,0.5,2.66,0.68,6.0,2.2,20.0,0.5,-0.94,0.0,5.42,1.88,6.0,3.88,20.0,0.5,1013.0,1013.0,1013.0,1013.0,2.0,0.0,28.0,0.5,,,,,,,,,,,,,,,,,,,,,,,,,,,,,,,,,,,,,,,,,,,,,,,,,,,,,,,,,,,,,,,,,,,,,,,,,,,,,,,,,,,,,,,,,,,,,,,,,,,,,,,,,,,,,,,,,,,,,,,,,,,,,,,,,,
1907,7,324.4,44.3,,,,,,,,,,,,,,,,,,,,,,,,,,,,,,,,,,,2.11,4.6,6.7,5.1,81.0,3.0,16.0,0.5,-4.64,-0.97,4.27,-0.33,81.0,4.51,16.0,0.5,-2.54,0.71,4.27,0.68,81.0,3.79,16.0,0.5,1013.54,1020.6,1025.1,1020.33,19.0,7.61,16.0,0.5,,,,,,,,,,,,,,,,,,,,,,,,,,,,,,,,,,,,,,,,,,,,,,,,,,,,,,,,,,,,,,,,,,,,,,,,,,,,,,,,,,,,,,,,,,,,,,,,,,,,,,,,,,,,,,,,,,,,,,,,,,,,,,,,,,
1907,7,324.4,46.3,,,,,,,,,,,,,,,,,,,,,,,,,,,,,,,,,,,1.0,6.7,12.3,6.68,45.0,4.83,16.0,0.6,-0.92,1.0,8.62,2.76,45.0,5.73,16.0,0.6,-2.62,0.71,6.58,1.66,45.0,5.06,16.0,0.6,1007.79,1015.0,1019.85,1014.21,18.0,6.79,14.0,0.7,,,,,,,,,,,,,,,,,,,,,,,,,,,,,,,,,,,,,,,,,,,,,,,,,,,,,,,,,,,,,,,,,,,,,,,,,,,,,,,,,,,,,,,,,,,,,,,,,,,,,,,,,,,,,,,,,,,,,,,,,,,,,,,,,,
1907,7,324.4,48.3,,,,,,,,,,,,,,,,,,,,,,,,,,,,,,,,,,,4.09,5.65,12.3,7.91,12.0,4.62,18.0,0.5,1.34,3.76,12.3,5.82,12.0,6.21,18.0,0.5,0.0,1.35,4.36,1.74,12.0,3.29,18.0,0.5,1001.55,1004.5,1011.24,1006.5,5.0,7.65,20.0,0.8,,,,,,,,,,,,,,,,,,,,,,,,,,,,,,,,,,,,,,,,,,,,,,,,,,,,,,,,,,,,,,,,,,,,,,,,,,,,,,,,,,,,,,,,,,,,,,,,,,,,,,,,,,,,,,,,,,,,,,,,,,,,,,,,,,
1907,7,324.4,50.3,,,,,,,,,,,,,,,,,,,,,,,,,,,,,,,,,,,4.6,4.6,6.7,5.3,6.0,1.08,20.0,0.7,-1.72,0.0,0.87,0.13,6.0,2.18,20.0,0.7,3.01,4.43,6.7,4.12,6.0,3.12,20.0,0.7,1016.6,1016.6,1016.6,1016.6,1.0,0.0,20.0,1.0,,,,,,,,,,,,,,,,,,,,,,,,,,,,,,,,,,,,,,,,,,,,,,,,,,,,,,,,,,,,,,,,,,,,,,,,,,,,,,,,,,,,,,,,,,,,,,,,,,,,,,,,,,,,,,,,,,,,,,,,,,,,,,,,,,
1907,7,324.4,52.3,,,,,,,,,,,,,,,,,,,,,,,,,,,,,,,,,,,6.7,6.7,6.7,6.7,1.0,0.0,20.0,1.0,6.7,6.7,6.7,6.7,1.0,0.0,20.0,1.0,0.0,0.0,0.0,0.0,1.0,0.0,20.0,1.0,1014.4,1014.4,1014.4,1014.4,1.0,0.0,20.0,1.0,,,,,,,,,,,,,,,,,,,,,,,,,,,,,,,,,,,,,,,,,,,,,,,,,,,,,,,,,,,,,,,,,,,,,,,,,,,,,,,,,,,,,,,,,,,,,,,,,,,,,,,,,,,,,,,,,,,,,,,,,,,,,,,,,,
1907,7,326.4,-37.7,,,,,,,,,,,,,,,,,,,,,,,,,,,,,,,,,,,15.4,15.4,15.4,15.4,1.0,0.0,28.0,0.0,6.02,6.02,6.02,6.02,1.0,0.0,28.0,0.0,14.18,14.18,14.18,14.18,1.0,0.0,28.0,0.0,1009.1,1009.1,1009.1,1009.1,1.0,0.0,28.0,0.0,,,,,,,,,,,,,,,,,,,,,,,,,,,,,,,,,,,,,,,,,,,,,,,,,,,,,,,,,,,,,,,,,,,,,,,,,,,,,,,,,,,,,,,,,,,,,,,,,,,,,,,,,,,,,,,,,,,,,,,,,,,,,,,,,,
1907,7,326.4,-35.7,,,,,,,,,,,,,,,,,,,,,,,,,,,,,,,,,,,11.68,12.3,15.4,12.83,6.0,2.3,24.0,0.7,8.26,8.7,10.89,9.07,6.0,1.63,24.0,0.7,3.42,8.7,10.89,6.18,6.0,7.46,24.0,0.7,1011.62,1013.6,1014.8,1013.32,5.0,1.76,28.0,0.6,,,,,,,,,,,,,,,,,,,,,,,,,,,,,,,,,,,,,,,,,,,,,,,,,,,,,,,,,,,,,,,,,,,,,,,,,,,,,,,,,,,,,,,,,,,,,,,,,,,,,,,,,,,,,,,,,,,,,,,,,,,,,,,,,,
1907,7,326.4,-33.7,,,,,,,,,,,,,,,,,,,,,,,,,,,,,,,,,,,9.3,9.3,9.3,9.3,2.0,0.0,28.0,0.0,6.9,7.6,8.3,7.6,2.0,1.45,28.0,0.0,3.97,5.03,6.09,5.03,2.0,2.19,28.0,0.0,1015.34,1016.3,1017.26,1016.3,2.0,1.98,28.0,0.0,,,,,,,,,,,,,,,,,,,,,,,,,,,,,,,,,,,,,,,,,,,,,,,,,,,,,,,,,,,,,,,,,,,,,,,,,,,,,,,,,,,,,,,,,,,,,,,,,,,,,,,,,,,,,,,,,,,,,,,,,,,,,,,,,,
1907,7,326.4,-21.7,,,,,,,,,,,,,,,,,,,,,,,,,,,,,,,,,,,6.84,9.3,9.3,8.13,4.0,2.35,6.0,0.3,4.83,6.58,6.58,5.75,4.0,1.66,6.0,0.3,-6.58,-6.58,-4.83,-5.75,4.0,1.66,6.0,0.3,1015.3,1015.8,1016.95,1016.02,5.0,1.02,6.0,0.4,,,,,,,,,,,,,,,,,,,,,,,,,,,,,,,,,,,,,,,,,,,,,,,,,,,,,,,,,,,,,,,,,,,,,,,,,,,,,,,,,,,,,,,,,,,,,,,,,,,,,,,,,,,,,,,,,,,,,,,,,,,,,,,,,,
1907,7,326.4,-19.7,,,,,,,,,,,,,,,,,,,,,,,,,,,,,,,,,,,4.19,4.6,9.3,5.83,6.0,2.79,4.0,0.5,-4.6,-3.51,6.58,-0.51,6.0,5.55,4.0,0.5,-6.58,-0.49,0.0,-2.35,6.0,3.29,4.0,0.5,1016.49,1017.85,1018.32,1017.42,6.0,1.22,4.0,0.5,,,,,,,,,,,,,,,,,,,,,,,,,,,,,,,,,,,,,,,,,,,,,,,,,,,,,,,,,,,,,,,,,,,,,,,,,,,,,,,,,,,,,,,,,,,,,,,,,,,,,,,,,,,,,,,,,,,,,,,,,,,,,,,,,,
1907,7,326.4,-17.7,,,,,,,,,,,,,,,,,,,,,,,,,,,,,,,,,,,3.46,6.7,9.3,6.85,10.0,3.42,16.0,0.4,-8.19,-4.05,0.0,-4.01,10.0,3.88,16.0,0.4,0.0,1.8,7.8,3.49,10.0,4.17,16.0,0.4,1018.4,1020.35,1021.33,1020.07,10.0,1.73,16.0,0.4,,,,,,,,,,,,,,,,,,,,,,,,,,,,,,,,,,,,,,,,,,,,,,,,,,,,,,,,,,,,,,,,,,,,,,,,,,,,,,,,,,,,,,,,,,,,,,,,,,,,,,,,,,,,,,,,,,,,,,,,,,,,,,,,,,
1907,7,326.4,-15.7,,,,,,,,,,,,,,,,,,,,,,,,,,,,,,,,,,,4.54,6.7,9.3,6.18,26.0,2.26,16.0,0.6,-6.18,-3.48,-1.7,-4.03,26.0,2.59,16.0,0.6,0.0,2.62,6.29,3.63,26.0,2.74,16.0,0.6,1015.62,1018.95,1020.85,1018.32,18.0,2.47,18.0,0.6,,,,,,,,,,,,,,,,,,,,,,,,,,,,,,,,,,,,,,,,,,,,,,,,,,,,,,,,,,,,,,,,,,,,,,,,,,,,,,,,,,,,,,,,,,,,,,,,,,,,,,,,,,,,,,,,,,,,,,,,,,,,,,,,,,
1907,7,326.4,-13.7,,,,,,,,,,,,,,,,,,,,,,,,,,,,,,,,,,,4.6,6.7,9.3,6.69,37.0,2.12,16.0,0.5,-6.61,-4.74,-2.51,-4.57,37.0,2.36,16.0,0.5,0.66,4.74,6.21,4.13,37.0,2.43,16.0,0.5,1017.4,1019.6,1020.7,1018.98,24.0,2.07,16.0,0.5,,,,,,,,,,,,,,,,,,,,,,,,,,,,,,,,,,,,,,,,,,,,,,,,,,,,,,,,,,,,,,,,,,,,,,,,,,,,,,,,,,,,,,,,,,,,,,,,,,,,,,,,,,,,,,,,,,,,,,,,,,,,,,,,,,
1907,7,326.4,-11.7,,,,,,,,,,,,,,,,,,,,,,,,,,,,,,,,,,,4.6,6.7,9.3,6.74,37.0,3.06,12.0,0.5,-8.62,-4.74,-2.51,-5.1,37.0,2.8,12.0,0.5,0.0,3.25,6.58,3.63,37.0,2.81,12.0,0.5,1016.91,1018.75,1020.23,1018.54,18.0,1.88,12.0,0.5,,,,,,,,,,,,,,,,,,,,,,,,,,,,,,,,,,,,,,,,,,,,,,,,,,,,,,,,,,,,,,,,,,,,,,,,,,,,,,,,,,,,,,,,,,,,,,,,,,,,,,,,,,,,,,,,,,,,,,,,,,,,,,,,,,
1907,7,326.4,-9.7,,,,,,,,,,,,,,,,,,,,,,,,,,,,,,,,,,,4.6,6.7,9.3,6.47,55.0,2.29,12.0,0.6,-6.19,-4.6,-2.62,-4.48,55.0,2.06,12.0,0.6,1.8,2.62,6.34,3.91,55.0,2.77,12.0,0.6,1014.73,1015.6,1017.13,1015.81,22.0,1.32,8.0,0.5,,,,,,,,,,,,,,,,,,,,,,,,,,,,,,,,,,,,,,,,,,,,,,,,,,,,,,,,,,,,,,,,,,,,,,,,,,,,,,,,,,,,,,,,,,,,,,,,,,,,,,,,,,,,,,,,,,,,,,,,,,,,,,,,,,
1907,7,326.4,-7.7,,,,,,,,,,,,,,,,,,,,,,,,,,,,,,,,,,,4.6,4.6,7.37,5.92,138.0,2.42,14.0,0.5,-6.58,-4.23,-2.41,-4.29,138.0,2.32,14.0,0.5,1.72,3.25,4.74,3.56,138.0,2.11,14.0,0.5,1013.6,1015.1,1017.22,1015.25,44.0,1.71,12.0,0.5,,,,,,,,,,,,,,,,,,,,,,,,,,,,,,,,,,,,,,,,,,,,,,,,,,,,,,,,,,,,,,,,,,,,,,,,,,,,,,,,,,,,,,,,,,,,,,,,,,,,,,,,,,,,,,,,,,,,,,,,,,,,,,,,,,
1907,7,326.4,-5.7,,,,,,,,,,,,,,,,,,,,,,,,,,,,,,,,,,,4.6,6.7,9.3,6.46,148.0,2.21,14.0,0.5,-6.58,-4.74,-2.83,-4.91,148.0,2.11,14.0,0.5,1.75,4.23,5.72,3.79,148.0,1.94,14.0,0.5,1013.1,1014.4,1017.5,1014.88,39.0,2.22,12.0,0.6,,,,,,,,,,,,,,,,,,,,,,,,,,,,,,,,,,,,,,,,,,,,,,,,,,,,,,,,,,,,,,,,,,,,,,,,,,,,,,,,,,,,,,,,,,,,,,,,,,,,,,,,,,,,,,,,,,,,,,,,,,,,,,,,,,
1907,7,326.4,-3.7,,,,,,,,,,,,,,,,,,,,,,,,,,,,,,,,,,,4.6,6.7,9.3,6.68,91.0,2.14,14.0,0.5,-6.58,-4.74,-3.25,-5.16,91.0,1.94,14.0,0.5,1.76,3.25,4.74,3.77,91.0,2.14,14.0,0.5,1012.5,1013.7,1017.41,1014.54,29.0,2.39,12.0,0.4,,,,,,,,,,,,,,,,,,,,,,,,,,,,,,,,,,,,,,,,,,,,,,,,,,,,,,,,,,,,,,,,,,,,,,,,,,,,,,,,,,,,,,,,,,,,,,,,,,,,,,,,,,,,,,,,,,,,,,,,,,,,,,,,,,
1907,7,326.4,-1.7,,,,,,,,,,,,,,,,,,,,,,,,,,,,,,,,,,,4.6,6.7,9.3,6.54,13.0,2.26,22.0,0.6,-4.87,-4.27,-3.38,-4.34,13.0,1.68,22.0,0.6,1.72,4.23,8.62,4.37,13.0,2.75,22.0,0.6,1012.05,1016.25,1017.2,1015.05,6.0,2.71,18.0,0.5,,,,,,,,,,,,,,,,,,,,,,,,,,,,,,,,,,,,,,,,,,,,,,,,,,,,,,,,,,,,,,,,,,,,,,,,,,,,,,,,,,,,,,,,,,,,,,,,,,,,,,,,,,,,,,,,,,,,,,,,,,,,,,,,,,
1907,7,326.4,14.3,,,,,,,,,,,,,,,,,,,,,,,,,,,,,,,,,,,4.6,4.6,6.7,5.44,5.0,1.15,22.0,0.8,-4.44,-3.25,-3.02,-3.63,5.0,0.86,22.0,0.8,-5.26,-3.25,-2.69,-3.83,5.0,1.69,22.0,0.8,1013.04,1013.35,1013.66,1013.35,2.0,0.64,14.0,0.5,,,,,,,,,,,,,,,,,,,,,,,,,,,,,,,,,,,,,,,,,,,,,,,,,,,,,,,,,,,,,,,,,,,,,,,,,,,,,,,,,,,,,,,,,,,,,,,,,,,,,,,,,,,,,,,,,,,,,,,,,,,,,,,,,,
1907,7,326.4,16.3,,,,,,,,,,,,,,,,,,,,,,,,,,,,,,,,,,,4.6,6.7,6.7,5.82,13.0,1.79,20.0,0.5,-6.21,-3.83,-2.62,-4.1,13.0,1.38,20.0,0.5,-6.17,-3.25,-1.72,-3.6,13.0,2.38,20.0,0.5,1014.46,1015.8,1017.38,1016.0,7.0,1.76,18.0,0.4,,,,,,,,,,,,,,,,,,,,,,,,,,,,,,,,,,,,,,,,,,,,,,,,,,,,,,,,,,,,,,,,,,,,,,,,,,,,,,,,,,,,,,,,,,,,,,,,,,,,,,,,,,,,,,,,,,,,,,,,,,,,,,,,,,
1907,7,326.4,30.3,,,,,,,,,,,,,,,,,,,,,,,,,,,,,,,,,,,0.95,2.6,4.6,2.34,7.0,1.8,16.0,0.4,-0.08,0.0,0.8,0.33,7.0,1.29,16.0,0.4,-0.03,0.71,4.28,1.64,7.0,2.17,16.0,0.4,1021.56,1023.4,1025.68,1023.57,6.0,2.24,10.0,0.3,,,,,,,,,,,,,,,,,,,,,,,,,,,,,,,,,,,,,,,,,,,,,,,,,,,,,,,,,,,,,,,,,,,,,,,,,,,,,,,,,,,,,,,,,,,,,,,,,,,,,,,,,,,,,,,,,,,,,,,,,,,,,,,,,,
1907,7,326.4,32.3,,,,,,,,,,,,,,,,,,,,,,,,,,,,,,,,,,,1.65,2.6,5.37,3.3,5.0,2.51,18.0,0.4,0.0,1.84,3.33,1.81,5.0,1.93,18.0,0.4,0.0,0.0,3.61,1.71,5.0,2.9,18.0,0.4,1019.69,1020.3,1022.55,1021.1,3.0,2.21,20.0,0.7,,,,,,,,,,,,,,,,,,,,,,,,,,,,,,,,,,,,,,,,,,,,,,,,,,,,,,,,,,,,,,,,,,,,,,,,,,,,,,,,,,,,,,,,,,,,,,,,,,,,,,,,,,,,,,,,,,,,,,,,,,,,,,,,,,
1907,7,326.4,34.3,,,,,,,,,,,,,,,,,,,,,,,,,,,,,,,,,,,4.6,6.7,9.3,6.18,19.0,2.28,16.0,0.5,0.0,3.48,6.7,3.71,19.0,3.11,16.0,0.5,-0.66,1.8,6.28,1.68,19.0,4.28,16.0,0.5,1023.8,1024.4,1025.02,1024.37,6.0,0.69,22.0,0.7,,,,,,,,,,,,,,,,,,,,,,,,,,,,,,,,,,,,,,,,,,,,,,,,,,,,,,,,,,,,,,,,,,,,,,,,,,,,,,,,,,,,,,,,,,,,,,,,,,,,,,,,,,,,,,,,,,,,,,,,,,,,,,,,,,
1907,7,326.4,38.3,,,,,,,,,,,,,,,,,,,,,,,,,,,,,,,,,,,2.6,4.6,6.7,4.87,23.0,2.17,16.0,0.5,-2.52,0.0,3.62,0.38,23.0,2.78,16.0,0.5,-4.6,0.0,4.6,0.43,23.0,4.63,16.0,0.5,1018.23,1022.6,1023.62,1020.97,3.0,4.2,14.0,0.3,,,,,,,,,,,,,,,,,,,,,,,,,,,,,,,,,,,,,,,,,,,,,,,,,,,,,,,,,,,,,,,,,,,,,,,,,,,,,,,,,,,,,,,,,,,,,,,,,,,,,,,,,,,,,,,,,,,,,,,,,,,,,,,,,,
1907,7,326.4,42.3,,,,,,,,,,,,,,,,,,,,,,,,,,,,,,,,,,,2.06,2.6,4.6,2.83,6.0,1.7,18.0,0.8,-0.38,0.99,2.1,0.87,6.0,1.71,18.0,0.8,-2.77,0.92,2.58,0.15,6.0,2.94,18.0,0.8,1013.0,1013.0,1013.0,1013.0,1.0,0.0,28.0,1.0,,,,,,,,,,,,,,,,,,,,,,,,,,,,,,,,,,,,,,,,,,,,,,,,,,,,,,,,,,,,,,,,,,,,,,,,,,,,,,,,,,,,,,,,,,,,,,,,,,,,,,,,,,,,,,,,,,,,,,,,,,,,,,,,,,
1907,7,326.4,44.3,,,,,,,,,,,,,,,,,,,,,,,,,,,,,,,,,,,2.6,4.6,6.7,5.26,35.0,3.58,16.0,0.3,-4.25,-0.71,2.62,-0.25,35.0,4.18,16.0,0.3,-3.0,0.93,5.6,0.36,35.0,4.86,16.0,0.3,1012.48,1021.0,1026.38,1020.5,7.0,7.76,16.0,0.1,,,,,,,,,,,,,,,,,,,,,,,,,,,,,,,,,,,,,,,,,,,,,,,,,,,,,,,,,,,,,,,,,,,,,,,,,,,,,,,,,,,,,,,,,,,,,,,,,,,,,,,,,,,,,,,,,,,,,,,,,,,,,,,,,,
1907,7,326.4,46.3,,,,,,,,,,,,,,,,,,,,,,,,,,,,,,,,,,,1.53,4.6,9.3,6.1,85.0,4.11,16.0,0.5,-2.57,0.71,6.58,1.89,85.0,5.16,16.0,0.5,-4.25,0.71,6.21,0.88,85.0,4.84,16.0,0.5,1010.05,1021.5,1026.03,1019.15,25.0,9.07,14.0,0.4,,,,,,,,,,,,,,,,,,,,,,,,,,,,,,,,,,,,,,,,,,,,,,,,,,,,,,,,,,,,,,,,,,,,,,,,,,,,,,,,,,,,,,,,,,,,,,,,,,,,,,,,,,,,,,,,,,,,,,,,,,,,,,,,,,
1907,7,326.4,48.3,,,,,,,,,,,,,,,,,,,,,,,,,,,,,,,,,,,4.6,9.3,12.3,9.02,13.0,3.41,20.0,0.5,0.0,6.58,11.49,6.09,13.0,5.84,20.0,0.5,0.0,4.61,6.58,4.02,13.0,2.8,20.0,0.5,1002.56,1010.75,1016.12,1009.67,10.0,7.14,18.0,0.4,,,,,,,,,,,,,,,,,,,,,,,,,,,,,,,,,,,,,,,,,,,,,,,,,,,,,,,,,,,,,,,,,,,,,,,,,,,,,,,,,,,,,,,,,,,,,,,,,,,,,,,,,,,,,,,,,,,,,,,,,,,,,,,,,,
1907,7,326.4,52.3,,,,,,,,,,,,,,,,,,,,,,,,,,,,,,,,,,,4.6,5.65,6.7,5.65,4.0,1.21,20.0,1.0,-2.52,2.49,6.7,2.11,4.0,5.34,20.0,1.0,0.0,1.63,3.78,1.88,4.0,2.21,20.0,1.0,1010.02,1010.5,1010.98,1010.5,2.0,0.99,20.0,1.0,,,,,,,,,,,,,,,,,,,,,,,,,,,,,,,,,,,,,,,,,,,,,,,,,,,,,,,,,,,,,,,,,,,,,,,,,,,,,,,,,,,,,,,,,,,,,,,,,,,,,,,,,,,,,,,,,,,,,,,,,,,,,,,,,,
1907,7,328.4,-33.7,,,,,,,,,,,,,,,,,,,,,,,,,,,,,,,,,,,5.6,8.0,12.5,9.0,4.0,4.68,24.0,0.8,2.92,5.94,12.17,7.47,4.0,5.93,24.0,0.8,1.55,3.37,4.89,3.23,4.0,2.52,24.0,0.8,1018.28,1020.4,1020.47,1019.4,3.0,1.82,30.0,0.7,,,,,,,,,,,,,,,,,,,,,,,,,,,,,,,,,,,,,,,,,,,,,,,,,,,,,,,,,,,,,,,,,,,,,,,,,,,,,,,,,,,,,,,,,,,,,,,,,,,,,,,,,,,,,,,,,,,,,,,,,,,,,,,,,,
1907,7,328.4,-31.7,,,,,,,,,,,,,,,,,,,,,,,,,,,,,,,,,,,2.71,4.6,5.7,4.23,4.0,2.37,30.0,0.5,-2.92,-0.46,2.41,-0.26,4.0,3.84,30.0,0.5,0.19,2.5,4.67,2.43,4.0,2.59,30.0,0.5,1021.16,1023.0,1023.04,1022.28,5.0,1.03,30.0,0.6,,,,,,,,,,,,,,,,,,,,,,,,,,,,,,,,,,,,,,,,,,,,,,,,,,,,,,,,,,,,,,,,,,,,,,,,,,,,,,,,,,,,,,,,,,,,,,,,,,,,,,,,,,,,,,,,,,,,,,,,,,,,,,,,,,
1907,7,328.4,-29.7,,,,,,,,,,,,,,,,,,,,,,,,,,,,,,,,,,,4.6,4.6,4.6,4.6,1.0,0.0,18.0,1.0,-3.25,-3.25,-3.25,-3.25,1.0,0.0,18.0,1.0,-3.25,-3.25,-3.25,-3.25,1.0,0.0,18.0,1.0,1018.0,1018.0,1018.0,1018.0,1.0,0.0,18.0,1.0,,,,,,,,,,,,,,,,,,,,,,,,,,,,,,,,,,,,,,,,,,,,,,,,,,,,,,,,,,,,,,,,,,,,,,,,,,,,,,,,,,,,,,,,,,,,,,,,,,,,,,,,,,,,,,,,,,,,,,,,,,,,,,,,,,
1907,7,328.4,-25.7,,,,,,,,,,,,,,,,,,,,,,,,,,,,,,,,,,,0.59,4.6,7.77,4.16,11.0,3.51,8.0,0.5,-0.62,0.0,4.09,1.17,11.0,3.14,8.0,0.5,-3.87,0.0,4.66,0.54,11.0,4.44,8.0,0.5,1016.89,1019.0,1020.51,1018.95,11.0,1.77,8.0,0.5,,,,,,,,,,,,,,,,,,,,,,,,,,,,,,,,,,,,,,,,,,,,,,,,,,,,,,,,,,,,,,,,,,,,,,,,,,,,,,,,,,,,,,,,,,,,,,,,,,,,,,,,,,,,,,,,,,,,,,,,,,,,,,,,,,
1907,7,328.4,-15.7,,,,,,,,,,,,,,,,,,,,,,,,,,,,,,,,,,,2.6,4.6,5.37,4.22,5.0,1.71,22.0,0.6,-3.79,-3.25,-1.84,-2.98,5.0,1.21,22.0,0.6,1.84,3.25,3.79,2.98,5.0,1.21,22.0,0.6,1020.13,1020.3,1020.85,1020.46,5.0,0.44,22.0,0.6,,,,,,,,,,,,,,,,,,,,,,,,,,,,,,,,,,,,,,,,,,,,,,,,,,,,,,,,,,,,,,,,,,,,,,,,,,,,,,,,,,,,,,,,,,,,,,,,,,,,,,,,,,,,,,,,,,,,,,,,,,,,,,,,,,
1907,7,328.4,-13.7,,,,,,,,,,,,,,,,,,,,,,,,,,,,,,,,,,,6.7,8.0,9.3,8.0,8.0,1.39,22.0,0.5,-6.58,-5.66,-4.74,-5.38,8.0,1.47,22.0,0.5,4.74,6.39,6.58,5.84,8.0,0.92,22.0,0.5,1014.34,1018.5,1019.9,1017.61,8.0,2.58,22.0,0.5,,,,,,,,,,,,,,,,,,,,,,,,,,,,,,,,,,,,,,,,,,,,,,,,,,,,,,,,,,,,,,,,,,,,,,,,,,,,,,,,,,,,,,,,,,,,,,,,,,,,,,,,,,,,,,,,,,,,,,,,,,,,,,,,,,
1907,7,328.4,-11.7,,,,,,,,,,,,,,,,,,,,,,,,,,,,,,,,,,,6.7,9.3,9.59,8.4,13.0,2.3,20.0,0.5,-8.57,-6.58,-4.52,-5.96,13.0,2.34,20.0,0.5,4.2,4.74,6.78,5.68,13.0,1.7,20.0,0.5,1016.7,1018.25,1018.71,1017.98,10.0,1.47,22.0,0.4,,,,,,,,,,,,,,,,,,,,,,,,,,,,,,,,,,,,,,,,,,,,,,,,,,,,,,,,,,,,,,,,,,,,,,,,,,,,,,,,,,,,,,,,,,,,,,,,,,,,,,,,,,,,,,,,,,,,,,,,,,,,,,,,,,
1907,7,328.4,-9.7,,,,,,,,,,,,,,,,,,,,,,,,,,,,,,,,,,,2.6,4.6,9.3,5.26,19.0,2.78,14.0,0.5,-4.31,-2.39,-0.97,-2.8,19.0,2.44,14.0,0.5,1.69,4.27,6.21,4.0,19.0,2.41,14.0,0.5,1016.62,1017.1,1017.58,1017.1,2.0,0.99,22.0,1.0,,,,,,,,,,,,,,,,,,,,,,,,,,,,,,,,,,,,,,,,,,,,,,,,,,,,,,,,,,,,,,,,,,,,,,,,,,,,,,,,,,,,,,,,,,,,,,,,,,,,,,,,,,,,,,,,,,,,,,,,,,,,,,,,,,
1907,7,328.4,-7.7,,,,,,,,,,,,,,,,,,,,,,,,,,,,,,,,,,,4.6,6.7,6.7,6.06,18.0,1.56,14.0,0.5,-5.17,-3.37,-1.72,-3.71,18.0,2.07,14.0,0.5,2.37,4.27,6.21,4.18,18.0,1.98,14.0,0.5,1015.28,1015.5,1016.05,1015.68,5.0,0.78,8.0,0.4,,,,,,,,,,,,,,,,,,,,,,,,,,,,,,,,,,,,,,,,,,,,,,,,,,,,,,,,,,,,,,,,,,,,,,,,,,,,,,,,,,,,,,,,,,,,,,,,,,,,,,,,,,,,,,,,,,,,,,,,,,,,,,,,,,
1907,7,328.4,-5.7,,,,,,,,,,,,,,,,,,,,,,,,,,,,,,,,,,,4.6,6.7,6.7,5.65,22.0,1.24,16.0,0.3,-4.74,-4.27,-3.25,-4.21,22.0,1.08,16.0,0.3,1.75,3.25,4.74,3.44,22.0,1.71,16.0,0.3,1016.36,1016.7,1016.7,1016.53,3.0,0.29,8.0,0.3,,,,,,,,,,,,,,,,,,,,,,,,,,,,,,,,,,,,,,,,,,,,,,,,,,,,,,,,,,,,,,,,,,,,,,,,,,,,,,,,,,,,,,,,,,,,,,,,,,,,,,,,,,,,,,,,,,,,,,,,,,,,,,,,,,
1907,7,328.4,-3.7,,,,,,,,,,,,,,,,,,,,,,,,,,,,,,,,,,,4.6,6.7,9.3,6.7,78.0,2.33,14.0,0.5,-6.67,-4.74,-3.25,-5.05,78.0,1.95,14.0,0.5,1.14,3.48,6.58,3.72,78.0,2.7,14.0,0.5,1011.9,1013.9,1015.0,1013.9,8.0,2.16,8.0,0.3,,,,,,,,,,,,,,,,,,,,,,,,,,,,,,,,,,,,,,,,,,,,,,,,,,,,,,,,,,,,,,,,,,,,,,,,,,,,,,,,,,,,,,,,,,,,,,,,,,,,,,,,,,,,,,,,,,,,,,,,,,,,,,,,,,
1907,7,328.4,-1.7,,,,,,,,,,,,,,,,,,,,,,,,,,,,,,,,,,,4.6,6.7,6.7,6.02,143.0,1.7,14.0,0.5,-6.21,-4.74,-2.96,-4.5,143.0,1.74,14.0,0.5,1.72,3.25,4.74,3.36,143.0,2.13,14.0,0.5,1012.51,1013.9,1017.13,1014.62,37.0,2.12,12.0,0.6,,,,,,,,,,,,,,,,,,,,,,,,,,,,,,,,,,,,,,,,,,,,,,,,,,,,,,,,,,,,,,,,,,,,,,,,,,,,,,,,,,,,,,,,,,,,,,,,,,,,,,,,,,,,,,,,,,,,,,,,,,,,,,,,,,
1907,7,328.4,0.3,,,,,,,,,,,,,,,,,,,,,,,,,,,,,,,,,,,4.6,6.7,9.3,6.03,107.0,2.03,16.0,0.5,-6.21,-3.25,-1.8,-3.77,107.0,2.24,16.0,0.5,1.84,4.23,6.21,3.9,107.0,2.48,16.0,0.5,1012.76,1014.5,1017.01,1014.66,36.0,1.97,16.0,0.5,,,,,,,,,,,,,,,,,,,,,,,,,,,,,,,,,,,,,,,,,,,,,,,,,,,,,,,,,,,,,,,,,,,,,,,,,,,,,,,,,,,,,,,,,,,,,,,,,,,,,,,,,,,,,,,,,,,,,,,,,,,,,,,,,,
1907,7,328.4,2.3,,,,,,,,,,,,,,,,,,,,,,,,,,,,,,,,,,,2.6,6.7,9.3,5.71,46.0,2.43,16.0,0.5,-4.74,-2.61,0.0,-2.88,46.0,2.41,16.0,0.5,1.84,4.27,6.68,4.22,46.0,2.59,16.0,0.5,1012.74,1014.0,1016.7,1014.54,19.0,1.82,16.0,0.5,,,,,,,,,,,,,,,,,,,,,,,,,,,,,,,,,,,,,,,,,,,,,,,,,,,,,,,,,,,,,,,,,,,,,,,,,,,,,,,,,,,,,,,,,,,,,,,,,,,,,,,,,,,,,,,,,,,,,,,,,,,,,,,,,,
1907,7,328.4,4.3,,,,,,,,,,,,,,,,,,,,,,,,,,,,,,,,,,,0.43,1.8,5.8,2.62,10.0,2.56,20.0,0.5,-1.79,-0.35,0.57,-0.4,10.0,1.49,20.0,0.5,0.3,1.38,5.35,2.32,10.0,2.4,20.0,0.5,1014.73,1016.1,1016.2,1015.52,5.0,1.0,18.0,0.6,,,,,,,,,,,,,,,,,,,,,,,,,,,,,,,,,,,,,,,,,,,,,,,,,,,,,,,,,,,,,,,,,,,,,,,,,,,,,,,,,,,,,,,,,,,,,,,,,,,,,,,,,,,,,,,,,,,,,,,,,,,,,,,,,,
1907,7,328.4,16.3,,,,,,,,,,,,,,,,,,,,,,,,,,,,,,,,,,,6.7,6.7,6.7,6.7,7.0,0.0,20.0,0.1,-6.21,-6.21,-2.62,-4.97,7.0,1.7,20.0,0.1,-6.17,-2.51,-2.51,-3.87,7.0,1.77,20.0,0.1,1014.78,1015.6,1015.74,1015.27,3.0,0.76,10.0,0.0,,,,,,,,,,,,,,,,,,,,,,,,,,,,,,,,,,,,,,,,,,,,,,,,,,,,,,,,,,,,,,,,,,,,,,,,,,,,,,,,,,,,,,,,,,,,,,,,,,,,,,,,,,,,,,,,,,,,,,,,,,,,,,,,,,
1907,7,328.4,18.3,,,,,,,,,,,,,,,,,,,,,,,,,,,,,,,,,,,4.6,6.7,6.7,6.0,15.0,1.02,20.0,0.7,-6.21,-4.74,-2.98,-4.6,15.0,1.54,20.0,0.7,-4.74,-2.51,-1.9,-3.42,15.0,1.43,20.0,0.7,1015.62,1016.5,1016.8,1016.28,9.0,0.72,18.0,0.8,,,,,,,,,,,,,,,,,,,,,,,,,,,,,,,,,,,,,,,,,,,,,,,,,,,,,,,,,,,,,,,,,,,,,,,,,,,,,,,,,,,,,,,,,,,,,,,,,,,,,,,,,,,,,,,,,,,,,,,,,,,,,,,,,,
1907,7,328.4,30.3,,,,,,,,,,,,,,,,,,,,,,,,,,,,,,,,,,,2.6,2.6,2.6,2.6,1.0,0.0,6.0,1.0,-0.97,-0.97,-0.97,-0.97,1.0,0.0,6.0,1.0,2.41,2.41,2.41,2.41,1.0,0.0,6.0,1.0,1026.0,1026.0,1026.0,1026.0,1.0,0.0,6.0,1.0,,,,,,,,,,,,,,,,,,,,,,,,,,,,,,,,,,,,,,,,,,,,,,,,,,,,,,,,,,,,,,,,,,,,,,,,,,,,,,,,,,,,,,,,,,,,,,,,,,,,,,,,,,,,,,,,,,,,,,,,,,,,,,,,,,
1907,7,328.4,32.3,,,,,,,,,,,,,,,,,,,,,,,,,,,,,,,,,,,2.6,2.6,6.7,4.08,11.0,1.85,14.0,0.5,-1.04,1.02,2.49,0.51,11.0,2.35,14.0,0.5,0.0,2.39,5.35,2.82,11.0,2.68,14.0,0.5,1020.64,1025.8,1026.79,1024.38,8.0,3.01,12.0,0.5,,,,,,,,,,,,,,,,,,,,,,,,,,,,,,,,,,,,,,,,,,,,,,,,,,,,,,,,,,,,,,,,,,,,,,,,,,,,,,,,,,,,,,,,,,,,,,,,,,,,,,,,,,,,,,,,,,,,,,,,,,,,,,,,,,
1907,7,328.4,34.3,,,,,,,,,,,,,,,,,,,,,,,,,,,,,,,,,,,4.31,4.6,6.7,4.56,19.0,1.62,16.0,0.5,0.0,0.71,4.6,1.93,19.0,2.59,16.0,0.5,0.0,1.8,4.83,2.17,19.0,2.99,16.0,0.5,1018.0,1023.9,1025.15,1022.5,7.0,3.32,20.0,0.4,,,,,,,,,,,,,,,,,,,,,,,,,,,,,,,,,,,,,,,,,,,,,,,,,,,,,,,,,,,,,,,,,,,,,,,,,,,,,,,,,,,,,,,,,,,,,,,,,,,,,,,,,,,,,,,,,,,,,,,,,,,,,,,,,,
1907,7,328.4,36.3,,,,,,,,,,,,,,,,,,,,,,,,,,,,,,,,,,,1.0,2.8,4.6,2.8,4.0,2.08,10.0,0.5,0.34,0.85,2.89,1.58,4.0,2.06,10.0,0.5,0.0,0.35,2.75,1.33,4.0,2.21,10.0,0.5,1024.52,1025.65,1026.78,1025.65,2.0,2.33,14.0,0.5,,,,,,,,,,,,,,,,,,,,,,,,,,,,,,,,,,,,,,,,,,,,,,,,,,,,,,,,,,,,,,,,,,,,,,,,,,,,,,,,,,,,,,,,,,,,,,,,,,,,,,,,,,,,,,,,,,,,,,,,,,,,,,,,,,
1907,7,328.4,38.3,,,,,,,,,,,,,,,,,,,,,,,,,,,,,,,,,,,2.6,4.6,4.6,4.12,20.0,2.47,18.0,0.6,-3.23,0.0,3.24,0.37,20.0,2.76,18.0,0.6,-3.25,0.0,2.38,-0.95,20.0,3.9,18.0,0.6,1017.72,1019.5,1022.85,1020.25,4.0,4.01,22.0,1.0,,,,,,,,,,,,,,,,,,,,,,,,,,,,,,,,,,,,,,,,,,,,,,,,,,,,,,,,,,,,,,,,,,,,,,,,,,,,,,,,,,,,,,,,,,,,,,,,,,,,,,,,,,,,,,,,,,,,,,,,,,,,,,,,,,
1907,7,328.4,40.3,,,,,,,,,,,,,,,,,,,,,,,,,,,,,,,,,,,1.0,2.6,9.3,4.64,7.0,3.71,18.0,0.6,-0.93,0.0,3.69,0.96,7.0,2.33,18.0,0.6,-4.92,-0.39,2.74,-0.04,7.0,5.69,18.0,0.6,1015.59,1019.0,1024.46,1020.0,3.0,6.56,20.0,0.7,,,,,,,,,,,,,,,,,,,,,,,,,,,,,,,,,,,,,,,,,,,,,,,,,,,,,,,,,,,,,,,,,,,,,,,,,,,,,,,,,,,,,,,,,,,,,,,,,,,,,,,,,,,,,,,,,,,,,,,,,,,,,,,,,,
1907,7,328.4,42.3,,,,,,,,,,,,,,,,,,,,,,,,,,,,,,,,,,,1.0,4.6,4.6,3.63,9.0,2.09,22.0,0.3,-1.31,0.0,2.4,0.45,9.0,1.78,22.0,0.3,-4.5,1.0,3.97,-0.03,9.0,3.98,22.0,0.3,1012.0,1012.0,1012.0,1012.0,2.0,0.0,28.0,0.5,,,,,,,,,,,,,,,,,,,,,,,,,,,,,,,,,,,,,,,,,,,,,,,,,,,,,,,,,,,,,,,,,,,,,,,,,,,,,,,,,,,,,,,,,,,,,,,,,,,,,,,,,,,,,,,,,,,,,,,,,,,,,,,,,,
1907,7,328.4,44.3,,,,,,,,,,,,,,,,,,,,,,,,,,,,,,,,,,,4.6,6.7,6.7,5.86,5.0,1.15,14.0,0.0,0.0,1.72,2.87,1.65,5.0,1.94,14.0,0.0,0.24,4.27,5.45,2.65,5.0,5.32,14.0,0.0,1022.3,1022.3,1022.3,1022.3,1.0,0.0,24.0,0.0,,,,,,,,,,,,,,,,,,,,,,,,,,,,,,,,,,,,,,,,,,,,,,,,,,,,,,,,,,,,,,,,,,,,,,,,,,,,,,,,,,,,,,,,,,,,,,,,,,,,,,,,,,,,,,,,,,,,,,,,,,,,,,,,,,
1907,7,328.4,46.3,,,,,,,,,,,,,,,,,,,,,,,,,,,,,,,,,,,1.0,4.6,9.3,5.88,117.0,4.9,16.0,0.6,-4.23,0.0,6.58,1.06,117.0,5.64,16.0,0.6,-3.25,0.0,4.68,0.67,117.0,5.05,16.0,0.6,1013.52,1021.35,1027.08,1020.31,32.0,7.97,16.0,0.6,,,,,,,,,,,,,,,,,,,,,,,,,,,,,,,,,,,,,,,,,,,,,,,,,,,,,,,,,,,,,,,,,,,,,,,,,,,,,,,,,,,,,,,,,,,,,,,,,,,,,,,,,,,,,,,,,,,,,,,,,,,,,,,,,,
1907,7,328.4,48.3,,,,,,,,,,,,,,,,,,,,,,,,,,,,,,,,,,,4.6,8.0,9.3,7.51,12.0,3.66,16.0,0.6,-0.1,4.11,6.58,3.4,12.0,3.7,16.0,0.6,-3.35,4.43,7.1,2.81,12.0,6.32,16.0,0.6,1009.0,1014.2,1019.75,1013.92,11.0,6.86,14.0,0.6,,,,,,,,,,,,,,,,,,,,,,,,,,,,,,,,,,,,,,,,,,,,,,,,,,,,,,,,,,,,,,,,,,,,,,,,,,,,,,,,,,,,,,,,,,,,,,,,,,,,,,,,,,,,,,,,,,,,,,,,,,,,,,,,,,
1907,7,328.4,52.3,,,,,,,,,,,,,,,,,,,,,,,,,,,,,,,,,,,1.0,4.6,4.6,3.63,9.0,2.09,20.0,0.4,0.0,0.93,4.04,1.2,9.0,2.46,20.0,0.4,-3.36,0.0,2.62,-0.18,9.0,3.39,20.0,0.4,1006.89,1007.3,1007.71,1007.3,2.0,0.85,20.0,0.0,,,,,,,,,,,,,,,,,,,,,,,,,,,,,,,,,,,,,,,,,,,,,,,,,,,,,,,,,,,,,,,,,,,,,,,,,,,,,,,,,,,,,,,,,,,,,,,,,,,,,,,,,,,,,,,,,,,,,,,,,,,,,,,,,,
1907,7,330.4,-31.7,,,,,,,,,,,,,,,,,,,,,,,,,,,,,,,,,,,2.81,6.7,6.7,4.8,3.0,3.29,24.0,0.3,-6.08,-4.74,-1.24,-3.68,3.0,3.66,24.0,0.3,0.29,0.92,3.53,1.89,3.0,2.51,24.0,0.3,1024.33,1024.4,1024.47,1024.4,2.0,0.14,30.0,0.0,,,,,,,,,,,,,,,,,,,,,,,,,,,,,,,,,,,,,,,,,,,,,,,,,,,,,,,,,,,,,,,,,,,,,,,,,,,,,,,,,,,,,,,,,,,,,,,,,,,,,,,,,,,,,,,,,,,,,,,,,,,,,,,,,,
1907,7,330.4,-29.7,,,,,,,,,,,,,,,,,,,,,,,,,,,,,,,,,,,1.94,2.6,9.3,5.2,11.0,4.04,18.0,0.7,-7.4,0.0,1.02,-3.0,11.0,4.61,18.0,0.7,1.47,2.39,5.54,3.14,11.0,2.03,18.0,0.7,1023.2,1023.9,1024.92,1024.07,9.0,0.91,20.0,0.7,,,,,,,,,,,,,,,,,,,,,,,,,,,,,,,,,,,,,,,,,,,,,,,,,,,,,,,,,,,,,,,,,,,,,,,,,,,,,,,,,,,,,,,,,,,,,,,,,,,,,,,,,,,,,,,,,,,,,,,,,,,,,,,,,,
1907,7,330.4,-27.7,,,,,,,,,,,,,,,,,,,,,,,,,,,,,,,,,,,2.82,5.65,11.97,6.88,8.0,3.99,12.0,0.4,0.0,0.0,8.42,2.45,8.0,4.98,12.0,0.4,0.28,2.6,4.6,2.45,8.0,5.6,12.0,0.4,1015.44,1018.05,1022.69,1018.75,8.0,3.63,12.0,0.4,,,,,,,,,,,,,,,,,,,,,,,,,,,,,,,,,,,,,,,,,,,,,,,,,,,,,,,,,,,,,,,,,,,,,,,,,,,,,,,,,,,,,,,,,,,,,,,,,,,,,,,,,,,,,,,,,,,,,,,,,,,,,,,,,,
1907,7,330.4,-25.7,,,,,,,,,,,,,,,,,,,,,,,,,,,,,,,,,,,12.3,12.3,12.3,12.3,1.0,0.0,8.0,0.0,-4.61,-4.61,-4.61,-4.61,1.0,0.0,8.0,0.0,11.4,11.4,11.4,11.4,1.0,0.0,8.0,0.0,1019.13,1021.0,1021.29,1020.18,5.0,2.15,8.0,0.6,,,,,,,,,,,,,,,,,,,,,,,,,,,,,,,,,,,,,,,,,,,,,,,,,,,,,,,,,,,,,,,,,,,,,,,,,,,,,,,,,,,,,,,,,,,,,,,,,,,,,,,,,,,,,,,,,,,,,,,,,,,,,,,,,,
1907,7,330.4,-11.7,,,,,,,,,,,,,,,,,,,,,,,,,,,,,,,,,,,7.59,9.5,11.41,9.5,2.0,3.96,20.0,0.5,-8.07,-6.72,-5.37,-6.72,2.0,2.8,20.0,0.5,5.37,6.72,8.07,6.72,2.0,2.8,20.0,0.5,1016.43,1018.0,1019.57,1018.0,2.0,3.25,20.0,0.5,,,,,,,,,,,,,,,,,,,,,,,,,,,,,,,,,,,,,,,,,,,,,,,,,,,,,,,,,,,,,,,,,,,,,,,,,,,,,,,,,,,,,,,,,,,,,,,,,,,,,,,,,,,,,,,,,,,,,,,,,,,,,,,,,,
1907,7,330.4,-9.7,,,,,,,,,,,,,,,,,,,,,,,,,,,,,,,,,,,6.7,8.0,9.3,8.0,4.0,1.5,20.0,0.3,-8.95,-7.63,-6.42,-7.68,4.0,1.49,20.0,0.3,0.0,1.31,3.15,1.56,4.0,1.85,20.0,0.3,1014.5,1015.3,1016.89,1015.68,4.0,1.49,20.0,0.3,,,,,,,,,,,,,,,,,,,,,,,,,,,,,,,,,,,,,,,,,,,,,,,,,,,,,,,,,,,,,,,,,,,,,,,,,,,,,,,,,,,,,,,,,,,,,,,,,,,,,,,,,,,,,,,,,,,,,,,,,,,,,,,,,,
1907,7,330.4,-7.7,,,,,,,,,,,,,,,,,,,,,,,,,,,,,,,,,,,6.27,6.7,7.24,6.78,6.0,1.49,14.0,0.7,-5.68,-3.55,-2.51,-4.36,6.0,2.64,14.0,0.7,0.0,5.47,6.21,3.9,6.0,3.07,14.0,0.7,1016.01,1016.45,1016.89,1016.45,2.0,0.92,20.0,1.0,,,,,,,,,,,,,,,,,,,,,,,,,,,,,,,,,,,,,,,,,,,,,,,,,,,,,,,,,,,,,,,,,,,,,,,,,,,,,,,,,,,,,,,,,,,,,,,,,,,,,,,,,,,,,,,,,,,,,,,,,,,,,,,,,,
1907,7,330.4,-5.7,,,,,,,,,,,,,,,,,,,,,,,,,,,,,,,,,,,6.7,6.7,8.19,6.81,10.0,1.83,14.0,0.4,-4.74,-4.11,-2.51,-3.89,10.0,1.35,14.0,0.4,3.53,4.74,7.59,5.31,10.0,2.22,14.0,0.4,1012.83,1013.1,1015.9,1014.33,3.0,2.49,6.0,0.3,,,,,,,,,,,,,,,,,,,,,,,,,,,,,,,,,,,,,,,,,,,,,,,,,,,,,,,,,,,,,,,,,,,,,,,,,,,,,,,,,,,,,,,,,,,,,,,,,,,,,,,,,,,,,,,,,,,,,,,,,,,,,,,,,,
1907,7,330.4,-3.7,,,,,,,,,,,,,,,,,,,,,,,,,,,,,,,,,,,4.6,6.7,6.7,6.0,12.0,1.03,18.0,0.5,-4.74,-4.74,-3.25,-4.44,12.0,0.85,18.0,0.5,3.09,4.74,4.74,3.94,12.0,1.05,18.0,0.5,1012.8,1013.0,1014.02,1013.4,3.0,0.96,6.0,0.7,,,,,,,,,,,,,,,,,,,,,,,,,,,,,,,,,,,,,,,,,,,,,,,,,,,,,,,,,,,,,,,,,,,,,,,,,,,,,,,,,,,,,,,,,,,,,,,,,,,,,,,,,,,,,,,,,,,,,,,,,,,,,,,,,,
1907,7,330.4,0.3,,,,,,,,,,,,,,,,,,,,,,,,,,,,,,,,,,,2.6,4.6,6.7,5.6,49.0,2.2,14.0,0.4,-5.28,-3.25,-1.8,-3.39,49.0,1.84,14.0,0.4,1.84,3.25,6.17,3.95,49.0,2.39,14.0,0.4,1012.03,1013.4,1014.3,1013.53,8.0,1.62,6.0,0.4,,,,,,,,,,,,,,,,,,,,,,,,,,,,,,,,,,,,,,,,,,,,,,,,,,,,,,,,,,,,,,,,,,,,,,,,,,,,,,,,,,,,,,,,,,,,,,,,,,,,,,,,,,,,,,,,,,,,,,,,,,,,,,,,,,
1907,7,330.4,2.3,,,,,,,,,,,,,,,,,,,,,,,,,,,,,,,,,,,4.6,6.7,9.3,6.2,82.0,2.3,16.0,0.5,-6.17,-2.62,0.0,-2.92,82.0,2.6,16.0,0.5,2.51,4.6,6.7,4.86,82.0,2.23,16.0,0.5,1012.87,1013.85,1015.55,1014.06,16.0,1.47,10.0,0.6,,,,,,,,,,,,,,,,,,,,,,,,,,,,,,,,,,,,,,,,,,,,,,,,,,,,,,,,,,,,,,,,,,,,,,,,,,,,,,,,,,,,,,,,,,,,,,,,,,,,,,,,,,,,,,,,,,,,,,,,,,,,,,,,,,
1907,7,330.4,4.3,,,,,,,,,,,,,,,,,,,,,,,,,,,,,,,,,,,2.6,4.6,6.7,5.25,63.0,2.31,14.0,0.5,-3.25,0.0,1.8,-0.99,63.0,2.78,14.0,0.5,1.84,4.23,6.7,4.02,63.0,2.85,14.0,0.5,1012.53,1013.7,1014.97,1013.68,22.0,1.47,12.0,0.4,,,,,,,,,,,,,,,,,,,,,,,,,,,,,,,,,,,,,,,,,,,,,,,,,,,,,,,,,,,,,,,,,,,,,,,,,,,,,,,,,,,,,,,,,,,,,,,,,,,,,,,,,,,,,,,,,,,,,,,,,,,,,,,,,,
1907,7,330.4,6.3,,,,,,,,,,,,,,,,,,,,,,,,,,,,,,,,,,,1.0,2.6,4.6,3.31,79.0,2.14,18.0,0.5,-2.47,0.0,3.01,0.15,79.0,2.57,18.0,0.5,-1.84,0.0,3.25,0.44,79.0,2.98,18.0,0.5,1012.99,1014.5,1016.42,1014.61,32.0,1.53,18.0,0.6,,,,,,,,,,,,,,,,,,,,,,,,,,,,,,,,,,,,,,,,,,,,,,,,,,,,,,,,,,,,,,,,,,,,,,,,,,,,,,,,,,,,,,,,,,,,,,,,,,,,,,,,,,,,,,,,,,,,,,,,,,,,,,,,,,
1907,7,330.4,8.3,,,,,,,,,,,,,,,,,,,,,,,,,,,,,,,,,,,1.0,4.6,4.6,3.49,49.0,1.94,18.0,0.4,-4.23,-1.72,0.0,-1.49,49.0,2.37,18.0,0.4,-4.27,-1.8,1.28,-1.44,49.0,2.48,18.0,0.4,1012.68,1013.7,1015.72,1014.14,25.0,1.49,18.0,0.3,,,,,,,,,,,,,,,,,,,,,,,,,,,,,,,,,,,,,,,,,,,,,,,,,,,,,,,,,,,,,,,,,,,,,,,,,,,,,,,,,,,,,,,,,,,,,,,,,,,,,,,,,,,,,,,,,,,,,,,,,,,,,,,,,,
1907,7,330.4,18.3,,,,,,,,,,,,,,,,,,,,,,,,,,,,,,,,,,,4.6,4.6,7.34,5.82,6.0,2.12,22.0,0.7,-6.81,-3.76,-1.8,-4.4,6.0,2.83,22.0,0.7,-4.23,-3.46,-2.35,-3.27,6.0,1.0,22.0,0.7,1017.2,1017.2,1017.2,1017.2,2.0,0.0,8.0,0.5,,,,,,,,,,,,,,,,,,,,,,,,,,,,,,,,,,,,,,,,,,,,,,,,,,,,,,,,,,,,,,,,,,,,,,,,,,,,,,,,,,,,,,,,,,,,,,,,,,,,,,,,,,,,,,,,,,,,,,,,,,,,,,,,,,
1907,7,330.4,20.3,,,,,,,,,,,,,,,,,,,,,,,,,,,,,,,,,,,4.6,4.6,9.11,5.99,15.0,2.81,18.0,0.3,-8.56,-4.27,-2.12,-5.11,15.0,3.21,18.0,0.3,-4.11,-1.72,-0.16,-2.23,15.0,1.62,18.0,0.3,1016.85,1017.7,1018.78,1017.86,5.0,1.25,8.0,0.4,,,,,,,,,,,,,,,,,,,,,,,,,,,,,,,,,,,,,,,,,,,,,,,,,,,,,,,,,,,,,,,,,,,,,,,,,,,,,,,,,,,,,,,,,,,,,,,,,,,,,,,,,,,,,,,,,,,,,,,,,,,,,,,,,,
1907,7,330.4,22.3,,,,,,,,,,,,,,,,,,,,,,,,,,,,,,,,,,,3.87,4.6,7.41,5.74,5.0,3.77,20.0,0.4,-7.18,-3.25,-0.64,-4.16,5.0,4.85,20.0,0.4,-3.74,-2.39,0.66,-1.69,5.0,2.57,20.0,0.4,1021.0,1021.0,1021.0,1021.0,1.0,0.0,2.0,1.0,,,,,,,,,,,,,,,,,,,,,,,,,,,,,,,,,,,,,,,,,,,,,,,,,,,,,,,,,,,,,,,,,,,,,,,,,,,,,,,,,,,,,,,,,,,,,,,,,,,,,,,,,,,,,,,,,,,,,,,,,,,,,,,,,,
1907,7,330.4,34.3,,,,,,,,,,,,,,,,,,,,,,,,,,,,,,,,,,,2.6,2.6,4.6,3.16,14.0,1.7,14.0,0.3,0.0,0.0,2.55,0.8,14.0,1.97,14.0,0.3,0.0,2.51,4.58,1.75,14.0,2.41,14.0,0.3,1017.56,1025.7,1026.9,1023.31,9.0,4.6,14.0,0.3,,,,,,,,,,,,,,,,,,,,,,,,,,,,,,,,,,,,,,,,,,,,,,,,,,,,,,,,,,,,,,,,,,,,,,,,,,,,,,,,,,,,,,,,,,,,,,,,,,,,,,,,,,,,,,,,,,,,,,,,,,,,,,,,,,
1907,7,330.4,36.3,,,,,,,,,,,,,,,,,,,,,,,,,,,,,,,,,,,0.81,4.6,6.7,3.78,25.0,2.5,14.0,0.4,-0.19,0.0,4.9,1.68,25.0,3.2,14.0,0.4,0.0,1.72,4.33,1.77,25.0,2.17,14.0,0.4,1023.03,1023.75,1027.54,1024.85,6.0,2.91,16.0,0.7,,,,,,,,,,,,,,,,,,,,,,,,,,,,,,,,,,,,,,,,,,,,,,,,,,,,,,,,,,,,,,,,,,,,,,,,,,,,,,,,,,,,,,,,,,,,,,,,,,,,,,,,,,,,,,,,,,,,,,,,,,,,,,,,,,
1907,7,330.4,40.3,,,,,,,,,,,,,,,,,,,,,,,,,,,,,,,,,,,2.6,5.65,9.3,6.01,16.0,3.69,20.0,0.3,-2.93,-0.46,5.65,0.56,16.0,3.88,20.0,0.3,-6.04,0.27,6.58,0.02,16.0,6.07,20.0,0.3,1016.11,1018.0,1027.0,1020.75,8.0,5.55,20.0,0.0,,,,,,,,,,,,,,,,,,,,,,,,,,,,,,,,,,,,,,,,,,,,,,,,,,,,,,,,,,,,,,,,,,,,,,,,,,,,,,,,,,,,,,,,,,,,,,,,,,,,,,,,,,,,,,,,,,,,,,,,,,,,,,,,,,
1907,7,330.4,42.3,,,,,,,,,,,,,,,,,,,,,,,,,,,,,,,,,,,2.52,4.6,4.7,4.1,7.0,1.81,18.0,0.6,-0.16,0.0,1.97,0.46,7.0,2.37,18.0,0.6,-4.6,0.0,3.42,0.23,7.0,4.12,18.0,0.6,1012.0,1012.0,1012.0,1012.0,1.0,0.0,28.0,0.0,,,,,,,,,,,,,,,,,,,,,,,,,,,,,,,,,,,,,,,,,,,,,,,,,,,,,,,,,,,,,,,,,,,,,,,,,,,,,,,,,,,,,,,,,,,,,,,,,,,,,,,,,,,,,,,,,,,,,,,,,,,,,,,,,,
1907,7,330.4,46.3,,,,,,,,,,,,,,,,,,,,,,,,,,,,,,,,,,,2.6,4.6,9.3,5.63,109.0,4.41,16.0,0.5,-2.6,0.37,5.63,1.49,109.0,4.91,16.0,0.5,-4.27,0.0,4.61,0.28,109.0,5.01,16.0,0.5,1016.74,1023.1,1029.87,1022.74,27.0,7.6,14.0,0.5,,,,,,,,,,,,,,,,,,,,,,,,,,,,,,,,,,,,,,,,,,,,,,,,,,,,,,,,,,,,,,,,,,,,,,,,,,,,,,,,,,,,,,,,,,,,,,,,,,,,,,,,,,,,,,,,,,,,,,,,,,,,,,,,,,
1907,7,330.4,48.3,,,,,,,,,,,,,,,,,,,,,,,,,,,,,,,,,,,3.04,4.6,6.7,5.79,15.0,3.24,16.0,0.6,-1.78,0.0,3.41,0.6,15.0,2.67,16.0,0.6,0.22,4.23,5.85,3.4,15.0,5.15,16.0,0.6,1009.54,1020.4,1022.6,1017.18,13.0,6.85,18.0,0.5,,,,,,,,,,,,,,,,,,,,,,,,,,,,,,,,,,,,,,,,,,,,,,,,,,,,,,,,,,,,,,,,,,,,,,,,,,,,,,,,,,,,,,,,,,,,,,,,,,,,,,,,,,,,,,,,,,,,,,,,,,,,,,,,,,
1907,7,330.4,50.3,,,,,,,,,,,,,,,,,,,,,,,,,,,,,,,,,,,4.6,4.6,4.6,4.6,4.0,0.0,24.0,1.0,2.45,3.25,3.25,2.87,4.0,0.76,24.0,1.0,-3.78,-3.25,0.16,-1.88,4.0,3.45,24.0,1.0,1010.0,1010.0,1010.0,1010.0,1.0,0.0,14.0,1.0,,,,,,,,,,,,,,,,,,,,,,,,,,,,,,,,,,,,,,,,,,,,,,,,,,,,,,,,,,,,,,,,,,,,,,,,,,,,,,,,,,,,,,,,,,,,,,,,,,,,,,,,,,,,,,,,,,,,,,,,,,,,,,,,,,
1907,7,330.4,54.3,,,,,,,,,,,,,,,,,,,,,,,,,,,,,,,,,,,3.55,5.65,6.7,5.15,4.0,1.97,22.0,1.0,-2.07,-0.86,2.48,0.16,4.0,3.22,22.0,1.0,-2.0,2.64,5.54,1.81,4.0,4.95,22.0,1.0,1001.14,1002.3,1003.46,1002.3,2.0,2.4,20.0,1.0,,,,,,,,,,,,,,,,,,,,,,,,,,,,,,,,,,,,,,,,,,,,,,,,,,,,,,,,,,,,,,,,,,,,,,,,,,,,,,,,,,,,,,,,,,,,,,,,,,,,,,,,,,,,,,,,,,,,,,,,,,,,,,,,,,
1907,7,332.4,-31.7,,,,,,,,,,,,,,,,,,,,,,,,,,,,,,,,,,,2.6,2.6,2.6,2.6,2.0,0.0,14.0,1.0,-2.48,-2.22,-1.96,-2.22,2.0,0.54,14.0,1.0,-1.55,-0.92,-0.29,-0.92,2.0,1.3,14.0,1.0,1023.59,1024.0,1024.41,1024.0,2.0,0.85,14.0,1.0,,,,,,,,,,,,,,,,,,,,,,,,,,,,,,,,,,,,,,,,,,,,,,,,,,,,,,,,,,,,,,,,,,,,,,,,,,,,,,,,,,,,,,,,,,,,,,,,,,,,,,,,,,,,,,,,,,,,,,,,,,,,,,,,,,
1907,7,332.4,-29.7,,,,,,,,,,,,,,,,,,,,,,,,,,,,,,,,,,,4.6,4.6,6.7,5.46,8.0,2.03,12.0,0.4,-1.72,1.41,2.62,0.62,8.0,2.52,12.0,0.4,3.36,4.27,6.17,4.91,8.0,1.96,12.0,0.4,1024.82,1025.1,1025.46,1025.1,8.0,0.29,12.0,0.4,,,,,,,,,,,,,,,,,,,,,,,,,,,,,,,,,,,,,,,,,,,,,,,,,,,,,,,,,,,,,,,,,,,,,,,,,,,,,,,,,,,,,,,,,,,,,,,,,,,,,,,,,,,,,,,,,,,,,,,,,,,,,,,,,,
1907,7,332.4,-21.7,,,,,,,,,,,,,,,,,,,,,,,,,,,,,,,,,,,4.6,4.6,4.6,4.6,1.0,0.0,4.0,1.0,-3.25,-3.25,-3.25,-3.25,1.0,0.0,4.0,1.0,3.25,3.25,3.25,3.25,1.0,0.0,4.0,1.0,1023.4,1023.4,1023.4,1023.4,1.0,0.0,4.0,1.0,,,,,,,,,,,,,,,,,,,,,,,,,,,,,,,,,,,,,,,,,,,,,,,,,,,,,,,,,,,,,,,,,,,,,,,,,,,,,,,,,,,,,,,,,,,,,,,,,,,,,,,,,,,,,,,,,,,,,,,,,,,,,,,,,,
1907,7,332.4,-11.7,,,,,,,,,,,,,,,,,,,,,,,,,,,,,,,,,,,12.3,12.3,12.3,12.3,2.0,0.0,20.0,0.0,-8.7,-8.7,-8.7,-8.7,2.0,0.0,20.0,0.0,8.7,8.7,8.7,8.7,2.0,0.0,20.0,0.0,1016.36,1016.5,1016.64,1016.5,2.0,0.28,20.0,0.0,,,,,,,,,,,,,,,,,,,,,,,,,,,,,,,,,,,,,,,,,,,,,,,,,,,,,,,,,,,,,,,,,,,,,,,,,,,,,,,,,,,,,,,,,,,,,,,,,,,,,,,,,,,,,,,,,,,,,,,,,,,,,,,,,,
1907,7,332.4,-9.7,,,,,,,,,,,,,,,,,,,,,,,,,,,,,,,,,,,13.28,15.4,15.4,14.37,3.0,1.79,20.0,0.3,-10.89,-10.89,-9.39,-10.16,3.0,1.27,20.0,0.3,9.39,10.89,10.89,10.16,3.0,1.27,20.0,0.3,1013.78,1014.6,1015.21,1014.5,3.0,1.05,20.0,0.3,,,,,,,,,,,,,,,,,,,,,,,,,,,,,,,,,,,,,,,,,,,,,,,,,,,,,,,,,,,,,,,,,,,,,,,,,,,,,,,,,,,,,,,,,,,,,,,,,,,,,,,,,,,,,,,,,,,,,,,,,,,,,,,,,,
1907,7,332.4,-7.7,,,,,,,,,,,,,,,,,,,,,,,,,,,,,,,,,,,4.6,6.7,12.45,8.51,7.0,4.07,18.0,0.6,-8.8,-6.58,-4.58,-6.84,7.0,2.32,18.0,0.6,0.0,2.62,8.8,4.37,7.0,4.36,18.0,0.6,1013.38,1013.8,1014.8,1014.27,7.0,1.26,18.0,0.6,,,,,,,,,,,,,,,,,,,,,,,,,,,,,,,,,,,,,,,,,,,,,,,,,,,,,,,,,,,,,,,,,,,,,,,,,,,,,,,,,,,,,,,,,,,,,,,,,,,,,,,,,,,,,,,,,,,,,,,,,,,,,,,,,,
1907,7,332.4,-5.7,,,,,,,,,,,,,,,,,,,,,,,,,,,,,,,,,,,4.6,6.7,9.3,7.06,14.0,2.28,20.0,0.6,-6.55,-4.74,-4.23,-5.62,14.0,2.17,20.0,0.6,1.85,3.44,4.8,3.88,14.0,1.98,20.0,0.6,1013.64,1015.4,1016.8,1015.19,13.0,1.59,22.0,0.6,,,,,,,,,,,,,,,,,,,,,,,,,,,,,,,,,,,,,,,,,,,,,,,,,,,,,,,,,,,,,,,,,,,,,,,,,,,,,,,,,,,,,,,,,,,,,,,,,,,,,,,,,,,,,,,,,,,,,,,,,,,,,,,,,,
1907,7,332.4,-3.7,,,,,,,,,,,,,,,,,,,,,,,,,,,,,,,,,,,4.6,6.7,9.3,6.88,17.0,2.04,18.0,0.5,-5.58,-4.6,-3.48,-4.83,17.0,1.64,18.0,0.5,0.97,4.74,7.52,4.13,17.0,2.96,18.0,0.5,1015.41,1015.8,1017.04,1016.05,13.0,1.03,22.0,0.5,,,,,,,,,,,,,,,,,,,,,,,,,,,,,,,,,,,,,,,,,,,,,,,,,,,,,,,,,,,,,,,,,,,,,,,,,,,,,,,,,,,,,,,,,,,,,,,,,,,,,,,,,,,,,,,,,,,,,,,,,,,,,,,,,,
1907,7,332.4,-1.7,,,,,,,,,,,,,,,,,,,,,,,,,,,,,,,,,,,4.6,6.7,6.7,5.95,11.0,1.39,20.0,0.3,-5.33,-4.74,-2.51,-4.3,11.0,1.43,20.0,0.3,1.08,4.74,5.35,3.5,11.0,2.23,20.0,0.3,1012.92,1014.2,1017.28,1014.72,12.0,2.06,16.0,0.3,,,,,,,,,,,,,,,,,,,,,,,,,,,,,,,,,,,,,,,,,,,,,,,,,,,,,,,,,,,,,,,,,,,,,,,,,,,,,,,,,,,,,,,,,,,,,,,,,,,,,,,,,,,,,,,,,,,,,,,,,,,,,,,,,,
1907,7,332.4,0.3,,,,,,,,,,,,,,,,,,,,,,,,,,,,,,,,,,,4.6,6.7,6.7,6.14,14.0,1.37,14.0,0.4,-3.47,0.0,1.68,-1.08,14.0,2.33,14.0,0.4,4.23,5.47,6.7,5.57,14.0,1.52,14.0,0.4,1014.2,1014.2,1014.2,1014.2,1.0,0.0,4.0,0.0,,,,,,,,,,,,,,,,,,,,,,,,,,,,,,,,,,,,,,,,,,,,,,,,,,,,,,,,,,,,,,,,,,,,,,,,,,,,,,,,,,,,,,,,,,,,,,,,,,,,,,,,,,,,,,,,,,,,,,,,,,,,,,,,,,
1907,7,332.4,4.3,,,,,,,,,,,,,,,,,,,,,,,,,,,,,,,,,,,1.69,4.6,9.8,5.23,24.0,3.64,14.0,0.3,-3.4,0.0,0.36,-1.32,24.0,2.55,14.0,0.3,1.2,4.27,6.93,4.57,24.0,3.41,14.0,0.3,1013.43,1016.4,1017.51,1015.56,5.0,2.37,8.0,0.4,,,,,,,,,,,,,,,,,,,,,,,,,,,,,,,,,,,,,,,,,,,,,,,,,,,,,,,,,,,,,,,,,,,,,,,,,,,,,,,,,,,,,,,,,,,,,,,,,,,,,,,,,,,,,,,,,,,,,,,,,,,,,,,,,,
1907,7,332.4,6.3,,,,,,,,,,,,,,,,,,,,,,,,,,,,,,,,,,,2.6,4.6,6.7,4.14,63.0,2.06,16.0,0.6,-3.25,0.0,3.25,0.14,63.0,3.13,16.0,0.6,-2.44,1.84,4.6,1.54,63.0,3.07,16.0,0.6,1013.11,1013.7,1016.54,1014.51,14.0,1.97,14.0,0.5,,,,,,,,,,,,,,,,,,,,,,,,,,,,,,,,,,,,,,,,,,,,,,,,,,,,,,,,,,,,,,,,,,,,,,,,,,,,,,,,,,,,,,,,,,,,,,,,,,,,,,,,,,,,,,,,,,,,,,,,,,,,,,,,,,
1907,7,332.4,8.3,,,,,,,,,,,,,,,,,,,,,,,,,,,,,,,,,,,2.6,4.6,4.6,3.7,79.0,1.69,18.0,0.5,-3.25,-1.72,0.23,-1.28,79.0,2.55,18.0,0.5,-4.23,-1.84,0.87,-1.26,79.0,2.64,18.0,0.5,1012.7,1013.5,1014.62,1013.85,26.0,1.52,16.0,0.5,,,,,,,,,,,,,,,,,,,,,,,,,,,,,,,,,,,,,,,,,,,,,,,,,,,,,,,,,,,,,,,,,,,,,,,,,,,,,,,,,,,,,,,,,,,,,,,,,,,,,,,,,,,,,,,,,,,,,,,,,,,,,,,,,,
1907,7,332.4,10.3,,,,,,,,,,,,,,,,,,,,,,,,,,,,,,,,,,,2.6,4.6,6.7,4.36,99.0,1.9,18.0,0.5,-4.27,-2.39,0.0,-2.3,99.0,2.17,18.0,0.5,-4.6,-2.6,0.0,-2.21,99.0,2.81,18.0,0.5,1013.09,1014.5,1015.83,1014.52,38.0,1.43,18.0,0.6,,,,,,,,,,,,,,,,,,,,,,,,,,,,,,,,,,,,,,,,,,,,,,,,,,,,,,,,,,,,,,,,,,,,,,,,,,,,,,,,,,,,,,,,,,,,,,,,,,,,,,,,,,,,,,,,,,,,,,,,,,,,,,,,,,
1907,7,332.4,12.3,,,,,,,,,,,,,,,,,,,,,,,,,,,,,,,,,,,2.6,4.6,6.7,4.67,101.0,2.11,18.0,0.5,-4.74,-3.25,-1.02,-3.22,101.0,1.99,18.0,0.5,-4.74,-2.51,0.0,-2.64,101.0,2.23,18.0,0.5,1014.32,1015.4,1017.12,1015.48,40.0,1.55,18.0,0.5,,,,,,,,,,,,,,,,,,,,,,,,,,,,,,,,,,,,,,,,,,,,,,,,,,,,,,,,,,,,,,,,,,,,,,,,,,,,,,,,,,,,,,,,,,,,,,,,,,,,,,,,,,,,,,,,,,,,,,,,,,,,,,,,,,
1907,7,332.4,14.3,,,,,,,,,,,,,,,,,,,,,,,,,,,,,,,,,,,2.6,4.6,6.7,5.03,44.0,2.45,14.0,0.6,-4.74,-3.44,-1.83,-3.58,44.0,1.94,14.0,0.6,-4.74,-3.25,-0.71,-3.05,44.0,2.34,14.0,0.6,1014.64,1016.3,1017.89,1016.22,27.0,1.69,16.0,0.6,,,,,,,,,,,,,,,,,,,,,,,,,,,,,,,,,,,,,,,,,,,,,,,,,,,,,,,,,,,,,,,,,,,,,,,,,,,,,,,,,,,,,,,,,,,,,,,,,,,,,,,,,,,,,,,,,,,,,,,,,,,,,,,,,,
1907,7,332.4,16.3,,,,,,,,,,,,,,,,,,,,,,,,,,,,,,,,,,,4.6,4.6,7.36,6.16,12.0,2.44,16.0,0.5,-6.96,-4.27,-3.25,-5.09,12.0,2.78,16.0,0.5,-3.5,-2.49,2.62,-1.28,12.0,3.1,16.0,0.5,1016.3,1017.9,1019.1,1017.71,13.0,1.49,14.0,0.5,,,,,,,,,,,,,,,,,,,,,,,,,,,,,,,,,,,,,,,,,,,,,,,,,,,,,,,,,,,,,,,,,,,,,,,,,,,,,,,,,,,,,,,,,,,,,,,,,,,,,,,,,,,,,,,,,,,,,,,,,,,,,,,,,,
1907,7,332.4,20.3,,,,,,,,,,,,,,,,,,,,,,,,,,,,,,,,,,,4.6,4.6,4.6,4.6,2.0,0.0,16.0,0.0,-4.27,-4.27,-4.27,-4.27,2.0,0.0,16.0,0.0,-1.72,-1.72,-1.72,-1.72,2.0,0.0,16.0,0.0,1018.83,1018.9,1018.97,1018.9,2.0,0.14,16.0,0.0,,,,,,,,,,,,,,,,,,,,,,,,,,,,,,,,,,,,,,,,,,,,,,,,,,,,,,,,,,,,,,,,,,,,,,,,,,,,,,,,,,,,,,,,,,,,,,,,,,,,,,,,,,,,,,,,,,,,,,,,,,,,,,,,,,
1907,7,332.4,22.3,,,,,,,,,,,,,,,,,,,,,,,,,,,,,,,,,,,4.6,6.7,6.7,5.97,10.0,1.95,16.0,0.8,-6.21,-6.21,-4.27,-5.66,10.0,1.92,16.0,0.8,-2.51,-2.12,0.0,-1.6,10.0,1.15,16.0,0.8,1020.56,1021.2,1021.75,1021.18,5.0,0.64,8.0,0.6,,,,,,,,,,,,,,,,,,,,,,,,,,,,,,,,,,,,,,,,,,,,,,,,,,,,,,,,,,,,,,,,,,,,,,,,,,,,,,,,,,,,,,,,,,,,,,,,,,,,,,,,,,,,,,,,,,,,,,,,,,,,,,,,,,
1907,7,332.4,24.3,,,,,,,,,,,,,,,,,,,,,,,,,,,,,,,,,,,3.74,6.2,8.66,6.2,2.0,5.09,10.0,0.5,-8.06,-5.84,-3.63,-5.84,2.0,4.59,10.0,0.5,-3.09,-1.84,-0.58,-1.84,2.0,2.6,10.0,0.5,1020.8,1020.8,1020.8,1020.8,1.0,0.0,4.0,0.0,,,,,,,,,,,,,,,,,,,,,,,,,,,,,,,,,,,,,,,,,,,,,,,,,,,,,,,,,,,,,,,,,,,,,,,,,,,,,,,,,,,,,,,,,,,,,,,,,,,,,,,,,,,,,,,,,,,,,,,,,,,,,,,,,,
1907,7,332.4,34.3,,,,,,,,,,,,,,,,,,,,,,,,,,,,,,,,,,,1.0,4.6,4.6,3.16,5.0,1.97,16.0,0.6,0.45,3.25,4.37,2.56,5.0,2.09,16.0,0.6,-1.19,0.71,1.29,0.05,5.0,1.96,16.0,0.6,1025.46,1025.6,1025.74,1025.6,2.0,0.28,6.0,1.0,,,,,,,,,,,,,,,,,,,,,,,,,,,,,,,,,,,,,,,,,,,,,,,,,,,,,,,,,,,,,,,,,,,,,,,,,,,,,,,,,,,,,,,,,,,,,,,,,,,,,,,,,,,,,,,,,,,,,,,,,,,,,,,,,,
1907,7,332.4,36.3,,,,,,,,,,,,,,,,,,,,,,,,,,,,,,,,,,,0.4,2.6,4.6,2.83,35.0,1.95,14.0,0.4,-1.84,0.0,2.92,0.47,35.0,2.61,14.0,0.4,-0.84,1.72,2.47,1.0,35.0,1.99,14.0,0.4,1018.48,1024.9,1029.76,1024.57,15.0,4.89,14.0,0.3,,,,,,,,,,,,,,,,,,,,,,,,,,,,,,,,,,,,,,,,,,,,,,,,,,,,,,,,,,,,,,,,,,,,,,,,,,,,,,,,,,,,,,,,,,,,,,,,,,,,,,,,,,,,,,,,,,,,,,,,,,,,,,,,,,
1907,7,332.4,40.3,,,,,,,,,,,,,,,,,,,,,,,,,,,,,,,,,,,2.6,6.95,12.94,7.8,6.0,5.38,24.0,0.8,-2.57,4.59,9.15,3.85,6.0,5.86,24.0,0.8,-1.48,3.29,9.15,3.65,6.0,5.82,24.0,0.8,1015.48,1017.0,1019.05,1017.25,4.0,2.22,26.0,1.0,,,,,,,,,,,,,,,,,,,,,,,,,,,,,,,,,,,,,,,,,,,,,,,,,,,,,,,,,,,,,,,,,,,,,,,,,,,,,,,,,,,,,,,,,,,,,,,,,,,,,,,,,,,,,,,,,,,,,,,,,,,,,,,,,,
1907,7,332.4,42.3,,,,,,,,,,,,,,,,,,,,,,,,,,,,,,,,,,,2.6,4.6,4.6,4.03,14.0,0.94,18.0,0.6,-3.25,-1.76,0.0,-1.39,14.0,2.28,18.0,0.6,-2.55,0.9,4.17,0.66,14.0,3.26,18.0,0.6,1012.59,1020.5,1029.21,1020.67,6.0,7.87,22.0,0.8,,,,,,,,,,,,,,,,,,,,,,,,,,,,,,,,,,,,,,,,,,,,,,,,,,,,,,,,,,,,,,,,,,,,,,,,,,,,,,,,,,,,,,,,,,,,,,,,,,,,,,,,,,,,,,,,,,,,,,,,,,,,,,,,,,
1907,7,332.4,46.3,,,,,,,,,,,,,,,,,,,,,,,,,,,,,,,,,,,2.6,4.6,9.3,5.43,86.0,3.77,16.0,0.5,-2.56,0.0,6.64,1.52,86.0,4.61,16.0,0.5,-3.56,0.0,4.6,0.32,86.0,4.5,16.0,0.5,1018.2,1023.0,1028.74,1023.76,19.0,5.8,18.0,0.4,,,,,,,,,,,,,,,,,,,,,,,,,,,,,,,,,,,,,,,,,,,,,,,,,,,,,,,,,,,,,,,,,,,,,,,,,,,,,,,,,,,,,,,,,,,,,,,,,,,,,,,,,,,,,,,,,,,,,,,,,,,,,,,,,,
1907,7,332.4,48.3,,,,,,,,,,,,,,,,,,,,,,,,,,,,,,,,,,,2.6,4.6,12.3,5.99,31.0,3.82,20.0,0.6,-2.42,0.0,4.64,0.72,31.0,4.35,20.0,0.6,-2.4,1.84,6.81,1.98,31.0,5.3,20.0,0.6,1008.55,1018.7,1025.87,1018.52,16.0,7.27,18.0,0.7,,,,,,,,,,,,,,,,,,,,,,,,,,,,,,,,,,,,,,,,,,,,,,,,,,,,,,,,,,,,,,,,,,,,,,,,,,,,,,,,,,,,,,,,,,,,,,,,,,,,,,,,,,,,,,,,,,,,,,,,,,,,,,,,,,
1907,7,332.4,50.3,,,,,,,,,,,,,,,,,,,,,,,,,,,,,,,,,,,2.82,4.6,6.47,4.43,8.0,1.91,20.0,0.3,0.0,1.22,3.98,1.52,8.0,2.06,20.0,0.3,-2.05,2.99,4.72,2.01,8.0,3.81,20.0,0.3,1009.0,1013.6,1024.85,1015.93,6.0,7.82,18.0,0.3,,,,,,,,,,,,,,,,,,,,,,,,,,,,,,,,,,,,,,,,,,,,,,,,,,,,,,,,,,,,,,,,,,,,,,,,,,,,,,,,,,,,,,,,,,,,,,,,,,,,,,,,,,,,,,,,,,,,,,,,,,,,,,,,,,
1907,7,332.4,54.3,,,,,,,,,,,,,,,,,,,,,,,,,,,,,,,,,,,2.27,4.6,6.7,4.37,6.0,2.26,22.0,0.7,-2.57,0.0,0.0,-0.94,6.0,1.48,22.0,0.7,0.6,3.93,6.7,3.54,6.0,3.1,22.0,0.7,1004.0,1004.0,1004.0,1004.0,1.0,0.0,20.0,1.0,,,,,,,,,,,,,,,,,,,,,,,,,,,,,,,,,,,,,,,,,,,,,,,,,,,,,,,,,,,,,,,,,,,,,,,,,,,,,,,,,,,,,,,,,,,,,,,,,,,,,,,,,,,,,,,,,,,,,,,,,,,,,,,,,,
1907,7,334.4,-35.7,,,,,,,,,,,,,,,,,,,,,,,,,,,,,,,,,,,12.3,12.3,12.3,12.3,4.0,0.0,16.0,0.8,-12.3,-12.3,-12.3,-12.3,4.0,0.0,16.0,0.8,0.0,0.0,0.0,0.0,4.0,0.0,16.0,0.8,1025.63,1032.5,1033.97,1029.93,4.0,6.53,16.0,0.8,,,,,,,,,,,,,,,,,,,,,,,,,,,,,,,,,,,,,,,,,,,,,,,,,,,,,,,,,,,,,,,,,,,,,,,,,,,,,,,,,,,,,,,,,,,,,,,,,,,,,,,,,,,,,,,,,,,,,,,,,,,,,,,,,,
1907,7,334.4,-33.7,,,,,,,,,,,,,,,,,,,,,,,,,,,,,,,,,,,11.2,15.4,15.4,13.56,5.0,2.73,16.0,0.4,-12.36,-9.3,-5.77,-9.27,5.0,3.63,16.0,0.4,3.05,6.02,14.28,7.88,5.0,6.26,16.0,0.4,1020.0,1021.5,1029.82,1024.26,5.0,5.19,16.0,0.4,,,,,,,,,,,,,,,,,,,,,,,,,,,,,,,,,,,,,,,,,,,,,,,,,,,,,,,,,,,,,,,,,,,,,,,,,,,,,,,,,,,,,,,,,,,,,,,,,,,,,,,,,,,,,,,,,,,,,,,,,,,,,,,,,,
1907,7,334.4,-31.7,,,,,,,,,,,,,,,,,,,,,,,,,,,,,,,,,,,2.6,3.6,5.7,4.13,4.0,1.96,14.0,0.3,-0.51,1.63,4.03,1.75,4.0,2.69,14.0,0.3,-4.03,-2.93,0.03,-2.04,4.0,3.1,14.0,0.3,1021.9,1022.1,1022.41,1022.15,4.0,0.34,14.0,0.3,,,,,,,,,,,,,,,,,,,,,,,,,,,,,,,,,,,,,,,,,,,,,,,,,,,,,,,,,,,,,,,,,,,,,,,,,,,,,,,,,,,,,,,,,,,,,,,,,,,,,,,,,,,,,,,,,,,,,,,,,,,,,,,,,,
1907,7,334.4,-29.7,,,,,,,,,,,,,,,,,,,,,,,,,,,,,,,,,,,1.0,1.0,2.6,1.6,8.0,0.83,14.0,0.5,-1.84,-0.85,-0.71,-1.08,8.0,0.69,14.0,0.5,-0.63,0.71,1.84,0.65,8.0,1.15,14.0,0.5,1023.8,1024.8,1025.71,1024.65,8.0,0.92,14.0,0.5,,,,,,,,,,,,,,,,,,,,,,,,,,,,,,,,,,,,,,,,,,,,,,,,,,,,,,,,,,,,,,,,,,,,,,,,,,,,,,,,,,,,,,,,,,,,,,,,,,,,,,,,,,,,,,,,,,,,,,,,,,,,,,,,,,
1907,7,334.4,-9.7,,,,,,,,,,,,,,,,,,,,,,,,,,,,,,,,,,,12.79,13.85,14.91,13.85,2.0,2.19,20.0,1.0,-10.54,-9.79,-9.05,-9.79,2.0,1.55,20.0,1.0,9.05,9.79,10.54,9.79,2.0,1.55,20.0,1.0,1014.68,1014.85,1015.02,1014.85,2.0,0.35,20.0,1.0,,,,,,,,,,,,,,,,,,,,,,,,,,,,,,,,,,,,,,,,,,,,,,,,,,,,,,,,,,,,,,,,,,,,,,,,,,,,,,,,,,,,,,,,,,,,,,,,,,,,,,,,,,,,,,,,,,,,,,,,,,,,,,,,,,
1907,7,334.4,-5.7,,,,,,,,,,,,,,,,,,,,,,,,,,,,,,,,,,,9.3,9.3,9.3,9.3,1.0,0.0,20.0,1.0,-8.56,-8.56,-8.56,-8.56,1.0,0.0,20.0,1.0,3.63,3.63,3.63,3.63,1.0,0.0,20.0,1.0,1012.5,1012.5,1012.5,1012.5,1.0,0.0,20.0,1.0,,,,,,,,,,,,,,,,,,,,,,,,,,,,,,,,,,,,,,,,,,,,,,,,,,,,,,,,,,,,,,,,,,,,,,,,,,,,,,,,,,,,,,,,,,,,,,,,,,,,,,,,,,,,,,,,,,,,,,,,,,,,,,,,,,
1907,7,334.4,-3.7,,,,,,,,,,,,,,,,,,,,,,,,,,,,,,,,,,,5.6,8.0,9.3,7.48,4.0,2.28,18.0,0.3,-8.56,-7.36,-5.15,-6.88,4.0,2.09,18.0,0.3,2.19,3.13,3.63,2.92,4.0,0.89,18.0,0.3,1011.85,1012.4,1013.74,1012.78,4.0,1.25,18.0,0.3,,,,,,,,,,,,,,,,,,,,,,,,,,,,,,,,,,,,,,,,,,,,,,,,,,,,,,,,,,,,,,,,,,,,,,,,,,,,,,,,,,,,,,,,,,,,,,,,,,,,,,,,,,,,,,,,,,,,,,,,,,,,,,,,,,
1907,7,334.4,-1.7,,,,,,,,,,,,,,,,,,,,,,,,,,,,,,,,,,,4.6,6.7,6.7,6.57,14.0,2.74,16.0,0.6,-6.08,-3.93,-2.51,-4.3,14.0,2.36,16.0,0.6,2.62,4.5,6.21,4.37,14.0,2.82,16.0,0.6,1012.93,1014.3,1016.77,1014.39,11.0,2.46,22.0,0.6,,,,,,,,,,,,,,,,,,,,,,,,,,,,,,,,,,,,,,,,,,,,,,,,,,,,,,,,,,,,,,,,,,,,,,,,,,,,,,,,,,,,,,,,,,,,,,,,,,,,,,,,,,,,,,,,,,,,,,,,,,,,,,,,,,
1907,7,334.4,0.3,,,,,,,,,,,,,,,,,,,,,,,,,,,,,,,,,,,5.3,6.7,9.3,7.35,22.0,2.55,14.0,0.5,-6.58,-3.0,0.0,-3.43,22.0,2.82,14.0,0.5,4.65,6.21,6.66,6.06,22.0,2.08,14.0,0.5,1012.33,1013.8,1015.72,1013.89,15.0,1.55,16.0,0.5,,,,,,,,,,,,,,,,,,,,,,,,,,,,,,,,,,,,,,,,,,,,,,,,,,,,,,,,,,,,,,,,,,,,,,,,,,,,,,,,,,,,,,,,,,,,,,,,,,,,,,,,,,,,,,,,,,,,,,,,,,,,,,,,,,
1907,7,334.4,2.3,,,,,,,,,,,,,,,,,,,,,,,,,,,,,,,,,,,4.6,4.6,7.06,5.78,4.0,2.35,16.0,0.8,-2.65,-0.86,1.7,-0.49,4.0,2.87,16.0,0.8,3.73,4.43,6.71,5.19,4.0,2.36,16.0,0.8,1016.4,1016.4,1016.4,1016.4,1.0,0.0,28.0,1.0,,,,,,,,,,,,,,,,,,,,,,,,,,,,,,,,,,,,,,,,,,,,,,,,,,,,,,,,,,,,,,,,,,,,,,,,,,,,,,,,,,,,,,,,,,,,,,,,,,,,,,,,,,,,,,,,,,,,,,,,,,,,,,,,,,
1907,7,334.4,4.3,,,,,,,,,,,,,,,,,,,,,,,,,,,,,,,,,,,3.46,4.6,6.7,4.88,10.0,1.94,24.0,0.5,0.66,3.93,4.74,3.28,10.0,2.12,24.0,0.5,0.39,2.88,4.74,2.85,10.0,2.17,24.0,0.5,1014.73,1014.8,1014.87,1014.8,5.0,0.14,30.0,0.4,,,,,,,,,,,,,,,,,,,,,,,,,,,,,,,,,,,,,,,,,,,,,,,,,,,,,,,,,,,,,,,,,,,,,,,,,,,,,,,,,,,,,,,,,,,,,,,,,,,,,,,,,,,,,,,,,,,,,,,,,,,,,,,,,,
1907,7,334.4,6.3,,,,,,,,,,,,,,,,,,,,,,,,,,,,,,,,,,,2.6,4.6,4.6,3.9,34.0,1.86,18.0,0.5,-1.56,1.84,4.51,1.67,34.0,2.65,18.0,0.5,0.71,2.4,3.25,2.24,34.0,2.02,18.0,0.5,1012.75,1014.3,1015.1,1013.71,21.0,2.01,18.0,0.5,,,,,,,,,,,,,,,,,,,,,,,,,,,,,,,,,,,,,,,,,,,,,,,,,,,,,,,,,,,,,,,,,,,,,,,,,,,,,,,,,,,,,,,,,,,,,,,,,,,,,,,,,,,,,,,,,,,,,,,,,,,,,,,,,,
1907,7,334.4,8.3,,,,,,,,,,,,,,,,,,,,,,,,,,,,,,,,,,,1.0,2.6,4.6,3.4,89.0,2.19,18.0,0.5,-1.86,-0.71,0.71,-0.85,89.0,2.32,18.0,0.5,-4.27,0.0,2.64,-0.35,89.0,3.2,18.0,0.5,1012.98,1013.85,1014.42,1013.73,32.0,1.24,16.0,0.5,,,,,,,,,,,,,,,,,,,,,,,,,,,,,,,,,,,,,,,,,,,,,,,,,,,,,,,,,,,,,,,,,,,,,,,,,,,,,,,,,,,,,,,,,,,,,,,,,,,,,,,,,,,,,,,,,,,,,,,,,,,,,,,,,,
1907,7,334.4,10.3,,,,,,,,,,,,,,,,,,,,,,,,,,,,,,,,,,,2.6,4.6,6.7,4.07,70.0,2.08,12.0,0.5,-4.23,-1.76,0.0,-1.84,70.0,2.3,12.0,0.5,-4.6,-2.39,0.0,-2.27,70.0,2.68,12.0,0.5,1013.41,1014.8,1016.06,1014.69,33.0,1.41,10.0,0.5,,,,,,,,,,,,,,,,,,,,,,,,,,,,,,,,,,,,,,,,,,,,,,,,,,,,,,,,,,,,,,,,,,,,,,,,,,,,,,,,,,,,,,,,,,,,,,,,,,,,,,,,,,,,,,,,,,,,,,,,,,,,,,,,,,
1907,7,334.4,12.3,,,,,,,,,,,,,,,,,,,,,,,,,,,,,,,,,,,2.6,4.6,6.7,4.43,36.0,2.48,12.0,0.4,-4.74,-2.41,-0.39,-2.69,36.0,2.55,12.0,0.4,-4.74,-1.84,-0.86,-2.75,36.0,2.16,12.0,0.4,1014.8,1015.0,1018.43,1016.21,15.0,1.8,6.0,0.4,,,,,,,,,,,,,,,,,,,,,,,,,,,,,,,,,,,,,,,,,,,,,,,,,,,,,,,,,,,,,,,,,,,,,,,,,,,,,,,,,,,,,,,,,,,,,,,,,,,,,,,,,,,,,,,,,,,,,,,,,,,,,,,,,,
1907,7,334.4,14.3,,,,,,,,,,,,,,,,,,,,,,,,,,,,,,,,,,,2.6,4.6,6.7,4.82,79.0,2.04,18.0,0.4,-4.74,-3.25,-1.01,-3.16,79.0,2.14,18.0,0.4,-4.74,-2.6,0.0,-2.63,79.0,2.43,18.0,0.4,1014.3,1015.7,1017.44,1015.74,24.0,1.42,14.0,0.4,,,,,,,,,,,,,,,,,,,,,,,,,,,,,,,,,,,,,,,,,,,,,,,,,,,,,,,,,,,,,,,,,,,,,,,,,,,,,,,,,,,,,,,,,,,,,,,,,,,,,,,,,,,,,,,,,,,,,,,,,,,,,,,,,,
1907,7,334.4,16.3,,,,,,,,,,,,,,,,,,,,,,,,,,,,,,,,,,,4.6,4.6,9.3,6.0,102.0,2.46,16.0,0.5,-6.21,-3.25,-1.8,-3.81,102.0,2.18,16.0,0.5,-6.58,-3.25,-1.84,-3.99,102.0,2.62,16.0,0.5,1014.49,1016.15,1018.1,1016.18,38.0,1.77,16.0,0.5,,,,,,,,,,,,,,,,,,,,,,,,,,,,,,,,,,,,,,,,,,,,,,,,,,,,,,,,,,,,,,,,,,,,,,,,,,,,,,,,,,,,,,,,,,,,,,,,,,,,,,,,,,,,,,,,,,,,,,,,,,,,,,,,,,
1907,7,334.4,18.3,,,,,,,,,,,,,,,,,,,,,,,,,,,,,,,,,,,4.6,6.7,9.3,6.69,56.0,1.99,18.0,0.4,-6.21,-4.27,-2.62,-4.16,56.0,1.83,18.0,0.4,-6.61,-4.74,-2.51,-4.56,56.0,2.7,18.0,0.4,1015.48,1017.1,1018.92,1017.04,31.0,1.9,14.0,0.5,,,,,,,,,,,,,,,,,,,,,,,,,,,,,,,,,,,,,,,,,,,,,,,,,,,,,,,,,,,,,,,,,,,,,,,,,,,,,,,,,,,,,,,,,,,,,,,,,,,,,,,,,,,,,,,,,,,,,,,,,,,,,,,,,,
1907,7,334.4,20.3,,,,,,,,,,,,,,,,,,,,,,,,,,,,,,,,,,,6.7,9.55,12.3,9.77,12.0,3.08,14.0,0.5,-9.7,-7.7,-5.84,-7.63,12.0,2.35,14.0,0.5,-8.78,-4.67,-1.87,-5.24,12.0,3.81,14.0,0.5,1017.71,1018.75,1019.29,1018.47,10.0,1.21,10.0,0.4,,,,,,,,,,,,,,,,,,,,,,,,,,,,,,,,,,,,,,,,,,,,,,,,,,,,,,,,,,,,,,,,,,,,,,,,,,,,,,,,,,,,,,,,,,,,,,,,,,,,,,,,,,,,,,,,,,,,,,,,,,,,,,,,,,
1907,7,334.4,22.3,,,,,,,,,,,,,,,,,,,,,,,,,,,,,,,,,,,4.6,6.7,9.32,6.91,7.0,2.04,8.0,0.6,-7.01,-6.21,-4.27,-6.1,7.0,1.52,8.0,0.6,-3.65,-2.51,-1.72,-3.06,7.0,1.81,8.0,0.6,1019.58,1020.8,1021.62,1020.67,6.0,1.02,4.0,0.7,,,,,,,,,,,,,,,,,,,,,,,,,,,,,,,,,,,,,,,,,,,,,,,,,,,,,,,,,,,,,,,,,,,,,,,,,,,,,,,,,,,,,,,,,,,,,,,,,,,,,,,,,,,,,,,,,,,,,,,,,,,,,,,,,,
1907,7,334.4,24.3,,,,,,,,,,,,,,,,,,,,,,,,,,,,,,,,,,,4.6,6.7,9.61,6.84,16.0,2.51,14.0,0.3,-8.91,-4.74,-3.25,-5.83,16.0,2.75,14.0,0.3,-4.33,-3.25,-0.66,-2.91,16.0,1.85,14.0,0.3,1019.88,1020.8,1021.45,1020.74,9.0,0.85,8.0,0.3,,,,,,,,,,,,,,,,,,,,,,,,,,,,,,,,,,,,,,,,,,,,,,,,,,,,,,,,,,,,,,,,,,,,,,,,,,,,,,,,,,,,,,,,,,,,,,,,,,,,,,,,,,,,,,,,,,,,,,,,,,,,,,,,,,
1907,7,334.4,26.3,,,,,,,,,,,,,,,,,,,,,,,,,,,,,,,,,,,9.8,9.8,9.8,9.8,1.0,0.0,4.0,0.0,-9.09,-9.09,-9.09,-9.09,1.0,0.0,4.0,0.0,-3.67,-3.67,-3.67,-3.67,1.0,0.0,4.0,0.0,1021.2,1021.2,1021.2,1021.2,1.0,0.0,4.0,0.0,,,,,,,,,,,,,,,,,,,,,,,,,,,,,,,,,,,,,,,,,,,,,,,,,,,,,,,,,,,,,,,,,,,,,,,,,,,,,,,,,,,,,,,,,,,,,,,,,,,,,,,,,,,,,,,,,,,,,,,,,,,,,,,,,,
1907,7,334.4,36.3,,,,,,,,,,,,,,,,,,,,,,,,,,,,,,,,,,,1.0,2.6,4.6,2.88,17.0,1.69,12.0,0.6,-0.99,0.0,4.27,1.14,17.0,2.5,12.0,0.6,-1.84,0.0,2.19,0.26,17.0,2.0,12.0,0.6,1020.53,1023.75,1024.82,1022.73,4.0,3.2,14.0,0.5,,,,,,,,,,,,,,,,,,,,,,,,,,,,,,,,,,,,,,,,,,,,,,,,,,,,,,,,,,,,,,,,,,,,,,,,,,,,,,,,,,,,,,,,,,,,,,,,,,,,,,,,,,,,,,,,,,,,,,,,,,,,,,,,,,
1907,7,334.4,38.3,,,,,,,,,,,,,,,,,,,,,,,,,,,,,,,,,,,2.6,4.6,5.1,3.78,31.0,2.09,14.0,0.4,-3.25,0.0,4.35,0.28,31.0,3.77,14.0,0.4,-2.53,0.0,2.02,-0.26,31.0,2.19,14.0,0.4,1019.39,1023.45,1027.86,1023.79,10.0,3.9,16.0,0.7,,,,,,,,,,,,,,,,,,,,,,,,,,,,,,,,,,,,,,,,,,,,,,,,,,,,,,,,,,,,,,,,,,,,,,,,,,,,,,,,,,,,,,,,,,,,,,,,,,,,,,,,,,,,,,,,,,,,,,,,,,,,,,,,,,
1907,7,334.4,40.3,,,,,,,,,,,,,,,,,,,,,,,,,,,,,,,,,,,9.3,9.3,9.3,9.3,1.0,0.0,26.0,0.0,6.58,6.58,6.58,6.58,1.0,0.0,26.0,0.0,6.58,6.58,6.58,6.58,1.0,0.0,26.0,0.0,1018.0,1018.0,1018.0,1018.0,1.0,0.0,26.0,0.0,,,,,,,,,,,,,,,,,,,,,,,,,,,,,,,,,,,,,,,,,,,,,,,,,,,,,,,,,,,,,,,,,,,,,,,,,,,,,,,,,,,,,,,,,,,,,,,,,,,,,,,,,,,,,,,,,,,,,,,,,,,,,,,,,,
1907,7,334.4,42.3,,,,,,,,,,,,,,,,,,,,,,,,,,,,,,,,,,,2.6,2.6,6.7,3.73,17.0,2.17,20.0,0.4,-2.5,-1.84,2.09,-0.42,17.0,2.71,20.0,0.4,-2.49,0.0,3.38,0.22,17.0,3.45,20.0,0.4,1019.55,1021.5,1030.21,1023.17,6.0,6.37,22.0,0.3,,,,,,,,,,,,,,,,,,,,,,,,,,,,,,,,,,,,,,,,,,,,,,,,,,,,,,,,,,,,,,,,,,,,,,,,,,,,,,,,,,,,,,,,,,,,,,,,,,,,,,,,,,,,,,,,,,,,,,,,,,,,,,,,,,
1907,7,334.4,46.3,,,,,,,,,,,,,,,,,,,,,,,,,,,,,,,,,,,2.6,4.6,9.3,5.25,47.0,3.8,14.0,0.6,-2.37,0.0,3.25,0.62,47.0,4.42,14.0,0.6,-4.31,0.0,4.29,0.06,47.0,4.76,14.0,0.6,1022.55,1025.0,1029.59,1025.66,11.0,3.58,12.0,0.7,,,,,,,,,,,,,,,,,,,,,,,,,,,,,,,,,,,,,,,,,,,,,,,,,,,,,,,,,,,,,,,,,,,,,,,,,,,,,,,,,,,,,,,,,,,,,,,,,,,,,,,,,,,,,,,,,,,,,,,,,,,,,,,,,,
1907,7,334.4,48.3,,,,,,,,,,,,,,,,,,,,,,,,,,,,,,,,,,,2.6,4.6,12.3,6.51,67.0,4.44,16.0,0.7,-2.41,1.0,6.4,1.99,67.0,4.83,16.0,0.7,-4.44,0.0,5.55,0.61,67.0,5.92,16.0,0.7,1012.43,1022.45,1027.57,1020.7,22.0,7.34,16.0,0.5,,,,,,,,,,,,,,,,,,,,,,,,,,,,,,,,,,,,,,,,,,,,,,,,,,,,,,,,,,,,,,,,,,,,,,,,,,,,,,,,,,,,,,,,,,,,,,,,,,,,,,,,,,,,,,,,,,,,,,,,,,,,,,,,,,
1907,7,334.4,50.3,,,,,,,,,,,,,,,,,,,,,,,,,,,,,,,,,,,4.6,4.6,12.94,7.68,6.0,4.88,22.0,0.8,-5.06,0.0,4.27,-0.38,6.0,4.35,22.0,0.8,-4.6,1.72,11.91,3.29,6.0,7.9,22.0,0.8,1010.59,1017.95,1026.54,1018.23,6.0,7.52,22.0,0.8,,,,,,,,,,,,,,,,,,,,,,,,,,,,,,,,,,,,,,,,,,,,,,,,,,,,,,,,,,,,,,,,,,,,,,,,,,,,,,,,,,,,,,,,,,,,,,,,,,,,,,,,,,,,,,,,,,,,,,,,,,,,,,,,,,
1907,7,334.4,54.3,,,,,,,,,,,,,,,,,,,,,,,,,,,,,,,,,,,1.0,4.6,4.6,3.52,9.0,2.26,18.0,0.8,-0.52,0.0,2.4,1.02,9.0,1.82,18.0,0.8,-0.27,0.71,4.5,1.66,9.0,3.39,18.0,0.8,1009.6,1009.6,1009.6,1009.6,2.0,0.0,20.0,1.0,,,,,,,,,,,,,,,,,,,,,,,,,,,,,,,,,,,,,,,,,,,,,,,,,,,,,,,,,,,,,,,,,,,,,,,,,,,,,,,,,,,,,,,,,,,,,,,,,,,,,,,,,,,,,,,,,,,,,,,,,,,,,,,,,,
1907,7,334.4,64.3,,,,,,,,,,,,,,,,,,,,,,,,,,,,,,,,,,,1.69,4.6,4.6,3.79,10.0,2.0,16.0,0.7,-0.58,0.0,0.57,0.0,10.0,0.94,16.0,0.7,-3.46,2.13,4.6,0.93,10.0,4.26,16.0,0.7,1011.8,1017.6,1023.4,1017.6,2.0,12.02,18.0,0.5,,,,,,,,,,,,,,,,,,,,,,,,,,,,,,,,,,,,,,,,,,,,,,,,,,,,,,,,,,,,,,,,,,,,,,,,,,,,,,,,,,,,,,,,,,,,,,,,,,,,,,,,,,,,,,,,,,,,,,,,,,,,,,,,,,
1907,7,336.4,-1.7,,,,,,,,,,,,,,,,,,,,,,,,,,,,,,,,,,,6.7,6.7,8.06,7.35,4.0,1.3,18.0,0.5,-7.42,-6.17,-5.42,-6.41,4.0,1.59,18.0,0.5,2.62,3.13,4.21,3.4,4.0,1.01,18.0,0.5,1014.39,1014.7,1015.22,1014.8,4.0,0.66,18.0,0.5,,,,,,,,,,,,,,,,,,,,,,,,,,,,,,,,,,,,,,,,,,,,,,,,,,,,,,,,,,,,,,,,,,,,,,,,,,,,,,,,,,,,,,,,,,,,,,,,,,,,,,,,,,,,,,,,,,,,,,,,,,,,,,,,,,
1907,7,336.4,0.3,,,,,,,,,,,,,,,,,,,,,,,,,,,,,,,,,,,4.6,6.7,6.7,5.94,11.0,1.06,12.0,0.5,-3.25,-2.51,-1.47,-2.29,11.0,1.98,12.0,0.5,3.25,6.17,6.21,5.04,11.0,1.5,12.0,0.5,1013.2,1014.4,1015.4,1014.34,7.0,0.93,16.0,0.6,,,,,,,,,,,,,,,,,,,,,,,,,,,,,,,,,,,,,,,,,,,,,,,,,,,,,,,,,,,,,,,,,,,,,,,,,,,,,,,,,,,,,,,,,,,,,,,,,,,,,,,,,,,,,,,,,,,,,,,,,,,,,,,,,,
1907,7,336.4,2.3,,,,,,,,,,,,,,,,,,,,,,,,,,,,,,,,,,,4.6,6.7,6.7,6.23,41.0,1.38,16.0,0.4,-3.4,-2.51,0.0,-1.6,41.0,2.16,16.0,0.4,4.6,6.21,6.45,5.66,41.0,1.23,16.0,0.4,1014.23,1015.2,1016.72,1015.35,31.0,1.31,16.0,0.5,,,,,,,,,,,,,,,,,,,,,,,,,,,,,,,,,,,,,,,,,,,,,,,,,,,,,,,,,,,,,,,,,,,,,,,,,,,,,,,,,,,,,,,,,,,,,,,,,,,,,,,,,,,,,,,,,,,,,,,,,,,,,,,,,,
1907,7,336.4,4.3,,,,,,,,,,,,,,,,,,,,,,,,,,,,,,,,,,,2.6,6.7,7.32,5.74,31.0,2.34,14.0,0.5,-2.51,-0.92,3.96,-0.06,31.0,3.27,14.0,0.5,1.84,4.6,6.7,4.56,31.0,2.7,14.0,0.5,1013.65,1015.6,1017.7,1015.5,27.0,1.82,14.0,0.5,,,,,,,,,,,,,,,,,,,,,,,,,,,,,,,,,,,,,,,,,,,,,,,,,,,,,,,,,,,,,,,,,,,,,,,,,,,,,,,,,,,,,,,,,,,,,,,,,,,,,,,,,,,,,,,,,,,,,,,,,,,,,,,,,,
1907,7,336.4,6.3,,,,,,,,,,,,,,,,,,,,,,,,,,,,,,,,,,,1.99,2.6,6.7,4.11,49.0,2.89,16.0,0.5,-1.84,0.0,2.13,0.13,49.0,2.63,16.0,0.5,0.0,2.39,6.7,2.55,49.0,3.48,16.0,0.5,1009.8,1014.55,1016.8,1014.04,40.0,3.1,18.0,0.5,,,,,,,,,,,,,,,,,,,,,,,,,,,,,,,,,,,,,,,,,,,,,,,,,,,,,,,,,,,,,,,,,,,,,,,,,,,,,,,,,,,,,,,,,,,,,,,,,,,,,,,,,,,,,,,,,,,,,,,,,,,,,,,,,,
1907,7,336.4,8.3,,,,,,,,,,,,,,,,,,,,,,,,,,,,,,,,,,,1.0,2.6,4.6,3.28,58.0,2.29,16.0,0.5,-1.8,0.37,2.6,0.57,58.0,2.51,16.0,0.5,-2.37,0.71,4.19,0.88,58.0,2.96,16.0,0.5,1013.4,1015.0,1017.04,1014.99,33.0,1.77,14.0,0.5,,,,,,,,,,,,,,,,,,,,,,,,,,,,,,,,,,,,,,,,,,,,,,,,,,,,,,,,,,,,,,,,,,,,,,,,,,,,,,,,,,,,,,,,,,,,,,,,,,,,,,,,,,,,,,,,,,,,,,,,,,,,,,,,,,
1907,7,336.4,10.3,,,,,,,,,,,,,,,,,,,,,,,,,,,,,,,,,,,1.0,2.6,6.7,3.08,28.0,2.38,18.0,0.4,-2.62,-0.5,0.28,-0.92,28.0,1.89,18.0,0.4,-5.62,-1.0,0.51,-1.9,28.0,2.71,18.0,0.4,1015.9,1016.1,1016.3,1016.1,2.0,0.42,16.0,0.0,,,,,,,,,,,,,,,,,,,,,,,,,,,,,,,,,,,,,,,,,,,,,,,,,,,,,,,,,,,,,,,,,,,,,,,,,,,,,,,,,,,,,,,,,,,,,,,,,,,,,,,,,,,,,,,,,,,,,,,,,,,,,,,,,,
1907,7,336.4,12.3,,,,,,,,,,,,,,,,,,,,,,,,,,,,,,,,,,,2.6,4.6,4.6,3.8,52.0,1.6,16.0,0.5,-3.25,-1.8,0.0,-1.79,52.0,1.83,16.0,0.5,-4.23,-3.25,-0.04,-2.61,52.0,1.92,16.0,0.5,1014.38,1015.2,1016.23,1015.27,7.0,0.99,6.0,0.6,,,,,,,,,,,,,,,,,,,,,,,,,,,,,,,,,,,,,,,,,,,,,,,,,,,,,,,,,,,,,,,,,,,,,,,,,,,,,,,,,,,,,,,,,,,,,,,,,,,,,,,,,,,,,,,,,,,,,,,,,,,,,,,,,,
1907,7,336.4,14.3,,,,,,,,,,,,,,,,,,,,,,,,,,,,,,,,,,,2.6,4.6,6.7,4.64,66.0,2.06,16.0,0.5,-3.25,-1.8,0.0,-1.5,66.0,1.9,16.0,0.5,-6.17,-4.23,-1.76,-3.77,66.0,2.4,16.0,0.5,1013.7,1014.6,1016.2,1014.96,11.0,1.2,4.0,0.3,,,,,,,,,,,,,,,,,,,,,,,,,,,,,,,,,,,,,,,,,,,,,,,,,,,,,,,,,,,,,,,,,,,,,,,,,,,,,,,,,,,,,,,,,,,,,,,,,,,,,,,,,,,,,,,,,,,,,,,,,,,,,,,,,,
1907,7,336.4,16.3,,,,,,,,,,,,,,,,,,,,,,,,,,,,,,,,,,,2.6,4.6,6.7,4.37,27.0,1.96,14.0,0.7,-3.25,-2.6,-1.11,-2.42,27.0,1.37,14.0,0.7,-6.17,-2.51,-1.74,-3.31,27.0,2.08,14.0,0.7,1014.37,1014.8,1015.32,1014.87,7.0,0.69,4.0,1.0,,,,,,,,,,,,,,,,,,,,,,,,,,,,,,,,,,,,,,,,,,,,,,,,,,,,,,,,,,,,,,,,,,,,,,,,,,,,,,,,,,,,,,,,,,,,,,,,,,,,,,,,,,,,,,,,,,,,,,,,,,,,,,,,,,
1907,7,336.4,18.3,,,,,,,,,,,,,,,,,,,,,,,,,,,,,,,,,,,4.6,6.7,9.8,6.92,66.0,2.52,16.0,0.5,-6.58,-3.83,-1.8,-4.01,66.0,2.1,16.0,0.5,-6.93,-5.45,-2.51,-5.29,66.0,2.41,16.0,0.5,1014.83,1017.8,1019.51,1017.39,16.0,2.12,18.0,0.5,,,,,,,,,,,,,,,,,,,,,,,,,,,,,,,,,,,,,,,,,,,,,,,,,,,,,,,,,,,,,,,,,,,,,,,,,,,,,,,,,,,,,,,,,,,,,,,,,,,,,,,,,,,,,,,,,,,,,,,,,,,,,,,,,,
1907,7,336.4,20.3,,,,,,,,,,,,,,,,,,,,,,,,,,,,,,,,,,,6.7,6.7,9.8,7.74,83.0,2.41,16.0,0.5,-6.58,-3.83,-2.62,-4.03,83.0,2.02,16.0,0.5,-9.02,-6.17,-4.74,-6.34,83.0,2.31,16.0,0.5,1015.29,1016.7,1019.35,1017.1,38.0,2.11,16.0,0.6,,,,,,,,,,,,,,,,,,,,,,,,,,,,,,,,,,,,,,,,,,,,,,,,,,,,,,,,,,,,,,,,,,,,,,,,,,,,,,,,,,,,,,,,,,,,,,,,,,,,,,,,,,,,,,,,,,,,,,,,,,,,,,,,,,
1907,7,336.4,22.3,,,,,,,,,,,,,,,,,,,,,,,,,,,,,,,,,,,4.6,6.7,9.8,7.46,38.0,2.64,18.0,0.5,-6.59,-4.74,-2.62,-4.3,38.0,1.84,18.0,0.5,-8.62,-6.17,-3.16,-5.76,38.0,2.78,18.0,0.5,1015.22,1017.1,1020.67,1017.96,18.0,2.62,16.0,0.5,,,,,,,,,,,,,,,,,,,,,,,,,,,,,,,,,,,,,,,,,,,,,,,,,,,,,,,,,,,,,,,,,,,,,,,,,,,,,,,,,,,,,,,,,,,,,,,,,,,,,,,,,,,,,,,,,,,,,,,,,,,,,,,,,,
1907,7,336.4,24.3,,,,,,,,,,,,,,,,,,,,,,,,,,,,,,,,,,,4.6,6.7,6.7,5.99,8.0,2.01,20.0,0.8,-4.74,-4.74,-3.25,-4.23,8.0,1.42,20.0,0.8,-4.74,-4.74,-3.25,-4.23,8.0,1.42,20.0,0.8,1021.99,1023.15,1023.64,1022.8,6.0,1.11,20.0,0.7,,,,,,,,,,,,,,,,,,,,,,,,,,,,,,,,,,,,,,,,,,,,,,,,,,,,,,,,,,,,,,,,,,,,,,,,,,,,,,,,,,,,,,,,,,,,,,,,,,,,,,,,,,,,,,,,,,,,,,,,,,,,,,,,,,
1907,7,336.4,26.3,,,,,,,,,,,,,,,,,,,,,,,,,,,,,,,,,,,4.6,4.6,9.26,5.84,20.0,2.37,14.0,0.6,-9.02,-3.25,-2.62,-4.49,20.0,2.48,14.0,0.6,-4.74,-3.25,-0.05,-3.18,20.0,1.87,14.0,0.6,1020.47,1021.65,1022.31,1021.63,12.0,0.99,8.0,0.5,,,,,,,,,,,,,,,,,,,,,,,,,,,,,,,,,,,,,,,,,,,,,,,,,,,,,,,,,,,,,,,,,,,,,,,,,,,,,,,,,,,,,,,,,,,,,,,,,,,,,,,,,,,,,,,,,,,,,,,,,,,,,,,,,,
1907,7,336.4,34.3,,,,,,,,,,,,,,,,,,,,,,,,,,,,,,,,,,,7.11,8.0,8.89,8.0,2.0,1.84,10.0,1.0,-8.24,-7.42,-6.59,-7.42,2.0,1.7,10.0,1.0,-3.33,-3.0,-2.66,-3.0,2.0,0.69,10.0,1.0,1030.7,1030.9,1031.1,1030.9,2.0,0.42,10.0,1.0,,,,,,,,,,,,,,,,,,,,,,,,,,,,,,,,,,,,,,,,,,,,,,,,,,,,,,,,,,,,,,,,,,,,,,,,,,,,,,,,,,,,,,,,,,,,,,,,,,,,,,,,,,,,,,,,,,,,,,,,,,,,,,,,,,
1907,7,336.4,36.3,,,,,,,,,,,,,,,,,,,,,,,,,,,,,,,,,,,2.6,4.6,4.6,4.44,16.0,2.13,12.0,0.6,-3.49,-1.84,2.02,-1.43,16.0,3.26,12.0,0.6,-3.97,-2.12,0.0,-2.02,16.0,2.89,12.0,0.6,1029.73,1032.1,1033.39,1031.5,9.0,2.25,12.0,0.6,,,,,,,,,,,,,,,,,,,,,,,,,,,,,,,,,,,,,,,,,,,,,,,,,,,,,,,,,,,,,,,,,,,,,,,,,,,,,,,,,,,,,,,,,,,,,,,,,,,,,,,,,,,,,,,,,,,,,,,,,,,,,,,,,,
1907,7,336.4,38.3,,,,,,,,,,,,,,,,,,,,,,,,,,,,,,,,,,,2.6,2.6,6.3,3.67,40.0,2.05,14.0,0.5,-2.58,0.0,4.05,0.39,40.0,3.27,14.0,0.5,-3.13,-0.84,2.13,-0.99,40.0,2.48,14.0,0.5,1019.51,1023.3,1027.71,1023.09,15.0,4.13,14.0,0.3,,,,,,,,,,,,,,,,,,,,,,,,,,,,,,,,,,,,,,,,,,,,,,,,,,,,,,,,,,,,,,,,,,,,,,,,,,,,,,,,,,,,,,,,,,,,,,,,,,,,,,,,,,,,,,,,,,,,,,,,,,,,,,,,,,
1907,7,336.4,40.3,,,,,,,,,,,,,,,,,,,,,,,,,,,,,,,,,,,3.29,6.7,6.7,5.14,5.0,2.49,16.0,0.6,-0.37,1.72,4.11,2.01,5.0,2.98,16.0,0.6,-4.96,0.0,2.45,-0.75,5.0,4.96,16.0,0.6,1020.03,1023.75,1027.47,1023.75,2.0,7.71,18.0,0.5,,,,,,,,,,,,,,,,,,,,,,,,,,,,,,,,,,,,,,,,,,,,,,,,,,,,,,,,,,,,,,,,,,,,,,,,,,,,,,,,,,,,,,,,,,,,,,,,,,,,,,,,,,,,,,,,,,,,,,,,,,,,,,,,,,
1907,7,336.4,42.3,,,,,,,,,,,,,,,,,,,,,,,,,,,,,,,,,,,1.69,2.6,3.74,2.58,10.0,1.39,22.0,0.4,-2.17,0.0,1.47,-0.03,10.0,1.87,22.0,0.4,-0.4,1.41,2.41,0.84,10.0,2.25,22.0,0.4,1015.79,1021.0,1023.45,1020.67,6.0,5.05,24.0,0.3,,,,,,,,,,,,,,,,,,,,,,,,,,,,,,,,,,,,,,,,,,,,,,,,,,,,,,,,,,,,,,,,,,,,,,,,,,,,,,,,,,,,,,,,,,,,,,,,,,,,,,,,,,,,,,,,,,,,,,,,,,,,,,,,,,
1907,7,336.4,44.3,,,,,,,,,,,,,,,,,,,,,,,,,,,,,,,,,,,2.6,2.6,4.6,3.15,8.0,1.32,18.0,0.8,-1.84,-0.92,1.83,-0.24,8.0,2.3,18.0,0.8,-1.52,1.84,3.25,1.47,8.0,2.29,18.0,0.8,1019.63,1021.0,1025.78,1022.67,3.0,4.73,24.0,1.0,,,,,,,,,,,,,,,,,,,,,,,,,,,,,,,,,,,,,,,,,,,,,,,,,,,,,,,,,,,,,,,,,,,,,,,,,,,,,,,,,,,,,,,,,,,,,,,,,,,,,,,,,,,,,,,,,,,,,,,,,,,,,,,,,,
1907,7,336.4,46.3,,,,,,,,,,,,,,,,,,,,,,,,,,,,,,,,,,,2.54,4.6,11.02,6.0,10.0,4.21,14.0,0.6,0.0,0.0,3.45,1.71,10.0,3.78,14.0,0.6,-4.68,0.0,7.14,1.14,10.0,6.23,14.0,0.6,1017.2,1017.2,1017.2,1017.2,1.0,0.0,4.0,1.0,,,,,,,,,,,,,,,,,,,,,,,,,,,,,,,,,,,,,,,,,,,,,,,,,,,,,,,,,,,,,,,,,,,,,,,,,,,,,,,,,,,,,,,,,,,,,,,,,,,,,,,,,,,,,,,,,,,,,,,,,,,,,,,,,,
1907,7,336.4,48.3,,,,,,,,,,,,,,,,,,,,,,,,,,,,,,,,,,,2.6,4.6,9.41,5.81,113.0,3.82,16.0,0.6,-1.18,1.72,6.7,2.29,113.0,4.61,16.0,0.6,-4.74,-0.71,4.27,-0.51,113.0,4.68,16.0,0.6,1015.82,1023.4,1028.76,1021.89,34.0,6.9,16.0,0.6,,,,,,,,,,,,,,,,,,,,,,,,,,,,,,,,,,,,,,,,,,,,,,,,,,,,,,,,,,,,,,,,,,,,,,,,,,,,,,,,,,,,,,,,,,,,,,,,,,,,,,,,,,,,,,,,,,,,,,,,,,,,,,,,,,
1907,7,336.4,50.3,,,,,,,,,,,,,,,,,,,,,,,,,,,,,,,,,,,1.51,2.6,5.4,3.43,3.0,2.94,22.0,1.0,-0.26,0.0,1.25,0.49,3.0,1.18,22.0,1.0,-4.28,0.93,1.55,-1.31,3.0,4.69,22.0,1.0,1020.92,1025.9,1026.72,1023.87,3.0,4.6,22.0,1.0,,,,,,,,,,,,,,,,,,,,,,,,,,,,,,,,,,,,,,,,,,,,,,,,,,,,,,,,,,,,,,,,,,,,,,,,,,,,,,,,,,,,,,,,,,,,,,,,,,,,,,,,,,,,,,,,,,,,,,,,,,,,,,,,,,
1907,7,336.4,52.3,,,,,,,,,,,,,,,,,,,,,,,,,,,,,,,,,,,2.02,15.4,15.4,9.96,5.0,7.47,20.0,0.6,-6.02,-6.02,0.42,-3.32,5.0,3.78,20.0,0.6,-1.26,14.18,14.18,7.95,5.0,8.53,20.0,0.6,1013.32,1014.0,1016.73,1015.0,3.0,2.65,14.0,1.0,,,,,,,,,,,,,,,,,,,,,,,,,,,,,,,,,,,,,,,,,,,,,,,,,,,,,,,,,,,,,,,,,,,,,,,,,,,,,,,,,,,,,,,,,,,,,,,,,,,,,,,,,,,,,,,,,,,,,,,,,,,,,,,,,,
1907,7,336.4,54.3,,,,,,,,,,,,,,,,,,,,,,,,,,,,,,,,,,,3.86,4.6,7.24,5.13,6.0,2.75,20.0,0.7,-0.98,1.25,1.8,0.23,6.0,2.54,20.0,0.7,3.21,4.23,5.68,4.34,6.0,3.17,20.0,0.7,1012.3,1012.3,1012.3,1012.3,1.0,0.0,20.0,0.0,,,,,,,,,,,,,,,,,,,,,,,,,,,,,,,,,,,,,,,,,,,,,,,,,,,,,,,,,,,,,,,,,,,,,,,,,,,,,,,,,,,,,,,,,,,,,,,,,,,,,,,,,,,,,,,,,,,,,,,,,,,,,,,,,,
1907,7,336.4,56.3,,,,,,,,,,,,,,,,,,,,,,,,,,,,,,,,,,,6.7,6.7,10.4,8.34,5.0,2.48,24.0,0.8,-3.99,-2.51,0.0,-2.32,5.0,2.69,24.0,0.8,6.21,6.58,8.75,7.6,5.0,2.64,24.0,0.8,1016.3,1016.3,1016.3,1016.3,1.0,0.0,18.0,1.0,,,,,,,,,,,,,,,,,,,,,,,,,,,,,,,,,,,,,,,,,,,,,,,,,,,,,,,,,,,,,,,,,,,,,,,,,,,,,,,,,,,,,,,,,,,,,,,,,,,,,,,,,,,,,,,,,,,,,,,,,,,,,,,,,,
1907,7,336.4,66.3,,,,,,,,,,,,,,,,,,,,,,,,,,,,,,,,,,,3.23,4.6,4.6,3.93,3.0,1.15,12.0,0.7,-1.18,0.0,2.22,0.51,3.0,2.53,12.0,0.7,-3.05,-2.6,2.09,-0.53,3.0,4.16,12.0,0.7,1007.5,1007.5,1007.5,1007.5,2.0,0.0,6.0,0.5,,,,,,,,,,,,,,,,,,,,,,,,,,,,,,,,,,,,,,,,,,,,,,,,,,,,,,,,,,,,,,,,,,,,,,,,,,,,,,,,,,,,,,,,,,,,,,,,,,,,,,,,,,,,,,,,,,,,,,,,,,,,,,,,,,
1907,7,338.4,-37.7,,,,,,,,,,,,,,,,,,,,,,,,,,,,,,,,,,,12.3,12.3,12.3,12.3,2.0,0.0,18.0,0.5,-4.81,-4.81,-4.81,-4.81,2.0,0.0,18.0,0.5,-11.32,-11.32,-11.32,-11.32,2.0,0.0,18.0,0.5,1030.2,1030.2,1030.2,1030.2,2.0,0.0,18.0,0.5,,,,,,,,,,,,,,,,,,,,,,,,,,,,,,,,,,,,,,,,,,,,,,,,,,,,,,,,,,,,,,,,,,,,,,,,,,,,,,,,,,,,,,,,,,,,,,,,,,,,,,,,,,,,,,,,,,,,,,,,,,,,,,,,,,
1907,7,338.4,2.3,,,,,,,,,,,,,,,,,,,,,,,,,,,,,,,,,,,4.6,6.7,6.7,5.7,23.0,1.23,18.0,0.5,-3.25,-2.51,1.8,-1.58,23.0,2.32,18.0,0.5,3.74,4.74,6.21,4.91,23.0,1.52,18.0,0.5,1014.52,1015.4,1017.98,1016.03,12.0,1.86,18.0,0.3,,,,,,,,,,,,,,,,,,,,,,,,,,,,,,,,,,,,,,,,,,,,,,,,,,,,,,,,,,,,,,,,,,,,,,,,,,,,,,,,,,,,,,,,,,,,,,,,,,,,,,,,,,,,,,,,,,,,,,,,,,,,,,,,,,
1907,7,338.4,4.3,,,,,,,,,,,,,,,,,,,,,,,,,,,,,,,,,,,5.97,6.7,9.3,7.24,24.0,1.91,14.0,0.5,-6.58,-3.25,0.0,-3.03,24.0,3.02,14.0,0.5,4.56,6.58,6.7,5.95,24.0,1.65,14.0,0.5,1012.3,1014.45,1018.36,1015.15,16.0,2.51,20.0,0.6,,,,,,,,,,,,,,,,,,,,,,,,,,,,,,,,,,,,,,,,,,,,,,,,,,,,,,,,,,,,,,,,,,,,,,,,,,,,,,,,,,,,,,,,,,,,,,,,,,,,,,,,,,,,,,,,,,,,,,,,,,,,,,,,,,
1907,7,338.4,6.3,,,,,,,,,,,,,,,,,,,,,,,,,,,,,,,,,,,2.6,4.6,7.32,5.16,31.0,2.65,18.0,0.5,0.0,1.0,2.77,1.27,31.0,1.48,18.0,0.5,2.26,4.6,7.14,4.73,31.0,2.74,18.0,0.5,1010.57,1014.6,1017.73,1014.31,21.0,3.17,22.0,0.6,,,,,,,,,,,,,,,,,,,,,,,,,,,,,,,,,,,,,,,,,,,,,,,,,,,,,,,,,,,,,,,,,,,,,,,,,,,,,,,,,,,,,,,,,,,,,,,,,,,,,,,,,,,,,,,,,,,,,,,,,,,,,,,,,,
1907,7,338.4,16.3,,,,,,,,,,,,,,,,,,,,,,,,,,,,,,,,,,,2.09,4.6,9.3,5.23,62.0,3.1,16.0,0.4,-3.83,-1.84,0.0,-1.82,62.0,2.41,16.0,0.4,-6.93,-3.25,-0.71,-4.14,62.0,3.3,16.0,0.4,1013.77,1014.4,1014.9,1014.42,13.0,0.97,16.0,0.4,,,,,,,,,,,,,,,,,,,,,,,,,,,,,,,,,,,,,,,,,,,,,,,,,,,,,,,,,,,,,,,,,,,,,,,,,,,,,,,,,,,,,,,,,,,,,,,,,,,,,,,,,,,,,,,,,,,,,,,,,,,,,,,,,,
1907,7,338.4,18.3,,,,,,,,,,,,,,,,,,,,,,,,,,,,,,,,,,,4.6,6.7,7.99,6.29,74.0,2.37,16.0,0.6,-4.74,-2.62,-1.8,-2.95,74.0,2.37,16.0,0.6,-6.8,-4.74,-3.25,-5.2,74.0,1.95,16.0,0.6,1013.45,1014.8,1016.47,1014.99,17.0,1.91,10.0,0.6,,,,,,,,,,,,,,,,,,,,,,,,,,,,,,,,,,,,,,,,,,,,,,,,,,,,,,,,,,,,,,,,,,,,,,,,,,,,,,,,,,,,,,,,,,,,,,,,,,,,,,,,,,,,,,,,,,,,,,,,,,,,,,,,,,
1907,7,338.4,20.3,,,,,,,,,,,,,,,,,,,,,,,,,,,,,,,,,,,4.6,6.7,11.39,7.67,60.0,3.03,14.0,0.5,-5.93,-3.83,-2.62,-4.19,60.0,2.3,14.0,0.5,-9.02,-6.17,-3.25,-6.15,60.0,2.72,14.0,0.5,1014.14,1015.6,1017.37,1015.94,13.0,2.24,14.0,0.2,,,,,,,,,,,,,,,,,,,,,,,,,,,,,,,,,,,,,,,,,,,,,,,,,,,,,,,,,,,,,,,,,,,,,,,,,,,,,,,,,,,,,,,,,,,,,,,,,,,,,,,,,,,,,,,,,,,,,,,,,,,,,,,,,,
1907,7,338.4,22.3,,,,,,,,,,,,,,,,,,,,,,,,,,,,,,,,,,,4.6,9.3,9.8,7.84,65.0,2.46,16.0,0.4,-6.87,-4.74,-2.62,-4.57,65.0,2.37,16.0,0.4,-8.7,-6.17,-4.23,-6.06,65.0,2.08,16.0,0.4,1015.22,1017.4,1020.99,1017.96,20.0,2.42,18.0,0.6,,,,,,,,,,,,,,,,,,,,,,,,,,,,,,,,,,,,,,,,,,,,,,,,,,,,,,,,,,,,,,,,,,,,,,,,,,,,,,,,,,,,,,,,,,,,,,,,,,,,,,,,,,,,,,,,,,,,,,,,,,,,,,,,,,
1907,7,338.4,24.3,,,,,,,,,,,,,,,,,,,,,,,,,,,,,,,,,,,4.6,6.7,9.3,6.52,58.0,2.31,18.0,0.5,-4.74,-3.63,-1.8,-3.62,58.0,1.64,18.0,0.5,-6.7,-4.74,-3.25,-5.2,58.0,2.27,18.0,0.5,1014.26,1018.05,1020.47,1017.88,28.0,2.81,18.0,0.5,,,,,,,,,,,,,,,,,,,,,,,,,,,,,,,,,,,,,,,,,,,,,,,,,,,,,,,,,,,,,,,,,,,,,,,,,,,,,,,,,,,,,,,,,,,,,,,,,,,,,,,,,,,,,,,,,,,,,,,,,,,,,,,,,,
1907,7,338.4,26.3,,,,,,,,,,,,,,,,,,,,,,,,,,,,,,,,,,,4.34,4.6,9.8,6.07,38.0,2.61,18.0,0.5,-4.74,-3.25,-1.84,-3.27,38.0,1.52,18.0,0.5,-8.62,-4.23,-3.14,-4.9,38.0,2.59,18.0,0.5,1017.5,1020.55,1022.8,1020.04,20.0,2.68,18.0,0.6,,,,,,,,,,,,,,,,,,,,,,,,,,,,,,,,,,,,,,,,,,,,,,,,,,,,,,,,,,,,,,,,,,,,,,,,,,,,,,,,,,,,,,,,,,,,,,,,,,,,,,,,,,,,,,,,,,,,,,,,,,,,,,,,,,
1907,7,338.4,28.3,,,,,,,,,,,,,,,,,,,,,,,,,,,,,,,,,,,0.49,2.6,4.6,3.22,23.0,2.12,16.0,0.5,-3.25,-1.84,-0.49,-2.02,23.0,1.53,16.0,0.5,-4.23,-2.39,0.0,-2.43,23.0,1.61,16.0,0.5,1019.0,1019.6,1022.31,1020.27,15.0,1.62,14.0,0.4,,,,,,,,,,,,,,,,,,,,,,,,,,,,,,,,,,,,,,,,,,,,,,,,,,,,,,,,,,,,,,,,,,,,,,,,,,,,,,,,,,,,,,,,,,,,,,,,,,,,,,,,,,,,,,,,,,,,,,,,,,,,,,,,,,
1907,7,338.4,32.3,,,,,,,,,,,,,,,,,,,,,,,,,,,,,,,,,,,5.6,6.7,6.7,6.18,4.0,1.05,8.0,0.3,-4.74,-3.68,-2.19,-3.47,4.0,1.5,8.0,0.3,-5.49,-4.74,-4.47,-4.97,4.0,0.83,8.0,0.3,1023.7,1023.95,1024.31,1024.0,4.0,0.39,8.0,0.3,,,,,,,,,,,,,,,,,,,,,,,,,,,,,,,,,,,,,,,,,,,,,,,,,,,,,,,,,,,,,,,,,,,,,,,,,,,,,,,,,,,,,,,,,,,,,,,,,,,,,,,,,,,,,,,,,,,,,,,,,,,,,,,,,,
1907,7,338.4,34.3,,,,,,,,,,,,,,,,,,,,,,,,,,,,,,,,,,,2.6,4.6,4.6,3.94,9.0,1.44,12.0,0.4,-4.27,-3.25,-0.5,-2.67,9.0,2.05,12.0,0.4,-2.87,-1.72,1.49,-1.22,9.0,2.38,12.0,0.4,1020.25,1026.0,1028.23,1024.38,9.0,3.75,12.0,0.4,,,,,,,,,,,,,,,,,,,,,,,,,,,,,,,,,,,,,,,,,,,,,,,,,,,,,,,,,,,,,,,,,,,,,,,,,,,,,,,,,,,,,,,,,,,,,,,,,,,,,,,,,,,,,,,,,,,,,,,,,,,,,,,,,,
1907,7,338.4,36.3,,,,,,,,,,,,,,,,,,,,,,,,,,,,,,,,,,,2.6,4.6,6.7,4.49,18.0,2.3,14.0,0.2,-4.74,-0.86,0.11,-1.75,18.0,2.69,14.0,0.2,-4.74,-3.37,-0.43,-3.04,18.0,2.52,14.0,0.2,1023.31,1026.8,1028.72,1026.05,4.0,3.45,12.0,0.5,,,,,,,,,,,,,,,,,,,,,,,,,,,,,,,,,,,,,,,,,,,,,,,,,,,,,,,,,,,,,,,,,,,,,,,,,,,,,,,,,,,,,,,,,,,,,,,,,,,,,,,,,,,,,,,,,,,,,,,,,,,,,,,,,,
1907,7,338.4,38.3,,,,,,,,,,,,,,,,,,,,,,,,,,,,,,,,,,,1.0,2.6,6.7,3.06,14.0,2.56,12.0,0.6,-2.62,-0.85,0.66,-1.08,14.0,1.81,12.0,0.6,-6.08,-1.27,0.0,-2.04,14.0,2.76,12.0,0.6,1027.99,1028.4,1028.81,1028.4,2.0,0.85,10.0,0.5,,,,,,,,,,,,,,,,,,,,,,,,,,,,,,,,,,,,,,,,,,,,,,,,,,,,,,,,,,,,,,,,,,,,,,,,,,,,,,,,,,,,,,,,,,,,,,,,,,,,,,,,,,,,,,,,,,,,,,,,,,,,,,,,,,
1907,7,338.4,40.3,,,,,,,,,,,,,,,,,,,,,,,,,,,,,,,,,,,1.0,2.6,6.7,3.85,39.0,2.73,14.0,0.5,-0.99,0.0,4.74,1.36,39.0,2.88,14.0,0.5,-4.72,-0.71,0.69,-1.26,39.0,3.3,14.0,0.5,1018.14,1020.0,1027.02,1021.79,15.0,4.05,18.0,0.6,,,,,,,,,,,,,,,,,,,,,,,,,,,,,,,,,,,,,,,,,,,,,,,,,,,,,,,,,,,,,,,,,,,,,,,,,,,,,,,,,,,,,,,,,,,,,,,,,,,,,,,,,,,,,,,,,,,,,,,,,,,,,,,,,,
1907,7,338.4,42.3,,,,,,,,,,,,,,,,,,,,,,,,,,,,,,,,,,,2.6,2.6,4.7,3.76,7.0,1.6,22.0,0.6,-4.36,0.0,1.05,-1.11,7.0,2.95,22.0,0.6,-2.6,-2.39,2.59,-0.24,7.0,2.97,22.0,0.6,1018.59,1022.0,1022.68,1020.67,3.0,3.21,26.0,0.7,,,,,,,,,,,,,,,,,,,,,,,,,,,,,,,,,,,,,,,,,,,,,,,,,,,,,,,,,,,,,,,,,,,,,,,,,,,,,,,,,,,,,,,,,,,,,,,,,,,,,,,,,,,,,,,,,,,,,,,,,,,,,,,,,,
1907,7,338.4,44.3,,,,,,,,,,,,,,,,,,,,,,,,,,,,,,,,,,,1.18,3.6,4.6,3.46,8.0,2.0,16.0,0.6,-3.1,-1.0,3.18,-0.52,8.0,3.39,16.0,0.6,-3.25,-0.92,0.0,-1.14,8.0,2.11,16.0,0.6,1020.22,1025.0,1026.37,1023.33,3.0,4.73,16.0,0.7,,,,,,,,,,,,,,,,,,,,,,,,,,,,,,,,,,,,,,,,,,,,,,,,,,,,,,,,,,,,,,,,,,,,,,,,,,,,,,,,,,,,,,,,,,,,,,,,,,,,,,,,,,,,,,,,,,,,,,,,,,,,,,,,,,
1907,7,338.4,46.3,,,,,,,,,,,,,,,,,,,,,,,,,,,,,,,,,,,0.32,1.0,6.67,3.43,3.0,5.11,18.0,0.7,0.0,0.0,0.0,0.0,3.0,0.0,18.0,0.7,0.32,1.0,6.67,3.43,3.0,5.11,18.0,0.7,1017.2,1017.2,1017.2,1017.2,1.0,0.0,30.0,0.0,,,,,,,,,,,,,,,,,,,,,,,,,,,,,,,,,,,,,,,,,,,,,,,,,,,,,,,,,,,,,,,,,,,,,,,,,,,,,,,,,,,,,,,,,,,,,,,,,,,,,,,,,,,,,,,,,,,,,,,,,,,,,,,,,,
1907,7,338.4,48.3,,,,,,,,,,,,,,,,,,,,,,,,,,,,,,,,,,,2.6,4.6,10.88,6.26,118.0,4.1,16.0,0.6,-1.01,1.84,8.7,3.21,118.0,4.81,16.0,0.6,-4.77,-0.95,4.41,-0.92,118.0,4.68,16.0,0.6,1012.54,1022.15,1026.08,1020.11,32.0,6.83,14.0,0.5,,,,,,,,,,,,,,,,,,,,,,,,,,,,,,,,,,,,,,,,,,,,,,,,,,,,,,,,,,,,,,,,,,,,,,,,,,,,,,,,,,,,,,,,,,,,,,,,,,,,,,,,,,,,,,,,,,,,,,,,,,,,,,,,,,
1907,7,338.4,50.3,,,,,,,,,,,,,,,,,,,,,,,,,,,,,,,,,,,1.76,2.6,3.65,2.7,4.0,1.47,24.0,0.0,-2.14,0.05,1.02,-0.54,4.0,2.03,24.0,0.0,1.34,2.39,2.84,2.11,4.0,1.21,24.0,0.0,1023.1,1025.6,1031.34,1027.15,4.0,6.39,24.0,0.0,,,,,,,,,,,,,,,,,,,,,,,,,,,,,,,,,,,,,,,,,,,,,,,,,,,,,,,,,,,,,,,,,,,,,,,,,,,,,,,,,,,,,,,,,,,,,,,,,,,,,,,,,,,,,,,,,,,,,,,,,,,,,,,,,,
1907,7,338.4,52.3,,,,,,,,,,,,,,,,,,,,,,,,,,,,,,,,,,,9.3,9.3,9.3,9.3,2.0,0.0,14.0,0.0,-6.11,-5.1,-4.1,-5.1,2.0,2.08,14.0,0.0,6.89,7.57,8.25,7.57,2.0,1.4,14.0,0.0,1021.32,1022.0,1022.68,1022.0,2.0,1.41,14.0,0.0,,,,,,,,,,,,,,,,,,,,,,,,,,,,,,,,,,,,,,,,,,,,,,,,,,,,,,,,,,,,,,,,,,,,,,,,,,,,,,,,,,,,,,,,,,,,,,,,,,,,,,,,,,,,,,,,,,,,,,,,,,,,,,,,,,
1907,7,338.4,56.3,,,,,,,,,,,,,,,,,,,,,,,,,,,,,,,,,,,2.6,4.6,6.82,5.3,7.0,2.43,20.0,0.9,-0.12,0.0,2.45,0.71,7.0,1.93,20.0,0.9,2.52,4.23,6.82,4.75,7.0,2.83,20.0,0.9,1019.52,1019.55,1019.58,1019.55,2.0,0.07,18.0,1.0,,,,,,,,,,,,,,,,,,,,,,,,,,,,,,,,,,,,,,,,,,,,,,,,,,,,,,,,,,,,,,,,,,,,,,,,,,,,,,,,,,,,,,,,,,,,,,,,,,,,,,,,,,,,,,,,,,,,,,,,,,,,,,,,,,
1907,7,338.4,66.3,,,,,,,,,,,,,,,,,,,,,,,,,,,,,,,,,,,1.76,3.6,4.6,3.2,4.0,1.74,14.0,0.8,-1.36,0.0,0.0,-0.65,4.0,1.3,14.0,0.8,-4.6,-2.8,-0.48,-2.55,4.0,2.4,14.0,0.8,1013.28,1018.6,1023.92,1018.6,2.0,11.03,18.0,1.0,,,,,,,,,,,,,,,,,,,,,,,,,,,,,,,,,,,,,,,,,,,,,,,,,,,,,,,,,,,,,,,,,,,,,,,,,,,,,,,,,,,,,,,,,,,,,,,,,,,,,,,,,,,,,,,,,,,,,,,,,,,,,,,,,,
1907,7,340.4,-37.7,,,,,,,,,,,,,,,,,,,,,,,,,,,,,,,,,,,15.4,15.4,15.4,15.4,1.0,0.0,18.0,0.0,-6.02,-6.02,-6.02,-6.02,1.0,0.0,18.0,0.0,-14.18,-14.18,-14.18,-14.18,1.0,0.0,18.0,0.0,1025.4,1025.4,1025.4,1025.4,1.0,0.0,18.0,0.0,,,,,,,,,,,,,,,,,,,,,,,,,,,,,,,,,,,,,,,,,,,,,,,,,,,,,,,,,,,,,,,,,,,,,,,,,,,,,,,,,,,,,,,,,,,,,,,,,,,,,,,,,,,,,,,,,,,,,,,,,,,,,,,,,,
1907,7,340.4,2.3,,,,,,,,,,,,,,,,,,,,,,,,,,,,,,,,,,,4.6,6.7,6.7,6.0,6.0,1.08,26.0,0.5,1.8,2.62,2.62,2.34,6.0,0.42,26.0,0.5,4.23,6.17,6.17,5.52,6.0,1.0,26.0,0.5,1009.2,1009.2,1009.2,1009.2,2.0,0.0,26.0,1.0,,,,,,,,,,,,,,,,,,,,,,,,,,,,,,,,,,,,,,,,,,,,,,,,,,,,,,,,,,,,,,,,,,,,,,,,,,,,,,,,,,,,,,,,,,,,,,,,,,,,,,,,,,,,,,,,,,,,,,,,,,,,,,,,,,
1907,7,340.4,4.3,,,,,,,,,,,,,,,,,,,,,,,,,,,,,,,,,,,6.7,9.3,12.3,8.86,19.0,2.3,24.0,0.5,-3.64,1.8,3.63,0.35,19.0,3.32,24.0,0.5,6.17,8.56,11.4,8.24,19.0,2.33,24.0,0.5,1009.67,1018.6,1019.4,1015.99,15.0,4.39,24.0,0.5,,,,,,,,,,,,,,,,,,,,,,,,,,,,,,,,,,,,,,,,,,,,,,,,,,,,,,,,,,,,,,,,,,,,,,,,,,,,,,,,,,,,,,,,,,,,,,,,,,,,,,,,,,,,,,,,,,,,,,,,,,,,,,,,,,
1907,7,340.4,6.3,,,,,,,,,,,,,,,,,,,,,,,,,,,,,,,,,,,3.55,4.6,5.7,4.63,4.0,1.67,24.0,0.5,0.86,1.8,2.23,1.55,4.0,1.11,24.0,0.5,3.38,4.23,5.25,4.31,4.0,1.46,24.0,0.5,1008.95,1009.5,1010.52,1009.73,3.0,1.17,24.0,0.7,,,,,,,,,,,,,,,,,,,,,,,,,,,,,,,,,,,,,,,,,,,,,,,,,,,,,,,,,,,,,,,,,,,,,,,,,,,,,,,,,,,,,,,,,,,,,,,,,,,,,,,,,,,,,,,,,,,,,,,,,,,,,,,,,,
1907,7,340.4,18.3,,,,,,,,,,,,,,,,,,,,,,,,,,,,,,,,,,,3.46,6.7,6.7,6.02,10.0,2.77,10.0,0.5,-4.74,-2.94,-1.35,-3.03,10.0,1.73,10.0,0.5,-6.17,-4.74,-2.88,-5.04,10.0,2.56,10.0,0.5,1007.42,1008.0,1013.86,1010.18,5.0,3.65,6.0,0.6,,,,,,,,,,,,,,,,,,,,,,,,,,,,,,,,,,,,,,,,,,,,,,,,,,,,,,,,,,,,,,,,,,,,,,,,,,,,,,,,,,,,,,,,,,,,,,,,,,,,,,,,,,,,,,,,,,,,,,,,,,,,,,,,,,
1907,7,340.4,20.3,,,,,,,,,,,,,,,,,,,,,,,,,,,,,,,,,,,4.6,6.7,12.3,7.85,48.0,3.68,14.0,0.5,-4.81,-3.63,-1.8,-3.6,48.0,2.07,14.0,0.5,-9.44,-6.17,-3.25,-6.78,48.0,3.47,14.0,0.5,1013.64,1014.85,1017.49,1015.43,10.0,1.87,6.0,0.6,,,,,,,,,,,,,,,,,,,,,,,,,,,,,,,,,,,,,,,,,,,,,,,,,,,,,,,,,,,,,,,,,,,,,,,,,,,,,,,,,,,,,,,,,,,,,,,,,,,,,,,,,,,,,,,,,,,,,,,,,,,,,,,,,,
1907,7,340.4,22.3,,,,,,,,,,,,,,,,,,,,,,,,,,,,,,,,,,,4.6,6.7,9.8,7.38,76.0,2.81,14.0,0.5,-4.92,-3.83,-2.35,-3.86,76.0,1.93,14.0,0.5,-9.02,-6.17,-3.25,-6.02,76.0,2.76,14.0,0.5,1014.1,1017.4,1017.8,1016.57,12.0,1.99,6.0,0.3,,,,,,,,,,,,,,,,,,,,,,,,,,,,,,,,,,,,,,,,,,,,,,,,,,,,,,,,,,,,,,,,,,,,,,,,,,,,,,,,,,,,,,,,,,,,,,,,,,,,,,,,,,,,,,,,,,,,,,,,,,,,,,,,,,
1907,7,340.4,24.3,,,,,,,,,,,,,,,,,,,,,,,,,,,,,,,,,,,4.6,6.7,9.8,6.89,74.0,2.91,16.0,0.5,-6.58,-3.83,-0.54,-3.64,74.0,2.42,16.0,0.5,-6.93,-4.74,-3.25,-5.48,74.0,2.62,16.0,0.5,1017.6,1018.75,1021.23,1019.24,10.0,1.7,16.0,0.4,,,,,,,,,,,,,,,,,,,,,,,,,,,,,,,,,,,,,,,,,,,,,,,,,,,,,,,,,,,,,,,,,,,,,,,,,,,,,,,,,,,,,,,,,,,,,,,,,,,,,,,,,,,,,,,,,,,,,,,,,,,,,,,,,,
1907,7,340.4,26.3,,,,,,,,,,,,,,,,,,,,,,,,,,,,,,,,,,,4.6,4.6,9.22,5.84,39.0,2.31,18.0,0.5,-4.74,-3.25,-1.8,-3.36,39.0,2.02,18.0,0.5,-6.17,-4.23,-3.25,-4.54,39.0,1.87,18.0,0.5,1017.24,1018.1,1021.13,1018.71,15.0,2.34,18.0,0.5,,,,,,,,,,,,,,,,,,,,,,,,,,,,,,,,,,,,,,,,,,,,,,,,,,,,,,,,,,,,,,,,,,,,,,,,,,,,,,,,,,,,,,,,,,,,,,,,,,,,,,,,,,,,,,,,,,,,,,,,,,,,,,,,,,
1907,7,340.4,28.3,,,,,,,,,,,,,,,,,,,,,,,,,,,,,,,,,,,2.6,4.6,9.4,5.92,69.0,3.13,18.0,0.6,-6.58,-2.62,-0.56,-3.09,69.0,2.78,18.0,0.6,-6.75,-4.6,-2.39,-4.53,69.0,2.68,18.0,0.6,1017.7,1019.75,1022.56,1019.92,30.0,2.26,18.0,0.5,,,,,,,,,,,,,,,,,,,,,,,,,,,,,,,,,,,,,,,,,,,,,,,,,,,,,,,,,,,,,,,,,,,,,,,,,,,,,,,,,,,,,,,,,,,,,,,,,,,,,,,,,,,,,,,,,,,,,,,,,,,,,,,,,,
1907,7,340.4,30.3,,,,,,,,,,,,,,,,,,,,,,,,,,,,,,,,,,,2.6,4.6,6.7,4.41,46.0,2.6,16.0,0.5,-4.67,-1.37,1.0,-1.48,46.0,2.81,16.0,0.5,-6.21,-2.12,-0.1,-2.96,46.0,2.74,16.0,0.5,1020.29,1022.6,1023.61,1022.12,19.0,1.85,14.0,0.6,,,,,,,,,,,,,,,,,,,,,,,,,,,,,,,,,,,,,,,,,,,,,,,,,,,,,,,,,,,,,,,,,,,,,,,,,,,,,,,,,,,,,,,,,,,,,,,,,,,,,,,,,,,,,,,,,,,,,,,,,,,,,,,,,,
1907,7,340.4,32.3,,,,,,,,,,,,,,,,,,,,,,,,,,,,,,,,,,,2.6,4.6,5.13,4.5,12.0,1.96,14.0,0.7,-0.46,2.12,3.25,1.36,12.0,3.01,14.0,0.7,-4.63,-3.25,-1.63,-3.32,12.0,1.68,14.0,0.7,1022.19,1023.7,1024.21,1023.33,7.0,1.01,14.0,0.7,,,,,,,,,,,,,,,,,,,,,,,,,,,,,,,,,,,,,,,,,,,,,,,,,,,,,,,,,,,,,,,,,,,,,,,,,,,,,,,,,,,,,,,,,,,,,,,,,,,,,,,,,,,,,,,,,,,,,,,,,,,,,,,,,,
1907,7,340.4,36.3,,,,,,,,,,,,,,,,,,,,,,,,,,,,,,,,,,,2.6,4.6,6.7,4.01,18.0,2.2,14.0,0.6,-2.51,0.0,2.6,0.17,18.0,2.13,14.0,0.6,-6.21,-2.5,3.25,-1.39,18.0,3.89,14.0,0.6,1022.2,1022.3,1023.12,1022.62,5.0,0.57,16.0,0.4,,,,,,,,,,,,,,,,,,,,,,,,,,,,,,,,,,,,,,,,,,,,,,,,,,,,,,,,,,,,,,,,,,,,,,,,,,,,,,,,,,,,,,,,,,,,,,,,,,,,,,,,,,,,,,,,,,,,,,,,,,,,,,,,,,
1907,7,340.4,40.3,,,,,,,,,,,,,,,,,,,,,,,,,,,,,,,,,,,2.6,2.6,6.64,3.44,20.0,2.48,10.0,0.8,-0.98,0.97,2.6,1.24,20.0,2.12,10.0,0.8,-2.6,-1.84,0.0,-2.15,20.0,2.76,10.0,0.8,1019.93,1028.9,1029.87,1026.1,9.0,4.96,12.0,0.8,,,,,,,,,,,,,,,,,,,,,,,,,,,,,,,,,,,,,,,,,,,,,,,,,,,,,,,,,,,,,,,,,,,,,,,,,,,,,,,,,,,,,,,,,,,,,,,,,,,,,,,,,,,,,,,,,,,,,,,,,,,,,,,,,,
1907,7,340.4,42.3,,,,,,,,,,,,,,,,,,,,,,,,,,,,,,,,,,,1.0,4.6,6.7,4.08,29.0,2.85,18.0,0.3,-2.15,0.93,3.99,0.85,29.0,3.18,18.0,0.3,-3.8,-1.84,0.0,-2.33,29.0,2.97,18.0,0.3,1017.9,1019.1,1021.31,1019.95,13.0,3.02,24.0,0.3,,,,,,,,,,,,,,,,,,,,,,,,,,,,,,,,,,,,,,,,,,,,,,,,,,,,,,,,,,,,,,,,,,,,,,,,,,,,,,,,,,,,,,,,,,,,,,,,,,,,,,,,,,,,,,,,,,,,,,,,,,,,,,,,,,
1907,7,340.4,44.3,,,,,,,,,,,,,,,,,,,,,,,,,,,,,,,,,,,1.0,2.6,12.45,5.71,7.0,5.98,16.0,0.6,-2.27,-0.71,0.23,-1.44,7.0,4.68,16.0,0.6,-10.96,-1.84,0.71,-4.15,7.0,5.42,16.0,0.6,1025.0,1025.0,1025.0,1025.0,1.0,0.0,8.0,1.0,,,,,,,,,,,,,,,,,,,,,,,,,,,,,,,,,,,,,,,,,,,,,,,,,,,,,,,,,,,,,,,,,,,,,,,,,,,,,,,,,,,,,,,,,,,,,,,,,,,,,,,,,,,,,,,,,,,,,,,,,,,,,,,,,,
1907,7,340.4,46.3,,,,,,,,,,,,,,,,,,,,,,,,,,,,,,,,,,,1.51,2.6,7.17,4.3,3.0,4.4,16.0,0.3,0.0,0.0,6.35,3.1,3.0,5.37,16.0,0.3,0.32,1.0,2.09,1.2,3.0,1.31,16.0,0.3,1023.0,1023.0,1023.0,1023.0,1.0,0.0,8.0,0.0,,,,,,,,,,,,,,,,,,,,,,,,,,,,,,,,,,,,,,,,,,,,,,,,,,,,,,,,,,,,,,,,,,,,,,,,,,,,,,,,,,,,,,,,,,,,,,,,,,,,,,,,,,,,,,,,,,,,,,,,,,,,,,,,,,
1907,7,340.4,48.3,,,,,,,,,,,,,,,,,,,,,,,,,,,,,,,,,,,2.6,6.7,9.55,6.21,105.0,3.73,16.0,0.7,-1.02,2.51,8.66,3.23,105.0,4.62,16.0,0.7,-5.28,0.0,4.25,-0.58,105.0,4.55,16.0,0.7,1009.44,1023.6,1026.97,1020.23,33.0,8.45,14.0,0.7,,,,,,,,,,,,,,,,,,,,,,,,,,,,,,,,,,,,,,,,,,,,,,,,,,,,,,,,,,,,,,,,,,,,,,,,,,,,,,,,,,,,,,,,,,,,,,,,,,,,,,,,,,,,,,,,,,,,,,,,,,,,,,,,,,
1907,7,340.4,50.3,,,,,,,,,,,,,,,,,,,,,,,,,,,,,,,,,,,4.55,6.7,8.06,6.33,4.0,2.77,18.0,1.0,-0.83,1.82,3.15,1.19,4.0,2.69,18.0,1.0,4.19,6.19,7.44,5.83,4.0,2.55,18.0,1.0,1017.98,1025.1,1026.91,1022.34,5.0,7.36,16.0,0.8,,,,,,,,,,,,,,,,,,,,,,,,,,,,,,,,,,,,,,,,,,,,,,,,,,,,,,,,,,,,,,,,,,,,,,,,,,,,,,,,,,,,,,,,,,,,,,,,,,,,,,,,,,,,,,,,,,,,,,,,,,,,,,,,,,
1907,7,340.4,52.3,,,,,,,,,,,,,,,,,,,,,,,,,,,,,,,,,,,6.7,6.7,6.7,6.7,2.0,0.0,16.0,0.5,-5.98,-5.47,-4.97,-5.47,2.0,1.04,16.0,0.5,2.86,3.62,4.38,3.62,2.0,1.58,16.0,0.5,1025.32,1026.0,1026.68,1026.0,2.0,1.41,16.0,0.5,,,,,,,,,,,,,,,,,,,,,,,,,,,,,,,,,,,,,,,,,,,,,,,,,,,,,,,,,,,,,,,,,,,,,,,,,,,,,,,,,,,,,,,,,,,,,,,,,,,,,,,,,,,,,,,,,,,,,,,,,,,,,,,,,,
1907,7,340.4,54.3,,,,,,,,,,,,,,,,,,,,,,,,,,,,,,,,,,,1.76,2.6,4.75,3.23,4.0,2.44,26.0,0.8,-2.3,0.67,0.97,-0.6,4.0,2.77,26.0,0.8,-2.41,-1.67,2.04,-0.25,4.0,3.4,26.0,0.8,1030.0,1030.0,1030.0,1030.0,1.0,0.0,16.0,1.0,,,,,,,,,,,,,,,,,,,,,,,,,,,,,,,,,,,,,,,,,,,,,,,,,,,,,,,,,,,,,,,,,,,,,,,,,,,,,,,,,,,,,,,,,,,,,,,,,,,,,,,,,,,,,,,,,,,,,,,,,,,,,,,,,,
1907,7,340.4,56.3,,,,,,,,,,,,,,,,,,,,,,,,,,,,,,,,,,,0.79,3.6,6.7,3.6,6.0,2.86,16.0,1.0,0.0,0.0,2.75,0.98,6.0,1.53,16.0,1.0,0.79,2.93,6.28,3.29,6.0,2.7,16.0,1.0,1023.1,1023.3,1023.5,1023.3,2.0,0.42,18.0,1.0,,,,,,,,,,,,,,,,,,,,,,,,,,,,,,,,,,,,,,,,,,,,,,,,,,,,,,,,,,,,,,,,,,,,,,,,,,,,,,,,,,,,,,,,,,,,,,,,,,,,,,,,,,,,,,,,,,,,,,,,,,,,,,,,,,
1907,7,340.4,64.3,,,,,,,,,,,,,,,,,,,,,,,,,,,,,,,,,,,1.0,1.0,1.0,1.0,1.0,0.0,8.0,1.0,0.37,0.37,0.37,0.37,1.0,0.0,8.0,1.0,-0.93,-0.93,-0.93,-0.93,1.0,0.0,8.0,1.0,1007.5,1007.5,1007.5,1007.5,1.0,0.0,8.0,1.0,,,,,,,,,,,,,,,,,,,,,,,,,,,,,,,,,,,,,,,,,,,,,,,,,,,,,,,,,,,,,,,,,,,,,,,,,,,,,,,,,,,,,,,,,,,,,,,,,,,,,,,,,,,,,,,,,,,,,,,,,,,,,,,,,,
1907,7,340.4,68.3,,,,,,,,,,,,,,,,,,,,,,,,,,,,,,,,,,,9.3,9.3,9.3,9.3,1.0,0.0,28.0,1.0,0.0,0.0,0.0,0.0,1.0,0.0,28.0,1.0,-9.3,-9.3,-9.3,-9.3,1.0,0.0,28.0,1.0,1024.7,1024.7,1024.7,1024.7,1.0,0.0,28.0,1.0,,,,,,,,,,,,,,,,,,,,,,,,,,,,,,,,,,,,,,,,,,,,,,,,,,,,,,,,,,,,,,,,,,,,,,,,,,,,,,,,,,,,,,,,,,,,,,,,,,,,,,,,,,,,,,,,,,,,,,,,,,,,,,,,,,
1907,7,342.4,-39.7,,,,,,,,,,,,,,,,,,,,,,,,,,,,,,,,,,,15.97,17.2,18.43,17.2,2.0,2.55,18.0,1.0,0.0,0.0,0.0,0.0,2.0,0.0,18.0,1.0,-18.43,-17.2,-15.97,-17.2,2.0,2.55,18.0,1.0,1019.99,1021.05,1022.11,1021.05,2.0,2.19,18.0,1.0,,,,,,,,,,,,,,,,,,,,,,,,,,,,,,,,,,,,,,,,,,,,,,,,,,,,,,,,,,,,,,,,,,,,,,,,,,,,,,,,,,,,,,,,,,,,,,,,,,,,,,,,,,,,,,,,,,,,,,,,,,,,,,,,,,
1907,7,342.4,4.3,,,,,,,,,,,,,,,,,,,,,,,,,,,,,,,,,,,6.7,6.7,6.7,6.7,4.0,0.0,26.0,0.8,2.62,2.62,2.62,2.62,4.0,0.0,26.0,0.8,6.17,6.17,6.17,6.17,4.0,0.0,26.0,0.8,1009.09,1009.5,1010.12,1009.6,4.0,0.75,26.0,0.8,,,,,,,,,,,,,,,,,,,,,,,,,,,,,,,,,,,,,,,,,,,,,,,,,,,,,,,,,,,,,,,,,,,,,,,,,,,,,,,,,,,,,,,,,,,,,,,,,,,,,,,,,,,,,,,,,,,,,,,,,,,,,,,,,,
1907,7,342.4,8.3,,,,,,,,,,,,,,,,,,,,,,,,,,,,,,,,,,,2.6,5.65,9.3,6.32,18.0,3.36,16.0,0.7,0.0,3.25,4.81,2.51,18.0,3.2,16.0,0.7,0.49,3.93,8.83,4.34,18.0,4.09,16.0,0.7,1012.82,1014.3,1015.65,1014.18,5.0,1.66,22.0,0.8,,,,,,,,,,,,,,,,,,,,,,,,,,,,,,,,,,,,,,,,,,,,,,,,,,,,,,,,,,,,,,,,,,,,,,,,,,,,,,,,,,,,,,,,,,,,,,,,,,,,,,,,,,,,,,,,,,,,,,,,,,,,,,,,,,
1907,7,342.4,10.3,,,,,,,,,,,,,,,,,,,,,,,,,,,,,,,,,,,2.6,4.6,9.22,5.16,39.0,2.56,16.0,0.5,-0.94,2.62,4.6,2.08,39.0,3.22,16.0,0.5,-3.25,1.72,6.11,1.38,39.0,4.13,16.0,0.5,1011.8,1013.2,1015.13,1013.6,13.0,1.44,22.0,0.4,,,,,,,,,,,,,,,,,,,,,,,,,,,,,,,,,,,,,,,,,,,,,,,,,,,,,,,,,,,,,,,,,,,,,,,,,,,,,,,,,,,,,,,,,,,,,,,,,,,,,,,,,,,,,,,,,,,,,,,,,,,,,,,,,,
1907,7,342.4,12.3,,,,,,,,,,,,,,,,,,,,,,,,,,,,,,,,,,,2.6,4.6,6.7,4.41,40.0,2.31,16.0,0.5,0.07,2.51,4.71,2.58,40.0,2.77,16.0,0.5,-3.56,0.0,2.6,-0.49,40.0,3.26,16.0,0.5,1011.09,1012.7,1013.51,1012.3,15.0,1.7,20.0,0.6,,,,,,,,,,,,,,,,,,,,,,,,,,,,,,,,,,,,,,,,,,,,,,,,,,,,,,,,,,,,,,,,,,,,,,,,,,,,,,,,,,,,,,,,,,,,,,,,,,,,,,,,,,,,,,,,,,,,,,,,,,,,,,,,,,
1907,7,342.4,14.3,,,,,,,,,,,,,,,,,,,,,,,,,,,,,,,,,,,2.6,2.6,6.7,4.15,39.0,2.56,16.0,0.5,0.0,2.41,4.7,2.15,39.0,1.97,16.0,0.5,-4.74,-1.84,0.97,-1.76,39.0,3.52,16.0,0.5,1010.47,1012.95,1014.13,1012.53,12.0,2.65,22.0,0.6,,,,,,,,,,,,,,,,,,,,,,,,,,,,,,,,,,,,,,,,,,,,,,,,,,,,,,,,,,,,,,,,,,,,,,,,,,,,,,,,,,,,,,,,,,,,,,,,,,,,,,,,,,,,,,,,,,,,,,,,,,,,,,,,,,
1907,7,342.4,16.3,,,,,,,,,,,,,,,,,,,,,,,,,,,,,,,,,,,2.6,4.6,6.7,4.81,33.0,2.98,16.0,0.5,0.0,1.0,2.6,1.38,33.0,2.3,16.0,0.5,-6.7,-2.6,0.0,-3.65,33.0,3.42,16.0,0.5,1010.82,1013.55,1015.65,1013.39,12.0,2.15,22.0,0.6,,,,,,,,,,,,,,,,,,,,,,,,,,,,,,,,,,,,,,,,,,,,,,,,,,,,,,,,,,,,,,,,,,,,,,,,,,,,,,,,,,,,,,,,,,,,,,,,,,,,,,,,,,,,,,,,,,,,,,,,,,,,,,,,,,
1907,7,342.4,18.3,,,,,,,,,,,,,,,,,,,,,,,,,,,,,,,,,,,2.6,6.7,12.3,7.42,35.0,4.68,16.0,0.4,-2.31,0.97,4.6,1.11,35.0,3.44,16.0,0.4,-11.4,-6.17,-0.28,-6.19,35.0,5.09,16.0,0.4,1011.41,1014.3,1015.49,1013.5,14.0,2.05,22.0,0.3,,,,,,,,,,,,,,,,,,,,,,,,,,,,,,,,,,,,,,,,,,,,,,,,,,,,,,,,,,,,,,,,,,,,,,,,,,,,,,,,,,,,,,,,,,,,,,,,,,,,,,,,,,,,,,,,,,,,,,,,,,,,,,,,,,
1907,7,342.4,20.3,,,,,,,,,,,,,,,,,,,,,,,,,,,,,,,,,,,3.39,9.3,15.4,8.65,35.0,4.84,16.0,0.6,-6.02,-3.48,0.0,-3.04,35.0,3.0,16.0,0.6,-14.18,-8.56,-1.84,-7.34,35.0,5.15,16.0,0.6,1009.21,1014.15,1014.6,1012.53,16.0,2.64,18.0,0.6,,,,,,,,,,,,,,,,,,,,,,,,,,,,,,,,,,,,,,,,,,,,,,,,,,,,,,,,,,,,,,,,,,,,,,,,,,,,,,,,,,,,,,,,,,,,,,,,,,,,,,,,,,,,,,,,,,,,,,,,,,,,,,,,,,
1907,7,342.4,22.3,,,,,,,,,,,,,,,,,,,,,,,,,,,,,,,,,,,4.6,6.7,12.3,8.06,46.0,3.62,16.0,0.4,-6.02,-4.5,-2.62,-4.35,46.0,2.11,16.0,0.4,-11.26,-6.17,-3.25,-6.54,46.0,3.44,16.0,0.4,1012.43,1013.5,1014.78,1013.5,21.0,1.22,18.0,0.3,,,,,,,,,,,,,,,,,,,,,,,,,,,,,,,,,,,,,,,,,,,,,,,,,,,,,,,,,,,,,,,,,,,,,,,,,,,,,,,,,,,,,,,,,,,,,,,,,,,,,,,,,,,,,,,,,,,,,,,,,,,,,,,,,,
1907,7,342.4,24.3,,,,,,,,,,,,,,,,,,,,,,,,,,,,,,,,,,,4.6,6.7,9.8,7.48,78.0,3.15,12.0,0.6,-6.93,-4.5,-2.62,-4.68,78.0,2.18,12.0,0.6,-8.67,-4.74,-3.25,-5.61,78.0,2.79,12.0,0.6,1012.77,1015.8,1018.81,1015.67,26.0,2.65,12.0,0.6,,,,,,,,,,,,,,,,,,,,,,,,,,,,,,,,,,,,,,,,,,,,,,,,,,,,,,,,,,,,,,,,,,,,,,,,,,,,,,,,,,,,,,,,,,,,,,,,,,,,,,,,,,,,,,,,,,,,,,,,,,,,,,,,,,
1907,7,342.4,26.3,,,,,,,,,,,,,,,,,,,,,,,,,,,,,,,,,,,4.6,6.7,9.8,7.22,102.0,3.02,16.0,0.4,-6.93,-4.74,-1.84,-4.67,102.0,2.78,16.0,0.4,-8.51,-4.74,-1.86,-4.95,102.0,2.7,16.0,0.4,1017.69,1020.0,1021.46,1019.54,18.0,1.99,14.0,0.5,,,,,,,,,,,,,,,,,,,,,,,,,,,,,,,,,,,,,,,,,,,,,,,,,,,,,,,,,,,,,,,,,,,,,,,,,,,,,,,,,,,,,,,,,,,,,,,,,,,,,,,,,,,,,,,,,,,,,,,,,,,,,,,,,,
1907,7,342.4,28.3,,,,,,,,,,,,,,,,,,,,,,,,,,,,,,,,,,,4.6,6.7,9.8,6.41,51.0,3.06,16.0,0.4,-6.58,-3.25,-1.8,-3.91,51.0,2.93,16.0,0.4,-6.6,-4.6,-2.47,-4.44,51.0,2.64,16.0,0.4,1018.9,1022.0,1023.16,1020.92,15.0,2.81,14.0,0.4,,,,,,,,,,,,,,,,,,,,,,,,,,,,,,,,,,,,,,,,,,,,,,,,,,,,,,,,,,,,,,,,,,,,,,,,,,,,,,,,,,,,,,,,,,,,,,,,,,,,,,,,,,,,,,,,,,,,,,,,,,,,,,,,,,
1907,7,342.4,30.3,,,,,,,,,,,,,,,,,,,,,,,,,,,,,,,,,,,2.57,4.6,6.7,4.67,45.0,2.53,16.0,0.4,-4.74,-3.25,0.0,-2.6,45.0,2.4,16.0,0.4,-4.74,-3.25,-0.92,-3.23,45.0,2.31,16.0,0.4,1020.38,1023.2,1025.2,1022.67,26.0,2.34,16.0,0.6,,,,,,,,,,,,,,,,,,,,,,,,,,,,,,,,,,,,,,,,,,,,,,,,,,,,,,,,,,,,,,,,,,,,,,,,,,,,,,,,,,,,,,,,,,,,,,,,,,,,,,,,,,,,,,,,,,,,,,,,,,,,,,,,,,
1907,7,342.4,32.3,,,,,,,,,,,,,,,,,,,,,,,,,,,,,,,,,,,1.0,4.6,6.7,3.95,55.0,2.29,16.0,0.4,-4.74,-0.71,0.99,-1.43,55.0,2.79,16.0,0.4,-4.66,-2.6,-0.71,-2.47,55.0,2.25,16.0,0.4,1017.19,1023.0,1025.21,1021.96,19.0,3.56,14.0,0.4,,,,,,,,,,,,,,,,,,,,,,,,,,,,,,,,,,,,,,,,,,,,,,,,,,,,,,,,,,,,,,,,,,,,,,,,,,,,,,,,,,,,,,,,,,,,,,,,,,,,,,,,,,,,,,,,,,,,,,,,,,,,,,,,,,
1907,7,342.4,34.3,,,,,,,,,,,,,,,,,,,,,,,,,,,,,,,,,,,2.6,4.6,4.6,4.07,18.0,1.08,16.0,0.4,-1.75,3.25,4.27,2.14,18.0,2.75,16.0,0.4,-3.25,-1.41,1.2,-1.12,18.0,2.22,16.0,0.4,1022.49,1023.55,1024.18,1023.48,8.0,0.84,14.0,0.5,,,,,,,,,,,,,,,,,,,,,,,,,,,,,,,,,,,,,,,,,,,,,,,,,,,,,,,,,,,,,,,,,,,,,,,,,,,,,,,,,,,,,,,,,,,,,,,,,,,,,,,,,,,,,,,,,,,,,,,,,,,,,,,,,,
1907,7,342.4,36.3,,,,,,,,,,,,,,,,,,,,,,,,,,,,,,,,,,,2.6,4.6,6.7,4.7,37.0,2.69,14.0,0.6,-2.62,0.0,1.8,-0.64,37.0,2.19,14.0,0.6,-6.21,-4.23,-0.86,-3.84,37.0,3.09,14.0,0.6,1017.01,1020.45,1022.99,1020.2,14.0,2.65,14.0,0.6,,,,,,,,,,,,,,,,,,,,,,,,,,,,,,,,,,,,,,,,,,,,,,,,,,,,,,,,,,,,,,,,,,,,,,,,,,,,,,,,,,,,,,,,,,,,,,,,,,,,,,,,,,,,,,,,,,,,,,,,,,,,,,,,,,
1907,7,342.4,38.3,,,,,,,,,,,,,,,,,,,,,,,,,,,,,,,,,,,2.54,12.3,12.3,8.54,9.0,4.89,12.0,0.7,-4.81,-4.81,0.0,-3.2,9.0,2.4,12.0,0.7,-11.32,-11.32,-2.01,-7.78,9.0,4.54,12.0,0.7,1017.46,1017.9,1019.47,1018.36,5.0,1.36,12.0,0.6,,,,,,,,,,,,,,,,,,,,,,,,,,,,,,,,,,,,,,,,,,,,,,,,,,,,,,,,,,,,,,,,,,,,,,,,,,,,,,,,,,,,,,,,,,,,,,,,,,,,,,,,,,,,,,,,,,,,,,,,,,,,,,,,,,
1907,7,342.4,40.3,,,,,,,,,,,,,,,,,,,,,,,,,,,,,,,,,,,2.14,4.6,4.6,3.4,3.0,2.08,10.0,0.0,-3.25,-3.25,-1.52,-2.4,3.0,1.47,10.0,0.0,-3.25,-3.25,-1.52,-2.4,3.0,1.47,10.0,0.0,1030.32,1031.0,1031.68,1031.0,3.0,1.0,10.0,0.0,,,,,,,,,,,,,,,,,,,,,,,,,,,,,,,,,,,,,,,,,,,,,,,,,,,,,,,,,,,,,,,,,,,,,,,,,,,,,,,,,,,,,,,,,,,,,,,,,,,,,,,,,,,,,,,,,,,,,,,,,,,,,,,,,,
1907,7,342.4,42.3,,,,,,,,,,,,,,,,,,,,,,,,,,,,,,,,,,,2.6,4.6,9.3,4.75,46.0,3.1,16.0,0.5,-2.39,1.84,6.33,1.82,46.0,4.13,16.0,0.5,-3.61,-1.84,0.0,-2.23,46.0,2.66,16.0,0.5,1020.41,1022.4,1031.2,1023.37,20.0,6.61,20.0,0.5,,,,,,,,,,,,,,,,,,,,,,,,,,,,,,,,,,,,,,,,,,,,,,,,,,,,,,,,,,,,,,,,,,,,,,,,,,,,,,,,,,,,,,,,,,,,,,,,,,,,,,,,,,,,,,,,,,,,,,,,,,,,,,,,,,
1907,7,342.4,46.3,,,,,,,,,,,,,,,,,,,,,,,,,,,,,,,,,,,0.0,1.8,9.9,4.36,10.0,5.51,16.0,0.4,-0.4,0.0,2.44,0.52,10.0,2.9,16.0,0.4,-7.59,-0.35,0.57,-2.81,10.0,5.83,16.0,0.4,1022.0,1022.0,1022.0,1022.0,2.0,0.0,10.0,0.0,,,,,,,,,,,,,,,,,,,,,,,,,,,,,,,,,,,,,,,,,,,,,,,,,,,,,,,,,,,,,,,,,,,,,,,,,,,,,,,,,,,,,,,,,,,,,,,,,,,,,,,,,,,,,,,,,,,,,,,,,,,,,,,,,,
1907,7,342.4,48.3,,,,,,,,,,,,,,,,,,,,,,,,,,,,,,,,,,,2.6,6.7,9.3,5.81,101.0,3.41,16.0,0.4,-0.05,2.41,6.7,2.66,101.0,4.35,16.0,0.4,-4.74,0.0,4.31,-0.09,101.0,4.43,16.0,0.4,1010.58,1020.0,1026.94,1019.72,26.0,8.16,16.0,0.5,,,,,,,,,,,,,,,,,,,,,,,,,,,,,,,,,,,,,,,,,,,,,,,,,,,,,,,,,,,,,,,,,,,,,,,,,,,,,,,,,,,,,,,,,,,,,,,,,,,,,,,,,,,,,,,,,,,,,,,,,,,,,,,,,,
1907,7,342.4,50.3,,,,,,,,,,,,,,,,,,,,,,,,,,,,,,,,,,,1.65,6.7,7.65,5.06,5.0,3.71,20.0,0.8,-6.17,0.0,1.33,-1.74,5.0,4.31,20.0,0.8,-0.95,2.62,4.79,2.24,5.0,4.14,20.0,0.8,1026.49,1026.7,1027.47,1026.92,5.0,0.55,20.0,0.8,,,,,,,,,,,,,,,,,,,,,,,,,,,,,,,,,,,,,,,,,,,,,,,,,,,,,,,,,,,,,,,,,,,,,,,,,,,,,,,,,,,,,,,,,,,,,,,,,,,,,,,,,,,,,,,,,,,,,,,,,,,,,,,,,,
1907,7,342.4,54.3,,,,,,,,,,,,,,,,,,,,,,,,,,,,,,,,,,,6.7,6.7,6.7,6.7,3.0,0.0,20.0,1.0,-6.21,-6.21,-6.21,-6.21,3.0,0.0,20.0,1.0,-0.92,2.51,2.51,0.84,3.0,2.9,20.0,1.0,1031.0,1031.0,1031.0,1031.0,2.0,0.0,16.0,1.0,,,,,,,,,,,,,,,,,,,,,,,,,,,,,,,,,,,,,,,,,,,,,,,,,,,,,,,,,,,,,,,,,,,,,,,,,,,,,,,,,,,,,,,,,,,,,,,,,,,,,,,,,,,,,,,,,,,,,,,,,,,,,,,,,,
1907,7,342.4,56.3,,,,,,,,,,,,,,,,,,,,,,,,,,,,,,,,,,,1.0,2.6,4.6,2.89,8.0,2.27,22.0,0.6,0.0,0.35,0.94,0.07,8.0,1.92,22.0,0.6,-1.61,0.35,4.2,1.02,8.0,3.13,22.0,0.6,1027.82,1028.3,1028.78,1028.3,2.0,0.99,18.0,0.5,,,,,,,,,,,,,,,,,,,,,,,,,,,,,,,,,,,,,,,,,,,,,,,,,,,,,,,,,,,,,,,,,,,,,,,,,,,,,,,,,,,,,,,,,,,,,,,,,,,,,,,,,,,,,,,,,,,,,,,,,,,,,,,,,,
1907,7,342.4,66.3,,,,,,,,,,,,,,,,,,,,,,,,,,,,,,,,,,,1.51,2.6,2.6,2.07,3.0,0.92,6.0,0.7,0.04,0.97,0.97,0.52,3.0,0.79,6.0,0.7,-2.41,-2.41,-1.39,-1.91,3.0,0.86,6.0,0.7,1009.1,1009.1,1009.1,1009.1,1.0,0.0,10.0,0.0,,,,,,,,,,,,,,,,,,,,,,,,,,,,,,,,,,,,,,,,,,,,,,,,,,,,,,,,,,,,,,,,,,,,,,,,,,,,,,,,,,,,,,,,,,,,,,,,,,,,,,,,,,,,,,,,,,,,,,,,,,,,,,,,,,
1907,7,342.4,70.3,,,,,,,,,,,,,,,,,,,,,,,,,,,,,,,,,,,6.7,6.7,6.7,6.7,1.0,0.0,28.0,1.0,2.51,2.51,2.51,2.51,1.0,0.0,28.0,1.0,-6.21,-6.21,-6.21,-6.21,1.0,0.0,28.0,1.0,1023.7,1023.7,1023.7,1023.7,1.0,0.0,28.0,1.0,,,,,,,,,,,,,,,,,,,,,,,,,,,,,,,,,,,,,,,,,,,,,,,,,,,,,,,,,,,,,,,,,,,,,,,,,,,,,,,,,,,,,,,,,,,,,,,,,,,,,,,,,,,,,,,,,,,,,,,,,,,,,,,,,,
1907,7,342.4,72.3,,,,,,,,,,,,,,,,,,,,,,,,,,,,,,,,,,,1.0,2.6,4.6,2.68,13.0,1.95,14.0,1.0,-0.07,0.71,1.8,0.61,13.0,1.37,14.0,1.0,-2.07,-0.71,2.76,-0.1,13.0,3.05,14.0,1.0,1018.6,1019.8,1023.68,1020.5,14.0,2.84,14.0,1.0,,,,,,,,,,,,,,,,,,,,,,,,,,,,,,,,,,,,,,,,,,,,,,,,,,,,,,,,,,,,,,,,,,,,,,,,,,,,,,,,,,,,,,,,,,,,,,,,,,,,,,,,,,,,,,,,,,,,,,,,,,,,,,,,,,
1907,7,344.4,-39.7,,,,,,,,,,,,,,,,,,,,,,,,,,,,,,,,,,,19.57,20.8,22.03,20.8,2.0,2.55,18.0,0.5,0.0,0.0,0.0,0.0,2.0,0.0,18.0,0.5,-22.03,-20.8,-19.57,-20.8,2.0,2.55,18.0,0.5,1015.21,1015.45,1015.69,1015.45,2.0,0.49,18.0,0.5,,,,,,,,,,,,,,,,,,,,,,,,,,,,,,,,,,,,,,,,,,,,,,,,,,,,,,,,,,,,,,,,,,,,,,,,,,,,,,,,,,,,,,,,,,,,,,,,,,,,,,,,,,,,,,,,,,,,,,,,,,,,,,,,,,
1907,7,344.4,-27.7,,,,,,,,,,,,,,,,,,,,,,,,,,,,,,,,,,,12.3,12.3,12.3,12.3,1.0,0.0,10.0,1.0,8.7,8.7,8.7,8.7,1.0,0.0,10.0,1.0,8.7,8.7,8.7,8.7,1.0,0.0,10.0,1.0,1017.1,1017.1,1017.1,1017.1,1.0,0.0,10.0,1.0,,,,,,,,,,,,,,,,,,,,,,,,,,,,,,,,,,,,,,,,,,,,,,,,,,,,,,,,,,,,,,,,,,,,,,,,,,,,,,,,,,,,,,,,,,,,,,,,,,,,,,,,,,,,,,,,,,,,,,,,,,,,,,,,,,
1907,7,344.4,4.3,,,,,,,,,,,,,,,,,,,,,,,,,,,,,,,,,,,6.7,6.7,6.7,6.7,1.0,0.0,28.0,1.0,4.74,4.74,4.74,4.74,1.0,0.0,28.0,1.0,4.74,4.74,4.74,4.74,1.0,0.0,28.0,1.0,1012.8,1012.8,1012.8,1012.8,1.0,0.0,28.0,1.0,,,,,,,,,,,,,,,,,,,,,,,,,,,,,,,,,,,,,,,,,,,,,,,,,,,,,,,,,,,,,,,,,,,,,,,,,,,,,,,,,,,,,,,,,,,,,,,,,,,,,,,,,,,,,,,,,,,,,,,,,,,,,,,,,,
1907,7,344.4,6.3,,,,,,,,,,,,,,,,,,,,,,,,,,,,,,,,,,,2.6,4.6,6.7,5.13,24.0,2.23,14.0,0.5,0.96,2.4,6.34,2.95,24.0,2.7,14.0,0.5,0.0,3.43,6.17,3.1,24.0,2.46,14.0,0.5,1012.09,1013.1,1014.66,1013.18,8.0,1.67,18.0,0.3,,,,,,,,,,,,,,,,,,,,,,,,,,,,,,,,,,,,,,,,,,,,,,,,,,,,,,,,,,,,,,,,,,,,,,,,,,,,,,,,,,,,,,,,,,,,,,,,,,,,,,,,,,,,,,,,,,,,,,,,,,,,,,,,,,
1907,7,344.4,8.3,,,,,,,,,,,,,,,,,,,,,,,,,,,,,,,,,,,2.6,6.7,9.3,5.79,35.0,3.42,14.0,0.5,0.0,2.6,6.21,2.88,35.0,2.6,14.0,0.5,0.0,2.51,7.82,2.9,35.0,4.71,14.0,0.5,1012.14,1013.3,1015.03,1013.54,10.0,1.45,14.0,0.6,,,,,,,,,,,,,,,,,,,,,,,,,,,,,,,,,,,,,,,,,,,,,,,,,,,,,,,,,,,,,,,,,,,,,,,,,,,,,,,,,,,,,,,,,,,,,,,,,,,,,,,,,,,,,,,,,,,,,,,,,,,,,,,,,,
1907,7,344.4,10.3,,,,,,,,,,,,,,,,,,,,,,,,,,,,,,,,,,,2.6,3.6,5.7,4.13,4.0,1.96,14.0,0.0,-0.96,0.0,0.94,-0.01,4.0,1.48,14.0,0.0,2.2,3.42,5.53,3.84,4.0,2.15,14.0,0.0,1015.03,1015.1,1015.17,1015.1,2.0,0.14,22.0,0.0,,,,,,,,,,,,,,,,,,,,,,,,,,,,,,,,,,,,,,,,,,,,,,,,,,,,,,,,,,,,,,,,,,,,,,,,,,,,,,,,,,,,,,,,,,,,,,,,,,,,,,,,,,,,,,,,,,,,,,,,,,,,,,,,,,
1907,7,344.4,24.3,,,,,,,,,,,,,,,,,,,,,,,,,,,,,,,,,,,6.7,8.0,9.3,8.0,4.0,1.5,28.0,0.8,-5.7,-4.19,-3.1,-4.39,4.0,1.69,28.0,0.8,-7.62,-6.37,-5.42,-6.51,4.0,1.58,28.0,0.8,1013.45,1013.55,1014.23,1013.83,4.0,0.66,28.0,0.8,,,,,,,,,,,,,,,,,,,,,,,,,,,,,,,,,,,,,,,,,,,,,,,,,,,,,,,,,,,,,,,,,,,,,,,,,,,,,,,,,,,,,,,,,,,,,,,,,,,,,,,,,,,,,,,,,,,,,,,,,,,,,,,,,,
1907,7,344.4,26.3,,,,,,,,,,,,,,,,,,,,,,,,,,,,,,,,,,,6.7,9.3,9.8,8.04,33.0,2.78,12.0,0.5,-8.49,-4.74,-2.62,-4.98,33.0,2.53,12.0,0.5,-8.69,-6.58,-3.58,-5.99,33.0,2.32,12.0,0.5,1014.38,1016.2,1019.09,1016.76,17.0,2.36,12.0,0.4,,,,,,,,,,,,,,,,,,,,,,,,,,,,,,,,,,,,,,,,,,,,,,,,,,,,,,,,,,,,,,,,,,,,,,,,,,,,,,,,,,,,,,,,,,,,,,,,,,,,,,,,,,,,,,,,,,,,,,,,,,,,,,,,,,
1907,7,344.4,28.3,,,,,,,,,,,,,,,,,,,,,,,,,,,,,,,,,,,2.6,4.6,9.3,5.81,109.0,2.59,14.0,0.4,-4.74,-2.62,0.0,-2.85,109.0,2.75,14.0,0.4,-6.7,-4.23,-2.39,-4.5,109.0,2.15,14.0,0.4,1016.24,1020.6,1022.32,1019.72,32.0,2.92,12.0,0.3,,,,,,,,,,,,,,,,,,,,,,,,,,,,,,,,,,,,,,,,,,,,,,,,,,,,,,,,,,,,,,,,,,,,,,,,,,,,,,,,,,,,,,,,,,,,,,,,,,,,,,,,,,,,,,,,,,,,,,,,,,,,,,,,,,
1907,7,344.4,30.3,,,,,,,,,,,,,,,,,,,,,,,,,,,,,,,,,,,2.6,4.6,9.3,5.51,117.0,2.83,16.0,0.5,-4.74,-2.51,0.0,-2.15,117.0,2.93,16.0,0.5,-6.58,-4.27,-1.31,-4.35,117.0,2.52,16.0,0.5,1017.68,1022.4,1023.57,1021.05,29.0,2.72,14.0,0.6,,,,,,,,,,,,,,,,,,,,,,,,,,,,,,,,,,,,,,,,,,,,,,,,,,,,,,,,,,,,,,,,,,,,,,,,,,,,,,,,,,,,,,,,,,,,,,,,,,,,,,,,,,,,,,,,,,,,,,,,,,,,,,,,,,
1907,7,344.4,32.3,,,,,,,,,,,,,,,,,,,,,,,,,,,,,,,,,,,2.6,4.6,9.3,5.01,65.0,2.95,14.0,0.5,-4.17,-1.72,0.37,-1.66,65.0,2.75,14.0,0.5,-6.58,-4.27,-1.72,-4.09,65.0,2.61,14.0,0.5,1018.9,1021.8,1023.66,1021.22,23.0,3.47,16.0,0.3,,,,,,,,,,,,,,,,,,,,,,,,,,,,,,,,,,,,,,,,,,,,,,,,,,,,,,,,,,,,,,,,,,,,,,,,,,,,,,,,,,,,,,,,,,,,,,,,,,,,,,,,,,,,,,,,,,,,,,,,,,,,,,,,,,
1907,7,344.4,34.3,,,,,,,,,,,,,,,,,,,,,,,,,,,,,,,,,,,2.6,4.6,6.7,4.28,55.0,2.09,16.0,0.5,-2.56,0.0,3.25,0.28,55.0,2.67,16.0,0.5,-5.35,-3.25,-0.4,-3.02,55.0,2.57,16.0,0.5,1019.23,1021.95,1025.49,1021.92,24.0,3.51,16.0,0.5,,,,,,,,,,,,,,,,,,,,,,,,,,,,,,,,,,,,,,,,,,,,,,,,,,,,,,,,,,,,,,,,,,,,,,,,,,,,,,,,,,,,,,,,,,,,,,,,,,,,,,,,,,,,,,,,,,,,,,,,,,,,,,,,,,
1907,7,344.4,36.3,,,,,,,,,,,,,,,,,,,,,,,,,,,,,,,,,,,2.6,6.7,7.57,5.7,43.0,2.86,16.0,0.5,-2.91,0.0,1.28,-0.69,43.0,2.67,16.0,0.5,-7.34,-4.74,-1.56,-4.8,43.0,3.21,16.0,0.5,1018.31,1020.35,1022.09,1020.57,14.0,3.4,18.0,0.6,,,,,,,,,,,,,,,,,,,,,,,,,,,,,,,,,,,,,,,,,,,,,,,,,,,,,,,,,,,,,,,,,,,,,,,,,,,,,,,,,,,,,,,,,,,,,,,,,,,,,,,,,,,,,,,,,,,,,,,,,,,,,,,,,,
1907,7,344.4,40.3,,,,,,,,,,,,,,,,,,,,,,,,,,,,,,,,,,,4.6,9.3,12.3,8.56,9.0,4.16,12.0,0.4,-8.13,-6.02,-2.19,-5.18,9.0,2.73,12.0,0.4,-8.7,-6.58,-3.52,-6.63,9.0,3.53,12.0,0.4,1028.51,1030.85,1031.29,1029.6,6.0,3.39,12.0,0.5,,,,,,,,,,,,,,,,,,,,,,,,,,,,,,,,,,,,,,,,,,,,,,,,,,,,,,,,,,,,,,,,,,,,,,,,,,,,,,,,,,,,,,,,,,,,,,,,,,,,,,,,,,,,,,,,,,,,,,,,,,,,,,,,,,
1907,7,344.4,42.3,,,,,,,,,,,,,,,,,,,,,,,,,,,,,,,,,,,2.6,4.6,6.7,5.29,17.0,3.77,18.0,0.7,-1.34,0.71,5.4,1.55,17.0,5.68,18.0,0.7,-4.42,-1.84,0.33,-1.43,17.0,2.63,18.0,0.7,1009.04,1021.0,1027.74,1020.06,9.0,9.5,20.0,0.8,,,,,,,,,,,,,,,,,,,,,,,,,,,,,,,,,,,,,,,,,,,,,,,,,,,,,,,,,,,,,,,,,,,,,,,,,,,,,,,,,,,,,,,,,,,,,,,,,,,,,,,,,,,,,,,,,,,,,,,,,,,,,,,,,,
1907,7,344.4,44.3,,,,,,,,,,,,,,,,,,,,,,,,,,,,,,,,,,,3.49,4.6,8.15,5.96,29.0,2.95,14.0,0.6,-4.68,0.0,4.74,0.02,29.0,5.69,14.0,0.6,-4.74,-2.6,0.0,-2.29,29.0,2.76,14.0,0.6,1022.0,1024.0,1030.92,1025.86,11.0,4.41,18.0,0.5,,,,,,,,,,,,,,,,,,,,,,,,,,,,,,,,,,,,,,,,,,,,,,,,,,,,,,,,,,,,,,,,,,,,,,,,,,,,,,,,,,,,,,,,,,,,,,,,,,,,,,,,,,,,,,,,,,,,,,,,,,,,,,,,,,
1907,7,344.4,46.3,,,,,,,,,,,,,,,,,,,,,,,,,,,,,,,,,,,0.0,2.8,6.7,3.34,10.0,3.18,16.0,0.5,-1.74,0.0,2.29,0.33,10.0,2.26,16.0,0.5,-6.21,-1.63,0.0,-2.64,10.0,3.09,16.0,0.5,1023.0,1023.0,1023.0,1023.0,2.0,0.0,10.0,1.0,,,,,,,,,,,,,,,,,,,,,,,,,,,,,,,,,,,,,,,,,,,,,,,,,,,,,,,,,,,,,,,,,,,,,,,,,,,,,,,,,,,,,,,,,,,,,,,,,,,,,,,,,,,,,,,,,,,,,,,,,,,,,,,,,,
1907,7,344.4,48.3,,,,,,,,,,,,,,,,,,,,,,,,,,,,,,,,,,,2.6,4.6,9.3,5.76,109.0,3.79,16.0,0.5,-1.84,2.39,8.56,2.55,109.0,5.06,16.0,0.5,-3.63,0.0,3.25,-0.37,109.0,3.95,16.0,0.5,1013.26,1019.3,1026.78,1019.84,29.0,7.28,16.0,0.6,,,,,,,,,,,,,,,,,,,,,,,,,,,,,,,,,,,,,,,,,,,,,,,,,,,,,,,,,,,,,,,,,,,,,,,,,,,,,,,,,,,,,,,,,,,,,,,,,,,,,,,,,,,,,,,,,,,,,,,,,,,,,,,,,,
1907,7,344.4,50.3,,,,,,,,,,,,,,,,,,,,,,,,,,,,,,,,,,,5.2,6.7,6.7,5.88,5.0,1.83,18.0,0.2,-1.61,2.62,5.26,1.67,5.0,4.81,18.0,0.2,-0.21,2.62,3.91,1.81,5.0,3.98,18.0,0.2,1024.41,1027.95,1030.81,1027.63,4.0,4.68,18.0,0.3,,,,,,,,,,,,,,,,,,,,,,,,,,,,,,,,,,,,,,,,,,,,,,,,,,,,,,,,,,,,,,,,,,,,,,,,,,,,,,,,,,,,,,,,,,,,,,,,,,,,,,,,,,,,,,,,,,,,,,,,,,,,,,,,,,
1907,7,344.4,54.3,,,,,,,,,,,,,,,,,,,,,,,,,,,,,,,,,,,4.6,5.65,6.7,5.65,4.0,1.21,22.0,0.8,-5.44,-4.43,-2.03,-3.77,4.0,2.65,22.0,0.8,-4.71,-1.25,0.9,-1.87,4.0,3.66,22.0,0.8,1033.0,1033.0,1033.0,1033.0,2.0,0.0,16.0,0.5,,,,,,,,,,,,,,,,,,,,,,,,,,,,,,,,,,,,,,,,,,,,,,,,,,,,,,,,,,,,,,,,,,,,,,,,,,,,,,,,,,,,,,,,,,,,,,,,,,,,,,,,,,,,,,,,,,,,,,,,,,,,,,,,,,
1907,7,344.4,58.3,,,,,,,,,,,,,,,,,,,,,,,,,,,,,,,,,,,2.6,2.6,3.97,3.27,3.0,1.15,16.0,1.0,-1.63,0.0,2.22,0.29,3.0,2.83,16.0,1.0,1.52,2.6,3.05,2.29,3.0,1.15,16.0,1.0,1028.6,1028.6,1028.6,1028.6,1.0,0.0,18.0,1.0,,,,,,,,,,,,,,,,,,,,,,,,,,,,,,,,,,,,,,,,,,,,,,,,,,,,,,,,,,,,,,,,,,,,,,,,,,,,,,,,,,,,,,,,,,,,,,,,,,,,,,,,,,,,,,,,,,,,,,,,,,,,,,,,,,
1907,7,344.4,70.3,,,,,,,,,,,,,,,,,,,,,,,,,,,,,,,,,,,2.6,2.6,2.6,2.6,1.0,0.0,26.0,1.0,-1.84,-1.84,-1.84,-1.84,1.0,0.0,26.0,1.0,-1.84,-1.84,-1.84,-1.84,1.0,0.0,26.0,1.0,1024.7,1024.7,1024.7,1024.7,1.0,0.0,26.0,1.0,,,,,,,,,,,,,,,,,,,,,,,,,,,,,,,,,,,,,,,,,,,,,,,,,,,,,,,,,,,,,,,,,,,,,,,,,,,,,,,,,,,,,,,,,,,,,,,,,,,,,,,,,,,,,,,,,,,,,,,,,,,,,,,,,,
1907,7,344.4,72.3,,,,,,,,,,,,,,,,,,,,,,,,,,,,,,,,,,,1.0,2.6,6.13,3.31,9.0,2.47,10.0,1.0,-2.65,0.0,1.53,-0.51,9.0,2.21,10.0,1.0,-1.53,0.0,4.34,1.04,9.0,3.47,10.0,1.0,1013.62,1015.55,1021.92,1016.88,8.0,4.36,8.0,1.0,,,,,,,,,,,,,,,,,,,,,,,,,,,,,,,,,,,,,,,,,,,,,,,,,,,,,,,,,,,,,,,,,,,,,,,,,,,,,,,,,,,,,,,,,,,,,,,,,,,,,,,,,,,,,,,,,,,,,,,,,,,,,,,,,,
1907,7,346.4,-39.7,,,,,,,,,,,,,,,,,,,,,,,,,,,,,,,,,,,19.0,19.0,19.0,19.0,2.0,0.0,20.0,0.0,17.49,17.49,17.49,17.49,2.0,0.0,20.0,0.0,-7.42,-7.42,-7.42,-7.42,2.0,0.0,20.0,0.0,1015.8,1015.8,1015.8,1015.8,2.0,0.0,20.0,0.0,,,,,,,,,,,,,,,,,,,,,,,,,,,,,,,,,,,,,,,,,,,,,,,,,,,,,,,,,,,,,,,,,,,,,,,,,,,,,,,,,,,,,,,,,,,,,,,,,,,,,,,,,,,,,,,,,,,,,,,,,,,,,,,,,,
1907,7,346.4,2.3,,,,,,,,,,,,,,,,,,,,,,,,,,,,,,,,,,,5.93,6.7,9.3,7.32,5.0,2.0,14.0,0.6,0.0,0.0,5.41,2.26,5.0,3.17,14.0,0.6,4.69,6.58,7.65,6.38,5.0,1.91,14.0,0.6,1013.8,1013.8,1013.8,1013.8,1.0,0.0,28.0,0.0,,,,,,,,,,,,,,,,,,,,,,,,,,,,,,,,,,,,,,,,,,,,,,,,,,,,,,,,,,,,,,,,,,,,,,,,,,,,,,,,,,,,,,,,,,,,,,,,,,,,,,,,,,,,,,,,,,,,,,,,,,,,,,,,,,
1907,7,346.4,4.3,,,,,,,,,,,,,,,,,,,,,,,,,,,,,,,,,,,4.6,6.7,6.7,6.26,25.0,1.51,14.0,0.4,0.0,1.8,5.02,2.43,25.0,2.42,14.0,0.4,3.25,4.74,6.7,5.12,25.0,1.94,14.0,0.4,1012.65,1014.8,1016.52,1014.73,9.0,1.97,20.0,0.7,,,,,,,,,,,,,,,,,,,,,,,,,,,,,,,,,,,,,,,,,,,,,,,,,,,,,,,,,,,,,,,,,,,,,,,,,,,,,,,,,,,,,,,,,,,,,,,,,,,,,,,,,,,,,,,,,,,,,,,,,,,,,,,,,,
1907,7,346.4,6.3,,,,,,,,,,,,,,,,,,,,,,,,,,,,,,,,,,,2.6,4.6,6.7,4.72,22.0,2.43,12.0,0.4,0.0,2.12,4.74,2.01,22.0,2.99,12.0,0.4,-1.02,3.74,4.74,2.46,22.0,3.12,12.0,0.4,1012.47,1013.0,1014.25,1013.35,6.0,1.49,10.0,0.3,,,,,,,,,,,,,,,,,,,,,,,,,,,,,,,,,,,,,,,,,,,,,,,,,,,,,,,,,,,,,,,,,,,,,,,,,,,,,,,,,,,,,,,,,,,,,,,,,,,,,,,,,,,,,,,,,,,,,,,,,,,,,,,,,,
1907,7,346.4,8.3,,,,,,,,,,,,,,,,,,,,,,,,,,,,,,,,,,,4.6,6.7,7.86,6.93,6.0,2.82,18.0,0.5,3.12,4.67,5.56,4.77,6.0,2.12,18.0,0.5,2.58,4.74,6.69,4.6,6.0,2.91,18.0,0.5,1014.65,1015.05,1015.45,1015.05,4.0,0.47,22.0,0.5,,,,,,,,,,,,,,,,,,,,,,,,,,,,,,,,,,,,,,,,,,,,,,,,,,,,,,,,,,,,,,,,,,,,,,,,,,,,,,,,,,,,,,,,,,,,,,,,,,,,,,,,,,,,,,,,,,,,,,,,,,,,,,,,,,
1907,7,346.4,30.3,,,,,,,,,,,,,,,,,,,,,,,,,,,,,,,,,,,2.73,6.7,6.7,5.26,14.0,1.96,14.0,0.5,-4.74,-2.56,0.0,-2.26,14.0,2.31,14.0,0.5,-6.08,-4.74,-2.46,-4.31,14.0,1.67,14.0,0.5,1019.52,1021.5,1023.76,1021.4,5.0,2.97,12.0,0.4,,,,,,,,,,,,,,,,,,,,,,,,,,,,,,,,,,,,,,,,,,,,,,,,,,,,,,,,,,,,,,,,,,,,,,,,,,,,,,,,,,,,,,,,,,,,,,,,,,,,,,,,,,,,,,,,,,,,,,,,,,,,,,,,,,
1907,7,346.4,32.3,,,,,,,,,,,,,,,,,,,,,,,,,,,,,,,,,,,2.6,4.6,9.3,5.05,92.0,2.69,16.0,0.5,-3.48,-1.37,2.56,-0.76,92.0,3.3,16.0,0.5,-6.42,-3.25,-0.92,-3.84,92.0,2.57,16.0,0.5,1016.53,1021.8,1023.42,1020.56,25.0,3.44,14.0,0.5,,,,,,,,,,,,,,,,,,,,,,,,,,,,,,,,,,,,,,,,,,,,,,,,,,,,,,,,,,,,,,,,,,,,,,,,,,,,,,,,,,,,,,,,,,,,,,,,,,,,,,,,,,,,,,,,,,,,,,,,,,,,,,,,,,
1907,7,346.4,34.3,,,,,,,,,,,,,,,,,,,,,,,,,,,,,,,,,,,2.6,4.6,9.3,5.42,123.0,2.91,16.0,0.5,-4.2,0.0,2.53,-0.72,123.0,3.52,16.0,0.5,-6.58,-4.27,-0.93,-4.21,123.0,2.72,16.0,0.5,1016.77,1022.3,1023.93,1020.99,37.0,3.66,14.0,0.6,,,,,,,,,,,,,,,,,,,,,,,,,,,,,,,,,,,,,,,,,,,,,,,,,,,,,,,,,,,,,,,,,,,,,,,,,,,,,,,,,,,,,,,,,,,,,,,,,,,,,,,,,,,,,,,,,,,,,,,,,,,,,,,,,,
1907,7,346.4,36.3,,,,,,,,,,,,,,,,,,,,,,,,,,,,,,,,,,,2.6,4.6,9.3,5.39,133.0,2.75,16.0,0.5,-2.62,0.0,3.25,0.27,133.0,3.09,16.0,0.5,-6.7,-4.23,0.0,-4.04,133.0,3.28,16.0,0.5,1016.6,1020.05,1023.15,1019.98,42.0,3.23,16.0,0.5,,,,,,,,,,,,,,,,,,,,,,,,,,,,,,,,,,,,,,,,,,,,,,,,,,,,,,,,,,,,,,,,,,,,,,,,,,,,,,,,,,,,,,,,,,,,,,,,,,,,,,,,,,,,,,,,,,,,,,,,,,,,,,,,,,
1907,7,346.4,38.3,,,,,,,,,,,,,,,,,,,,,,,,,,,,,,,,,,,4.6,6.7,9.3,6.89,53.0,3.69,18.0,0.4,-4.32,0.0,4.23,0.55,53.0,3.6,18.0,0.4,-9.3,-4.74,-0.98,-5.2,53.0,4.6,18.0,0.4,1016.59,1019.15,1022.11,1019.1,26.0,2.73,18.0,0.5,,,,,,,,,,,,,,,,,,,,,,,,,,,,,,,,,,,,,,,,,,,,,,,,,,,,,,,,,,,,,,,,,,,,,,,,,,,,,,,,,,,,,,,,,,,,,,,,,,,,,,,,,,,,,,,,,,,,,,,,,,,,,,,,,,
1907,7,346.4,40.3,,,,,,,,,,,,,,,,,,,,,,,,,,,,,,,,,,,2.6,4.6,6.7,4.45,20.0,2.66,18.0,0.6,-3.25,0.95,2.4,-0.23,20.0,3.05,18.0,0.6,-4.73,-2.51,0.96,-2.23,20.0,3.65,18.0,0.6,1017.13,1019.4,1021.97,1020.46,14.0,5.15,18.0,0.6,,,,,,,,,,,,,,,,,,,,,,,,,,,,,,,,,,,,,,,,,,,,,,,,,,,,,,,,,,,,,,,,,,,,,,,,,,,,,,,,,,,,,,,,,,,,,,,,,,,,,,,,,,,,,,,,,,,,,,,,,,,,,,,,,,
1907,7,346.4,42.3,,,,,,,,,,,,,,,,,,,,,,,,,,,,,,,,,,,2.6,6.7,6.7,5.94,17.0,3.32,14.0,0.4,-4.74,-1.84,1.35,-1.34,17.0,3.2,14.0,0.4,-6.7,-4.74,-1.1,-3.76,17.0,4.62,14.0,0.4,1014.82,1017.2,1032.29,1021.55,11.0,8.77,16.0,0.3,,,,,,,,,,,,,,,,,,,,,,,,,,,,,,,,,,,,,,,,,,,,,,,,,,,,,,,,,,,,,,,,,,,,,,,,,,,,,,,,,,,,,,,,,,,,,,,,,,,,,,,,,,,,,,,,,,,,,,,,,,,,,,,,,,
1907,7,346.4,44.3,,,,,,,,,,,,,,,,,,,,,,,,,,,,,,,,,,,4.6,6.7,6.7,6.14,35.0,2.44,14.0,0.3,-4.74,-1.8,6.43,0.16,35.0,5.62,14.0,0.3,-4.74,-2.51,0.0,-2.14,35.0,2.92,14.0,0.3,1021.0,1022.75,1033.25,1025.92,18.0,5.47,18.0,0.2,,,,,,,,,,,,,,,,,,,,,,,,,,,,,,,,,,,,,,,,,,,,,,,,,,,,,,,,,,,,,,,,,,,,,,,,,,,,,,,,,,,,,,,,,,,,,,,,,,,,,,,,,,,,,,,,,,,,,,,,,,,,,,,,,,
1907,7,346.4,46.3,,,,,,,,,,,,,,,,,,,,,,,,,,,,,,,,,,,2.6,4.6,6.7,4.86,9.0,3.4,14.0,0.6,-2.03,0.0,1.34,-0.1,9.0,1.85,14.0,0.6,-6.7,-3.25,-0.26,-4.04,9.0,4.03,14.0,0.6,1019.62,1021.8,1023.98,1021.8,2.0,4.53,14.0,0.5,,,,,,,,,,,,,,,,,,,,,,,,,,,,,,,,,,,,,,,,,,,,,,,,,,,,,,,,,,,,,,,,,,,,,,,,,,,,,,,,,,,,,,,,,,,,,,,,,,,,,,,,,,,,,,,,,,,,,,,,,,,,,,,,,,
1907,7,346.4,48.3,,,,,,,,,,,,,,,,,,,,,,,,,,,,,,,,,,,2.6,4.6,6.7,4.83,94.0,2.87,16.0,0.7,-1.98,1.84,6.61,2.07,94.0,4.16,16.0,0.7,-3.78,0.0,1.84,-0.5,94.0,3.16,16.0,0.7,1009.99,1021.0,1025.6,1019.29,29.0,8.38,14.0,0.6,,,,,,,,,,,,,,,,,,,,,,,,,,,,,,,,,,,,,,,,,,,,,,,,,,,,,,,,,,,,,,,,,,,,,,,,,,,,,,,,,,,,,,,,,,,,,,,,,,,,,,,,,,,,,,,,,,,,,,,,,,,,,,,,,,
1907,7,346.4,50.3,,,,,,,,,,,,,,,,,,,,,,,,,,,,,,,,,,,4.6,6.7,12.3,7.84,12.0,3.27,24.0,0.5,-5.0,0.0,3.03,-0.13,12.0,4.53,24.0,0.5,-12.3,-6.17,0.25,-5.06,12.0,5.41,24.0,0.5,1025.04,1028.4,1033.44,1028.76,5.0,5.38,16.0,0.4,,,,,,,,,,,,,,,,,,,,,,,,,,,,,,,,,,,,,,,,,,,,,,,,,,,,,,,,,,,,,,,,,,,,,,,,,,,,,,,,,,,,,,,,,,,,,,,,,,,,,,,,,,,,,,,,,,,,,,,,,,,,,,,,,,
1907,7,346.4,54.3,,,,,,,,,,,,,,,,,,,,,,,,,,,,,,,,,,,2.6,2.6,2.6,2.6,1.0,0.0,16.0,1.0,-2.39,-2.39,-2.39,-2.39,1.0,0.0,16.0,1.0,-1.02,-1.02,-1.02,-1.02,1.0,0.0,16.0,1.0,1034.0,1034.0,1034.0,1034.0,1.0,0.0,16.0,1.0,,,,,,,,,,,,,,,,,,,,,,,,,,,,,,,,,,,,,,,,,,,,,,,,,,,,,,,,,,,,,,,,,,,,,,,,,,,,,,,,,,,,,,,,,,,,,,,,,,,,,,,,,,,,,,,,,,,,,,,,,,,,,,,,,,
1907,7,346.4,56.3,,,,,,,,,,,,,,,,,,,,,,,,,,,,,,,,,,,1.51,2.6,2.6,2.07,3.0,0.92,22.0,1.0,-2.53,-2.39,-1.24,-1.9,3.0,1.04,22.0,1.0,-0.92,-0.71,-0.22,-0.57,3.0,0.52,22.0,1.0,1034.0,1034.0,1034.0,1034.0,2.0,0.0,16.0,1.0,,,,,,,,,,,,,,,,,,,,,,,,,,,,,,,,,,,,,,,,,,,,,,,,,,,,,,,,,,,,,,,,,,,,,,,,,,,,,,,,,,,,,,,,,,,,,,,,,,,,,,,,,,,,,,,,,,,,,,,,,,,,,,,,,,
1907,7,346.4,58.3,,,,,,,,,,,,,,,,,,,,,,,,,,,,,,,,,,,2.02,2.6,4.1,3.1,5.0,2.13,18.0,0.8,-2.47,-1.0,3.44,0.41,5.0,3.69,18.0,0.8,0.0,1.02,2.08,1.07,5.0,1.11,18.0,0.8,1031.16,1031.3,1031.44,1031.3,2.0,0.28,18.0,1.0,,,,,,,,,,,,,,,,,,,,,,,,,,,,,,,,,,,,,,,,,,,,,,,,,,,,,,,,,,,,,,,,,,,,,,,,,,,,,,,,,,,,,,,,,,,,,,,,,,,,,,,,,,,,,,,,,,,,,,,,,,,,,,,,,,
1907,7,346.4,64.3,,,,,,,,,,,,,,,,,,,,,,,,,,,,,,,,,,,1.57,2.8,4.03,2.8,2.0,2.55,10.0,1.0,-2.74,-1.63,-0.52,-1.63,2.0,2.3,10.0,1.0,-2.58,-1.13,0.33,-1.13,2.0,3.01,10.0,1.0,1010.8,1010.8,1010.8,1010.8,1.0,0.0,12.0,1.0,,,,,,,,,,,,,,,,,,,,,,,,,,,,,,,,,,,,,,,,,,,,,,,,,,,,,,,,,,,,,,,,,,,,,,,,,,,,,,,,,,,,,,,,,,,,,,,,,,,,,,,,,,,,,,,,,,,,,,,,,,,,,,,,,,
1907,7,348.4,-39.7,,,,,,,,,,,,,,,,,,,,,,,,,,,,,,,,,,,10.25,12.3,12.3,11.3,3.0,1.73,20.0,1.0,8.89,9.3,11.35,10.1,3.0,1.93,20.0,1.0,-5.94,0.0,0.0,-2.9,3.0,5.02,20.0,1.0,1015.6,1015.8,1016.14,1015.87,3.0,0.4,20.0,1.0,,,,,,,,,,,,,,,,,,,,,,,,,,,,,,,,,,,,,,,,,,,,,,,,,,,,,,,,,,,,,,,,,,,,,,,,,,,,,,,,,,,,,,,,,,,,,,,,,,,,,,,,,,,,,,,,,,,,,,,,,,,,,,,,,,
1907,7,348.4,0.3,,,,,,,,,,,,,,,,,,,,,,,,,,,,,,,,,,,2.6,6.7,6.7,5.93,12.0,2.19,14.0,0.5,-3.08,-0.49,0.0,-1.5,12.0,1.85,14.0,0.5,2.6,6.21,6.7,5.47,12.0,2.17,14.0,0.5,1011.58,1013.9,1017.24,1014.4,3.0,4.17,20.0,0.7,,,,,,,,,,,,,,,,,,,,,,,,,,,,,,,,,,,,,,,,,,,,,,,,,,,,,,,,,,,,,,,,,,,,,,,,,,,,,,,,,,,,,,,,,,,,,,,,,,,,,,,,,,,,,,,,,,,,,,,,,,,,,,,,,,
1907,7,348.4,2.3,,,,,,,,,,,,,,,,,,,,,,,,,,,,,,,,,,,4.6,6.7,9.3,6.32,23.0,2.63,14.0,0.5,-3.48,0.0,2.16,-0.17,23.0,2.94,14.0,0.5,4.23,4.74,8.62,5.7,23.0,2.46,14.0,0.5,1013.67,1016.3,1018.57,1016.25,8.0,2.74,20.0,0.5,,,,,,,,,,,,,,,,,,,,,,,,,,,,,,,,,,,,,,,,,,,,,,,,,,,,,,,,,,,,,,,,,,,,,,,,,,,,,,,,,,,,,,,,,,,,,,,,,,,,,,,,,,,,,,,,,,,,,,,,,,,,,,,,,,
1907,7,348.4,4.3,,,,,,,,,,,,,,,,,,,,,,,,,,,,,,,,,,,4.6,6.7,9.3,6.73,12.0,2.47,14.0,0.7,0.0,1.8,2.88,1.95,12.0,1.92,14.0,0.7,4.23,6.17,7.17,6.22,12.0,2.33,14.0,0.7,1012.81,1013.7,1017.04,1014.9,3.0,3.27,10.0,1.0,,,,,,,,,,,,,,,,,,,,,,,,,,,,,,,,,,,,,,,,,,,,,,,,,,,,,,,,,,,,,,,,,,,,,,,,,,,,,,,,,,,,,,,,,,,,,,,,,,,,,,,,,,,,,,,,,,,,,,,,,,,,,,,,,,
1907,7,348.4,6.3,,,,,,,,,,,,,,,,,,,,,,,,,,,,,,,,,,,4.6,6.7,7.77,6.23,11.0,2.03,12.0,0.9,0.0,2.62,4.09,2.14,11.0,1.87,12.0,0.9,4.6,4.74,7.16,5.42,11.0,2.43,12.0,0.9,1013.49,1014.0,1014.93,1014.2,4.0,1.02,12.0,0.8,,,,,,,,,,,,,,,,,,,,,,,,,,,,,,,,,,,,,,,,,,,,,,,,,,,,,,,,,,,,,,,,,,,,,,,,,,,,,,,,,,,,,,,,,,,,,,,,,,,,,,,,,,,,,,,,,,,,,,,,,,,,,,,,,,
1907,7,348.4,30.3,,,,,,,,,,,,,,,,,,,,,,,,,,,,,,,,,,,7.94,10.8,12.3,10.15,4.0,2.7,8.0,0.8,-5.8,-4.81,-4.19,-4.99,4.0,1.27,8.0,0.8,-11.32,-9.94,-4.08,-7.8,4.0,5.36,8.0,0.8,1010.76,1011.1,1011.58,1011.17,3.0,0.6,10.0,0.7,,,,,,,,,,,,,,,,,,,,,,,,,,,,,,,,,,,,,,,,,,,,,,,,,,,,,,,,,,,,,,,,,,,,,,,,,,,,,,,,,,,,,,,,,,,,,,,,,,,,,,,,,,,,,,,,,,,,,,,,,,,,,,,,,,
1907,7,348.4,32.3,,,,,,,,,,,,,,,,,,,,,,,,,,,,,,,,,,,4.6,4.6,6.7,5.5,7.0,1.12,16.0,0.3,-2.52,0.0,0.0,-0.73,7.0,1.25,16.0,0.3,-6.24,-4.6,-4.6,-5.35,7.0,0.96,16.0,0.3,1011.8,1011.8,1011.8,1011.8,1.0,0.0,12.0,0.0,,,,,,,,,,,,,,,,,,,,,,,,,,,,,,,,,,,,,,,,,,,,,,,,,,,,,,,,,,,,,,,,,,,,,,,,,,,,,,,,,,,,,,,,,,,,,,,,,,,,,,,,,,,,,,,,,,,,,,,,,,,,,,,,,,
1907,7,348.4,34.3,,,,,,,,,,,,,,,,,,,,,,,,,,,,,,,,,,,2.6,4.6,6.7,4.6,29.0,2.58,14.0,0.5,0.0,0.0,1.84,0.56,29.0,2.11,14.0,0.5,-6.46,-4.23,-1.84,-4.08,29.0,2.56,14.0,0.5,1018.21,1022.05,1023.08,1020.97,6.0,2.76,12.0,0.5,,,,,,,,,,,,,,,,,,,,,,,,,,,,,,,,,,,,,,,,,,,,,,,,,,,,,,,,,,,,,,,,,,,,,,,,,,,,,,,,,,,,,,,,,,,,,,,,,,,,,,,,,,,,,,,,,,,,,,,,,,,,,,,,,,
1907,7,348.4,36.3,,,,,,,,,,,,,,,,,,,,,,,,,,,,,,,,,,,2.6,6.7,9.3,5.73,106.0,2.99,16.0,0.4,-1.24,0.0,3.25,0.77,106.0,2.47,16.0,0.4,-9.3,-4.6,-1.49,-4.88,106.0,3.37,16.0,0.4,1015.36,1020.8,1022.86,1020.03,27.0,3.49,16.0,0.5,,,,,,,,,,,,,,,,,,,,,,,,,,,,,,,,,,,,,,,,,,,,,,,,,,,,,,,,,,,,,,,,,,,,,,,,,,,,,,,,,,,,,,,,,,,,,,,,,,,,,,,,,,,,,,,,,,,,,,,,,,,,,,,,,,
1907,7,348.4,38.3,,,,,,,,,,,,,,,,,,,,,,,,,,,,,,,,,,,2.6,4.6,9.3,6.16,111.0,3.77,14.0,0.6,-1.72,0.0,3.25,0.63,111.0,2.58,14.0,0.6,-9.3,-4.27,0.0,-4.98,111.0,4.51,14.0,0.6,1015.1,1018.25,1024.2,1019.32,24.0,4.42,14.0,0.6,,,,,,,,,,,,,,,,,,,,,,,,,,,,,,,,,,,,,,,,,,,,,,,,,,,,,,,,,,,,,,,,,,,,,,,,,,,,,,,,,,,,,,,,,,,,,,,,,,,,,,,,,,,,,,,,,,,,,,,,,,,,,,,,,,
1907,7,348.4,40.3,,,,,,,,,,,,,,,,,,,,,,,,,,,,,,,,,,,2.6,6.7,9.3,6.38,113.0,3.99,16.0,0.5,-1.72,0.0,2.53,0.23,113.0,2.74,16.0,0.5,-9.3,-4.6,-0.55,-5.11,113.0,4.8,16.0,0.5,1015.2,1017.1,1022.34,1018.33,37.0,4.09,16.0,0.5,,,,,,,,,,,,,,,,,,,,,,,,,,,,,,,,,,,,,,,,,,,,,,,,,,,,,,,,,,,,,,,,,,,,,,,,,,,,,,,,,,,,,,,,,,,,,,,,,,,,,,,,,,,,,,,,,,,,,,,,,,,,,,,,,,
1907,7,348.4,42.3,,,,,,,,,,,,,,,,,,,,,,,,,,,,,,,,,,,2.6,4.6,6.7,5.52,41.0,3.62,18.0,0.6,-3.58,0.0,4.22,-0.15,41.0,4.0,18.0,0.6,-6.7,-2.51,0.0,-2.95,41.0,4.42,18.0,0.6,1015.0,1017.0,1020.0,1018.19,23.0,4.31,18.0,0.5,,,,,,,,,,,,,,,,,,,,,,,,,,,,,,,,,,,,,,,,,,,,,,,,,,,,,,,,,,,,,,,,,,,,,,,,,,,,,,,,,,,,,,,,,,,,,,,,,,,,,,,,,,,,,,,,,,,,,,,,,,,,,,,,,,
1907,7,348.4,44.3,,,,,,,,,,,,,,,,,,,,,,,,,,,,,,,,,,,2.6,6.7,9.3,6.33,23.0,2.54,14.0,0.5,-6.21,0.0,6.68,-0.09,23.0,5.59,14.0,0.5,-5.67,-2.51,-0.88,-3.16,23.0,2.57,14.0,0.5,1019.94,1021.55,1029.41,1023.88,12.0,4.65,18.0,0.6,,,,,,,,,,,,,,,,,,,,,,,,,,,,,,,,,,,,,,,,,,,,,,,,,,,,,,,,,,,,,,,,,,,,,,,,,,,,,,,,,,,,,,,,,,,,,,,,,,,,,,,,,,,,,,,,,,,,,,,,,,,,,,,,,,
1907,7,348.4,46.3,,,,,,,,,,,,,,,,,,,,,,,,,,,,,,,,,,,2.95,6.7,9.3,6.43,21.0,2.83,12.0,0.8,-4.66,0.0,3.48,-0.11,21.0,4.57,12.0,0.8,-8.62,-3.25,-1.14,-4.13,21.0,3.55,12.0,0.8,1021.46,1024.35,1032.26,1025.87,10.0,5.54,16.0,0.9,,,,,,,,,,,,,,,,,,,,,,,,,,,,,,,,,,,,,,,,,,,,,,,,,,,,,,,,,,,,,,,,,,,,,,,,,,,,,,,,,,,,,,,,,,,,,,,,,,,,,,,,,,,,,,,,,,,,,,,,,,,,,,,,,,
1907,7,348.4,48.3,,,,,,,,,,,,,,,,,,,,,,,,,,,,,,,,,,,1.0,4.6,9.3,4.94,98.0,3.3,16.0,0.6,-1.82,0.85,6.58,2.09,98.0,4.0,16.0,0.6,-4.6,-0.71,1.72,-1.27,98.0,3.69,16.0,0.6,1013.0,1019.9,1027.0,1019.47,26.0,7.01,14.0,0.5,,,,,,,,,,,,,,,,,,,,,,,,,,,,,,,,,,,,,,,,,,,,,,,,,,,,,,,,,,,,,,,,,,,,,,,,,,,,,,,,,,,,,,,,,,,,,,,,,,,,,,,,,,,,,,,,,,,,,,,,,,,,,,,,,,
1907,7,348.4,50.3,,,,,,,,,,,,,,,,,,,,,,,,,,,,,,,,,,,4.73,8.0,9.3,7.48,14.0,2.79,18.0,0.6,-4.31,2.94,4.74,1.86,14.0,4.65,18.0,0.6,-8.38,-1.02,4.74,-1.26,14.0,6.4,18.0,0.6,1016.29,1019.55,1030.83,1022.18,10.0,7.23,14.0,0.5,,,,,,,,,,,,,,,,,,,,,,,,,,,,,,,,,,,,,,,,,,,,,,,,,,,,,,,,,,,,,,,,,,,,,,,,,,,,,,,,,,,,,,,,,,,,,,,,,,,,,,,,,,,,,,,,,,,,,,,,,,,,,,,,,,
1907,7,348.4,56.3,,,,,,,,,,,,,,,,,,,,,,,,,,,,,,,,,,,2.92,3.6,4.28,3.6,2.0,1.41,16.0,0.5,-3.97,-3.42,-2.86,-3.42,2.0,1.16,16.0,0.5,-1.51,-0.9,-0.29,-0.9,2.0,1.27,16.0,0.5,1034.0,1034.0,1034.0,1034.0,2.0,0.0,16.0,0.5,,,,,,,,,,,,,,,,,,,,,,,,,,,,,,,,,,,,,,,,,,,,,,,,,,,,,,,,,,,,,,,,,,,,,,,,,,,,,,,,,,,,,,,,,,,,,,,,,,,,,,,,,,,,,,,,,,,,,,,,,,,,,,,,,,
1907,7,348.4,58.3,,,,,,,,,,,,,,,,,,,,,,,,,,,,,,,,,,,3.55,5.65,8.06,5.8,4.0,2.87,16.0,1.0,-1.36,4.03,7.48,3.1,4.0,5.66,16.0,1.0,-0.03,2.17,3.02,1.53,4.0,2.27,16.0,1.0,1033.0,1033.0,1033.0,1033.0,1.0,0.0,18.0,1.0,,,,,,,,,,,,,,,,,,,,,,,,,,,,,,,,,,,,,,,,,,,,,,,,,,,,,,,,,,,,,,,,,,,,,,,,,,,,,,,,,,,,,,,,,,,,,,,,,,,,,,,,,,,,,,,,,,,,,,,,,,,,,,,,,,
1907,7,350.4,-39.7,,,,,,,,,,,,,,,,,,,,,,,,,,,,,,,,,,,12.79,13.85,14.91,13.85,2.0,2.19,20.0,0.0,6.23,7.23,8.23,7.23,2.0,2.07,20.0,0.0,-13.39,-11.49,-9.58,-11.49,2.0,3.95,20.0,0.0,1017.1,1017.1,1017.1,1017.1,2.0,0.0,20.0,0.0,,,,,,,,,,,,,,,,,,,,,,,,,,,,,,,,,,,,,,,,,,,,,,,,,,,,,,,,,,,,,,,,,,,,,,,,,,,,,,,,,,,,,,,,,,,,,,,,,,,,,,,,,,,,,,,,,,,,,,,,,,,,,,,,,,
1907,7,350.4,-1.7,,,,,,,,,,,,,,,,,,,,,,,,,,,,,,,,,,,2.6,4.6,5.57,4.17,17.0,1.64,14.0,0.5,-3.25,-1.84,0.0,-1.76,17.0,1.38,14.0,0.5,2.25,3.25,5.16,3.52,17.0,1.68,14.0,0.5,1010.06,1016.25,1018.38,1014.87,6.0,4.05,20.0,0.7,,,,,,,,,,,,,,,,,,,,,,,,,,,,,,,,,,,,,,,,,,,,,,,,,,,,,,,,,,,,,,,,,,,,,,,,,,,,,,,,,,,,,,,,,,,,,,,,,,,,,,,,,,,,,,,,,,,,,,,,,,,,,,,,,,
1907,7,350.4,0.3,,,,,,,,,,,,,,,,,,,,,,,,,,,,,,,,,,,2.6,3.6,6.7,4.32,16.0,2.3,16.0,0.6,-3.89,-0.35,0.63,-0.81,16.0,2.66,16.0,0.6,2.4,2.93,5.65,3.63,16.0,1.84,16.0,0.6,1014.24,1015.75,1018.46,1016.15,6.0,2.0,20.0,0.5,,,,,,,,,,,,,,,,,,,,,,,,,,,,,,,,,,,,,,,,,,,,,,,,,,,,,,,,,,,,,,,,,,,,,,,,,,,,,,,,,,,,,,,,,,,,,,,,,,,,,,,,,,,,,,,,,,,,,,,,,,,,,,,,,,
1907,7,350.4,2.3,,,,,,,,,,,,,,,,,,,,,,,,,,,,,,,,,,,2.6,4.6,4.7,4.33,7.0,1.41,14.0,0.7,0.0,0.0,1.76,0.74,7.0,1.03,14.0,0.7,2.59,4.6,4.68,4.18,7.0,1.31,14.0,0.7,1014.9,1014.9,1014.9,1014.9,1.0,0.0,8.0,0.0,,,,,,,,,,,,,,,,,,,,,,,,,,,,,,,,,,,,,,,,,,,,,,,,,,,,,,,,,,,,,,,,,,,,,,,,,,,,,,,,,,,,,,,,,,,,,,,,,,,,,,,,,,,,,,,,,,,,,,,,,,,,,,,,,,
1907,7,350.4,4.3,,,,,,,,,,,,,,,,,,,,,,,,,,,,,,,,,,,4.6,6.7,9.3,6.61,18.0,1.82,12.0,0.3,0.0,2.56,3.7,2.11,18.0,2.03,12.0,0.3,3.94,6.17,7.49,5.88,18.0,2.03,12.0,0.3,1014.37,1017.05,1019.28,1016.78,6.0,2.64,14.0,0.5,,,,,,,,,,,,,,,,,,,,,,,,,,,,,,,,,,,,,,,,,,,,,,,,,,,,,,,,,,,,,,,,,,,,,,,,,,,,,,,,,,,,,,,,,,,,,,,,,,,,,,,,,,,,,,,,,,,,,,,,,,,,,,,,,,
1907,7,350.4,32.3,,,,,,,,,,,,,,,,,,,,,,,,,,,,,,,,,,,6.7,6.7,8.47,7.57,3.0,1.5,12.0,0.7,-2.62,-2.62,-0.83,-1.75,3.0,1.51,12.0,0.7,-8.31,-6.17,-6.17,-7.21,3.0,1.81,12.0,0.7,1011.29,1011.9,1012.17,1011.73,3.0,0.67,12.0,0.7,,,,,,,,,,,,,,,,,,,,,,,,,,,,,,,,,,,,,,,,,,,,,,,,,,,,,,,,,,,,,,,,,,,,,,,,,,,,,,,,,,,,,,,,,,,,,,,,,,,,,,,,,,,,,,,,,,,,,,,,,,,,,,,,,,
1907,7,350.4,36.3,16.5,18.0,19.4,18.02,305.0,1.41,16.0,0.5,16.6,18.5,20.2,18.57,259.0,1.83,16.0,0.4,13.48,13.48,13.48,13.48,1.0,0.0,30.0,0.0,89.4,89.4,89.4,89.4,1.0,0.0,30.0,0.0,0.2,0.9,2.6,4.6,6.7,4.85,309.0,2.97,16.0,0.5,-0.97,0.71,3.28,0.99,309.0,2.79,16.0,0.5,-6.7,-3.25,0.0,-3.51,309.0,3.35,16.0,0.5,1014.4,1016.9,1022.49,1017.84,78.0,3.99,18.0,0.5,0.0,1.0,4.5,1.8,212.0,2.5,14.0,0.5,89.4,89.4,89.4,89.4,1.0,0.0,30.0,0.0,0.2,0.9,-1.0,0.7,17.8,5.4,309.0,22.7,16.0,0.5,-44.9,-15.0,0.0,-24.6,309.0,36.0,16.0,0.5,-2.0,-0.5,0.5,-0.69,253.0,1.38,16.0,0.4,-7.8,-1.8,2.0,-2.5,251.0,7.2,16.0,0.4,-1.3,-1.3,-1.3,-1.3,1.0,0.0,30.0,0.0,-6.0,-6.0,-6.0,-6.0,1.0,0.0,30.0,0.0,-15.0,0.0,61.0,19.5,257.0,49.7,16.0,0.4,-116.3,-60.2,0.0,-66.0,257.0,56.2,16.0,0.4,-47.5,-47.5,-47.5,-47.5,1.0,0.0,30.0,0.0,-39.9,-39.9,-39.9,-39.9,1.0,0.0,30.0,0.0,4.6,4.6,4.6,4.6,1.0,0.0,30.0,0.0,3.8,3.8,3.8,3.8,1.0,0.0,30.0,0.0,17.5,97.5,301.0,261.0,309.0,472.5,16.0,0.5,20.0,95.0,300.0,260.0,309.0,475.0,16.0,0.5
1907,7,350.4,38.3,15.5,17.1,18.34,17.02,364.0,1.38,16.0,0.4,16.0,17.6,19.2,17.74,310.0,1.7,16.0,0.4,12.15,12.53,12.92,12.53,2.0,0.8,30.0,1.0,77.6,79.0,80.4,79.0,2.0,2.9,30.0,1.0,0.2,0.5,2.6,4.6,9.3,5.12,367.0,3.37,14.0,0.4,0.0,0.0,2.62,0.76,367.0,2.24,14.0,0.4,-8.56,-4.23,0.0,-3.97,367.0,4.03,14.0,0.4,1014.17,1018.6,1022.6,1018.38,85.0,4.23,16.0,0.4,0.0,2.0,7.0,3.0,270.0,2.8,14.0,0.4,77.6,79.0,80.4,79.0,2.0,2.9,30.0,1.0,0.2,0.5,0.0,0.0,15.0,2.9,367.0,19.9,14.0,0.4,-79.6,-19.5,0.0,-31.1,367.0,46.0,14.0,0.4,-1.8,-0.6,0.39,-0.78,304.0,1.28,16.0,0.4,-8.8,-2.0,1.0,-3.8,303.0,7.7,16.0,0.4,0.54,0.61,0.67,0.61,2.0,0.14,30.0,1.0,1.9,2.1,2.2,2.1,2.0,0.3,30.0,1.0,0.0,0.0,47.9,15.5,309.0,36.9,16.0,0.4,-138.1,-63.1,0.0,-66.9,309.0,70.0,16.0,0.4,-40.5,-28.4,-16.3,-28.4,2.0,25.1,30.0,1.0,-37.2,-34.0,-30.8,-34.0,2.0,6.7,30.0,1.0,-1.6,-1.2,-0.8,-1.2,2.0,0.8,30.0,1.0,-1.7,-1.6,-1.5,-1.6,2.0,0.2,30.0,1.0,17.5,97.5,804.5,336.5,367.0,618.5,14.0,0.4,20.0,95.0,805.0,335.0,367.0,620.0,14.0,0.4
1907,7,350.4,40.3,15.7,17.0,18.13,16.95,371.0,1.22,16.0,0.5,16.0,17.5,19.0,17.55,313.0,1.67,16.0,0.4,11.47,11.67,11.88,11.67,2.0,0.43,30.0,0.5,79.0,83.4,87.7,83.4,2.0,9.1,30.0,0.5,0.3,0.5,1.0,4.6,9.3,5.09,374.0,3.58,16.0,0.5,0.0,0.0,2.51,0.72,374.0,2.02,16.0,0.5,-8.62,-3.25,0.0,-3.84,374.0,4.41,16.0,0.5,1013.95,1018.8,1022.3,1018.45,95.0,4.32,16.0,0.5,0.0,2.0,7.0,3.2,258.0,2.9,16.0,0.4,79.0,83.4,87.7,83.4,2.0,9.1,30.0,0.5,0.3,0.5,0.0,0.0,8.3,3.5,374.0,15.7,16.0,0.5,-80.2,-15.0,0.0,-32.4,374.0,46.9,16.0,0.5,-1.54,-0.5,0.4,-0.62,307.0,1.17,16.0,0.4,-6.9,-1.4,1.0,-2.6,304.0,6.8,16.0,0.4,1.78,2.14,2.49,2.14,2.0,0.73,30.0,0.5,1.8,2.1,2.5,2.1,2.0,0.7,30.0,0.5,0.0,0.0,42.4,12.9,310.0,33.1,16.0,0.4,-137.9,-49.8,0.0,-61.9,310.0,75.2,16.0,0.4,-8.0,-6.4,-4.8,-6.4,2.0,3.3,30.0,0.5,-10.6,-9.3,-7.9,-9.3,2.0,2.8,30.0,0.5,-1.8,-1.3,-0.8,-1.3,2.0,1.0,30.0,0.5,-1.7,-1.6,-1.6,-1.6,2.0,0.1,30.0,0.5,1.0,97.5,804.5,350.5,374.0,545.0,16.0,0.5,0.0,95.0,805.0,350.0,374.0,545.0,16.0,0.5
1907,7,350.4,42.3,15.5,16.5,17.65,16.6,521.0,1.08,16.0,0.6,15.2,17.0,18.3,16.91,461.0,1.6,16.0,0.5,9.11,9.93,10.76,9.93,2.0,1.71,30.0,0.5,66.3,74.0,81.7,74.0,2.0,16.0,30.0,0.5,0.3,0.5,1.0,4.6,9.3,5.18,506.0,3.83,16.0,0.6,-3.25,0.0,2.6,-0.33,506.0,3.81,16.0,0.6,-6.7,-2.39,0.0,-2.9,506.0,4.3,16.0,0.6,1013.4,1019.9,1025.21,1019.52,145.0,5.19,18.0,0.6,0.0,3.0,8.0,3.7,360.0,2.9,16.0,0.6,66.3,74.0,81.7,74.0,2.0,16.0,30.0,0.5,0.3,0.5,-17.5,0.0,8.3,-6.2,506.0,40.4,16.0,0.6,-56.5,-6.6,0.0,-25.4,506.0,50.0,16.0,0.6,-1.5,-0.3,0.8,-0.34,446.0,1.28,16.0,0.5,-7.4,-0.6,3.8,-1.4,422.0,7.1,16.0,0.5,2.73,3.37,4.01,3.37,2.0,1.32,30.0,0.5,1.8,5.6,9.4,5.6,2.0,7.9,30.0,0.5,-61.8,0.0,43.0,-5.8,435.0,64.3,16.0,0.5,-115.4,-39.5,0.0,-48.0,435.0,72.9,16.0,0.5,1.2,3.9,6.5,3.9,2.0,5.5,30.0,0.5,-17.9,-10.7,-3.4,-10.7,2.0,15.1,30.0,0.5,0.6,1.9,3.2,1.9,2.0,2.7,30.0,0.5,-8.9,-5.3,-1.7,-5.3,2.0,7.4,30.0,0.5,1.0,97.5,804.5,416.0,506.0,800.0,16.0,0.6,0.0,95.0,805.0,415.0,506.0,800.0,16.0,0.6
1907,7,350.4,44.3,15.3,16.6,18.0,16.68,338.0,1.23,16.0,0.6,15.0,17.2,18.5,17.07,294.0,1.77,16.0,0.6,8.66,8.66,8.66,8.66,1.0,0.0,30.0,1.0,73.8,73.8,73.8,73.8,1.0,0.0,30.0,1.0,0.5,0.0,2.6,4.6,9.3,5.58,333.0,3.45,16.0,0.6,-6.17,0.0,4.27,-0.53,333.0,4.99,16.0,0.6,-4.74,-1.84,0.71,-1.71,333.0,3.88,16.0,0.6,1014.08,1020.7,1023.59,1019.77,95.0,4.96,18.0,0.7,0.0,3.0,8.0,3.9,231.0,2.9,16.0,0.6,73.8,73.8,73.8,73.8,1.0,0.0,30.0,1.0,0.5,0.0,-41.3,0.0,23.6,-7.5,333.0,48.4,16.0,0.6,-33.8,-6.2,0.7,-13.1,333.0,41.4,16.0,0.6,-1.5,-0.3,0.9,-0.38,287.0,1.29,16.0,0.6,-8.6,-1.3,2.8,-2.3,279.0,8.5,16.0,0.6,5.3,5.3,5.3,5.3,1.0,0.0,30.0,1.0,24.4,24.4,24.4,24.4,1.0,0.0,30.0,1.0,-101.2,0.0,68.2,-7.7,286.0,84.0,16.0,0.6,-81.2,-29.1,25.2,-24.3,286.0,64.4,16.0,0.6,25.6,25.6,25.6,25.6,1.0,0.0,30.0,1.0,-30.5,-30.5,-30.5,-30.5,1.0,0.0,30.0,1.0,15.7,15.7,15.7,15.7,1.0,0.0,30.0,1.0,-18.7,-18.7,-18.7,-18.7,1.0,0.0,30.0,1.0,17.5,97.5,804.5,401.5,333.0,679.0,16.0,0.6,20.0,95.0,805.0,400.0,333.0,680.0,16.0,0.6
1907,7,350.4,46.3,,,,,,,,,,,,,,,,,,,,,,,,,,,,,,,,,,,2.6,4.6,6.7,5.38,45.0,2.99,14.0,0.6,-3.25,-1.84,4.61,0.23,45.0,4.87,14.0,0.6,-3.25,-1.84,1.72,-1.48,45.0,3.54,14.0,0.6,1018.04,1023.6,1031.23,1024.0,16.0,6.24,16.0,0.6,,,,,,,,,,,,,,,,,,,,,,,,,,,,,,,,,,,,,,,,,,,,,,,,,,,,,,,,,,,,,,,,,,,,,,,,,,,,,,,,,,,,,,,,,,,,,,,,,,,,,,,,,,,,,,,,,,,,,,,,,,,,,,,,,,
1907,7,350.4,48.3,,,,,,,,,,,,,,,,,,,,,,,,,,,,,,,,,,,1.0,4.6,9.3,4.92,117.0,3.38,16.0,0.6,-1.0,0.71,6.17,2.04,117.0,3.74,16.0,0.6,-5.58,-0.97,1.72,-1.64,117.0,3.87,16.0,0.6,1010.5,1019.45,1024.55,1018.28,36.0,7.6,14.0,0.6,,,,,,,,,,,,,,,,,,,,,,,,,,,,,,,,,,,,,,,,,,,,,,,,,,,,,,,,,,,,,,,,,,,,,,,,,,,,,,,,,,,,,,,,,,,,,,,,,,,,,,,,,,,,,,,,,,,,,,,,,,,,,,,,,,
1907,7,350.4,50.3,,,,,,,,,,,,,,,,,,,,,,,,,,,,,,,,,,,4.6,4.6,9.01,6.04,8.0,2.14,20.0,0.6,-4.29,2.12,8.14,1.91,8.0,5.53,20.0,0.6,-3.96,-0.9,3.1,-0.53,8.0,3.34,20.0,0.6,1015.52,1027.95,1031.02,1025.13,6.0,7.84,18.0,0.7,,,,,,,,,,,,,,,,,,,,,,,,,,,,,,,,,,,,,,,,,,,,,,,,,,,,,,,,,,,,,,,,,,,,,,,,,,,,,,,,,,,,,,,,,,,,,,,,,,,,,,,,,,,,,,,,,,,,,,,,,,,,,,,,,,
1907,7,350.4,56.3,,,,,,,,,,,,,,,,,,,,,,,,,,,,,,,,,,,2.92,3.6,4.28,3.6,2.0,1.41,18.0,0.5,-3.12,-2.82,-2.53,-2.82,2.0,0.61,18.0,0.5,-2.9,-2.13,-1.37,-2.13,2.0,1.58,18.0,0.5,1033.0,1033.0,1033.0,1033.0,2.0,0.0,18.0,0.5,,,,,,,,,,,,,,,,,,,,,,,,,,,,,,,,,,,,,,,,,,,,,,,,,,,,,,,,,,,,,,,,,,,,,,,,,,,,,,,,,,,,,,,,,,,,,,,,,,,,,,,,,,,,,,,,,,,,,,,,,,,,,,,,,,
1907,7,350.4,58.3,,,,,,,,,,,,,,,,,,,,,,,,,,,,,,,,,,,2.02,9.3,10.4,6.9,5.0,4.85,18.0,0.6,-9.97,0.37,3.77,-2.19,5.0,8.32,18.0,0.6,-2.8,-0.93,1.27,-0.67,5.0,2.68,18.0,0.6,1033.1,1033.1,1033.1,1033.1,2.0,0.0,16.0,0.5,,,,,,,,,,,,,,,,,,,,,,,,,,,,,,,,,,,,,,,,,,,,,,,,,,,,,,,,,,,,,,,,,,,,,,,,,,,,,,,,,,,,,,,,,,,,,,,,,,,,,,,,,,,,,,,,,,,,,,,,,,,,,,,,,,
1907,7,352.4,-39.7,,,,,,,,,,,,,,,,,,,,,,,,,,,,,,,,,,,15.4,15.4,15.4,15.4,2.0,0.0,20.0,0.5,5.77,5.77,5.77,5.77,2.0,0.0,20.0,0.5,-14.28,-14.28,-14.28,-14.28,2.0,0.0,20.0,0.5,1018.87,1019.45,1020.03,1019.45,2.0,1.2,20.0,0.5,,,,,,,,,,,,,,,,,,,,,,,,,,,,,,,,,,,,,,,,,,,,,,,,,,,,,,,,,,,,,,,,,,,,,,,,,,,,,,,,,,,,,,,,,,,,,,,,,,,,,,,,,,,,,,,,,,,,,,,,,,,,,,,,,,
1907,7,352.4,-5.7,,,,,,,,,,,,,,,,,,,,,,,,,,,,,,,,,,,4.19,4.6,7.24,5.4,6.0,2.31,16.0,0.7,-5.12,-3.25,-1.57,-3.42,6.0,2.03,16.0,0.7,3.08,3.76,5.12,4.08,6.0,1.47,16.0,0.7,1017.2,1017.2,1017.2,1017.2,1.0,0.0,26.0,1.0,,,,,,,,,,,,,,,,,,,,,,,,,,,,,,,,,,,,,,,,,,,,,,,,,,,,,,,,,,,,,,,,,,,,,,,,,,,,,,,,,,,,,,,,,,,,,,,,,,,,,,,,,,,,,,,,,,,,,,,,,,,,,,,,,,
1907,7,352.4,-3.7,,,,,,,,,,,,,,,,,,,,,,,,,,,,,,,,,,,2.6,4.6,4.6,4.25,19.0,2.03,14.0,0.5,-3.25,-1.84,-0.97,-2.23,19.0,1.83,14.0,0.5,1.84,3.25,4.27,3.31,19.0,1.76,14.0,0.5,1010.53,1015.4,1016.87,1014.27,6.0,3.24,20.0,0.7,,,,,,,,,,,,,,,,,,,,,,,,,,,,,,,,,,,,,,,,,,,,,,,,,,,,,,,,,,,,,,,,,,,,,,,,,,,,,,,,,,,,,,,,,,,,,,,,,,,,,,,,,,,,,,,,,,,,,,,,,,,,,,,,,,
1907,7,352.4,-1.7,,,,,,,,,,,,,,,,,,,,,,,,,,,,,,,,,,,2.6,2.6,4.06,2.99,9.0,1.81,24.0,0.3,-3.02,-1.84,0.0,-1.36,9.0,2.15,24.0,0.3,0.99,1.84,3.08,2.0,9.0,1.45,24.0,0.3,1015.0,1016.4,1016.6,1015.83,4.0,1.3,20.0,0.0,,,,,,,,,,,,,,,,,,,,,,,,,,,,,,,,,,,,,,,,,,,,,,,,,,,,,,,,,,,,,,,,,,,,,,,,,,,,,,,,,,,,,,,,,,,,,,,,,,,,,,,,,,,,,,,,,,,,,,,,,,,,,,,,,,
1907,7,352.4,0.3,,,,,,,,,,,,,,,,,,,,,,,,,,,,,,,,,,,2.82,4.6,4.6,4.36,8.0,1.31,14.0,0.6,-1.83,0.0,0.0,-0.63,8.0,2.27,14.0,0.6,2.67,4.43,4.6,3.81,8.0,1.11,14.0,0.6,1012.77,1013.55,1014.34,1013.55,2.0,1.63,8.0,1.0,,,,,,,,,,,,,,,,,,,,,,,,,,,,,,,,,,,,,,,,,,,,,,,,,,,,,,,,,,,,,,,,,,,,,,,,,,,,,,,,,,,,,,,,,,,,,,,,,,,,,,,,,,,,,,,,,,,,,,,,,,,,,,,,,,
1907,7,352.4,4.3,,,,,,,,,,,,,,,,,,,,,,,,,,,,,,,,,,,4.6,6.7,6.95,6.45,13.0,1.59,12.0,0.6,2.53,3.25,4.88,3.4,13.0,1.79,12.0,0.6,3.25,4.74,6.21,5.12,13.0,1.88,12.0,0.6,1013.27,1015.1,1017.25,1015.17,6.0,2.31,14.0,0.5,,,,,,,,,,,,,,,,,,,,,,,,,,,,,,,,,,,,,,,,,,,,,,,,,,,,,,,,,,,,,,,,,,,,,,,,,,,,,,,,,,,,,,,,,,,,,,,,,,,,,,,,,,,,,,,,,,,,,,,,,,,,,,,,,,
1907,7,352.4,32.3,,,,,,,,,,,,,,,,,,,,,,,,,,,,,,,,,,,1.0,1.0,6.7,2.97,9.0,2.88,22.0,0.9,0.0,1.0,2.51,1.56,9.0,2.07,22.0,0.9,-5.24,-0.71,0.0,-1.74,9.0,2.79,22.0,0.9,1005.8,1006.0,1006.2,1006.0,2.0,0.42,2.0,1.0,,,,,,,,,,,,,,,,,,,,,,,,,,,,,,,,,,,,,,,,,,,,,,,,,,,,,,,,,,,,,,,,,,,,,,,,,,,,,,,,,,,,,,,,,,,,,,,,,,,,,,,,,,,,,,,,,,,,,,,,,,,,,,,,,,
1907,7,352.4,34.3,,,,,,,,,,,,,,,,,,,,,,,,,,,,,,,,,,,2.6,4.6,10.54,6.12,11.0,3.81,14.0,0.5,-8.64,0.0,2.12,-2.13,11.0,5.45,14.0,0.5,-5.27,-3.25,0.74,-2.7,11.0,3.6,14.0,0.5,1009.1,1009.1,1009.71,1009.4,3.0,0.52,12.0,0.3,,,,,,,,,,,,,,,,,,,,,,,,,,,,,,,,,,,,,,,,,,,,,,,,,,,,,,,,,,,,,,,,,,,,,,,,,,,,,,,,,,,,,,,,,,,,,,,,,,,,,,,,,,,,,,,,,,,,,,,,,,,,,,,,,,
1907,7,352.4,36.3,,,,,,,,,,,,,,,,,,,,,,,,,,,,,,,,,,,2.6,4.6,9.3,5.37,225.0,3.06,16.0,0.4,-6.17,0.0,4.74,-0.16,225.0,5.06,16.0,0.4,-4.6,-0.71,2.62,-0.78,225.0,3.48,16.0,0.4,1013.8,1016.6,1019.6,1017.02,58.0,3.36,16.0,0.4,,,,,,,,,,,,,,,,,,,,,,,,,,,,,,,,,,,,,,,,,,,,,,,,,,,,,,,,,,,,,,,,,,,,,,,,,,,,,,,,,,,,,,,,,,,,,,,,,,,,,,,,,,,,,,,,,,,,,,,,,,,,,,,,,,
1907,7,352.4,42.3,,,,,,,,,,,,,,,,,,,,,,,,,,,,,,,,,,,3.46,6.7,9.3,6.24,10.0,2.59,14.0,0.5,-1.43,4.6,6.7,2.93,10.0,5.54,14.0,0.5,-4.67,0.0,0.0,-1.54,10.0,2.69,14.0,0.5,1019.46,1024.15,1027.74,1023.78,6.0,4.18,18.0,0.2,,,,,,,,,,,,,,,,,,,,,,,,,,,,,,,,,,,,,,,,,,,,,,,,,,,,,,,,,,,,,,,,,,,,,,,,,,,,,,,,,,,,,,,,,,,,,,,,,,,,,,,,,,,,,,,,,,,,,,,,,,,,,,,,,,
1907,7,352.4,44.3,15.1,16.5,18.0,16.57,213.0,1.38,16.0,0.7,15.0,16.85,18.3,16.65,186.0,1.69,16.0,0.6,11.09,11.09,11.09,11.09,1.0,0.0,30.0,1.0,85.3,85.3,85.3,85.3,1.0,0.0,30.0,1.0,0.1,0.9,2.6,4.6,6.7,5.16,216.0,3.03,16.0,0.7,-4.56,1.37,4.74,1.01,216.0,4.76,16.0,0.7,-3.25,-0.97,1.84,-1.02,216.0,3.34,16.0,0.7,1015.07,1021.7,1026.48,1021.11,61.0,5.46,18.0,0.7,0.0,5.0,8.0,4.5,217.0,2.9,16.0,0.7,85.3,85.3,85.3,85.3,1.0,0.0,30.0,1.0,0.1,0.9,-21.0,3.7,31.7,8.3,216.0,42.7,16.0,0.7,-17.5,-1.0,7.7,-8.1,216.0,34.1,16.0,0.7,-1.1,0.0,1.0,-0.12,179.0,1.16,16.0,0.6,-6.7,0.0,4.2,-0.9,177.0,7.0,16.0,0.6,2.42,2.42,2.42,2.42,1.0,0.0,30.0,1.0,11.1,11.1,11.1,11.1,1.0,0.0,30.0,1.0,-74.6,18.0,86.8,15.7,184.0,79.6,16.0,0.6,-57.8,-16.8,37.0,-14.2,184.0,54.0,16.0,0.6,51.0,51.0,51.0,51.0,1.0,0.0,30.0,1.0,0.0,0.0,0.0,0.0,1.0,0.0,30.0,1.0,11.1,11.1,11.1,11.1,1.0,0.0,30.0,1.0,0.0,0.0,0.0,0.0,1.0,0.0,30.0,1.0,17.5,97.5,301.0,306.0,216.0,595.0,16.0,0.7,20.0,95.0,300.0,305.0,216.0,595.0,16.0,0.7
1907,7,352.4,46.3,14.5,16.0,17.3,15.89,436.0,1.34,16.0,0.6,14.11,16.0,17.8,16.04,405.0,1.82,16.0,0.6,10.9,11.05,11.19,11.05,2.0,0.31,30.0,0.0,91.4,94.9,98.4,94.9,2.0,7.3,30.0,0.0,0.6,0.4,2.6,4.6,6.7,5.15,451.0,2.85,16.0,0.6,-4.23,0.71,6.17,1.02,451.0,4.51,16.0,0.6,-4.25,-0.97,2.51,-1.03,451.0,3.51,16.0,0.6,1014.21,1021.0,1027.23,1020.78,134.0,6.41,16.0,0.6,0.0,4.0,8.0,4.0,449.0,3.0,16.0,0.6,91.4,94.9,98.4,94.9,2.0,7.3,30.0,0.0,0.6,0.4,-19.5,0.7,41.6,9.9,451.0,39.1,16.0,0.6,-31.7,-2.5,15.0,-7.0,451.0,30.2,16.0,0.6,-1.3,-0.2,0.9,-0.27,385.0,1.18,16.0,0.6,-6.7,-0.7,3.4,-1.2,384.0,6.5,16.0,0.6,-0.16,0.26,0.67,0.26,2.0,0.87,30.0,0.0,-0.7,1.2,3.1,1.2,2.0,4.0,30.0,0.0,-61.9,11.8,90.0,17.3,404.0,70.8,16.0,0.6,-64.4,-14.9,44.2,-14.2,404.0,56.0,16.0,0.6,50.1,50.8,51.5,50.8,2.0,1.4,30.0,0.0,0.0,0.0,0.0,0.0,2.0,0.0,30.0,0.0,-0.7,1.2,3.1,1.2,2.0,4.0,30.0,0.0,0.0,0.0,0.0,0.0,2.0,0.0,30.0,0.0,17.5,97.5,301.0,278.0,451.0,483.5,16.0,0.6,20.0,95.0,300.0,280.0,451.0,485.0,16.0,0.6
1907,7,352.4,48.3,,,,,,,,,,,,,,,,,,,,,,,,,,,,,,,,,,,1.0,4.6,6.7,4.36,164.0,2.76,16.0,0.7,-2.41,0.0,6.17,1.38,164.0,3.7,16.0,0.7,-3.25,0.0,2.6,-0.1,164.0,3.35,16.0,0.7,1014.4,1018.9,1027.81,1020.0,51.0,7.26,16.0,0.7,,,,,,,,,,,,,,,,,,,,,,,,,,,,,,,,,,,,,,,,,,,,,,,,,,,,,,,,,,,,,,,,,,,,,,,,,,,,,,,,,,,,,,,,,,,,,,,,,,,,,,,,,,,,,,,,,,,,,,,,,,,,,,,,,,
1907,7,352.4,50.3,,,,,,,,,,,,,,,,,,,,,,,,,,,,,,,,,,,3.87,6.7,6.7,5.46,5.0,1.84,10.0,0.6,2.69,4.74,6.36,4.37,5.0,2.64,10.0,0.6,-3.39,-1.8,0.95,-1.31,5.0,2.77,10.0,0.6,1023.27,1027.5,1028.25,1025.8,3.0,3.94,14.0,0.7,,,,,,,,,,,,,,,,,,,,,,,,,,,,,,,,,,,,,,,,,,,,,,,,,,,,,,,,,,,,,,,,,,,,,,,,,,,,,,,,,,,,,,,,,,,,,,,,,,,,,,,,,,,,,,,,,,,,,,,,,,,,,,,,,,
1907,7,352.4,58.3,,,,,,,,,,,,,,,,,,,,,,,,,,,,,,,,,,,4.5,6.7,9.3,6.63,7.0,2.77,16.0,0.9,-8.62,-1.72,6.23,-1.0,7.0,6.2,16.0,0.9,-4.24,-3.48,2.7,-1.26,7.0,4.18,16.0,0.9,1032.48,1033.5,1034.52,1033.5,2.0,2.12,16.0,1.0,,,,,,,,,,,,,,,,,,,,,,,,,,,,,,,,,,,,,,,,,,,,,,,,,,,,,,,,,,,,,,,,,,,,,,,,,,,,,,,,,,,,,,,,,,,,,,,,,,,,,,,,,,,,,,,,,,,,,,,,,,,,,,,,,,
1907,7,354.4,-39.7,,,,,,,,,,,,,,,,,,,,,,,,,,,,,,,,,,,19.0,19.0,19.0,19.0,2.0,0.0,20.0,1.0,7.12,7.12,7.12,7.12,2.0,0.0,20.0,1.0,-17.62,-17.62,-17.62,-17.62,2.0,0.0,20.0,1.0,1018.59,1019.0,1019.41,1019.0,2.0,0.85,20.0,1.0,,,,,,,,,,,,,,,,,,,,,,,,,,,,,,,,,,,,,,,,,,,,,,,,,,,,,,,,,,,,,,,,,,,,,,,,,,,,,,,,,,,,,,,,,,,,,,,,,,,,,,,,,,,,,,,,,,,,,,,,,,,,,,,,,,
1907,7,354.4,-7.7,,,,,,,,,,,,,,,,,,,,,,,,,,,,,,,,,,,4.6,5.65,9.3,6.11,14.0,2.45,18.0,0.4,-6.58,-3.25,-1.72,-3.85,14.0,2.46,18.0,0.4,3.25,4.27,6.55,4.51,14.0,1.49,18.0,0.4,1015.93,1016.2,1016.47,1016.2,3.0,0.4,28.0,0.3,,,,,,,,,,,,,,,,,,,,,,,,,,,,,,,,,,,,,,,,,,,,,,,,,,,,,,,,,,,,,,,,,,,,,,,,,,,,,,,,,,,,,,,,,,,,,,,,,,,,,,,,,,,,,,,,,,,,,,,,,,,,,,,,,,
1907,7,354.4,-5.7,,,,,,,,,,,,,,,,,,,,,,,,,,,,,,,,,,,4.09,8.0,9.3,6.97,12.0,2.73,14.0,0.4,-6.58,-3.48,-2.12,-3.8,12.0,2.71,14.0,0.4,3.04,6.39,7.1,5.37,12.0,2.43,14.0,0.4,1015.65,1016.2,1016.47,1016.07,3.0,0.61,26.0,0.3,,,,,,,,,,,,,,,,,,,,,,,,,,,,,,,,,,,,,,,,,,,,,,,,,,,,,,,,,,,,,,,,,,,,,,,,,,,,,,,,,,,,,,,,,,,,,,,,,,,,,,,,,,,,,,,,,,,,,,,,,,,,,,,,,,
1907,7,354.4,-3.7,,,,,,,,,,,,,,,,,,,,,,,,,,,,,,,,,,,3.46,4.6,6.7,4.83,10.0,1.52,22.0,0.5,-4.74,-1.72,0.64,-1.95,10.0,2.65,22.0,0.5,1.95,4.27,4.74,3.65,10.0,1.47,22.0,0.5,1016.91,1017.35,1017.79,1017.35,2.0,0.92,26.0,1.0,,,,,,,,,,,,,,,,,,,,,,,,,,,,,,,,,,,,,,,,,,,,,,,,,,,,,,,,,,,,,,,,,,,,,,,,,,,,,,,,,,,,,,,,,,,,,,,,,,,,,,,,,,,,,,,,,,,,,,,,,,,,,,,,,,
1907,7,354.4,-1.7,,,,,,,,,,,,,,,,,,,,,,,,,,,,,,,,,,,4.6,6.7,6.7,6.0,6.0,1.08,12.0,0.3,-4.74,-2.88,0.0,-2.54,6.0,2.15,12.0,0.3,4.32,4.74,6.31,5.04,6.0,1.24,12.0,0.3,1014.05,1014.15,1014.25,1014.15,2.0,0.21,8.0,0.0,,,,,,,,,,,,,,,,,,,,,,,,,,,,,,,,,,,,,,,,,,,,,,,,,,,,,,,,,,,,,,,,,,,,,,,,,,,,,,,,,,,,,,,,,,,,,,,,,,,,,,,,,,,,,,,,,,,,,,,,,,,,,,,,,,
1907,7,354.4,2.3,,,,,,,,,,,,,,,,,,,,,,,,,,,,,,,,,,,4.6,4.6,4.6,4.6,1.0,0.0,30.0,0.0,1.8,1.8,1.8,1.8,1.0,0.0,30.0,0.0,4.23,4.23,4.23,4.23,1.0,0.0,30.0,0.0,1015.9,1015.9,1015.9,1015.9,1.0,0.0,30.0,0.0,,,,,,,,,,,,,,,,,,,,,,,,,,,,,,,,,,,,,,,,,,,,,,,,,,,,,,,,,,,,,,,,,,,,,,,,,,,,,,,,,,,,,,,,,,,,,,,,,,,,,,,,,,,,,,,,,,,,,,,,,,,,,,,,,,
1907,7,354.4,4.3,,,,,,,,,,,,,,,,,,,,,,,,,,,,,,,,,,,4.6,6.7,6.7,6.12,10.0,1.53,10.0,0.5,2.15,3.25,6.49,4.05,10.0,2.72,10.0,0.5,1.07,3.74,5.56,3.49,10.0,2.19,10.0,0.5,1013.9,1014.4,1015.59,1014.73,4.0,1.14,14.0,0.8,,,,,,,,,,,,,,,,,,,,,,,,,,,,,,,,,,,,,,,,,,,,,,,,,,,,,,,,,,,,,,,,,,,,,,,,,,,,,,,,,,,,,,,,,,,,,,,,,,,,,,,,,,,,,,,,,,,,,,,,,,,,,,,,,,
1907,7,354.4,34.3,,,,,,,,,,,,,,,,,,,,,,,,,,,,,,,,,,,2.6,4.6,12.3,6.25,43.0,4.23,14.0,0.6,-9.3,0.0,6.33,-0.64,43.0,7.12,14.0,0.6,-2.1,0.0,1.49,-0.09,43.0,2.6,14.0,0.6,1012.88,1016.4,1019.49,1015.94,17.0,3.45,12.0,0.5,,,,,,,,,,,,,,,,,,,,,,,,,,,,,,,,,,,,,,,,,,,,,,,,,,,,,,,,,,,,,,,,,,,,,,,,,,,,,,,,,,,,,,,,,,,,,,,,,,,,,,,,,,,,,,,,,,,,,,,,,,,,,,,,,,
1907,7,354.4,36.3,,,,,,,,,,,,,,,,,,,,,,,,,,,,,,,,,,,1.0,4.6,9.3,4.61,174.0,3.57,14.0,0.5,-3.25,0.0,6.7,1.06,174.0,5.35,14.0,0.5,-1.84,0.0,1.72,-0.12,174.0,2.08,14.0,0.5,1013.96,1017.1,1019.84,1016.84,49.0,3.47,18.0,0.6,,,,,,,,,,,,,,,,,,,,,,,,,,,,,,,,,,,,,,,,,,,,,,,,,,,,,,,,,,,,,,,,,,,,,,,,,,,,,,,,,,,,,,,,,,,,,,,,,,,,,,,,,,,,,,,,,,,,,,,,,,,,,,,,,,
1907,7,354.4,42.3,,,,,,,,,,,,,,,,,,,,,,,,,,,,,,,,,,,0.75,2.6,7.36,3.83,12.0,3.2,20.0,0.4,-3.99,0.0,3.02,-0.34,12.0,4.74,20.0,0.4,-2.6,-1.33,0.0,-1.33,12.0,1.3,20.0,0.4,1018.24,1020.2,1021.82,1020.34,7.0,3.0,26.0,0.4,,,,,,,,,,,,,,,,,,,,,,,,,,,,,,,,,,,,,,,,,,,,,,,,,,,,,,,,,,,,,,,,,,,,,,,,,,,,,,,,,,,,,,,,,,,,,,,,,,,,,,,,,,,,,,,,,,,,,,,,,,,,,,,,,,
1907,7,354.4,44.3,,,,,,,,,,,,,,,,,,,,,,,,,,,,,,,,,,,4.6,6.7,8.72,6.3,15.0,3.27,14.0,0.5,-4.74,-0.37,7.71,1.12,15.0,6.41,14.0,0.5,-4.74,0.0,2.35,-0.87,15.0,3.16,14.0,0.5,1012.98,1016.6,1018.77,1016.25,8.0,2.87,14.0,0.4,,,,,,,,,,,,,,,,,,,,,,,,,,,,,,,,,,,,,,,,,,,,,,,,,,,,,,,,,,,,,,,,,,,,,,,,,,,,,,,,,,,,,,,,,,,,,,,,,,,,,,,,,,,,,,,,,,,,,,,,,,,,,,,,,,
1907,7,354.4,46.3,13.8,15.25,17.0,15.44,102.0,1.67,16.0,0.7,13.5,15.6,17.81,15.77,101.0,1.86,16.0,0.7,9.61,9.61,9.61,9.61,1.0,0.0,30.0,1.0,87.9,87.9,87.9,87.9,1.0,0.0,30.0,1.0,0.1,0.9,2.6,4.6,9.3,5.16,107.0,3.06,16.0,0.7,-3.25,1.84,6.28,1.58,107.0,4.56,16.0,0.7,-4.27,0.0,2.53,-0.52,107.0,3.56,16.0,0.7,1014.15,1018.35,1023.98,1019.16,34.0,5.4,18.0,0.8,0.8,4.0,8.0,4.1,107.0,3.0,16.0,0.7,87.9,87.9,87.9,87.9,1.0,0.0,30.0,1.0,0.1,0.9,-16.8,4.8,42.2,13.8,107.0,41.6,16.0,0.7,-19.6,0.0,15.0,-3.8,107.0,31.6,16.0,0.7,-1.58,-0.2,0.8,-0.39,97.0,1.31,16.0,0.7,-7.4,-0.6,3.3,-1.8,96.0,7.4,16.0,0.7,0.92,0.92,0.92,0.92,1.0,0.0,30.0,1.0,4.2,4.2,4.2,4.2,1.0,0.0,30.0,1.0,-43.8,30.7,93.7,24.8,100.0,72.2,16.0,0.7,-65.5,0.0,43.5,-6.0,100.0,54.7,16.0,0.7,44.2,44.2,44.2,44.2,1.0,0.0,30.0,1.0,0.0,0.0,0.0,0.0,1.0,0.0,30.0,1.0,4.2,4.2,4.2,4.2,1.0,0.0,30.0,1.0,0.0,0.0,0.0,0.0,1.0,0.0,30.0,1.0,17.5,97.5,804.5,302.0,107.0,521.0,16.0,0.7,20.0,95.0,805.0,300.0,107.0,520.0,16.0,0.7
1907,7,354.4,48.3,13.0,14.2,16.2,14.43,434.0,1.53,16.0,0.7,13.0,15.0,16.96,14.96,407.0,1.82,16.0,0.6,9.5,9.92,10.34,9.92,2.0,0.87,30.0,1.0,90.2,94.2,98.2,94.2,2.0,8.2,30.0,1.0,0.5,0.1,2.6,4.6,6.7,4.75,447.0,2.8,16.0,0.7,-3.25,0.0,6.17,0.84,447.0,4.29,16.0,0.7,-3.25,0.0,2.62,-0.33,447.0,3.35,16.0,0.7,1013.67,1020.4,1027.53,1020.74,125.0,6.83,16.0,0.7,0.0,4.0,8.0,4.3,443.0,3.1,16.0,0.7,90.2,94.2,98.2,94.2,2.0,8.2,30.0,1.0,0.5,0.1,-17.0,0.0,41.3,8.4,447.0,34.3,16.0,0.7,-16.8,0.0,16.8,-0.9,447.0,26.9,16.0,0.7,-1.8,-0.5,0.5,-0.61,389.0,1.27,16.0,0.6,-8.4,-1.8,1.4,-2.8,383.0,6.3,16.0,0.6,-0.14,0.41,0.97,0.41,2.0,1.15,30.0,1.0,-0.7,1.9,4.5,1.9,2.0,5.3,30.0,1.0,-52.5,0.0,82.7,13.3,401.0,62.8,16.0,0.6,-50.2,0.0,43.9,-3.4,401.0,48.3,16.0,0.6,33.5,35.0,36.4,35.0,2.0,3.1,30.0,1.0,28.1,29.3,30.6,29.3,2.0,2.6,30.0,1.0,-0.5,1.5,3.4,1.5,2.0,4.1,30.0,1.0,-0.4,1.2,2.9,1.2,2.0,3.4,30.0,1.0,17.5,97.5,301.0,229.5,447.0,372.5,16.0,0.7,20.0,95.0,300.0,230.0,447.0,370.0,16.0,0.7
1907,7,354.4,50.3,,,,,,,,,,,,,,,,,,,,,,,,,,,,,,,,,,,1.0,4.6,9.3,4.88,112.0,3.25,16.0,0.6,-1.0,2.51,6.7,2.72,112.0,4.37,16.0,0.6,-2.62,0.0,3.25,0.06,112.0,2.84,16.0,0.6,1012.52,1018.2,1025.25,1018.71,12.0,5.5,12.0,0.5,,,,,,,,,,,,,,,,,,,,,,,,,,,,,,,,,,,,,,,,,,,,,,,,,,,,,,,,,,,,,,,,,,,,,,,,,,,,,,,,,,,,,,,,,,,,,,,,,,,,,,,,,,,,,,,,,,,,,,,,,,,,,,,,,,
1907,7,354.4,52.3,,,,,,,,,,,,,,,,,,,,,,,,,,,,,,,,,,,2.6,4.6,10.21,6.34,18.0,4.21,14.0,0.7,-1.26,1.84,8.65,2.96,18.0,4.98,14.0,0.7,-2.6,1.84,7.18,2.37,18.0,4.51,14.0,0.7,1013.6,1013.6,1013.6,1013.6,1.0,0.0,18.0,0.0,,,,,,,,,,,,,,,,,,,,,,,,,,,,,,,,,,,,,,,,,,,,,,,,,,,,,,,,,,,,,,,,,,,,,,,,,,,,,,,,,,,,,,,,,,,,,,,,,,,,,,,,,,,,,,,,,,,,,,,,,,,,,,,,,,
1907,7,354.4,54.3,,,,,,,,,,,,,,,,,,,,,,,,,,,,,,,,,,,1.57,2.8,4.03,2.8,2.0,2.55,18.0,1.0,0.0,0.0,0.0,0.0,2.0,0.0,18.0,1.0,-4.03,-2.8,-1.57,-2.8,2.0,2.55,18.0,1.0,1017.06,1018.9,1020.74,1018.9,2.0,3.82,24.0,0.0,,,,,,,,,,,,,,,,,,,,,,,,,,,,,,,,,,,,,,,,,,,,,,,,,,,,,,,,,,,,,,,,,,,,,,,,,,,,,,,,,,,,,,,,,,,,,,,,,,,,,,,,,,,,,,,,,,,,,,,,,,,,,,,,,,
1907,7,354.4,58.3,,,,,,,,,,,,,,,,,,,,,,,,,,,,,,,,,,,2.6,4.6,9.3,5.77,11.0,3.06,18.0,0.8,-8.62,-0.97,3.35,-1.62,11.0,5.47,18.0,0.8,-3.48,-2.41,1.34,-1.76,11.0,3.14,18.0,0.8,1028.48,1031.4,1034.11,1031.3,4.0,3.27,16.0,0.8,,,,,,,,,,,,,,,,,,,,,,,,,,,,,,,,,,,,,,,,,,,,,,,,,,,,,,,,,,,,,,,,,,,,,,,,,,,,,,,,,,,,,,,,,,,,,,,,,,,,,,,,,,,,,,,,,,,,,,,,,,,,,,,,,,
1907,7,354.4,62.3,,,,,,,,,,,,,,,,,,,,,,,,,,,,,,,,,,,4.0,4.0,5.37,4.67,3.0,1.15,28.0,0.0,-1.76,0.0,0.0,-0.86,3.0,1.48,28.0,0.0,3.36,4.0,5.37,4.35,3.0,1.5,28.0,0.0,1008.5,1008.7,1008.7,1008.6,3.0,0.17,28.0,0.0,,,,,,,,,,,,,,,,,,,,,,,,,,,,,,,,,,,,,,,,,,,,,,,,,,,,,,,,,,,,,,,,,,,,,,,,,,,,,,,,,,,,,,,,,,,,,,,,,,,,,,,,,,,,,,,,,,,,,,,,,,,,,,,,,,
1907,7,356.4,-41.7,,,,,,,,,,,,,,,,,,,,,,,,,,,,,,,,,,,8.27,15.65,19.0,13.73,4.0,6.85,16.0,0.0,3.39,7.12,7.95,5.73,4.0,3.89,16.0,0.0,-17.62,-13.16,-1.73,-9.83,4.0,10.5,16.0,0.0,1018.4,1018.4,1022.59,1020.4,4.0,4.0,16.0,0.0,,,,,,,,,,,,,,,,,,,,,,,,,,,,,,,,,,,,,,,,,,,,,,,,,,,,,,,,,,,,,,,,,,,,,,,,,,,,,,,,,,,,,,,,,,,,,,,,,,,,,,,,,,,,,,,,,,,,,,,,,,,,,,,,,,
1907,7,356.4,-11.7,,,,,,,,,,,,,,,,,,,,,,,,,,,,,,,,,,,4.6,4.6,4.6,4.6,1.0,0.0,28.0,0.0,-3.25,-3.25,-3.25,-3.25,1.0,0.0,28.0,0.0,3.25,3.25,3.25,3.25,1.0,0.0,28.0,0.0,1015.4,1015.4,1015.4,1015.4,1.0,0.0,28.0,0.0,,,,,,,,,,,,,,,,,,,,,,,,,,,,,,,,,,,,,,,,,,,,,,,,,,,,,,,,,,,,,,,,,,,,,,,,,,,,,,,,,,,,,,,,,,,,,,,,,,,,,,,,,,,,,,,,,,,,,,,,,,,,,,,,,,
1907,7,356.4,-9.7,,,,,,,,,,,,,,,,,,,,,,,,,,,,,,,,,,,4.6,4.6,6.7,5.84,16.0,1.66,16.0,0.4,-5.62,-2.88,-1.72,-3.49,16.0,2.1,16.0,0.4,3.25,4.27,5.65,4.38,16.0,1.14,16.0,0.4,1015.18,1016.2,1017.02,1016.1,3.0,1.35,28.0,0.3,,,,,,,,,,,,,,,,,,,,,,,,,,,,,,,,,,,,,,,,,,,,,,,,,,,,,,,,,,,,,,,,,,,,,,,,,,,,,,,,,,,,,,,,,,,,,,,,,,,,,,,,,,,,,,,,,,,,,,,,,,,,,,,,,,
1907,7,356.4,-7.7,,,,,,,,,,,,,,,,,,,,,,,,,,,,,,,,,,,4.6,6.7,6.7,6.1,7.0,1.02,14.0,0.7,-6.17,-3.25,-2.3,-3.36,7.0,2.76,14.0,0.7,2.62,4.23,6.21,4.27,7.0,1.54,14.0,0.7,1016.73,1017.0,1017.27,1017.0,2.0,0.57,26.0,1.0,,,,,,,,,,,,,,,,,,,,,,,,,,,,,,,,,,,,,,,,,,,,,,,,,,,,,,,,,,,,,,,,,,,,,,,,,,,,,,,,,,,,,,,,,,,,,,,,,,,,,,,,,,,,,,,,,,,,,,,,,,,,,,,,,,
1907,7,356.4,-5.7,,,,,,,,,,,,,,,,,,,,,,,,,,,,,,,,,,,2.6,4.6,7.77,5.37,11.0,3.02,20.0,0.7,-4.39,-3.25,0.74,-2.14,11.0,2.82,20.0,0.7,1.46,3.25,6.63,4.0,11.0,3.2,20.0,0.7,1018.33,1018.6,1018.87,1018.6,2.0,0.57,24.0,0.0,,,,,,,,,,,,,,,,,,,,,,,,,,,,,,,,,,,,,,,,,,,,,,,,,,,,,,,,,,,,,,,,,,,,,,,,,,,,,,,,,,,,,,,,,,,,,,,,,,,,,,,,,,,,,,,,,,,,,,,,,,,,,,,,,,
1907,7,356.4,-3.7,,,,,,,,,,,,,,,,,,,,,,,,,,,,,,,,,,,4.6,6.7,9.3,6.9,5.0,2.35,12.0,0.0,-6.58,0.0,0.0,-2.63,5.0,3.6,12.0,0.0,4.6,6.58,6.62,5.81,5.0,1.11,12.0,0.0,1013.8,1014.0,1014.2,1014.0,2.0,0.42,8.0,0.0,,,,,,,,,,,,,,,,,,,,,,,,,,,,,,,,,,,,,,,,,,,,,,,,,,,,,,,,,,,,,,,,,,,,,,,,,,,,,,,,,,,,,,,,,,,,,,,,,,,,,,,,,,,,,,,,,,,,,,,,,,,,,,,,,,
1907,7,356.4,-1.7,,,,,,,,,,,,,,,,,,,,,,,,,,,,,,,,,,,4.6,4.6,6.03,5.3,3.0,1.21,18.0,0.3,-2.26,-1.72,-0.55,-1.41,3.0,1.28,18.0,0.3,4.37,4.6,5.7,5.03,3.0,1.04,18.0,0.3,1014.6,1014.6,1014.6,1014.6,1.0,0.0,8.0,1.0,,,,,,,,,,,,,,,,,,,,,,,,,,,,,,,,,,,,,,,,,,,,,,,,,,,,,,,,,,,,,,,,,,,,,,,,,,,,,,,,,,,,,,,,,,,,,,,,,,,,,,,,,,,,,,,,,,,,,,,,,,,,,,,,,,
1907,7,356.4,2.3,,,,,,,,,,,,,,,,,,,,,,,,,,,,,,,,,,,2.6,3.6,4.6,3.6,4.0,1.15,30.0,0.8,0.86,1.82,2.58,1.72,4.0,1.33,30.0,0.8,2.2,2.93,3.77,2.98,4.0,1.02,30.0,0.8,1014.69,1015.5,1016.52,1015.6,4.0,1.14,30.0,0.8,,,,,,,,,,,,,,,,,,,,,,,,,,,,,,,,,,,,,,,,,,,,,,,,,,,,,,,,,,,,,,,,,,,,,,,,,,,,,,,,,,,,,,,,,,,,,,,,,,,,,,,,,,,,,,,,,,,,,,,,,,,,,,,,,,
1907,7,356.4,4.3,,,,,,,,,,,,,,,,,,,,,,,,,,,,,,,,,,,2.6,4.6,6.7,5.05,11.0,2.12,12.0,0.4,1.5,3.25,6.7,3.93,11.0,2.81,12.0,0.4,0.0,1.84,3.81,1.99,11.0,1.83,12.0,0.4,1012.92,1015.6,1016.74,1014.96,5.0,1.99,16.0,0.4,,,,,,,,,,,,,,,,,,,,,,,,,,,,,,,,,,,,,,,,,,,,,,,,,,,,,,,,,,,,,,,,,,,,,,,,,,,,,,,,,,,,,,,,,,,,,,,,,,,,,,,,,,,,,,,,,,,,,,,,,,,,,,,,,,
1907,7,356.4,36.3,,,,,,,,,,,,,,,,,,,,,,,,,,,,,,,,,,,1.0,4.6,8.2,4.32,199.0,3.71,16.0,0.4,-4.6,0.0,4.74,0.51,199.0,5.38,16.0,0.4,-0.71,0.0,1.82,0.36,199.0,1.77,16.0,0.4,1013.26,1017.0,1019.42,1016.92,59.0,3.54,16.0,0.4,,,,,,,,,,,,,,,,,,,,,,,,,,,,,,,,,,,,,,,,,,,,,,,,,,,,,,,,,,,,,,,,,,,,,,,,,,,,,,,,,,,,,,,,,,,,,,,,,,,,,,,,,,,,,,,,,,,,,,,,,,,,,,,,,,
1907,7,356.4,42.3,,,,,,,,,,,,,,,,,,,,,,,,,,,,,,,,,,,2.6,4.6,4.6,3.79,8.0,2.01,18.0,0.4,-2.89,0.0,1.79,-0.42,8.0,2.95,18.0,0.4,-4.26,-2.93,0.0,-2.06,8.0,2.59,18.0,0.4,1016.22,1018.75,1020.75,1018.5,4.0,2.64,28.0,0.5,,,,,,,,,,,,,,,,,,,,,,,,,,,,,,,,,,,,,,,,,,,,,,,,,,,,,,,,,,,,,,,,,,,,,,,,,,,,,,,,,,,,,,,,,,,,,,,,,,,,,,,,,,,,,,,,,,,,,,,,,,,,,,,,,,
1907,7,356.4,44.3,,,,,,,,,,,,,,,,,,,,,,,,,,,,,,,,,,,2.6,4.6,12.3,7.05,11.0,4.33,12.0,0.4,-3.15,2.6,11.4,4.04,11.0,6.43,12.0,0.4,-3.67,0.0,4.61,0.31,11.0,3.73,12.0,0.4,1011.58,1012.5,1018.33,1014.63,7.0,3.48,12.0,0.4,,,,,,,,,,,,,,,,,,,,,,,,,,,,,,,,,,,,,,,,,,,,,,,,,,,,,,,,,,,,,,,,,,,,,,,,,,,,,,,,,,,,,,,,,,,,,,,,,,,,,,,,,,,,,,,,,,,,,,,,,,,,,,,,,,
1907,7,356.4,46.3,,,,,,,,,,,,,,,,,,,,,,,,,,,,,,,,,,,2.6,2.6,7.65,4.76,5.0,3.1,16.0,0.6,-2.48,-1.84,0.0,-1.37,5.0,1.28,16.0,0.6,-7.65,-0.97,0.67,-3.03,5.0,4.74,16.0,0.6,1018.99,1019.6,1019.74,1019.37,3.0,0.59,2.0,0.3,,,,,,,,,,,,,,,,,,,,,,,,,,,,,,,,,,,,,,,,,,,,,,,,,,,,,,,,,,,,,,,,,,,,,,,,,,,,,,,,,,,,,,,,,,,,,,,,,,,,,,,,,,,,,,,,,,,,,,,,,,,,,,,,,,
1907,7,356.4,48.3,12.87,14.0,15.0,13.92,308.0,1.11,16.0,0.5,12.87,14.5,16.0,14.48,264.0,1.57,16.0,0.5,10.27,10.27,10.27,10.27,2.0,0.0,30.0,0.5,93.8,93.8,93.8,93.8,2.0,0.0,30.0,0.5,0.5,0.8,1.0,4.6,6.7,4.68,306.0,3.25,16.0,0.6,-3.25,0.55,5.59,1.09,306.0,4.36,16.0,0.6,-2.6,0.0,3.25,0.25,306.0,3.5,16.0,0.6,1013.51,1019.45,1028.0,1020.47,90.0,6.89,16.0,0.5,0.0,4.0,8.0,4.2,303.0,3.0,16.0,0.6,93.8,93.8,93.8,93.8,2.0,0.0,30.0,0.5,0.5,0.8,-15.0,0.5,41.3,11.0,306.0,40.2,16.0,0.6,-15.0,0.0,16.8,4.0,306.0,32.8,16.0,0.6,-1.85,-0.6,0.5,-0.62,250.0,1.17,16.0,0.5,-9.2,-1.4,1.3,-2.8,246.0,6.7,16.0,0.5,0.34,0.48,0.62,0.48,2.0,0.29,30.0,0.5,1.5,2.2,2.9,2.2,2.0,1.4,30.0,0.5,-48.7,10.4,75.7,15.1,260.0,61.1,16.0,0.5,-40.1,0.0,50.0,5.7,260.0,49.8,16.0,0.5,36.2,36.2,36.2,36.2,2.0,0.0,30.0,0.5,30.4,30.4,30.4,30.4,2.0,0.0,30.0,0.5,1.2,1.7,2.2,1.7,2.0,1.0,30.0,0.5,1.0,1.4,1.8,1.4,2.0,0.9,30.0,0.5,1.0,97.5,301.0,281.5,306.0,536.0,16.0,0.6,0.0,95.0,300.0,280.0,306.0,535.0,16.0,0.6
1907,7,356.4,50.3,,,,,,,,,,,,,,,,,,,,,,,,,,,,,,,,,,,1.0,4.6,6.7,4.54,128.0,3.09,16.0,0.6,-2.41,0.81,5.95,1.51,128.0,4.03,16.0,0.6,-2.6,0.0,3.25,0.3,128.0,3.42,16.0,0.6,1014.54,1018.0,1026.6,1020.24,17.0,6.4,18.0,0.5,,,,,,,,,,,,,,,,,,,,,,,,,,,,,,,,,,,,,,,,,,,,,,,,,,,,,,,,,,,,,,,,,,,,,,,,,,,,,,,,,,,,,,,,,,,,,,,,,,,,,,,,,,,,,,,,,,,,,,,,,,,,,,,,,,
1907,7,356.4,58.3,,,,,,,,,,,,,,,,,,,,,,,,,,,,,,,,,,,2.45,4.6,6.7,4.91,13.0,2.53,20.0,0.8,-4.28,-0.93,3.59,-0.37,13.0,3.39,20.0,0.8,-6.26,-4.23,0.0,-3.16,13.0,3.17,20.0,0.8,1010.67,1027.0,1030.78,1022.35,8.0,10.12,18.0,0.6,,,,,,,,,,,,,,,,,,,,,,,,,,,,,,,,,,,,,,,,,,,,,,,,,,,,,,,,,,,,,,,,,,,,,,,,,,,,,,,,,,,,,,,,,,,,,,,,,,,,,,,,,,,,,,,,,,,,,,,,,,,,,,,,,,
1907,7,356.4,62.3,,,,,,,,,,,,,,,,,,,,,,,,,,,,,,,,,,,1.32,2.0,2.68,2.0,2.0,1.41,28.0,0.0,-2.09,-1.65,-1.21,-1.65,2.0,0.92,28.0,0.0,-1.62,-0.96,-0.31,-0.96,2.0,1.36,28.0,0.0,1007.92,1007.95,1007.98,1007.95,2.0,0.07,28.0,0.0,,,,,,,,,,,,,,,,,,,,,,,,,,,,,,,,,,,,,,,,,,,,,,,,,,,,,,,,,,,,,,,,,,,,,,,,,,,,,,,,,,,,,,,,,,,,,,,,,,,,,,,,,,,,,,,,,,,,,,,,,,,,,,,,,,
1907,7,358.4,-41.7,,,,,,,,,,,,,,,,,,,,,,,,,,,,,,,,,,,4.55,8.0,10.87,7.73,4.0,4.11,12.0,0.5,2.46,4.54,7.69,5.05,4.0,3.11,12.0,0.5,-7.69,-6.39,-2.45,-5.13,4.0,4.21,12.0,0.5,1020.25,1021.4,1022.03,1021.15,4.0,1.42,12.0,0.5,,,,,,,,,,,,,,,,,,,,,,,,,,,,,,,,,,,,,,,,,,,,,,,,,,,,,,,,,,,,,,,,,,,,,,,,,,,,,,,,,,,,,,,,,,,,,,,,,,,,,,,,,,,,,,,,,,,,,,,,,,,,,,,,,,
1907,7,358.4,-13.7,,,,,,,,,,,,,,,,,,,,,,,,,,,,,,,,,,,4.6,4.6,4.6,4.6,3.0,0.0,24.0,0.3,-3.25,-3.25,-2.21,-2.74,3.0,0.88,24.0,0.3,3.25,3.25,3.94,3.59,3.0,0.58,24.0,0.3,1017.76,1018.1,1018.44,1018.1,2.0,0.71,28.0,0.5,,,,,,,,,,,,,,,,,,,,,,,,,,,,,,,,,,,,,,,,,,,,,,,,,,,,,,,,,,,,,,,,,,,,,,,,,,,,,,,,,,,,,,,,,,,,,,,,,,,,,,,,,,,,,,,,,,,,,,,,,,,,,,,,,,
1907,7,358.4,-11.7,,,,,,,,,,,,,,,,,,,,,,,,,,,,,,,,,,,4.6,4.6,6.7,5.09,13.0,1.24,14.0,0.5,-4.74,-3.25,-1.72,-3.08,13.0,1.15,14.0,0.5,3.25,4.27,4.74,3.95,13.0,1.09,14.0,0.5,1016.79,1017.2,1017.61,1017.2,2.0,0.85,28.0,1.0,,,,,,,,,,,,,,,,,,,,,,,,,,,,,,,,,,,,,,,,,,,,,,,,,,,,,,,,,,,,,,,,,,,,,,,,,,,,,,,,,,,,,,,,,,,,,,,,,,,,,,,,,,,,,,,,,,,,,,,,,,,,,,,,,,
1907,7,358.4,-9.7,,,,,,,,,,,,,,,,,,,,,,,,,,,,,,,,,,,2.13,6.7,10.52,6.33,3.0,6.16,16.0,0.7,-4.7,-4.61,-1.46,-3.12,3.0,2.7,16.0,0.7,1.5,4.74,9.29,5.38,3.0,5.73,16.0,0.7,1017.2,1017.2,1017.2,1017.2,1.0,0.0,24.0,0.0,,,,,,,,,,,,,,,,,,,,,,,,,,,,,,,,,,,,,,,,,,,,,,,,,,,,,,,,,,,,,,,,,,,,,,,,,,,,,,,,,,,,,,,,,,,,,,,,,,,,,,,,,,,,,,,,,,,,,,,,,,,,,,,,,,
1907,7,358.4,-7.7,,,,,,,,,,,,,,,,,,,,,,,,,,,,,,,,,,,3.14,6.7,9.3,6.81,9.0,3.43,18.0,0.4,-5.78,1.8,2.56,-0.67,9.0,4.51,18.0,0.4,1.85,6.17,8.56,5.48,9.0,3.04,18.0,0.4,1017.93,1018.0,1018.68,1018.3,3.0,0.61,24.0,1.0,,,,,,,,,,,,,,,,,,,,,,,,,,,,,,,,,,,,,,,,,,,,,,,,,,,,,,,,,,,,,,,,,,,,,,,,,,,,,,,,,,,,,,,,,,,,,,,,,,,,,,,,,,,,,,,,,,,,,,,,,,,,,,,,,,
1907,7,358.4,-5.7,,,,,,,,,,,,,,,,,,,,,,,,,,,,,,,,,,,6.27,6.7,9.3,7.22,6.0,1.81,12.0,0.5,-6.58,-2.94,-2.08,-3.61,6.0,2.56,12.0,0.5,5.57,6.37,6.6,5.91,6.0,1.32,12.0,0.5,1014.7,1016.2,1016.47,1015.6,3.0,1.4,10.0,0.7,,,,,,,,,,,,,,,,,,,,,,,,,,,,,,,,,,,,,,,,,,,,,,,,,,,,,,,,,,,,,,,,,,,,,,,,,,,,,,,,,,,,,,,,,,,,,,,,,,,,,,,,,,,,,,,,,,,,,,,,,,,,,,,,,,
1907,7,358.4,2.3,,,,,,,,,,,,,,,,,,,,,,,,,,,,,,,,,,,3.23,4.6,4.6,3.93,3.0,1.15,30.0,0.3,1.26,1.8,1.8,1.54,3.0,0.45,30.0,0.3,2.98,4.23,4.23,3.62,3.0,1.06,30.0,0.3,1015.41,1016.3,1016.57,1016.0,3.0,0.89,30.0,0.3,,,,,,,,,,,,,,,,,,,,,,,,,,,,,,,,,,,,,,,,,,,,,,,,,,,,,,,,,,,,,,,,,,,,,,,,,,,,,,,,,,,,,,,,,,,,,,,,,,,,,,,,,,,,,,,,,,,,,,,,,,,,,,,,,,
1907,7,358.4,4.3,,,,,,,,,,,,,,,,,,,,,,,,,,,,,,,,,,,2.06,4.6,4.6,3.5,6.0,1.89,20.0,0.7,-0.54,0.9,1.8,0.47,6.0,1.74,20.0,0.7,0.0,4.23,4.31,2.88,6.0,2.24,20.0,0.7,1013.05,1013.6,1014.42,1013.73,3.0,1.01,26.0,0.7,,,,,,,,,,,,,,,,,,,,,,,,,,,,,,,,,,,,,,,,,,,,,,,,,,,,,,,,,,,,,,,,,,,,,,,,,,,,,,,,,,,,,,,,,,,,,,,,,,,,,,,,,,,,,,,,,,,,,,,,,,,,,,,,,,
1907,7,358.4,36.3,,,,,,,,,,,,,,,,,,,,,,,,,,,,,,,,,,,2.6,4.6,6.7,4.65,200.0,2.73,16.0,0.5,-4.74,-0.81,4.27,-0.9,200.0,4.62,16.0,0.5,-2.62,0.0,2.76,-0.05,200.0,2.65,16.0,0.5,1012.03,1017.95,1020.47,1016.83,66.0,4.61,16.0,0.5,,,,,,,,,,,,,,,,,,,,,,,,,,,,,,,,,,,,,,,,,,,,,,,,,,,,,,,,,,,,,,,,,,,,,,,,,,,,,,,,,,,,,,,,,,,,,,,,,,,,,,,,,,,,,,,,,,,,,,,,,,,,,,,,,,
1907,7,358.4,38.3,,,,,,,,,,,,,,,,,,,,,,,,,,,,,,,,,,,1.0,2.6,4.6,3.48,20.0,2.64,16.0,0.3,-3.24,-0.46,2.59,-0.42,20.0,3.89,16.0,0.3,-0.97,0.0,2.43,0.29,20.0,2.06,16.0,0.3,1011.4,1019.2,1024.35,1018.84,7.0,6.42,20.0,0.4,,,,,,,,,,,,,,,,,,,,,,,,,,,,,,,,,,,,,,,,,,,,,,,,,,,,,,,,,,,,,,,,,,,,,,,,,,,,,,,,,,,,,,,,,,,,,,,,,,,,,,,,,,,,,,,,,,,,,,,,,,,,,,,,,,
1907,7,358.4,46.3,,,,,,,,,,,,,,,,,,,,,,,,,,,,,,,,,,,9.3,9.3,9.3,9.3,1.0,0.0,4.0,0.0,8.62,8.62,8.62,8.62,1.0,0.0,4.0,0.0,3.48,3.48,3.48,3.48,1.0,0.0,4.0,0.0,1013.0,1013.0,1013.0,1013.0,1.0,0.0,4.0,0.0,,,,,,,,,,,,,,,,,,,,,,,,,,,,,,,,,,,,,,,,,,,,,,,,,,,,,,,,,,,,,,,,,,,,,,,,,,,,,,,,,,,,,,,,,,,,,,,,,,,,,,,,,,,,,,,,,,,,,,,,,,,,,,,,,,
1907,7,358.4,48.3,,,,,,,,,,,,,,,,,,,,,,,,,,,,,,,,,,,1.0,4.6,6.7,4.44,60.0,3.28,16.0,0.6,-4.48,0.0,4.69,0.23,60.0,4.19,16.0,0.6,-1.82,0.0,2.98,-0.01,60.0,3.63,16.0,0.6,1013.94,1022.3,1027.23,1020.8,25.0,7.01,18.0,0.4,,,,,,,,,,,,,,,,,,,,,,,,,,,,,,,,,,,,,,,,,,,,,,,,,,,,,,,,,,,,,,,,,,,,,,,,,,,,,,,,,,,,,,,,,,,,,,,,,,,,,,,,,,,,,,,,,,,,,,,,,,,,,,,,,,
1907,7,358.4,50.3,13.0,13.9,14.8,13.83,338.0,1.04,16.0,0.5,12.8,14.5,16.0,14.36,296.0,1.48,16.0,0.4,10.06,10.06,10.06,10.06,1.0,0.0,28.0,0.0,89.1,89.1,89.1,89.1,1.0,0.0,28.0,0.0,0.4,0.1,1.0,4.6,6.7,4.11,327.0,3.03,16.0,0.5,-2.6,0.71,4.74,1.23,327.0,3.99,16.0,0.5,-2.53,0.0,2.62,0.18,327.0,2.95,16.0,0.5,1015.0,1018.7,1028.0,1020.18,77.0,6.06,18.0,0.4,0.7,5.0,8.0,4.4,327.0,2.9,16.0,0.5,89.1,89.1,89.1,89.1,1.0,0.0,28.0,0.0,0.4,0.1,-6.8,0.7,31.9,10.5,327.0,33.5,16.0,0.5,-8.3,0.0,15.0,2.6,327.0,26.3,16.0,0.5,-1.7,-0.4,0.5,-0.54,286.0,1.18,16.0,0.4,-6.7,-0.8,1.5,-1.8,281.0,6.6,16.0,0.4,0.88,0.88,0.88,0.88,1.0,0.0,28.0,0.0,4.1,4.1,4.1,4.1,1.0,0.0,28.0,0.0,-39.5,10.5,78.2,18.8,291.0,56.7,16.0,0.4,-32.7,0.0,40.3,3.5,291.0,39.9,16.0,0.4,35.4,35.4,35.4,35.4,1.0,0.0,28.0,0.0,29.7,29.7,29.7,29.7,1.0,0.0,28.0,0.0,3.1,3.1,3.1,3.1,1.0,0.0,28.0,0.0,2.6,2.6,2.6,2.6,1.0,0.0,28.0,0.0,1.0,97.5,301.0,206.0,327.0,446.0,16.0,0.5,0.0,95.0,300.0,205.0,327.0,445.0,16.0,0.5
1907,7,358.4,54.3,,,,,,,,,,,,,,,,,,,,,,,,,,,,,,,,,,,1.0,2.6,6.7,4.03,111.0,3.1,16.0,0.8,-2.62,0.0,2.46,0.18,111.0,3.16,16.0,0.8,-4.74,-0.71,1.84,-1.54,111.0,3.68,16.0,0.8,1009.59,1011.5,1031.31,1018.93,7.0,10.91,22.0,0.9,,,,,,,,,,,,,,,,,,,,,,,,,,,,,,,,,,,,,,,,,,,,,,,,,,,,,,,,,,,,,,,,,,,,,,,,,,,,,,,,,,,,,,,,,,,,,,,,,,,,,,,,,,,,,,,,,,,,,,,,,,,,,,,,,,
1907,7,358.4,56.3,,,,,,,,,,,,,,,,,,,,,,,,,,,,,,,,,,,1.0,4.6,6.7,4.35,45.0,3.04,18.0,0.9,-1.84,0.0,4.6,1.29,45.0,3.44,18.0,0.9,-6.17,-0.97,1.85,-1.45,45.0,3.59,18.0,0.9,1013.39,1028.0,1034.27,1026.07,9.0,10.31,22.0,0.8,,,,,,,,,,,,,,,,,,,,,,,,,,,,,,,,,,,,,,,,,,,,,,,,,,,,,,,,,,,,,,,,,,,,,,,,,,,,,,,,,,,,,,,,,,,,,,,,,,,,,,,,,,,,,,,,,,,,,,,,,,,,,,,,,,
1907,7,358.4,58.3,,,,,,,,,,,,,,,,,,,,,,,,,,,,,,,,,,,2.95,6.7,8.85,5.74,21.0,2.42,20.0,0.8,-3.14,0.0,2.39,-0.88,21.0,3.31,20.0,0.8,-6.7,-4.23,-1.07,-4.04,21.0,3.39,20.0,0.8,1014.17,1024.0,1025.62,1021.17,6.0,6.62,16.0,1.0,,,,,,,,,,,,,,,,,,,,,,,,,,,,,,,,,,,,,,,,,,,,,,,,,,,,,,,,,,,,,,,,,,,,,,,,,,,,,,,,,,,,,,,,,,,,,,,,,,,,,,,,,,,,,,,,,,,,,,,,,,,,,,,,,,
1907,7,358.4,60.3,,,,,,,,,,,,,,,,,,,,,,,,,,,,,,,,,,,2.06,2.6,3.01,2.5,6.0,1.46,24.0,1.0,-2.58,-2.12,0.54,-1.22,6.0,2.16,24.0,1.0,-1.15,-0.49,0.67,-0.09,6.0,1.78,24.0,1.0,1005.7,1005.7,1005.7,1005.7,1.0,0.0,14.0,0.0,,,,,,,,,,,,,,,,,,,,,,,,,,,,,,,,,,,,,,,,,,,,,,,,,,,,,,,,,,,,,,,,,,,,,,,,,,,,,,,,,,,,,,,,,,,,,,,,,,,,,,,,,,,,,,,,,,,,,,,,,,,,,,,,,,
