Year,Month,Longitude,Latitude,S-S1,S-Median,S-S5,S-Mean,S-Observation number,S-Standard deviation,S-Mean day of the month,S-Fraction of daylight observations,A-S1,A-Median,A-S5,A-Mean,A-Observation number,A-Standard deviation,A-Mean day of the month,A-Fraction of daylight observations,Q-S1,Q-Median,Q-S5,Q-Mean,Q-Observation number,Q-Standard deviation,Q-Mean day of the month,Q-Fraction of daylight observations,R-S1_x,R-Median_x,R-S5_x,R-Mean_x,R-Observation number_x,R-Standard deviation_x,R-Mean day of the month_x,R-Fraction of daylight observations_x,R-Mean Longitude_x,R-Mean Latitude_x,W-S1,W-Median,W-S5,W-Mean,W-Observation number,W-Standard deviation,W-Mean day of the month,W-Fraction of daylight observations,U-S1,U-Median,U-S5,U-Mean,U-Observation number,U-Standard deviation,U-Mean day of the month,U-Fraction of daylight observations,V-S1,V-Median,V-S5,V-Mean,V-Observation number,V-Standard deviation,V-Mean day of the month,V-Fraction of daylight observations,P-S1,P-Median,P-S5,P-Mean,P-Observation number,P-Standard deviation,P-Mean day of the month,P-Fraction of daylight observations,C-S1,C-Median,C-S5,C-Mean,C-Observation number,C-Standard deviation,C-Mean day of the month,C-Fraction of daylight observations,R-S1_y,R-Median_y,R-S5_y,R-Mean_y,R-Observation number_y,R-Standard deviation_y,R-Mean day of the month_y,R-Fraction of daylight observations_y,R-Mean Longitude_y,R-Mean Latitude_y,X=W*U-S1,X=W*U-Median,X=W*U-S5,X=W*U-Mean,X=W*U-Observation number,X=W*U-Standard deviation,X=W*U-Mean day of the month,X=W*U-Fraction of daylight observations,Y=W*V-S1,Y=W*V-Median,Y=W*V-S5,Y=W*V-Mean,Y=W*V-Observation number,Y=W*V-Standard deviation,Y=W*V-Mean day of the month,Y=W*V-Fraction of daylight observations,D=S-A-S1,D=S-A-Median,D=S-A-S5,D=S-A-Mean,D=S-A-Observation number,D=S-A-Standard deviation,D=S-A-Mean day of the month,D=S-A-Fraction of daylight observations,E=(S-A)*W-S1,E=(S-A)*W-Median,E=(S-A)*W-S5,E=(S-A)*W-Mean,E=(S-A)*W-Observation number,E=(S-A)*W-Standard deviation,E=(S-A)*W-Mean day of the month,E=(S-A)*W-Fraction of daylight observations,F=QS-Q-S1,F=QS-Q-Median,F=QS-Q-S5,F=QS-Q-Mean,F=QS-Q-Observation number,F=QS-Q-Standard deviation,F=QS-Q-Mean day of the month,F=QS-Q-Fraction of daylight observations,G=(QS-Q)*W-S1,G=(QS-Q)*W-Median,G=(QS-Q)*W-S5,G=(QS-Q)*W-Mean,G=(QS-Q)*W-Observation number,G=(QS-Q)*W-Standard deviation,G=(QS-Q)*W-Mean day of the month,G=(QS-Q)*W-Fraction of daylight observations,I=U*A-S1,I=U*A-Median,I=U*A-S5,I=U*A-Mean,I=U*A-Observation number,I=U*A-Standard deviation,I=U*A-Mean day of the month,I=U*A-Fraction of daylight observations,J=V*A-S1,J=V*A-Median,J=V*A-S5,J=V*A-Mean,J=V*A-Observation number,J=V*A-Standard deviation,J=V*A-Mean day of the month,J=V*A-Fraction of daylight observations,K=U*Q-S1,K=U*Q-Median,K=U*Q-S5,K=U*Q-Mean,K=U*Q-Observation number,K=U*Q-Standard deviation,K=U*Q-Mean day of the month,K=U*Q-Fraction of daylight observations,L=V*Q-S1,L=V*Q-Median,L=V*Q-S5,L=V*Q-Mean,L=V*Q-Observation number,L=V*Q-Standard deviation,L=V*Q-Mean day of the month,L=V*Q-Fraction of daylight observations,M=(QS-Q)*U-S1,M=(QS-Q)*U-Median,M=(QS-Q)*U-S5,M=(QS-Q)*U-Mean,M=(QS-Q)*U-Observation number,M=(QS-Q)*U-Standard deviation,M=(QS-Q)*U-Mean day of the month,M=(QS-Q)*U-Fraction of daylight observations,N=(QS-Q)*V-S1,N=(QS-Q)*V-Median,N=(QS-Q)*V-S5,N=(QS-Q)*V-Mean,N=(QS-Q)*V-Observation number,N=(QS-Q)*V-Standard deviation,N=(QS-Q)*V-Mean day of the month,N=(QS-Q)*V-Fraction of daylight observations,B1=W*W*W-S1,B1=W*W*W-Median,B1=W*W*W-S5,B1=W*W*W-Mean,B1=W*W*W-Observation number,B1=W*W*W-Standard deviation,B1=W*W*W-Mean day of the month,B1=W*W*W-Fraction of daylight observations,B2=W*W*W-S1,B2=W*W*W-Median,B2=W*W*W-S5,B2=W*W*W-Mean,B2=W*W*W-Observation number,B2=W*W*W-Standard deviation,B2=W*W*W-Mean day of the month,B2=W*W*W-Fraction of daylight observations
1875,10,0.9,-41.4,,,,,,,,,,,,,,,,,,,,,,,,,,,,,,,,,,,7.11,8.0,8.89,8.0,2.0,1.84,12.0,0.0,5.03,5.66,6.28,5.66,2.0,1.3,12.0,0.0,5.03,5.66,6.28,5.66,2.0,1.3,12.0,0.0,1024.16,1024.5,1024.84,1024.5,2.0,0.71,12.0,0.0,,,,,,,,,,,,,,,,,,,,,,,,,,,,,,,,,,,,,,,,,,,,,,,,,,,,,,,,,,,,,,,,,,,,,,,,,,,,,,,,,,,,,,,,,,,,,,,,,,,,,,,,,,,,,,,,,,,,,,,,,,,,,,,,,,
1875,10,0.9,-39.4,,,,,,,,,,,,,,,,,,,,,,,,,,,,,,,,,,,6.7,9.3,11.97,8.81,8.0,2.72,10.0,0.4,-4.81,-2.62,5.65,-1.26,8.0,5.07,10.0,0.4,-10.8,-6.17,5.38,-4.08,8.0,7.04,10.0,0.4,1011.8,1020.35,1024.69,1018.78,8.0,6.51,10.0,0.4,,,,,,,,,,,,,,,,,,,,,,,,,,,,,,,,,,,,,,,,,,,,,,,,,,,,,,,,,,,,,,,,,,,,,,,,,,,,,,,,,,,,,,,,,,,,,,,,,,,,,,,,,,,,,,,,,,,,,,,,,,,,,,,,,,
1875,10,0.9,-37.4,,,,,,,,,,,,,,,,,,,,,,,,,,,,,,,,,,,19.0,19.0,19.0,19.0,4.0,0.0,10.0,0.8,13.44,13.44,13.44,13.44,4.0,0.0,10.0,0.8,13.44,13.44,13.44,13.44,4.0,0.0,10.0,0.8,1009.9,1010.5,1011.1,1010.5,4.0,0.69,10.0,0.8,,,,,,,,,,,,,,,,,,,,,,,,,,,,,,,,,,,,,,,,,,,,,,,,,,,,,,,,,,,,,,,,,,,,,,,,,,,,,,,,,,,,,,,,,,,,,,,,,,,,,,,,,,,,,,,,,,,,,,,,,,,,,,,,,,
1875,10,0.9,36.6,,,,,,,,,,,,,,,,,,,,,,,,,,,,,,,,,,,12.3,12.3,12.3,12.3,2.0,0.0,12.0,1.0,12.3,12.3,12.3,12.3,2.0,0.0,12.0,1.0,0.0,0.0,0.0,0.0,2.0,0.0,12.0,1.0,1008.33,1008.6,1008.87,1008.6,2.0,0.57,12.0,1.0,,,,,,,,,,,,,,,,,,,,,,,,,,,,,,,,,,,,,,,,,,,,,,,,,,,,,,,,,,,,,,,,,,,,,,,,,,,,,,,,,,,,,,,,,,,,,,,,,,,,,,,,,,,,,,,,,,,,,,,,,,,,,,,,,,
1875,10,0.9,50.6,,,,,,,,,,,,,,,,,,,,,,,,,,,,,,,,,,,6.7,6.7,14.0,9.34,12.0,5.21,6.0,0.8,3.79,6.7,9.9,6.63,12.0,4.04,6.0,0.8,-2.21,0.0,6.66,1.29,12.0,7.5,6.0,0.8,1006.9,1008.5,1013.83,1010.85,13.0,4.83,6.0,0.8,,,,,,,,,,,,,,,,,,,,,,,,,,,,,,,,,,,,,,,,,,,,,,,,,,,,,,,,,,,,,,,,,,,,,,,,,,,,,,,,,,,,,,,,,,,,,,,,,,,,,,,,,,,,,,,,,,,,,,,,,,,,,,,,,,
1875,10,0.9,54.6,,,,,,,,,,,,,,,,,,,,,,,,,,,,,,,,,,,6.7,6.7,12.62,9.26,7.0,4.78,6.0,0.4,-8.92,4.74,6.17,0.63,7.0,8.13,6.0,0.4,-2.72,4.74,8.92,3.09,7.0,6.71,6.0,0.4,980.9,981.7,1016.73,996.6,9.0,18.56,10.0,0.6,,,,,,,,,,,,,,,,,,,,,,,,,,,,,,,,,,,,,,,,,,,,,,,,,,,,,,,,,,,,,,,,,,,,,,,,,,,,,,,,,,,,,,,,,,,,,,,,,,,,,,,,,,,,,,,,,,,,,,,,,,,,,,,,,,
1875,10,0.9,56.6,,,,,,,,,,,,,,,,,,,,,,,,,,,,,,,,,,,9.1,12.3,19.0,13.19,10.0,4.59,8.0,0.3,-13.44,5.51,11.37,1.71,10.0,10.88,8.0,0.3,1.07,7.43,13.44,6.88,10.0,6.33,8.0,0.3,995.56,1005.3,1007.47,1002.13,21.0,8.93,16.0,0.4,,,,,,,,,,,,,,,,,,,,,,,,,,,,,,,,,,,,,,,,,,,,,,,,,,,,,,,,,,,,,,,,,,,,,,,,,,,,,,,,,,,,,,,,,,,,,,,,,,,,,,,,,,,,,,,,,,,,,,,,,,,,,,,,,,
1875,10,0.9,58.6,,,,,,,,,,,,,,,,,,,,,,,,,,,,,,,,,,,3.19,9.5,15.81,9.5,4.0,8.09,24.0,0.3,-11.18,-6.72,-2.26,-6.72,4.0,5.72,24.0,0.3,2.26,6.72,11.18,6.72,4.0,5.72,24.0,0.3,982.64,1012.3,1018.46,1004.8,6.0,17.61,24.0,0.5,,,,,,,,,,,,,,,,,,,,,,,,,,,,,,,,,,,,,,,,,,,,,,,,,,,,,,,,,,,,,,,,,,,,,,,,,,,,,,,,,,,,,,,,,,,,,,,,,,,,,,,,,,,,,,,,,,,,,,,,,,,,,,,,,,
1875,10,2.9,-41.4,,,,,,,,,,,,,,,,,,,,,,,,,,,,,,,,,,,6.7,6.7,6.7,6.7,3.0,0.0,12.0,1.0,6.7,6.7,6.7,6.7,3.0,0.0,12.0,1.0,0.0,0.0,0.0,0.0,3.0,0.0,12.0,1.0,1026.38,1027.4,1027.47,1026.93,3.0,0.9,12.0,1.0,,,,,,,,,,,,,,,,,,,,,,,,,,,,,,,,,,,,,,,,,,,,,,,,,,,,,,,,,,,,,,,,,,,,,,,,,,,,,,,,,,,,,,,,,,,,,,,,,,,,,,,,,,,,,,,,,,,,,,,,,,,,,,,,,,
1875,10,2.9,-39.4,,,,,,,,,,,,,,,,,,,,,,,,,,,,,,,,,,,5.6,9.5,12.3,8.98,4.0,3.93,10.0,0.5,-6.84,-3.71,-2.19,-4.48,4.0,3.09,10.0,0.5,-10.07,-7.43,-5.15,-7.61,4.0,3.08,10.0,0.5,1011.37,1015.5,1019.21,1015.3,4.0,4.53,10.0,0.5,,,,,,,,,,,,,,,,,,,,,,,,,,,,,,,,,,,,,,,,,,,,,,,,,,,,,,,,,,,,,,,,,,,,,,,,,,,,,,,,,,,,,,,,,,,,,,,,,,,,,,,,,,,,,,,,,,,,,,,,,,,,,,,,,,
1875,10,2.9,-37.4,,,,,,,,,,,,,,,,,,,,,,,,,,,,,,,,,,,19.0,19.0,19.0,19.0,2.0,0.0,10.0,0.0,13.44,13.44,13.44,13.44,2.0,0.0,10.0,0.0,13.44,13.44,13.44,13.44,2.0,0.0,10.0,0.0,1010.59,1011.0,1011.41,1011.0,2.0,0.85,10.0,0.0,,,,,,,,,,,,,,,,,,,,,,,,,,,,,,,,,,,,,,,,,,,,,,,,,,,,,,,,,,,,,,,,,,,,,,,,,,,,,,,,,,,,,,,,,,,,,,,,,,,,,,,,,,,,,,,,,,,,,,,,,,,,,,,,,,
1875,10,2.9,54.6,,,,,,,,,,,,,,,,,,,,,,,,,,,,,,,,,,,2.6,6.7,19.0,9.04,7.0,7.04,6.0,0.6,-17.49,1.84,4.74,-2.44,7.0,10.36,6.0,0.6,1.66,4.74,7.42,4.15,7.0,3.26,6.0,0.6,982.38,982.7,1025.0,998.61,7.0,20.73,6.0,0.6,,,,,,,,,,,,,,,,,,,,,,,,,,,,,,,,,,,,,,,,,,,,,,,,,,,,,,,,,,,,,,,,,,,,,,,,,,,,,,,,,,,,,,,,,,,,,,,,,,,,,,,,,,,,,,,,,,,,,,,,,,,,,,,,,,
1875,10,2.9,56.6,,,,,,,,,,,,,,,,,,,,,,,,,,,,,,,,,,,12.3,12.3,12.3,12.3,9.0,0.0,2.0,0.4,0.0,8.7,12.06,5.42,9.0,6.53,2.0,0.4,1.24,8.7,12.3,7.81,9.0,5.09,2.0,0.4,982.4,1005.9,1025.0,1004.13,27.0,17.63,14.0,0.5,,,,,,,,,,,,,,,,,,,,,,,,,,,,,,,,,,,,,,,,,,,,,,,,,,,,,,,,,,,,,,,,,,,,,,,,,,,,,,,,,,,,,,,,,,,,,,,,,,,,,,,,,,,,,,,,,,,,,,,,,,,,,,,,,,
1875,10,2.9,58.6,,,,,,,,,,,,,,,,,,,,,,,,,,,,,,,,,,,2.6,2.6,6.7,4.24,5.0,2.25,24.0,0.6,1.84,1.84,2.51,2.11,5.0,0.37,24.0,0.6,-6.21,-1.84,-1.84,-3.59,5.0,2.4,24.0,0.6,1025.0,1025.0,1025.0,1025.0,5.0,0.0,24.0,0.6,,,,,,,,,,,,,,,,,,,,,,,,,,,,,,,,,,,,,,,,,,,,,,,,,,,,,,,,,,,,,,,,,,,,,,,,,,,,,,,,,,,,,,,,,,,,,,,,,,,,,,,,,,,,,,,,,,,,,,,,,,,,,,,,,,
1875,10,4.9,-41.4,,,,,,,,,,,,,,,,,,,,,,,,,,,,,,,,,,,4.6,4.6,4.6,4.6,4.0,0.0,12.0,0.3,3.72,4.23,4.43,4.08,4.0,0.58,12.0,0.3,-2.56,-1.8,-0.86,-1.71,4.0,1.33,12.0,0.3,1028.49,1028.85,1029.79,1029.13,4.0,1.03,12.0,0.3,,,,,,,,,,,,,,,,,,,,,,,,,,,,,,,,,,,,,,,,,,,,,,,,,,,,,,,,,,,,,,,,,,,,,,,,,,,,,,,,,,,,,,,,,,,,,,,,,,,,,,,,,,,,,,,,,,,,,,,,,,,,,,,,,,
1875,10,4.9,-39.4,,,,,,,,,,,,,,,,,,,,,,,,,,,,,,,,,,,6.27,9.5,12.3,9.15,6.0,3.53,10.0,0.7,-3.57,-2.62,0.0,-2.22,6.0,1.89,10.0,0.7,-12.3,-8.74,-5.57,-8.58,6.0,3.88,10.0,0.7,1010.66,1013.05,1016.13,1013.42,6.0,3.12,10.0,0.7,,,,,,,,,,,,,,,,,,,,,,,,,,,,,,,,,,,,,,,,,,,,,,,,,,,,,,,,,,,,,,,,,,,,,,,,,,,,,,,,,,,,,,,,,,,,,,,,,,,,,,,,,,,,,,,,,,,,,,,,,,,,,,,,,,
1875,10,4.9,-37.4,,,,,,,,,,,,,,,,,,,,,,,,,,,,,,,,,,,14.43,19.0,19.0,16.77,3.0,3.87,10.0,0.7,10.2,13.44,13.44,11.86,3.0,2.74,10.0,0.7,10.2,13.44,13.44,11.86,3.0,2.74,10.0,0.7,1012.59,1013.0,1013.82,1013.2,3.0,0.92,10.0,0.7,,,,,,,,,,,,,,,,,,,,,,,,,,,,,,,,,,,,,,,,,,,,,,,,,,,,,,,,,,,,,,,,,,,,,,,,,,,,,,,,,,,,,,,,,,,,,,,,,,,,,,,,,,,,,,,,,,,,,,,,,,,,,,,,,,
1875,10,4.9,38.6,,,,,,,,,,,,,,,,,,,,,,,,,,,,,,,,,,,6.7,6.7,10.52,8.57,3.0,3.23,14.0,0.7,0.8,2.51,8.53,4.61,3.0,5.95,14.0,0.7,-6.55,-6.21,-5.25,-5.91,3.0,0.98,14.0,0.7,1005.0,1006.5,1006.98,1006.0,3.0,1.51,14.0,0.7,,,,,,,,,,,,,,,,,,,,,,,,,,,,,,,,,,,,,,,,,,,,,,,,,,,,,,,,,,,,,,,,,,,,,,,,,,,,,,,,,,,,,,,,,,,,,,,,,,,,,,,,,,,,,,,,,,,,,,,,,,,,,,,,,,
1875,10,4.9,54.6,,,,,,,,,,,,,,,,,,,,,,,,,,,,,,,,,,,6.7,6.7,6.7,6.7,1.0,0.0,2.0,0.0,2.51,2.51,2.51,2.51,1.0,0.0,2.0,0.0,-6.21,-6.21,-6.21,-6.21,1.0,0.0,2.0,0.0,1010.5,1010.5,1010.5,1010.5,1.0,0.0,2.0,0.0,,,,,,,,,,,,,,,,,,,,,,,,,,,,,,,,,,,,,,,,,,,,,,,,,,,,,,,,,,,,,,,,,,,,,,,,,,,,,,,,,,,,,,,,,,,,,,,,,,,,,,,,,,,,,,,,,,,,,,,,,,,,,,,,,,
1875,10,4.9,56.6,,,,,,,,,,,,,,,,,,,,,,,,,,,,,,,,,,,6.7,6.7,18.9,9.53,20.0,5.84,16.0,0.5,-13.33,-3.62,6.67,-2.72,20.0,9.41,16.0,0.5,0.0,3.68,7.42,4.13,20.0,3.96,16.0,0.5,1003.49,1021.6,1032.2,1019.54,23.0,11.75,18.0,0.4,,,,,,,,,,,,,,,,,,,,,,,,,,,,,,,,,,,,,,,,,,,,,,,,,,,,,,,,,,,,,,,,,,,,,,,,,,,,,,,,,,,,,,,,,,,,,,,,,,,,,,,,,,,,,,,,,,,,,,,,,,,,,,,,,,
1875,10,4.9,58.6,,,,,,,,,,,,,,,,,,,,,,,,,,,,,,,,,,,5.2,6.7,11.19,8.34,5.0,6.22,24.0,0.8,-7.91,-4.74,0.36,-4.39,5.0,5.7,24.0,0.8,2.13,4.74,9.16,5.44,5.0,5.66,24.0,0.8,1021.8,1025.0,1028.2,1024.31,8.0,5.8,22.0,0.8,,,,,,,,,,,,,,,,,,,,,,,,,,,,,,,,,,,,,,,,,,,,,,,,,,,,,,,,,,,,,,,,,,,,,,,,,,,,,,,,,,,,,,,,,,,,,,,,,,,,,,,,,,,,,,,,,,,,,,,,,,,,,,,,,,
1875,10,6.9,-41.4,,,,,,,,,,,,,,,,,,,,,,,,,,,,,,,,,,,6.7,6.7,8.47,7.57,3.0,1.5,12.0,0.7,1.11,3.48,4.34,2.74,3.0,2.45,12.0,0.7,-8.01,-6.7,-5.36,-6.69,3.0,1.94,12.0,0.7,1022.29,1022.7,1025.23,1023.73,3.0,2.33,12.0,0.7,,,,,,,,,,,,,,,,,,,,,,,,,,,,,,,,,,,,,,,,,,,,,,,,,,,,,,,,,,,,,,,,,,,,,,,,,,,,,,,,,,,,,,,,,,,,,,,,,,,,,,,,,,,,,,,,,,,,,,,,,,,,,,,,,,
1875,10,6.9,-39.4,,,,,,,,,,,,,,,,,,,,,,,,,,,,,,,,,,,4.6,6.7,9.44,6.97,7.0,2.91,12.0,0.4,-4.29,-3.25,0.12,-2.0,7.0,2.82,12.0,0.4,-9.44,-4.74,-1.72,-5.61,7.0,3.98,12.0,0.4,1010.85,1010.9,1011.04,1010.91,7.0,0.61,12.0,0.4,,,,,,,,,,,,,,,,,,,,,,,,,,,,,,,,,,,,,,,,,,,,,,,,,,,,,,,,,,,,,,,,,,,,,,,,,,,,,,,,,,,,,,,,,,,,,,,,,,,,,,,,,,,,,,,,,,,,,,,,,,,,,,,,,,
1875,10,6.9,-37.4,,,,,,,,,,,,,,,,,,,,,,,,,,,,,,,,,,,9.3,9.3,9.3,9.3,4.0,0.0,10.0,0.5,1.31,6.58,6.58,4.06,4.0,5.03,10.0,0.5,6.58,6.58,7.65,7.09,4.0,1.02,10.0,0.5,1014.5,1014.7,1014.77,1014.63,3.0,0.21,10.0,0.3,,,,,,,,,,,,,,,,,,,,,,,,,,,,,,,,,,,,,,,,,,,,,,,,,,,,,,,,,,,,,,,,,,,,,,,,,,,,,,,,,,,,,,,,,,,,,,,,,,,,,,,,,,,,,,,,,,,,,,,,,,,,,,,,,,
1875,10,6.9,38.6,,,,,,,,,,,,,,,,,,,,,,,,,,,,,,,,,,,12.3,12.3,12.3,12.3,1.0,0.0,14.0,1.0,11.32,11.32,11.32,11.32,1.0,0.0,14.0,1.0,-4.81,-4.81,-4.81,-4.81,1.0,0.0,14.0,1.0,998.97,1000.4,1001.83,1000.4,2.0,2.97,14.0,0.5,,,,,,,,,,,,,,,,,,,,,,,,,,,,,,,,,,,,,,,,,,,,,,,,,,,,,,,,,,,,,,,,,,,,,,,,,,,,,,,,,,,,,,,,,,,,,,,,,,,,,,,,,,,,,,,,,,,,,,,,,,,,,,,,,,
1875,10,6.9,56.6,,,,,,,,,,,,,,,,,,,,,,,,,,,,,,,,,,,2.6,6.7,12.3,8.35,36.0,5.36,20.0,0.5,-12.3,-2.12,4.67,-2.84,36.0,8.36,20.0,0.5,-0.45,0.51,4.77,1.05,36.0,4.6,20.0,0.5,1002.73,1025.0,1038.72,1021.44,40.0,15.59,18.0,0.5,,,,,,,,,,,,,,,,,,,,,,,,,,,,,,,,,,,,,,,,,,,,,,,,,,,,,,,,,,,,,,,,,,,,,,,,,,,,,,,,,,,,,,,,,,,,,,,,,,,,,,,,,,,,,,,,,,,,,,,,,,,,,,,,,,
1875,10,6.9,58.6,,,,,,,,,,,,,,,,,,,,,,,,,,,,,,,,,,,9.37,15.65,19.0,14.25,4.0,5.94,12.0,0.5,-6.81,6.38,17.49,5.39,4.0,14.07,12.0,0.5,-7.42,-6.08,2.3,-2.72,4.0,7.72,12.0,0.5,1005.17,1009.9,1026.87,1014.7,5.0,11.34,12.0,0.6,,,,,,,,,,,,,,,,,,,,,,,,,,,,,,,,,,,,,,,,,,,,,,,,,,,,,,,,,,,,,,,,,,,,,,,,,,,,,,,,,,,,,,,,,,,,,,,,,,,,,,,,,,,,,,,,,,,,,,,,,,,,,,,,,,
1875,10,8.9,-41.4,,,,,,,,,,,,,,,,,,,,,,,,,,,,,,,,,,,15.4,15.4,15.4,15.4,2.0,0.0,12.0,0.0,6.58,8.33,10.08,8.33,2.0,3.62,12.0,0.0,-13.74,-12.58,-11.43,-12.58,2.0,2.4,12.0,0.0,1012.95,1015.0,1017.05,1015.0,2.0,4.24,12.0,0.0,,,,,,,,,,,,,,,,,,,,,,,,,,,,,,,,,,,,,,,,,,,,,,,,,,,,,,,,,,,,,,,,,,,,,,,,,,,,,,,,,,,,,,,,,,,,,,,,,,,,,,,,,,,,,,,,,,,,,,,,,,,,,,,,,,
1875,10,8.9,-39.4,,,,,,,,,,,,,,,,,,,,,,,,,,,,,,,,,,,2.19,4.65,9.3,5.28,12.0,3.73,12.0,0.5,0.0,0.67,5.21,1.89,12.0,2.66,12.0,0.5,-6.34,-2.12,5.21,-1.51,12.0,5.56,12.0,0.5,1008.4,1009.5,1014.71,1010.89,12.0,3.41,12.0,0.5,,,,,,,,,,,,,,,,,,,,,,,,,,,,,,,,,,,,,,,,,,,,,,,,,,,,,,,,,,,,,,,,,,,,,,,,,,,,,,,,,,,,,,,,,,,,,,,,,,,,,,,,,,,,,,,,,,,,,,,,,,,,,,,,,,
1875,10,8.9,-37.4,,,,,,,,,,,,,,,,,,,,,,,,,,,,,,,,,,,19.0,19.0,19.0,19.0,2.0,0.0,10.0,1.0,17.73,18.24,18.76,18.24,2.0,1.07,10.0,1.0,-6.25,-3.71,-1.18,-3.71,2.0,5.25,10.0,1.0,1004.81,1005.4,1005.4,1005.12,5.0,0.48,10.0,0.6,,,,,,,,,,,,,,,,,,,,,,,,,,,,,,,,,,,,,,,,,,,,,,,,,,,,,,,,,,,,,,,,,,,,,,,,,,,,,,,,,,,,,,,,,,,,,,,,,,,,,,,,,,,,,,,,,,,,,,,,,,,,,,,,,,
1875,10,8.9,56.6,,,,,,,,,,,,,,,,,,,,,,,,,,,,,,,,,,,2.6,6.7,6.7,4.94,7.0,2.19,2.0,0.6,0.0,2.39,2.77,1.97,7.0,2.24,2.0,0.6,-1.09,0.0,6.7,2.35,7.0,4.16,2.0,0.6,1010.06,1011.95,1013.9,1012.18,8.0,1.85,2.0,0.6,,,,,,,,,,,,,,,,,,,,,,,,,,,,,,,,,,,,,,,,,,,,,,,,,,,,,,,,,,,,,,,,,,,,,,,,,,,,,,,,,,,,,,,,,,,,,,,,,,,,,,,,,,,,,,,,,,,,,,,,,,,,,,,,,,
1875,10,8.9,58.6,,,,,,,,,,,,,,,,,,,,,,,,,,,,,,,,,,,2.6,6.7,10.44,5.92,22.0,3.73,18.0,0.5,-6.21,-2.12,5.72,-0.81,22.0,5.59,18.0,0.5,-4.0,-1.41,2.48,-0.79,22.0,4.25,18.0,0.5,1003.9,1025.9,1028.6,1019.95,21.0,11.1,18.0,0.4,,,,,,,,,,,,,,,,,,,,,,,,,,,,,,,,,,,,,,,,,,,,,,,,,,,,,,,,,,,,,,,,,,,,,,,,,,,,,,,,,,,,,,,,,,,,,,,,,,,,,,,,,,,,,,,,,,,,,,,,,,,,,,,,,,
1875,10,10.9,-43.4,,,,,,,,,,,,,,,,,,,,,,,,,,,,,,,,,,,12.3,12.3,12.3,12.3,1.0,0.0,14.0,1.0,11.4,11.4,11.4,11.4,1.0,0.0,14.0,1.0,4.61,4.61,4.61,4.61,1.0,0.0,14.0,1.0,1011.6,1011.6,1011.6,1011.6,1.0,0.0,14.0,1.0,,,,,,,,,,,,,,,,,,,,,,,,,,,,,,,,,,,,,,,,,,,,,,,,,,,,,,,,,,,,,,,,,,,,,,,,,,,,,,,,,,,,,,,,,,,,,,,,,,,,,,,,,,,,,,,,,,,,,,,,,,,,,,,,,,
1875,10,10.9,-41.4,,,,,,,,,,,,,,,,,,,,,,,,,,,,,,,,,,,15.4,15.4,15.4,15.4,1.0,0.0,14.0,1.0,15.4,15.4,15.4,15.4,1.0,0.0,14.0,1.0,0.0,0.0,0.0,0.0,1.0,0.0,14.0,1.0,1011.6,1011.6,1011.6,1011.6,1.0,0.0,14.0,1.0,,,,,,,,,,,,,,,,,,,,,,,,,,,,,,,,,,,,,,,,,,,,,,,,,,,,,,,,,,,,,,,,,,,,,,,,,,,,,,,,,,,,,,,,,,,,,,,,,,,,,,,,,,,,,,,,,,,,,,,,,,,,,,,,,,
1875,10,10.9,-39.4,,,,,,,,,,,,,,,,,,,,,,,,,,,,,,,,,,,6.27,6.7,9.3,7.22,6.0,1.81,10.0,0.3,2.76,4.5,4.74,3.66,6.0,1.86,10.0,0.3,-8.76,3.23,4.74,-0.33,6.0,6.79,10.0,0.3,1008.17,1022.9,1024.41,1018.43,6.0,8.41,10.0,0.3,,,,,,,,,,,,,,,,,,,,,,,,,,,,,,,,,,,,,,,,,,,,,,,,,,,,,,,,,,,,,,,,,,,,,,,,,,,,,,,,,,,,,,,,,,,,,,,,,,,,,,,,,,,,,,,,,,,,,,,,,,,,,,,,,,
1875,10,10.9,38.6,,,,,,,,,,,,,,,,,,,,,,,,,,,,,,,,,,,12.3,13.85,15.4,13.85,4.0,1.79,14.0,1.0,11.4,12.84,14.28,12.84,4.0,1.66,14.0,1.0,4.61,5.19,5.77,5.19,4.0,0.67,14.0,1.0,999.9,999.9,999.9,999.9,2.0,0.0,14.0,1.0,,,,,,,,,,,,,,,,,,,,,,,,,,,,,,,,,,,,,,,,,,,,,,,,,,,,,,,,,,,,,,,,,,,,,,,,,,,,,,,,,,,,,,,,,,,,,,,,,,,,,,,,,,,,,,,,,,,,,,,,,,,,,,,,,,
1875,10,10.9,54.6,,,,,,,,,,,,,,,,,,,,,,,,,,,,,,,,,,,12.3,19.0,19.0,16.77,6.0,3.46,6.0,0.5,10.85,13.44,19.0,14.16,6.0,4.13,6.0,0.5,0.0,6.65,13.44,6.7,6.0,6.15,6.0,0.5,1003.2,1006.95,1017.44,1008.85,12.0,6.5,6.0,0.5,,,,,,,,,,,,,,,,,,,,,,,,,,,,,,,,,,,,,,,,,,,,,,,,,,,,,,,,,,,,,,,,,,,,,,,,,,,,,,,,,,,,,,,,,,,,,,,,,,,,,,,,,,,,,,,,,,,,,,,,,,,,,,,,,,
1875,10,10.9,56.6,,,,,,,,,,,,,,,,,,,,,,,,,,,,,,,,,,,6.7,12.3,12.3,9.72,13.0,2.91,8.0,0.5,-6.26,2.62,11.49,2.32,13.0,7.09,8.0,0.5,0.0,4.61,11.49,4.83,13.0,5.41,8.0,0.5,1001.44,1006.6,1017.27,1008.54,17.0,8.95,6.0,0.4,,,,,,,,,,,,,,,,,,,,,,,,,,,,,,,,,,,,,,,,,,,,,,,,,,,,,,,,,,,,,,,,,,,,,,,,,,,,,,,,,,,,,,,,,,,,,,,,,,,,,,,,,,,,,,,,,,,,,,,,,,,,,,,,,,
1875,10,10.9,58.6,,,,,,,,,,,,,,,,,,,,,,,,,,,,,,,,,,,6.7,6.7,6.7,6.7,3.0,0.0,22.0,1.0,-6.21,-6.21,-5.21,-5.72,3.0,0.85,22.0,1.0,-4.03,-2.51,-2.51,-3.25,3.0,1.29,22.0,1.0,1026.4,1026.6,1026.6,1026.5,3.0,0.17,22.0,1.0,,,,,,,,,,,,,,,,,,,,,,,,,,,,,,,,,,,,,,,,,,,,,,,,,,,,,,,,,,,,,,,,,,,,,,,,,,,,,,,,,,,,,,,,,,,,,,,,,,,,,,,,,,,,,,,,,,,,,,,,,,,,,,,,,,
1875,10,12.9,-43.4,,,,,,,,,,,,,,,,,,,,,,,,,,,,,,,,,,,12.79,13.85,14.91,13.85,2.0,2.19,14.0,0.0,5.0,5.41,5.83,5.41,2.0,0.86,14.0,0.0,11.78,12.75,13.72,12.75,2.0,2.02,14.0,0.0,1014.44,1014.95,1015.46,1014.95,2.0,1.06,14.0,0.0,,,,,,,,,,,,,,,,,,,,,,,,,,,,,,,,,,,,,,,,,,,,,,,,,,,,,,,,,,,,,,,,,,,,,,,,,,,,,,,,,,,,,,,,,,,,,,,,,,,,,,,,,,,,,,,,,,,,,,,,,,,,,,,,,,
1875,10,12.9,-39.4,,,,,,,,,,,,,,,,,,,,,,,,,,,,,,,,,,,4.6,6.7,10.54,7.1,11.0,3.47,10.0,0.6,4.27,4.74,8.59,5.94,11.0,2.84,10.0,0.6,-1.5,0.37,3.95,0.15,11.0,4.53,10.0,0.6,1010.05,1021.6,1024.85,1018.01,11.0,8.3,10.0,0.6,,,,,,,,,,,,,,,,,,,,,,,,,,,,,,,,,,,,,,,,,,,,,,,,,,,,,,,,,,,,,,,,,,,,,,,,,,,,,,,,,,,,,,,,,,,,,,,,,,,,,,,,,,,,,,,,,,,,,,,,,,,,,,,,,,
1875,10,12.9,-37.4,,,,,,,,,,,,,,,,,,,,,,,,,,,,,,,,,,,15.4,15.4,15.4,15.4,1.0,0.0,12.0,1.0,15.4,15.4,15.4,15.4,1.0,0.0,12.0,1.0,0.0,0.0,0.0,0.0,1.0,0.0,12.0,1.0,1015.71,1016.15,1016.59,1016.15,2.0,0.92,12.0,1.0,,,,,,,,,,,,,,,,,,,,,,,,,,,,,,,,,,,,,,,,,,,,,,,,,,,,,,,,,,,,,,,,,,,,,,,,,,,,,,,,,,,,,,,,,,,,,,,,,,,,,,,,,,,,,,,,,,,,,,,,,,,,,,,,,,
1875,10,12.9,38.6,,,,,,,,,,,,,,,,,,,,,,,,,,,,,,,,,,,4.6,4.6,7.81,6.17,3.0,2.71,16.0,0.0,0.55,1.72,6.43,3.45,3.0,4.56,16.0,0.0,-4.49,-4.27,1.02,-1.79,3.0,4.57,16.0,0.0,1009.76,1009.9,1010.04,1009.9,2.0,0.28,18.0,0.0,,,,,,,,,,,,,,,,,,,,,,,,,,,,,,,,,,,,,,,,,,,,,,,,,,,,,,,,,,,,,,,,,,,,,,,,,,,,,,,,,,,,,,,,,,,,,,,,,,,,,,,,,,,,,,,,,,,,,,,,,,,,,,,,,,
1875,10,12.9,40.6,,,,,,,,,,,,,,,,,,,,,,,,,,,,,,,,,,,2.48,2.6,4.97,3.9,7.0,3.94,20.0,0.4,0.0,1.02,3.33,1.56,7.0,1.87,20.0,0.4,-2.6,0.0,3.64,1.42,7.0,4.96,20.0,0.4,1003.88,1006.65,1009.31,1006.6,4.0,3.14,24.0,0.5,,,,,,,,,,,,,,,,,,,,,,,,,,,,,,,,,,,,,,,,,,,,,,,,,,,,,,,,,,,,,,,,,,,,,,,,,,,,,,,,,,,,,,,,,,,,,,,,,,,,,,,,,,,,,,,,,,,,,,,,,,,,,,,,,,
1875,10,12.9,56.6,,,,,,,,,,,,,,,,,,,,,,,,,,,,,,,,,,,7.59,9.5,11.41,9.5,2.0,3.96,14.0,1.0,-4.91,-1.05,2.81,-1.05,2.0,8.0,14.0,1.0,-9.59,-5.7,-1.81,-5.7,2.0,8.06,14.0,1.0,1016.12,1025.2,1025.95,1021.13,3.0,8.02,12.0,0.7,,,,,,,,,,,,,,,,,,,,,,,,,,,,,,,,,,,,,,,,,,,,,,,,,,,,,,,,,,,,,,,,,,,,,,,,,,,,,,,,,,,,,,,,,,,,,,,,,,,,,,,,,,,,,,,,,,,,,,,,,,,,,,,,,,
1875,10,14.9,-43.4,,,,,,,,,,,,,,,,,,,,,,,,,,,,,,,,,,,7.53,9.3,9.3,8.43,3.0,1.5,14.0,0.7,-3.17,-2.51,-0.8,-2.0,3.0,1.8,14.0,0.7,6.98,8.62,9.09,8.04,3.0,1.62,14.0,0.7,1017.96,1020.9,1020.97,1019.5,3.0,2.51,14.0,0.7,,,,,,,,,,,,,,,,,,,,,,,,,,,,,,,,,,,,,,,,,,,,,,,,,,,,,,,,,,,,,,,,,,,,,,,,,,,,,,,,,,,,,,,,,,,,,,,,,,,,,,,,,,,,,,,,,,,,,,,,,,,,,,,,,,
1875,10,14.9,-41.4,,,,,,,,,,,,,,,,,,,,,,,,,,,,,,,,,,,1.57,2.8,4.03,2.8,2.0,2.55,14.0,0.5,-1.51,-1.05,-0.59,-1.05,2.0,0.95,14.0,0.5,1.46,2.6,3.74,2.6,2.0,2.36,14.0,0.5,1024.4,1025.25,1026.1,1025.25,2.0,1.77,14.0,0.5,,,,,,,,,,,,,,,,,,,,,,,,,,,,,,,,,,,,,,,,,,,,,,,,,,,,,,,,,,,,,,,,,,,,,,,,,,,,,,,,,,,,,,,,,,,,,,,,,,,,,,,,,,,,,,,,,,,,,,,,,,,,,,,,,,
1875,10,14.9,-39.4,,,,,,,,,,,,,,,,,,,,,,,,,,,,,,,,,,,9.3,12.3,15.4,12.34,8.0,2.82,10.0,0.4,8.57,9.79,12.14,10.49,8.0,2.45,10.0,0.4,-10.65,-3.63,0.0,-4.28,8.0,5.41,10.0,0.4,1000.74,1016.4,1022.76,1012.66,8.0,10.22,10.0,0.4,,,,,,,,,,,,,,,,,,,,,,,,,,,,,,,,,,,,,,,,,,,,,,,,,,,,,,,,,,,,,,,,,,,,,,,,,,,,,,,,,,,,,,,,,,,,,,,,,,,,,,,,,,,,,,,,,,,,,,,,,,,,,,,,,,
1875,10,14.9,36.6,,,,,,,,,,,,,,,,,,,,,,,,,,,,,,,,,,,4.6,4.6,4.6,4.6,1.0,0.0,18.0,1.0,4.6,4.6,4.6,4.6,1.0,0.0,18.0,1.0,0.0,0.0,0.0,0.0,1.0,0.0,18.0,1.0,1006.8,1006.8,1006.8,1006.8,1.0,0.0,18.0,1.0,,,,,,,,,,,,,,,,,,,,,,,,,,,,,,,,,,,,,,,,,,,,,,,,,,,,,,,,,,,,,,,,,,,,,,,,,,,,,,,,,,,,,,,,,,,,,,,,,,,,,,,,,,,,,,,,,,,,,,,,,,,,,,,,,,
1875,10,14.9,38.6,,,,,,,,,,,,,,,,,,,,,,,,,,,,,,,,,,,5.93,6.7,9.3,7.32,5.0,2.0,16.0,0.8,0.0,6.7,9.3,5.06,5.0,4.74,16.0,0.8,-5.37,0.0,0.0,-2.26,5.0,3.18,16.0,0.8,1003.66,1008.0,1008.79,1006.56,5.0,2.86,16.0,0.8,,,,,,,,,,,,,,,,,,,,,,,,,,,,,,,,,,,,,,,,,,,,,,,,,,,,,,,,,,,,,,,,,,,,,,,,,,,,,,,,,,,,,,,,,,,,,,,,,,,,,,,,,,,,,,,,,,,,,,,,,,,,,,,,,,
1875,10,16.9,-43.4,,,,,,,,,,,,,,,,,,,,,,,,,,,,,,,,,,,5.85,6.7,6.7,6.02,6.0,1.67,16.0,0.5,-6.21,-4.74,-2.57,-4.49,6.0,1.67,16.0,0.5,-5.03,-3.62,-1.78,-3.27,6.0,2.54,16.0,0.5,1026.26,1027.55,1028.04,1027.33,6.0,0.96,16.0,0.5,,,,,,,,,,,,,,,,,,,,,,,,,,,,,,,,,,,,,,,,,,,,,,,,,,,,,,,,,,,,,,,,,,,,,,,,,,,,,,,,,,,,,,,,,,,,,,,,,,,,,,,,,,,,,,,,,,,,,,,,,,,,,,,,,,
1875,10,16.9,-41.4,,,,,,,,,,,,,,,,,,,,,,,,,,,,,,,,,,,1.0,1.0,1.0,1.0,2.0,0.0,14.0,0.0,-0.65,-0.54,-0.43,-0.54,2.0,0.24,14.0,0.0,0.74,0.82,0.89,0.82,2.0,0.16,14.0,0.0,1025.53,1025.6,1025.67,1025.6,2.0,0.14,14.0,0.0,,,,,,,,,,,,,,,,,,,,,,,,,,,,,,,,,,,,,,,,,,,,,,,,,,,,,,,,,,,,,,,,,,,,,,,,,,,,,,,,,,,,,,,,,,,,,,,,,,,,,,,,,,,,,,,,,,,,,,,,,,,,,,,,,,
1875,10,16.9,-39.4,,,,,,,,,,,,,,,,,,,,,,,,,,,,,,,,,,,6.7,6.7,12.3,8.78,11.0,2.98,14.0,0.5,5.58,6.7,11.36,7.78,11.0,2.67,14.0,0.5,-4.77,-2.62,3.95,-1.38,11.0,4.23,14.0,0.5,1007.88,1009.9,1023.32,1014.3,9.0,8.09,12.0,0.3,,,,,,,,,,,,,,,,,,,,,,,,,,,,,,,,,,,,,,,,,,,,,,,,,,,,,,,,,,,,,,,,,,,,,,,,,,,,,,,,,,,,,,,,,,,,,,,,,,,,,,,,,,,,,,,,,,,,,,,,,,,,,,,,,,
1875,10,16.9,36.6,,,,,,,,,,,,,,,,,,,,,,,,,,,,,,,,,,,5.85,8.0,9.92,7.82,6.0,3.29,16.0,0.2,5.85,8.0,9.72,7.65,6.0,3.04,16.0,0.2,-0.99,0.0,0.0,-0.8,6.0,1.96,16.0,0.2,1003.98,1006.45,1010.72,1007.1,6.0,3.21,16.0,0.2,,,,,,,,,,,,,,,,,,,,,,,,,,,,,,,,,,,,,,,,,,,,,,,,,,,,,,,,,,,,,,,,,,,,,,,,,,,,,,,,,,,,,,,,,,,,,,,,,,,,,,,,,,,,,,,,,,,,,,,,,,,,,,,,,,
1875,10,18.9,-43.4,,,,,,,,,,,,,,,,,,,,,,,,,,,,,,,,,,,6.7,6.7,6.7,6.7,2.0,0.0,16.0,1.0,-2.62,-2.62,-2.62,-2.62,2.0,0.0,16.0,1.0,-6.17,-6.17,-6.17,-6.17,2.0,0.0,16.0,1.0,1026.9,1027.1,1027.3,1027.1,2.0,0.42,16.0,1.0,,,,,,,,,,,,,,,,,,,,,,,,,,,,,,,,,,,,,,,,,,,,,,,,,,,,,,,,,,,,,,,,,,,,,,,,,,,,,,,,,,,,,,,,,,,,,,,,,,,,,,,,,,,,,,,,,,,,,,,,,,,,,,,,,,
1875,10,18.9,-41.4,,,,,,,,,,,,,,,,,,,,,,,,,,,,,,,,,,,4.93,5.65,6.37,5.65,2.0,1.48,2.0,0.5,0.27,0.86,1.45,0.86,2.0,1.22,2.0,0.5,-6.31,-5.48,-4.65,-5.48,2.0,1.72,2.0,0.5,1015.41,1015.65,1015.89,1015.65,2.0,0.49,2.0,0.5,,,,,,,,,,,,,,,,,,,,,,,,,,,,,,,,,,,,,,,,,,,,,,,,,,,,,,,,,,,,,,,,,,,,,,,,,,,,,,,,,,,,,,,,,,,,,,,,,,,,,,,,,,,,,,,,,,,,,,,,,,,,,,,,,,
1875,10,18.9,-39.4,,,,,,,,,,,,,,,,,,,,,,,,,,,,,,,,,,,7.4,12.3,12.3,10.16,9.0,2.9,12.0,0.8,5.23,8.7,11.38,8.57,9.0,3.13,12.0,0.8,-4.81,-1.8,6.05,-0.79,9.0,5.59,12.0,0.8,1006.38,1007.4,1014.12,1009.73,8.0,4.37,12.0,0.8,,,,,,,,,,,,,,,,,,,,,,,,,,,,,,,,,,,,,,,,,,,,,,,,,,,,,,,,,,,,,,,,,,,,,,,,,,,,,,,,,,,,,,,,,,,,,,,,,,,,,,,,,,,,,,,,,,,,,,,,,,,,,,,,,,
1875,10,18.9,36.6,,,,,,,,,,,,,,,,,,,,,,,,,,,,,,,,,,,5.85,9.3,9.3,7.75,6.0,2.73,16.0,0.7,3.76,7.57,8.71,6.29,6.0,3.51,16.0,0.7,-5.12,-3.63,0.54,-2.66,6.0,3.36,16.0,0.7,1002.62,1003.85,1011.0,1005.83,6.0,4.18,16.0,0.7,,,,,,,,,,,,,,,,,,,,,,,,,,,,,,,,,,,,,,,,,,,,,,,,,,,,,,,,,,,,,,,,,,,,,,,,,,,,,,,,,,,,,,,,,,,,,,,,,,,,,,,,,,,,,,,,,,,,,,,,,,,,,,,,,,
1875,10,20.9,-43.4,,,,,,,,,,,,,,,,,,,,,,,,,,,,,,,,,,,3.87,4.6,5.37,4.62,5.0,1.45,16.0,0.4,-2.85,-1.84,-1.8,-2.26,5.0,0.66,16.0,0.4,-4.94,-4.23,-2.74,-3.95,5.0,1.58,16.0,0.4,1023.54,1023.9,1024.89,1024.16,5.0,0.87,16.0,0.4,,,,,,,,,,,,,,,,,,,,,,,,,,,,,,,,,,,,,,,,,,,,,,,,,,,,,,,,,,,,,,,,,,,,,,,,,,,,,,,,,,,,,,,,,,,,,,,,,,,,,,,,,,,,,,,,,,,,,,,,,,,,,,,,,,
1875,10,20.9,-41.4,,,,,,,,,,,,,,,,,,,,,,,,,,,,,,,,,,,10.73,17.45,22.6,16.7,4.0,6.92,12.0,0.8,9.95,17.0,22.6,16.31,4.0,7.35,12.0,0.8,0.0,1.74,4.07,2.02,4.0,2.38,12.0,0.8,1017.6,1018.25,1018.9,1018.25,2.0,1.34,2.0,1.0,,,,,,,,,,,,,,,,,,,,,,,,,,,,,,,,,,,,,,,,,,,,,,,,,,,,,,,,,,,,,,,,,,,,,,,,,,,,,,,,,,,,,,,,,,,,,,,,,,,,,,,,,,,,,,,,,,,,,,,,,,,,,,,,,,
1875,10,20.9,-39.4,,,,,,,,,,,,,,,,,,,,,,,,,,,,,,,,,,,4.6,12.3,26.8,15.53,12.0,10.32,14.0,0.3,-2.45,4.35,26.8,10.48,12.0,14.07,14.0,0.3,-2.66,0.0,8.85,1.49,12.0,7.02,14.0,0.3,1003.69,1009.8,1019.74,1011.18,12.0,7.57,14.0,0.3,,,,,,,,,,,,,,,,,,,,,,,,,,,,,,,,,,,,,,,,,,,,,,,,,,,,,,,,,,,,,,,,,,,,,,,,,,,,,,,,,,,,,,,,,,,,,,,,,,,,,,,,,,,,,,,,,,,,,,,,,,,,,,,,,,
1875,10,20.9,34.6,,,,,,,,,,,,,,,,,,,,,,,,,,,,,,,,,,,3.55,5.65,8.06,5.8,4.0,2.87,16.0,0.3,0.0,0.86,2.65,1.3,4.0,1.67,16.0,0.3,-6.55,-0.83,4.75,-0.9,4.0,6.86,16.0,0.3,1014.12,1015.25,1016.38,1015.25,2.0,2.33,18.0,0.5,,,,,,,,,,,,,,,,,,,,,,,,,,,,,,,,,,,,,,,,,,,,,,,,,,,,,,,,,,,,,,,,,,,,,,,,,,,,,,,,,,,,,,,,,,,,,,,,,,,,,,,,,,,,,,,,,,,,,,,,,,,,,,,,,,
1875,10,20.9,36.6,,,,,,,,,,,,,,,,,,,,,,,,,,,,,,,,,,,6.7,6.7,6.7,6.7,1.0,0.0,18.0,1.0,6.17,6.17,6.17,6.17,1.0,0.0,18.0,1.0,-2.62,-2.62,-2.62,-2.62,1.0,0.0,18.0,1.0,1015.8,1015.8,1015.8,1015.8,1.0,0.0,18.0,1.0,,,,,,,,,,,,,,,,,,,,,,,,,,,,,,,,,,,,,,,,,,,,,,,,,,,,,,,,,,,,,,,,,,,,,,,,,,,,,,,,,,,,,,,,,,,,,,,,,,,,,,,,,,,,,,,,,,,,,,,,,,,,,,,,,,
1875,10,22.9,-45.4,,,,,,,,,,,,,,,,,,,,,,,,,,,,,,,,,,,2.6,2.6,3.65,3.1,4.0,1.0,18.0,0.5,-2.85,-2.12,-1.41,-2.13,4.0,0.94,18.0,0.5,-2.84,-2.12,-1.39,-2.11,4.0,0.96,18.0,0.5,1023.25,1024.0,1025.12,1024.18,4.0,1.12,18.0,0.5,,,,,,,,,,,,,,,,,,,,,,,,,,,,,,,,,,,,,,,,,,,,,,,,,,,,,,,,,,,,,,,,,,,,,,,,,,,,,,,,,,,,,,,,,,,,,,,,,,,,,,,,,,,,,,,,,,,,,,,,,,,,,,,,,,
1875,10,22.9,-41.4,,,,,,,,,,,,,,,,,,,,,,,,,,,,,,,,,,,4.6,15.4,22.37,12.98,14.0,7.48,12.0,0.5,-4.6,5.84,20.59,5.56,14.0,13.26,12.0,0.5,-7.32,0.0,5.4,-1.3,14.0,5.13,12.0,0.5,1001.98,1019.6,1022.5,1014.44,13.0,9.87,12.0,0.5,,,,,,,,,,,,,,,,,,,,,,,,,,,,,,,,,,,,,,,,,,,,,,,,,,,,,,,,,,,,,,,,,,,,,,,,,,,,,,,,,,,,,,,,,,,,,,,,,,,,,,,,,,,,,,,,,,,,,,,,,,,,,,,,,,
1875,10,22.9,-39.4,,,,,,,,,,,,,,,,,,,,,,,,,,,,,,,,,,,4.6,6.7,26.8,12.77,10.0,10.25,16.0,0.6,-6.49,-3.22,26.8,6.51,10.0,15.43,16.0,0.6,0.0,0.0,0.0,-0.07,10.0,1.03,16.0,0.6,1008.62,1022.6,1024.12,1018.58,8.0,8.21,16.0,0.6,,,,,,,,,,,,,,,,,,,,,,,,,,,,,,,,,,,,,,,,,,,,,,,,,,,,,,,,,,,,,,,,,,,,,,,,,,,,,,,,,,,,,,,,,,,,,,,,,,,,,,,,,,,,,,,,,,,,,,,,,,,,,,,,,,
1875,10,22.9,34.6,,,,,,,,,,,,,,,,,,,,,,,,,,,,,,,,,,,1.51,2.6,7.17,4.3,3.0,4.4,16.0,0.0,-5.72,0.37,0.78,-2.4,3.0,5.34,16.0,0.0,-1.94,-0.93,2.19,0.1,3.0,3.15,16.0,0.0,1014.19,1015.25,1016.31,1015.25,2.0,2.19,18.0,0.0,,,,,,,,,,,,,,,,,,,,,,,,,,,,,,,,,,,,,,,,,,,,,,,,,,,,,,,,,,,,,,,,,,,,,,,,,,,,,,,,,,,,,,,,,,,,,,,,,,,,,,,,,,,,,,,,,,,,,,,,,,,,,,,,,,
1875,10,24.9,-45.4,,,,,,,,,,,,,,,,,,,,,,,,,,,,,,,,,,,3.87,4.6,4.6,4.2,5.0,0.89,18.0,0.6,-3.25,-3.25,-1.82,-2.68,5.0,0.79,18.0,0.6,-3.61,-3.25,-2.74,-3.17,5.0,0.86,18.0,0.6,1023.68,1024.0,1026.72,1024.96,5.0,1.71,18.0,0.6,,,,,,,,,,,,,,,,,,,,,,,,,,,,,,,,,,,,,,,,,,,,,,,,,,,,,,,,,,,,,,,,,,,,,,,,,,,,,,,,,,,,,,,,,,,,,,,,,,,,,,,,,,,,,,,,,,,,,,,,,,,,,,,,,,
1875,10,24.9,-43.4,,,,,,,,,,,,,,,,,,,,,,,,,,,,,,,,,,,9.3,9.3,9.3,9.3,1.0,0.0,18.0,1.0,-9.3,-9.3,-9.3,-9.3,1.0,0.0,18.0,1.0,0.0,0.0,0.0,0.0,1.0,0.0,18.0,1.0,1020.9,1020.9,1020.9,1020.9,1.0,0.0,18.0,1.0,,,,,,,,,,,,,,,,,,,,,,,,,,,,,,,,,,,,,,,,,,,,,,,,,,,,,,,,,,,,,,,,,,,,,,,,,,,,,,,,,,,,,,,,,,,,,,,,,,,,,,,,,,,,,,,,,,,,,,,,,,,,,,,,,,
1875,10,24.9,-41.4,,,,,,,,,,,,,,,,,,,,,,,,,,,,,,,,,,,5.73,9.3,12.3,10.19,17.0,5.18,14.0,0.5,-9.3,0.0,11.36,0.49,17.0,10.56,14.0,0.5,-4.7,0.0,5.57,-0.32,17.0,5.02,14.0,0.5,1003.71,1015.75,1021.57,1012.61,16.0,10.95,16.0,0.5,,,,,,,,,,,,,,,,,,,,,,,,,,,,,,,,,,,,,,,,,,,,,,,,,,,,,,,,,,,,,,,,,,,,,,,,,,,,,,,,,,,,,,,,,,,,,,,,,,,,,,,,,,,,,,,,,,,,,,,,,,,,,,,,,,
1875,10,24.9,-39.4,,,,,,,,,,,,,,,,,,,,,,,,,,,,,,,,,,,11.68,12.3,13.68,12.92,6.0,3.21,18.0,0.5,3.81,10.31,13.68,9.45,6.0,6.54,18.0,0.5,-0.99,0.0,11.52,3.14,6.0,6.98,18.0,0.5,1010.02,1014.8,1017.69,1013.9,4.0,4.89,14.0,0.3,,,,,,,,,,,,,,,,,,,,,,,,,,,,,,,,,,,,,,,,,,,,,,,,,,,,,,,,,,,,,,,,,,,,,,,,,,,,,,,,,,,,,,,,,,,,,,,,,,,,,,,,,,,,,,,,,,,,,,,,,,,,,,,,,,
1875,10,24.9,32.6,,,,,,,,,,,,,,,,,,,,,,,,,,,,,,,,,,,4.6,4.6,4.6,4.6,1.0,0.0,18.0,1.0,3.25,3.25,3.25,3.25,1.0,0.0,18.0,1.0,-3.25,-3.25,-3.25,-3.25,1.0,0.0,18.0,1.0,1015.4,1015.4,1015.4,1015.4,1.0,0.0,18.0,1.0,,,,,,,,,,,,,,,,,,,,,,,,,,,,,,,,,,,,,,,,,,,,,,,,,,,,,,,,,,,,,,,,,,,,,,,,,,,,,,,,,,,,,,,,,,,,,,,,,,,,,,,,,,,,,,,,,,,,,,,,,,,,,,,,,,
1875,10,24.9,34.6,,,,,,,,,,,,,,,,,,,,,,,,,,,,,,,,,,,3.87,4.6,7.65,5.56,5.0,2.54,16.0,0.6,-7.38,1.02,3.25,-1.55,5.0,5.67,16.0,0.6,-3.25,0.0,2.85,-0.1,5.0,3.16,16.0,0.6,1015.12,1015.15,1015.18,1015.15,2.0,0.07,18.0,1.0,,,,,,,,,,,,,,,,,,,,,,,,,,,,,,,,,,,,,,,,,,,,,,,,,,,,,,,,,,,,,,,,,,,,,,,,,,,,,,,,,,,,,,,,,,,,,,,,,,,,,,,,,,,,,,,,,,,,,,,,,,,,,,,,,,
1875,10,26.9,-45.4,,,,,,,,,,,,,,,,,,,,,,,,,,,,,,,,,,,5.6,6.7,6.7,6.18,4.0,1.05,18.0,0.5,-4.74,-4.0,-2.92,-3.84,4.0,1.07,18.0,0.5,-5.49,-4.74,-3.96,-4.72,4.0,1.19,18.0,0.5,1023.18,1024.2,1025.17,1024.17,4.0,1.21,18.0,0.5,,,,,,,,,,,,,,,,,,,,,,,,,,,,,,,,,,,,,,,,,,,,,,,,,,,,,,,,,,,,,,,,,,,,,,,,,,,,,,,,,,,,,,,,,,,,,,,,,,,,,,,,,,,,,,,,,,,,,,,,,,,,,,,,,,
1875,10,26.9,-41.4,,,,,,,,,,,,,,,,,,,,,,,,,,,,,,,,,,,14.27,15.4,24.13,18.5,5.0,5.99,12.0,0.4,10.09,10.89,22.38,15.26,5.0,7.17,12.0,0.4,8.61,10.04,10.89,9.8,5.0,1.16,12.0,0.4,1004.66,1005.0,1032.57,1016.0,5.0,15.4,12.0,0.4,,,,,,,,,,,,,,,,,,,,,,,,,,,,,,,,,,,,,,,,,,,,,,,,,,,,,,,,,,,,,,,,,,,,,,,,,,,,,,,,,,,,,,,,,,,,,,,,,,,,,,,,,,,,,,,,,,,,,,,,,,,,,,,,,,
1875,10,26.9,-39.4,,,,,,,,,,,,,,,,,,,,,,,,,,,,,,,,,,,4.6,6.7,16.13,9.81,10.0,6.63,16.0,0.5,-1.86,2.51,15.34,6.23,10.0,9.1,16.0,0.5,-0.58,3.25,6.7,2.74,10.0,4.07,16.0,0.5,1023.69,1025.3,1026.25,1024.92,5.0,2.14,16.0,0.4,,,,,,,,,,,,,,,,,,,,,,,,,,,,,,,,,,,,,,,,,,,,,,,,,,,,,,,,,,,,,,,,,,,,,,,,,,,,,,,,,,,,,,,,,,,,,,,,,,,,,,,,,,,,,,,,,,,,,,,,,,,,,,,,,,
1875,10,26.9,32.6,,,,,,,,,,,,,,,,,,,,,,,,,,,,,,,,,,,0.0,1.0,2.6,1.24,5.0,1.31,16.0,0.0,0.0,0.71,2.12,1.03,5.0,1.16,16.0,0.0,-1.12,0.0,0.0,-0.51,5.0,0.8,16.0,0.0,1015.76,1016.1,1016.24,1016.0,3.0,0.36,18.0,0.0,,,,,,,,,,,,,,,,,,,,,,,,,,,,,,,,,,,,,,,,,,,,,,,,,,,,,,,,,,,,,,,,,,,,,,,,,,,,,,,,,,,,,,,,,,,,,,,,,,,,,,,,,,,,,,,,,,,,,,,,,,,,,,,,,,
1875,10,28.9,-45.4,,,,,,,,,,,,,,,,,,,,,,,,,,,,,,,,,,,7.53,9.3,9.3,8.43,3.0,1.5,20.0,0.3,-6.58,-6.58,-5.32,-5.96,3.0,1.06,20.0,0.3,-6.58,-6.58,-5.32,-5.96,3.0,1.06,20.0,0.3,1025.92,1026.6,1026.94,1026.43,3.0,0.76,20.0,0.3,,,,,,,,,,,,,,,,,,,,,,,,,,,,,,,,,,,,,,,,,,,,,,,,,,,,,,,,,,,,,,,,,,,,,,,,,,,,,,,,,,,,,,,,,,,,,,,,,,,,,,,,,,,,,,,,,,,,,,,,,,,,,,,,,,
1875,10,28.9,-41.4,,,,,,,,,,,,,,,,,,,,,,,,,,,,,,,,,,,15.4,15.4,20.31,17.56,5.0,3.22,10.0,0.4,13.04,14.28,18.84,15.6,5.0,3.82,10.0,0.4,5.77,7.12,9.35,7.6,5.0,2.15,10.0,0.4,1005.03,1009.85,1025.14,1014.85,4.0,14.13,16.0,0.5,,,,,,,,,,,,,,,,,,,,,,,,,,,,,,,,,,,,,,,,,,,,,,,,,,,,,,,,,,,,,,,,,,,,,,,,,,,,,,,,,,,,,,,,,,,,,,,,,,,,,,,,,,,,,,,,,,,,,,,,,,,,,,,,,,
1875,10,28.9,-39.4,,,,,,,,,,,,,,,,,,,,,,,,,,,,,,,,,,,12.3,17.2,22.6,17.29,14.0,5.85,18.0,0.5,-13.44,-9.73,20.95,0.35,14.0,16.69,18.0,0.5,-10.76,3.13,8.47,-0.32,14.0,8.8,18.0,0.5,1017.99,1020.8,1021.3,1019.93,9.0,1.84,18.0,0.4,,,,,,,,,,,,,,,,,,,,,,,,,,,,,,,,,,,,,,,,,,,,,,,,,,,,,,,,,,,,,,,,,,,,,,,,,,,,,,,,,,,,,,,,,,,,,,,,,,,,,,,,,,,,,,,,,,,,,,,,,,,,,,,,,,
1875,10,28.9,-37.4,,,,,,,,,,,,,,,,,,,,,,,,,,,,,,,,,,,8.48,12.3,16.87,12.67,3.0,6.16,16.0,1.0,-15.53,-11.32,-7.83,-11.67,3.0,5.65,16.0,1.0,-0.19,4.81,6.59,3.24,3.0,5.15,16.0,1.0,1016.0,1016.2,1022.62,1019.23,3.0,5.52,16.0,1.0,,,,,,,,,,,,,,,,,,,,,,,,,,,,,,,,,,,,,,,,,,,,,,,,,,,,,,,,,,,,,,,,,,,,,,,,,,,,,,,,,,,,,,,,,,,,,,,,,,,,,,,,,,,,,,,,,,,,,,,,,,,,,,,,,,
1875,10,28.9,32.6,,,,,,,,,,,,,,,,,,,,,,,,,,,,,,,,,,,0.79,1.8,2.6,1.63,6.0,1.12,16.0,0.8,0.0,0.86,1.84,0.9,6.0,0.83,16.0,0.8,0.56,1.42,1.95,1.3,6.0,0.88,16.0,0.8,1006.3,1011.2,1016.21,1011.25,4.0,5.72,16.0,1.0,,,,,,,,,,,,,,,,,,,,,,,,,,,,,,,,,,,,,,,,,,,,,,,,,,,,,,,,,,,,,,,,,,,,,,,,,,,,,,,,,,,,,,,,,,,,,,,,,,,,,,,,,,,,,,,,,,,,,,,,,,,,,,,,,,
1875,10,30.9,-45.4,,,,,,,,,,,,,,,,,,,,,,,,,,,,,,,,,,,9.3,9.3,9.3,9.3,1.0,0.0,20.0,0.0,-6.58,-6.58,-6.58,-6.58,1.0,0.0,20.0,0.0,-6.58,-6.58,-6.58,-6.58,1.0,0.0,20.0,0.0,1024.8,1024.8,1024.8,1024.8,1.0,0.0,20.0,0.0,,,,,,,,,,,,,,,,,,,,,,,,,,,,,,,,,,,,,,,,,,,,,,,,,,,,,,,,,,,,,,,,,,,,,,,,,,,,,,,,,,,,,,,,,,,,,,,,,,,,,,,,,,,,,,,,,,,,,,,,,,,,,,,,,,
1875,10,30.9,-41.4,,,,,,,,,,,,,,,,,,,,,,,,,,,,,,,,,,,2.6,9.3,16.89,10.19,11.0,6.48,14.0,0.5,-13.44,0.0,5.69,-1.59,11.0,8.39,14.0,0.5,-7.07,3.48,8.62,1.81,11.0,8.91,14.0,0.5,1004.45,1005.6,1009.97,1006.52,9.0,3.98,20.0,0.4,,,,,,,,,,,,,,,,,,,,,,,,,,,,,,,,,,,,,,,,,,,,,,,,,,,,,,,,,,,,,,,,,,,,,,,,,,,,,,,,,,,,,,,,,,,,,,,,,,,,,,,,,,,,,,,,,,,,,,,,,,,,,,,,,,
1875,10,30.9,-39.4,,,,,,,,,,,,,,,,,,,,,,,,,,,,,,,,,,,15.4,19.0,22.8,19.6,7.0,4.02,22.0,0.3,14.24,17.62,22.7,17.78,7.0,4.36,22.0,0.3,-0.5,5.77,7.42,4.11,7.0,7.53,22.0,0.3,996.33,996.6,999.33,997.8,3.0,2.43,12.0,0.7,,,,,,,,,,,,,,,,,,,,,,,,,,,,,,,,,,,,,,,,,,,,,,,,,,,,,,,,,,,,,,,,,,,,,,,,,,,,,,,,,,,,,,,,,,,,,,,,,,,,,,,,,,,,,,,,,,,,,,,,,,,,,,,,,,
1875,10,30.9,30.6,,,,,,,,,,,,,,,,,,,,,,,,,,,,,,,,,,,0.32,1.0,1.0,0.67,3.0,0.58,16.0,0.0,0.0,0.0,0.0,0.0,3.0,0.0,16.0,0.0,-0.68,0.0,0.68,0.0,3.0,1.0,16.0,0.0,1011.06,1015.5,1015.77,1013.47,3.0,3.87,16.0,0.0,,,,,,,,,,,,,,,,,,,,,,,,,,,,,,,,,,,,,,,,,,,,,,,,,,,,,,,,,,,,,,,,,,,,,,,,,,,,,,,,,,,,,,,,,,,,,,,,,,,,,,,,,,,,,,,,,,,,,,,,,,,,,,,,,,
1875,10,30.9,32.6,,,,,,,,,,,,,,,,,,,,,,,,,,,,,,,,,,,1.0,1.0,1.0,1.0,2.0,0.0,12.0,0.0,0.0,0.0,0.0,0.0,2.0,0.0,12.0,0.0,-1.0,-1.0,-1.0,-1.0,2.0,0.0,12.0,0.0,1007.09,1007.5,1007.91,1007.5,2.0,0.85,12.0,0.0,,,,,,,,,,,,,,,,,,,,,,,,,,,,,,,,,,,,,,,,,,,,,,,,,,,,,,,,,,,,,,,,,,,,,,,,,,,,,,,,,,,,,,,,,,,,,,,,,,,,,,,,,,,,,,,,,,,,,,,,,,,,,,,,,,
1875,10,32.9,-41.4,,,,,,,,,,,,,,,,,,,,,,,,,,,,,,,,,,,9.3,12.35,26.33,15.06,8.0,9.49,20.0,0.5,1.85,11.45,24.42,12.07,8.0,11.37,20.0,0.5,3.48,6.17,9.86,5.98,8.0,3.54,20.0,0.5,998.7,1003.4,1005.06,1002.21,7.0,3.58,22.0,0.6,,,,,,,,,,,,,,,,,,,,,,,,,,,,,,,,,,,,,,,,,,,,,,,,,,,,,,,,,,,,,,,,,,,,,,,,,,,,,,,,,,,,,,,,,,,,,,,,,,,,,,,,,,,,,,,,,,,,,,,,,,,,,,,,,,
1875,10,32.9,-39.4,,,,,,,,,,,,,,,,,,,,,,,,,,,,,,,,,,,2.6,6.7,18.77,9.76,14.0,7.68,16.0,0.7,0.06,2.5,15.12,5.52,14.0,6.97,16.0,0.7,-2.87,0.0,15.27,2.97,14.0,8.41,16.0,0.7,1005.19,1007.1,1009.15,1007.17,3.0,2.9,12.0,0.3,,,,,,,,,,,,,,,,,,,,,,,,,,,,,,,,,,,,,,,,,,,,,,,,,,,,,,,,,,,,,,,,,,,,,,,,,,,,,,,,,,,,,,,,,,,,,,,,,,,,,,,,,,,,,,,,,,,,,,,,,,,,,,,,,,
1875,10,32.9,26.6,,,,,,,,,,,,,,,,,,,,,,,,,,,,,,,,,,,9.78,10.8,11.82,10.8,2.0,2.12,16.0,0.5,3.66,4.05,4.43,4.05,2.0,0.79,16.0,0.5,-10.96,-10.01,-9.06,-10.01,2.0,1.97,16.0,0.5,1006.3,1006.3,1006.3,1006.3,1.0,0.0,10.0,0.0,,,,,,,,,,,,,,,,,,,,,,,,,,,,,,,,,,,,,,,,,,,,,,,,,,,,,,,,,,,,,,,,,,,,,,,,,,,,,,,,,,,,,,,,,,,,,,,,,,,,,,,,,,,,,,,,,,,,,,,,,,,,,,,,,,
1875,10,32.9,28.6,,,,,,,,,,,,,,,,,,,,,,,,,,,,,,,,,,,8.76,10.8,12.3,10.37,6.0,2.32,14.0,0.5,1.99,4.61,5.01,3.82,6.0,2.27,14.0,0.5,-11.4,-10.35,-6.5,-9.38,6.0,2.46,14.0,0.5,1006.55,1007.65,1009.01,1007.78,4.0,1.44,10.0,0.5,,,,,,,,,,,,,,,,,,,,,,,,,,,,,,,,,,,,,,,,,,,,,,,,,,,,,,,,,,,,,,,,,,,,,,,,,,,,,,,,,,,,,,,,,,,,,,,,,,,,,,,,,,,,,,,,,,,,,,,,,,,,,,,,,,
1875,10,32.9,30.6,,,,,,,,,,,,,,,,,,,,,,,,,,,,,,,,,,,1.0,1.0,1.0,1.0,1.0,0.0,12.0,1.0,0.0,0.0,0.0,0.0,1.0,0.0,12.0,1.0,-1.0,-1.0,-1.0,-1.0,1.0,0.0,12.0,1.0,1009.4,1009.4,1009.4,1009.4,1.0,0.0,12.0,1.0,,,,,,,,,,,,,,,,,,,,,,,,,,,,,,,,,,,,,,,,,,,,,,,,,,,,,,,,,,,,,,,,,,,,,,,,,,,,,,,,,,,,,,,,,,,,,,,,,,,,,,,,,,,,,,,,,,,,,,,,,,,,,,,,,,
1875,10,32.9,32.6,,,,,,,,,,,,,,,,,,,,,,,,,,,,,,,,,,,2.6,2.6,2.6,2.6,1.0,0.0,20.0,1.0,-2.6,-2.6,-2.6,-2.6,1.0,0.0,20.0,1.0,0.0,0.0,0.0,0.0,1.0,0.0,20.0,1.0,1015.9,1015.9,1015.9,1015.9,1.0,0.0,20.0,1.0,,,,,,,,,,,,,,,,,,,,,,,,,,,,,,,,,,,,,,,,,,,,,,,,,,,,,,,,,,,,,,,,,,,,,,,,,,,,,,,,,,,,,,,,,,,,,,,,,,,,,,,,,,,,,,,,,,,,,,,,,,,,,,,,,,
1875,10,34.9,-45.4,,,,,,,,,,,,,,,,,,,,,,,,,,,,,,,,,,,9.3,9.3,9.3,9.3,3.0,0.0,22.0,0.7,6.58,6.58,6.58,6.58,3.0,0.0,22.0,0.7,6.58,6.58,6.58,6.58,3.0,0.0,22.0,0.7,1002.98,1004.0,1004.68,1003.83,3.0,1.26,22.0,0.7,,,,,,,,,,,,,,,,,,,,,,,,,,,,,,,,,,,,,,,,,,,,,,,,,,,,,,,,,,,,,,,,,,,,,,,,,,,,,,,,,,,,,,,,,,,,,,,,,,,,,,,,,,,,,,,,,,,,,,,,,,,,,,,,,,
1875,10,34.9,-41.4,,,,,,,,,,,,,,,,,,,,,,,,,,,,,,,,,,,6.7,8.0,14.38,10.43,4.0,5.85,22.0,0.5,5.44,6.39,12.36,8.79,4.0,5.94,22.0,0.5,-5.7,-1.11,4.92,-0.42,4.0,6.38,22.0,0.5,1005.55,1005.8,1006.94,1006.23,4.0,1.07,22.0,0.5,,,,,,,,,,,,,,,,,,,,,,,,,,,,,,,,,,,,,,,,,,,,,,,,,,,,,,,,,,,,,,,,,,,,,,,,,,,,,,,,,,,,,,,,,,,,,,,,,,,,,,,,,,,,,,,,,,,,,,,,,,,,,,,,,,
1875,10,34.9,-39.4,,,,,,,,,,,,,,,,,,,,,,,,,,,,,,,,,,,6.7,12.3,21.8,13.63,15.0,7.07,16.0,0.5,0.0,12.3,18.1,9.56,15.0,7.97,16.0,0.5,-5.0,0.0,12.31,2.95,15.0,8.85,16.0,0.5,1006.27,1009.2,1011.28,1008.85,6.0,2.58,16.0,0.5,,,,,,,,,,,,,,,,,,,,,,,,,,,,,,,,,,,,,,,,,,,,,,,,,,,,,,,,,,,,,,,,,,,,,,,,,,,,,,,,,,,,,,,,,,,,,,,,,,,,,,,,,,,,,,,,,,,,,,,,,,,,,,,,,,
1875,10,34.9,24.6,,,,,,,,,,,,,,,,,,,,,,,,,,,,,,,,,,,3.87,6.7,6.7,5.46,5.0,1.84,14.0,0.4,1.45,2.51,4.74,2.94,5.0,1.73,14.0,0.4,-5.28,-4.74,-3.59,-4.47,5.0,1.37,14.0,0.4,1005.93,1006.2,1010.94,1007.98,5.0,2.72,14.0,0.4,,,,,,,,,,,,,,,,,,,,,,,,,,,,,,,,,,,,,,,,,,,,,,,,,,,,,,,,,,,,,,,,,,,,,,,,,,,,,,,,,,,,,,,,,,,,,,,,,,,,,,,,,,,,,,,,,,,,,,,,,,,,,,,,,,
1875,10,34.9,26.6,,,,,,,,,,,,,,,,,,,,,,,,,,,,,,,,,,,6.7,10.8,12.3,9.93,6.0,2.76,16.0,0.5,4.61,4.74,7.01,5.66,6.0,1.67,16.0,0.5,-11.4,-7.64,-4.74,-7.93,6.0,3.06,16.0,0.5,1006.71,1010.05,1010.74,1009.1,6.0,2.13,16.0,0.5,,,,,,,,,,,,,,,,,,,,,,,,,,,,,,,,,,,,,,,,,,,,,,,,,,,,,,,,,,,,,,,,,,,,,,,,,,,,,,,,,,,,,,,,,,,,,,,,,,,,,,,,,,,,,,,,,,,,,,,,,,,,,,,,,,
1875,10,36.9,-45.4,,,,,,,,,,,,,,,,,,,,,,,,,,,,,,,,,,,7.53,9.3,9.3,8.43,3.0,1.5,22.0,0.3,7.31,8.62,9.09,8.21,3.0,1.35,22.0,0.3,0.0,0.0,2.38,1.16,3.0,2.01,22.0,0.3,1002.66,1002.8,1003.21,1002.93,3.0,0.42,22.0,0.3,,,,,,,,,,,,,,,,,,,,,,,,,,,,,,,,,,,,,,,,,,,,,,,,,,,,,,,,,,,,,,,,,,,,,,,,,,,,,,,,,,,,,,,,,,,,,,,,,,,,,,,,,,,,,,,,,,,,,,,,,,,,,,,,,,
1875,10,36.9,-41.4,,,,,,,,,,,,,,,,,,,,,,,,,,,,,,,,,,,13.93,17.45,20.97,17.45,2.0,7.28,22.0,0.0,9.85,12.34,14.82,12.34,2.0,5.15,22.0,0.0,-14.82,-12.34,-9.85,-12.34,2.0,5.15,22.0,0.0,999.9,999.9,999.9,999.9,1.0,0.0,22.0,0.0,,,,,,,,,,,,,,,,,,,,,,,,,,,,,,,,,,,,,,,,,,,,,,,,,,,,,,,,,,,,,,,,,,,,,,,,,,,,,,,,,,,,,,,,,,,,,,,,,,,,,,,,,,,,,,,,,,,,,,,,,,,,,,,,,,
1875,10,36.9,-39.4,,,,,,,,,,,,,,,,,,,,,,,,,,,,,,,,,,,9.3,11.05,13.09,11.31,12.0,4.96,16.0,0.6,0.0,9.12,13.09,8.74,12.0,6.57,16.0,0.6,-5.95,0.93,4.36,0.0,12.0,6.13,16.0,0.6,1008.81,1009.45,1025.93,1014.0,8.0,8.7,14.0,0.5,,,,,,,,,,,,,,,,,,,,,,,,,,,,,,,,,,,,,,,,,,,,,,,,,,,,,,,,,,,,,,,,,,,,,,,,,,,,,,,,,,,,,,,,,,,,,,,,,,,,,,,,,,,,,,,,,,,,,,,,,,,,,,,,,,
1875,10,36.9,20.6,,,,,,,,,,,,,,,,,,,,,,,,,,,,,,,,,,,1.0,1.0,1.0,1.0,1.0,0.0,26.0,1.0,1.0,1.0,1.0,1.0,1.0,0.0,26.0,1.0,0.0,0.0,0.0,0.0,1.0,0.0,26.0,1.0,1010.8,1010.8,1010.8,1010.8,1.0,0.0,26.0,1.0,,,,,,,,,,,,,,,,,,,,,,,,,,,,,,,,,,,,,,,,,,,,,,,,,,,,,,,,,,,,,,,,,,,,,,,,,,,,,,,,,,,,,,,,,,,,,,,,,,,,,,,,,,,,,,,,,,,,,,,,,,,,,,,,,,
1875,10,36.9,22.6,,,,,,,,,,,,,,,,,,,,,,,,,,,,,,,,,,,0.0,2.6,2.7,1.91,7.0,1.67,16.0,0.4,0.0,1.84,2.7,1.55,7.0,1.72,16.0,0.4,-1.84,0.0,0.0,-0.67,7.0,0.88,16.0,0.4,1005.6,1006.9,1009.5,1007.69,7.0,2.36,16.0,0.4,,,,,,,,,,,,,,,,,,,,,,,,,,,,,,,,,,,,,,,,,,,,,,,,,,,,,,,,,,,,,,,,,,,,,,,,,,,,,,,,,,,,,,,,,,,,,,,,,,,,,,,,,,,,,,,,,,,,,,,,,,,,,,,,,,
1875,10,36.9,24.6,,,,,,,,,,,,,,,,,,,,,,,,,,,,,,,,,,,2.6,2.6,3.97,3.27,3.0,1.15,18.0,0.7,0.31,0.97,1.49,0.9,3.0,0.86,18.0,0.7,-3.74,-2.6,-2.47,-3.09,3.0,1.02,18.0,0.7,1007.06,1010.4,1010.95,1009.03,3.0,3.09,18.0,0.7,,,,,,,,,,,,,,,,,,,,,,,,,,,,,,,,,,,,,,,,,,,,,,,,,,,,,,,,,,,,,,,,,,,,,,,,,,,,,,,,,,,,,,,,,,,,,,,,,,,,,,,,,,,,,,,,,,,,,,,,,,,,,,,,,,
1875,10,38.9,-45.4,,,,,,,,,,,,,,,,,,,,,,,,,,,,,,,,,,,6.7,6.7,8.06,7.35,4.0,1.3,22.0,0.5,5.67,6.7,7.71,6.69,4.0,1.59,22.0,0.5,-2.48,0.0,1.83,-0.31,4.0,3.38,22.0,0.5,1001.56,1003.6,1003.86,1002.75,4.0,2.05,22.0,0.5,,,,,,,,,,,,,,,,,,,,,,,,,,,,,,,,,,,,,,,,,,,,,,,,,,,,,,,,,,,,,,,,,,,,,,,,,,,,,,,,,,,,,,,,,,,,,,,,,,,,,,,,,,,,,,,,,,,,,,,,,,,,,,,,,,
1875,10,38.9,-41.4,,,,,,,,,,,,,,,,,,,,,,,,,,,,,,,,,,,9.3,9.55,12.3,10.38,6.0,1.5,12.0,0.7,-5.69,6.39,9.92,3.42,6.0,8.63,12.0,0.7,-9.18,-1.84,0.0,-3.94,6.0,4.96,12.0,0.7,993.23,993.5,1016.16,1004.43,3.0,19.28,18.0,0.7,,,,,,,,,,,,,,,,,,,,,,,,,,,,,,,,,,,,,,,,,,,,,,,,,,,,,,,,,,,,,,,,,,,,,,,,,,,,,,,,,,,,,,,,,,,,,,,,,,,,,,,,,,,,,,,,,,,,,,,,,,,,,,,,,,
1875,10,38.9,-39.4,,,,,,,,,,,,,,,,,,,,,,,,,,,,,,,,,,,3.04,9.8,24.27,12.15,15.0,8.63,16.0,0.5,-0.96,3.63,18.16,6.59,15.0,10.64,16.0,0.5,-10.47,-2.41,4.16,-2.84,15.0,8.01,16.0,0.5,1005.71,1008.0,1009.71,1009.41,7.0,8.67,14.0,0.3,,,,,,,,,,,,,,,,,,,,,,,,,,,,,,,,,,,,,,,,,,,,,,,,,,,,,,,,,,,,,,,,,,,,,,,,,,,,,,,,,,,,,,,,,,,,,,,,,,,,,,,,,,,,,,,,,,,,,,,,,,,,,,,,,,
1875,10,38.9,18.6,,,,,,,,,,,,,,,,,,,,,,,,,,,,,,,,,,,0.11,2.6,4.38,2.25,8.0,1.82,16.0,0.4,-0.89,0.0,2.89,0.36,8.0,2.0,16.0,0.4,-3.18,-1.3,0.0,-1.46,8.0,1.58,16.0,0.4,1004.0,1008.3,1010.87,1007.85,8.0,3.39,16.0,0.4,,,,,,,,,,,,,,,,,,,,,,,,,,,,,,,,,,,,,,,,,,,,,,,,,,,,,,,,,,,,,,,,,,,,,,,,,,,,,,,,,,,,,,,,,,,,,,,,,,,,,,,,,,,,,,,,,,,,,,,,,,,,,,,,,,
1875,10,38.9,20.6,,,,,,,,,,,,,,,,,,,,,,,,,,,,,,,,,,,1.0,2.6,2.6,1.96,5.0,0.88,14.0,0.6,0.63,1.0,1.84,1.14,5.0,0.76,14.0,0.6,-2.12,-1.84,0.0,-1.26,5.0,1.19,14.0,0.6,1004.94,1006.4,1010.64,1007.48,5.0,2.97,14.0,0.6,,,,,,,,,,,,,,,,,,,,,,,,,,,,,,,,,,,,,,,,,,,,,,,,,,,,,,,,,,,,,,,,,,,,,,,,,,,,,,,,,,,,,,,,,,,,,,,,,,,,,,,,,,,,,,,,,,,,,,,,,,,,,,,,,,
1875,10,40.9,-45.4,,,,,,,,,,,,,,,,,,,,,,,,,,,,,,,,,,,11.24,15.4,15.4,13.37,3.0,3.52,24.0,0.7,-8.59,-3.63,9.36,0.29,3.0,13.58,24.0,0.7,-10.15,-8.56,-2.72,-6.48,3.0,5.73,24.0,0.7,988.7,988.7,992.86,990.73,3.0,3.52,24.0,0.7,,,,,,,,,,,,,,,,,,,,,,,,,,,,,,,,,,,,,,,,,,,,,,,,,,,,,,,,,,,,,,,,,,,,,,,,,,,,,,,,,,,,,,,,,,,,,,,,,,,,,,,,,,,,,,,,,,,,,,,,,,,,,,,,,,
1875,10,40.9,-41.4,,,,,,,,,,,,,,,,,,,,,,,,,,,,,,,,,,,9.3,9.8,12.3,11.32,10.0,3.0,10.0,0.5,-6.28,3.48,12.3,3.16,10.0,9.14,10.0,0.5,-8.85,-7.05,0.0,-5.79,10.0,4.41,10.0,0.5,1026.73,1027.0,1027.07,1026.9,3.0,0.26,6.0,1.0,,,,,,,,,,,,,,,,,,,,,,,,,,,,,,,,,,,,,,,,,,,,,,,,,,,,,,,,,,,,,,,,,,,,,,,,,,,,,,,,,,,,,,,,,,,,,,,,,,,,,,,,,,,,,,,,,,,,,,,,,,,,,,,,,,
1875,10,40.9,-39.4,,,,,,,,,,,,,,,,,,,,,,,,,,,,,,,,,,,2.82,4.6,11.97,8.1,8.0,8.46,22.0,0.8,-3.59,1.28,4.45,2.69,8.0,9.78,22.0,0.8,-7.97,-1.87,0.0,-1.96,8.0,6.19,22.0,0.8,1006.03,1007.6,1008.35,1007.2,3.0,1.73,14.0,0.7,,,,,,,,,,,,,,,,,,,,,,,,,,,,,,,,,,,,,,,,,,,,,,,,,,,,,,,,,,,,,,,,,,,,,,,,,,,,,,,,,,,,,,,,,,,,,,,,,,,,,,,,,,,,,,,,,,,,,,,,,,,,,,,,,,
1875,10,40.9,14.6,,,,,,,,,,,,,,,,,,,,,,,,,,,,,,,,,,,1.51,2.6,2.6,2.07,3.0,0.92,12.0,0.3,-0.69,0.0,1.25,0.27,3.0,1.45,12.0,0.3,-2.22,-1.84,0.1,-1.08,3.0,1.82,12.0,0.3,1013.9,1013.9,1013.9,1013.9,1.0,0.0,28.0,1.0,,,,,,,,,,,,,,,,,,,,,,,,,,,,,,,,,,,,,,,,,,,,,,,,,,,,,,,,,,,,,,,,,,,,,,,,,,,,,,,,,,,,,,,,,,,,,,,,,,,,,,,,,,,,,,,,,,,,,,,,,,,,,,,,,,
1875,10,40.9,16.6,,,,,,,,,,,,,,,,,,,,,,,,,,,,,,,,,,,1.0,1.8,2.6,1.68,8.0,1.04,16.0,0.5,-0.63,0.0,1.75,0.44,8.0,1.2,16.0,0.5,-2.52,-0.51,0.0,-0.92,8.0,1.29,16.0,0.5,1003.7,1007.5,1010.66,1007.39,8.0,3.61,16.0,0.5,,,,,,,,,,,,,,,,,,,,,,,,,,,,,,,,,,,,,,,,,,,,,,,,,,,,,,,,,,,,,,,,,,,,,,,,,,,,,,,,,,,,,,,,,,,,,,,,,,,,,,,,,,,,,,,,,,,,,,,,,,,,,,,,,,
1875,10,42.9,-45.4,,,,,,,,,,,,,,,,,,,,,,,,,,,,,,,,,,,12.3,12.3,12.3,12.3,2.0,0.0,24.0,0.5,9.11,10.01,10.91,10.01,2.0,1.86,24.0,0.5,-2.66,1.95,6.55,1.95,2.0,9.55,24.0,0.5,988.75,988.85,988.95,988.85,2.0,0.21,24.0,0.5,,,,,,,,,,,,,,,,,,,,,,,,,,,,,,,,,,,,,,,,,,,,,,,,,,,,,,,,,,,,,,,,,,,,,,,,,,,,,,,,,,,,,,,,,,,,,,,,,,,,,,,,,,,,,,,,,,,,,,,,,,,,,,,,,,
1875,10,42.9,-41.4,,,,,,,,,,,,,,,,,,,,,,,,,,,,,,,,,,,9.63,15.4,22.6,15.86,8.0,6.28,12.0,0.5,2.37,6.05,22.6,10.59,8.0,10.23,12.0,0.5,-8.36,0.0,10.74,-0.67,8.0,9.68,12.0,0.5,1004.47,1027.0,1027.34,1016.17,3.0,19.2,12.0,0.3,,,,,,,,,,,,,,,,,,,,,,,,,,,,,,,,,,,,,,,,,,,,,,,,,,,,,,,,,,,,,,,,,,,,,,,,,,,,,,,,,,,,,,,,,,,,,,,,,,,,,,,,,,,,,,,,,,,,,,,,,,,,,,,,,,
1875,10,42.9,-39.4,,,,,,,,,,,,,,,,,,,,,,,,,,,,,,,,,,,9.08,15.4,19.57,15.71,7.0,8.23,22.0,0.4,0.0,15.12,15.71,10.34,7.0,8.69,22.0,0.4,-19.14,0.0,0.14,-6.74,7.0,10.13,22.0,0.4,1000.3,1000.3,1000.3,1000.3,1.0,0.0,14.0,1.0,,,,,,,,,,,,,,,,,,,,,,,,,,,,,,,,,,,,,,,,,,,,,,,,,,,,,,,,,,,,,,,,,,,,,,,,,,,,,,,,,,,,,,,,,,,,,,,,,,,,,,,,,,,,,,,,,,,,,,,,,,,,,,,,,,
1875,10,42.9,-37.4,,,,,,,,,,,,,,,,,,,,,,,,,,,,,,,,,,,5.93,6.7,13.43,9.14,5.0,4.52,28.0,0.4,3.88,6.21,12.45,7.82,5.0,4.86,28.0,0.4,1.59,4.61,5.91,3.81,5.0,2.56,28.0,0.4,1003.69,1004.45,1005.11,1004.4,4.0,0.86,24.0,0.8,,,,,,,,,,,,,,,,,,,,,,,,,,,,,,,,,,,,,,,,,,,,,,,,,,,,,,,,,,,,,,,,,,,,,,,,,,,,,,,,,,,,,,,,,,,,,,,,,,,,,,,,,,,,,,,,,,,,,,,,,,,,,,,,,,
1875,10,42.9,12.6,,,,,,,,,,,,,,,,,,,,,,,,,,,,,,,,,,,2.02,6.7,7.65,5.26,5.0,3.38,18.0,0.2,-4.46,-2.51,1.12,-1.92,5.0,3.24,18.0,0.2,1.43,2.62,7.09,4.0,5.0,3.3,18.0,0.2,1011.23,1011.3,1011.44,1011.33,3.0,0.15,28.0,0.3,,,,,,,,,,,,,,,,,,,,,,,,,,,,,,,,,,,,,,,,,,,,,,,,,,,,,,,,,,,,,,,,,,,,,,,,,,,,,,,,,,,,,,,,,,,,,,,,,,,,,,,,,,,,,,,,,,,,,,,,,,,,,,,,,,
1875,10,42.9,14.6,,,,,,,,,,,,,,,,,,,,,,,,,,,,,,,,,,,2.14,4.6,4.6,3.4,3.0,2.08,28.0,0.7,-2.77,-1.72,-0.8,-1.78,3.0,1.44,28.0,0.7,1.67,3.25,3.94,2.81,3.0,1.71,28.0,0.7,1011.12,1011.8,1012.62,1011.87,3.0,1.1,28.0,0.7,,,,,,,,,,,,,,,,,,,,,,,,,,,,,,,,,,,,,,,,,,,,,,,,,,,,,,,,,,,,,,,,,,,,,,,,,,,,,,,,,,,,,,,,,,,,,,,,,,,,,,,,,,,,,,,,,,,,,,,,,,,,,,,,,,
1875,10,44.9,-43.4,,,,,,,,,,,,,,,,,,,,,,,,,,,,,,,,,,,14.24,17.2,19.0,16.27,6.0,3.63,14.0,0.8,5.89,10.8,14.86,10.11,6.0,6.39,14.0,0.8,-6.31,1.89,17.49,4.22,6.0,12.07,14.0,0.8,988.7,988.7,988.7,988.7,1.0,0.0,24.0,1.0,,,,,,,,,,,,,,,,,,,,,,,,,,,,,,,,,,,,,,,,,,,,,,,,,,,,,,,,,,,,,,,,,,,,,,,,,,,,,,,,,,,,,,,,,,,,,,,,,,,,,,,,,,,,,,,,,,,,,,,,,,,,,,,,,,
1875,10,44.9,-41.4,,,,,,,,,,,,,,,,,,,,,,,,,,,,,,,,,,,11.2,15.4,22.6,16.44,5.0,6.02,18.0,0.2,9.31,11.32,17.8,13.14,5.0,5.49,18.0,0.2,-10.01,-4.81,9.35,-1.6,5.0,11.17,18.0,0.2,1027.53,1027.8,1028.07,1027.8,2.0,0.57,8.0,0.5,,,,,,,,,,,,,,,,,,,,,,,,,,,,,,,,,,,,,,,,,,,,,,,,,,,,,,,,,,,,,,,,,,,,,,,,,,,,,,,,,,,,,,,,,,,,,,,,,,,,,,,,,,,,,,,,,,,,,,,,,,,,,,,,,,
1875,10,44.9,-37.4,,,,,,,,,,,,,,,,,,,,,,,,,,,,,,,,,,,6.6,6.7,15.57,9.77,7.0,5.36,24.0,0.6,4.71,6.17,15.51,8.5,7.0,5.57,24.0,0.6,-4.83,-2.62,0.34,-1.91,7.0,4.54,24.0,0.6,1003.06,1003.4,1004.15,1003.6,3.0,0.82,24.0,0.3,,,,,,,,,,,,,,,,,,,,,,,,,,,,,,,,,,,,,,,,,,,,,,,,,,,,,,,,,,,,,,,,,,,,,,,,,,,,,,,,,,,,,,,,,,,,,,,,,,,,,,,,,,,,,,,,,,,,,,,,,,,,,,,,,,
1875,10,44.9,12.6,,,,,,,,,,,,,,,,,,,,,,,,,,,,,,,,,,,2.6,6.7,9.3,5.94,8.0,3.42,20.0,0.9,-9.3,-6.43,0.98,-4.65,8.0,4.99,20.0,0.9,0.0,0.35,2.33,0.94,8.0,1.15,20.0,0.9,1010.98,1011.2,1011.71,1011.3,5.0,0.49,28.0,0.8,,,,,,,,,,,,,,,,,,,,,,,,,,,,,,,,,,,,,,,,,,,,,,,,,,,,,,,,,,,,,,,,,,,,,,,,,,,,,,,,,,,,,,,,,,,,,,,,,,,,,,,,,,,,,,,,,,,,,,,,,,,,,,,,,,
1875,10,46.9,-43.4,,,,,,,,,,,,,,,,,,,,,,,,,,,,,,,,,,,10.99,13.85,17.29,14.13,4.0,3.98,14.0,0.3,5.12,11.44,15.91,10.56,4.0,6.83,14.0,0.3,-6.75,1.34,9.18,1.22,4.0,9.19,14.0,0.3,991.99,992.4,992.81,992.4,2.0,0.85,24.0,0.5,,,,,,,,,,,,,,,,,,,,,,,,,,,,,,,,,,,,,,,,,,,,,,,,,,,,,,,,,,,,,,,,,,,,,,,,,,,,,,,,,,,,,,,,,,,,,,,,,,,,,,,,,,,,,,,,,,,,,,,,,,,,,,,,,,
1875,10,46.9,-41.4,,,,,,,,,,,,,,,,,,,,,,,,,,,,,,,,,,,5.12,10.8,12.3,9.38,8.0,3.83,16.0,0.6,4.49,8.63,8.7,7.52,8.0,3.07,16.0,0.6,-1.71,3.29,8.7,3.28,8.0,5.37,16.0,0.6,996.87,1013.75,1029.07,1013.15,8.0,16.8,16.0,0.6,,,,,,,,,,,,,,,,,,,,,,,,,,,,,,,,,,,,,,,,,,,,,,,,,,,,,,,,,,,,,,,,,,,,,,,,,,,,,,,,,,,,,,,,,,,,,,,,,,,,,,,,,,,,,,,,,,,,,,,,,,,,,,,,,,
1875,10,46.9,-39.4,,,,,,,,,,,,,,,,,,,,,,,,,,,,,,,,,,,16.94,22.6,22.6,19.83,10.0,4.45,14.0,0.5,4.31,11.37,18.74,10.96,10.0,7.6,14.0,0.5,4.94,13.04,22.18,13.43,10.0,8.06,14.0,0.5,999.63,1001.0,1002.37,1001.0,2.0,2.83,16.0,0.5,,,,,,,,,,,,,,,,,,,,,,,,,,,,,,,,,,,,,,,,,,,,,,,,,,,,,,,,,,,,,,,,,,,,,,,,,,,,,,,,,,,,,,,,,,,,,,,,,,,,,,,,,,,,,,,,,,,,,,,,,,,,,,,,,,
1875,10,46.9,-35.4,,,,,,,,,,,,,,,,,,,,,,,,,,,,,,,,,,,5.93,6.7,12.3,8.52,5.0,3.56,26.0,0.4,5.93,6.7,11.73,8.34,5.0,3.33,26.0,0.4,0.0,0.0,1.68,0.92,5.0,2.06,26.0,0.4,1005.63,1005.9,1007.49,1006.46,5.0,1.09,26.0,0.4,,,,,,,,,,,,,,,,,,,,,,,,,,,,,,,,,,,,,,,,,,,,,,,,,,,,,,,,,,,,,,,,,,,,,,,,,,,,,,,,,,,,,,,,,,,,,,,,,,,,,,,,,,,,,,,,,,,,,,,,,,,,,,,,,,
1875,10,46.9,12.6,,,,,,,,,,,,,,,,,,,,,,,,,,,,,,,,,,,3.9,6.7,8.47,6.2,3.0,3.38,30.0,0.0,-8.47,-6.7,-3.9,-6.2,3.0,3.38,30.0,0.0,0.0,0.0,0.0,0.0,3.0,0.0,30.0,0.0,1011.66,1011.8,1012.07,1011.87,3.0,0.31,30.0,0.0,,,,,,,,,,,,,,,,,,,,,,,,,,,,,,,,,,,,,,,,,,,,,,,,,,,,,,,,,,,,,,,,,,,,,,,,,,,,,,,,,,,,,,,,,,,,,,,,,,,,,,,,,,,,,,,,,,,,,,,,,,,,,,,,,,
1875,10,48.9,-43.4,,,,,,,,,,,,,,,,,,,,,,,,,,,,,,,,,,,8.73,12.3,12.94,11.12,6.0,3.65,14.0,0.5,7.4,11.25,12.94,10.49,6.0,3.77,14.0,0.5,0.0,0.0,5.77,2.06,6.0,3.22,14.0,0.5,989.93,990.0,991.3,990.6,3.0,1.13,24.0,0.3,,,,,,,,,,,,,,,,,,,,,,,,,,,,,,,,,,,,,,,,,,,,,,,,,,,,,,,,,,,,,,,,,,,,,,,,,,,,,,,,,,,,,,,,,,,,,,,,,,,,,,,,,,,,,,,,,,,,,,,,,,,,,,,,,,
1875,10,48.9,-41.4,,,,,,,,,,,,,,,,,,,,,,,,,,,,,,,,,,,2.6,5.65,9.92,6.35,6.0,3.88,14.0,0.5,2.28,5.2,7.01,4.98,6.0,2.64,14.0,0.5,-2.0,-1.41,7.01,1.33,6.0,4.95,14.0,0.5,1000.06,1028.5,1029.48,1019.32,6.0,15.09,14.0,0.5,,,,,,,,,,,,,,,,,,,,,,,,,,,,,,,,,,,,,,,,,,,,,,,,,,,,,,,,,,,,,,,,,,,,,,,,,,,,,,,,,,,,,,,,,,,,,,,,,,,,,,,,,,,,,,,,,,,,,,,,,,,,,,,,,,
1875,10,48.9,-39.4,,,,,,,,,,,,,,,,,,,,,,,,,,,,,,,,,,,14.14,15.4,22.6,16.78,6.0,5.09,18.0,0.5,3.42,7.31,11.94,7.64,6.0,5.53,18.0,0.5,10.56,13.47,17.26,14.22,6.0,4.56,18.0,0.5,1005.49,1005.9,1006.51,1006.0,3.0,0.75,16.0,0.3,,,,,,,,,,,,,,,,,,,,,,,,,,,,,,,,,,,,,,,,,,,,,,,,,,,,,,,,,,,,,,,,,,,,,,,,,,,,,,,,,,,,,,,,,,,,,,,,,,,,,,,,,,,,,,,,,,,,,,,,,,,,,,,,,,
1875,10,48.9,-29.4,,,,,,,,,,,,,,,,,,,,,,,,,,,,,,,,,,,7.94,9.3,9.3,8.65,4.0,1.3,30.0,0.3,-8.62,-7.6,-6.36,-7.5,4.0,1.31,30.0,0.3,-3.48,-0.43,4.69,0.56,4.0,4.94,30.0,0.3,1023.05,1023.3,1023.5,1023.28,4.0,0.26,30.0,0.3,,,,,,,,,,,,,,,,,,,,,,,,,,,,,,,,,,,,,,,,,,,,,,,,,,,,,,,,,,,,,,,,,,,,,,,,,,,,,,,,,,,,,,,,,,,,,,,,,,,,,,,,,,,,,,,,,,,,,,,,,,,,,,,,,,
1875,10,48.9,12.6,,,,,,,,,,,,,,,,,,,,,,,,,,,,,,,,,,,4.6,4.6,6.03,5.3,3.0,1.21,30.0,1.0,-6.03,-4.6,-4.6,-5.3,3.0,1.21,30.0,1.0,0.0,0.0,0.0,0.0,3.0,0.0,30.0,1.0,1011.7,1011.9,1011.9,1011.8,3.0,0.17,30.0,1.0,,,,,,,,,,,,,,,,,,,,,,,,,,,,,,,,,,,,,,,,,,,,,,,,,,,,,,,,,,,,,,,,,,,,,,,,,,,,,,,,,,,,,,,,,,,,,,,,,,,,,,,,,,,,,,,,,,,,,,,,,,,,,,,,,,
1875,10,50.9,-43.4,,,,,,,,,,,,,,,,,,,,,,,,,,,,,,,,,,,8.73,13.85,16.14,12.75,6.0,5.07,14.0,0.8,7.21,12.53,16.14,11.43,6.0,6.51,14.0,0.8,-0.95,0.0,4.69,1.28,6.0,4.45,14.0,0.8,995.62,997.8,998.35,997.0,3.0,2.12,26.0,0.7,,,,,,,,,,,,,,,,,,,,,,,,,,,,,,,,,,,,,,,,,,,,,,,,,,,,,,,,,,,,,,,,,,,,,,,,,,,,,,,,,,,,,,,,,,,,,,,,,,,,,,,,,,,,,,,,,,,,,,,,,,,,,,,,,,
1875,10,50.9,-41.4,,,,,,,,,,,,,,,,,,,,,,,,,,,,,,,,,,,4.6,4.6,7.24,5.73,6.0,1.94,14.0,0.5,1.72,3.76,5.12,3.71,6.0,1.88,14.0,0.5,-4.36,-3.76,2.73,-1.37,6.0,4.57,14.0,0.5,1001.91,1026.7,1028.17,1018.82,6.0,13.57,14.0,0.5,,,,,,,,,,,,,,,,,,,,,,,,,,,,,,,,,,,,,,,,,,,,,,,,,,,,,,,,,,,,,,,,,,,,,,,,,,,,,,,,,,,,,,,,,,,,,,,,,,,,,,,,,,,,,,,,,,,,,,,,,,,,,,,,,,
1875,10,50.9,-39.4,,,,,,,,,,,,,,,,,,,,,,,,,,,,,,,,,,,13.6,15.4,15.4,13.95,6.0,3.55,20.0,0.5,6.02,6.02,6.16,6.13,6.0,0.28,20.0,0.5,11.25,14.18,14.18,11.81,6.0,5.79,20.0,0.5,1006.35,1006.9,1007.45,1006.9,2.0,1.13,16.0,1.0,,,,,,,,,,,,,,,,,,,,,,,,,,,,,,,,,,,,,,,,,,,,,,,,,,,,,,,,,,,,,,,,,,,,,,,,,,,,,,,,,,,,,,,,,,,,,,,,,,,,,,,,,,,,,,,,,,,,,,,,,,,,,,,,,,
1875,10,50.9,-27.4,,,,,,,,,,,,,,,,,,,,,,,,,,,,,,,,,,,6.7,6.7,11.49,8.87,9.0,3.13,24.0,0.4,-8.68,-6.21,0.0,-4.92,9.0,5.18,24.0,0.4,-6.7,-6.7,-2.77,-4.67,9.0,4.42,24.0,0.4,1024.61,1026.2,1027.62,1026.3,5.0,2.31,30.0,0.6,,,,,,,,,,,,,,,,,,,,,,,,,,,,,,,,,,,,,,,,,,,,,,,,,,,,,,,,,,,,,,,,,,,,,,,,,,,,,,,,,,,,,,,,,,,,,,,,,,,,,,,,,,,,,,,,,,,,,,,,,,,,,,,,,,
1875,10,50.9,12.6,,,,,,,,,,,,,,,,,,,,,,,,,,,,,,,,,,,0.0,1.0,2.6,1.24,5.0,1.31,18.0,0.0,-2.12,-1.0,0.0,-1.09,5.0,1.14,18.0,0.0,-0.67,0.0,0.0,-0.37,5.0,0.82,18.0,0.0,1012.4,1012.6,1012.6,1012.5,3.0,0.17,30.0,0.0,,,,,,,,,,,,,,,,,,,,,,,,,,,,,,,,,,,,,,,,,,,,,,,,,,,,,,,,,,,,,,,,,,,,,,,,,,,,,,,,,,,,,,,,,,,,,,,,,,,,,,,,,,,,,,,,,,,,,,,,,,,,,,,,,,
1875,10,52.9,-43.4,,,,,,,,,,,,,,,,,,,,,,,,,,,,,,,,,,,11.39,12.3,13.43,12.42,5.0,1.99,18.0,0.2,10.23,12.3,12.3,11.38,5.0,1.42,18.0,0.2,0.0,0.0,6.31,2.91,5.0,4.73,18.0,0.2,999.63,999.7,1000.79,1000.2,3.0,0.95,26.0,0.3,,,,,,,,,,,,,,,,,,,,,,,,,,,,,,,,,,,,,,,,,,,,,,,,,,,,,,,,,,,,,,,,,,,,,,,,,,,,,,,,,,,,,,,,,,,,,,,,,,,,,,,,,,,,,,,,,,,,,,,,,,,,,,,,,,
1875,10,52.9,-41.4,,,,,,,,,,,,,,,,,,,,,,,,,,,,,,,,,,,3.86,4.6,7.86,5.63,6.0,3.75,24.0,0.5,-0.99,2.13,4.63,1.46,6.0,3.62,24.0,0.5,-6.1,-3.93,0.0,-3.99,6.0,4.17,24.0,0.5,990.19,995.1,1015.03,1002.43,3.0,19.28,20.0,0.3,,,,,,,,,,,,,,,,,,,,,,,,,,,,,,,,,,,,,,,,,,,,,,,,,,,,,,,,,,,,,,,,,,,,,,,,,,,,,,,,,,,,,,,,,,,,,,,,,,,,,,,,,,,,,,,,,,,,,,,,,,,,,,,,,,
1875,10,52.9,-39.4,,,,,,,,,,,,,,,,,,,,,,,,,,,,,,,,,,,9.3,15.4,27.0,18.69,7.0,9.21,18.0,0.4,0.0,6.02,19.09,9.73,7.0,9.79,18.0,0.4,-9.3,14.18,19.09,9.63,7.0,13.33,18.0,0.4,1001.6,1003.2,1021.52,1009.82,5.0,10.99,14.0,0.2,,,,,,,,,,,,,,,,,,,,,,,,,,,,,,,,,,,,,,,,,,,,,,,,,,,,,,,,,,,,,,,,,,,,,,,,,,,,,,,,,,,,,,,,,,,,,,,,,,,,,,,,,,,,,,,,,,,,,,,,,,,,,,,,,,
1875,10,52.9,-27.4,,,,,,,,,,,,,,,,,,,,,,,,,,,,,,,,,,,5.17,12.3,14.56,10.03,9.0,4.39,22.0,0.7,-7.91,-4.61,0.0,-3.84,9.0,4.14,22.0,0.7,-6.13,8.7,11.4,3.79,9.0,9.09,22.0,0.7,1029.89,1030.1,1030.47,1030.17,4.0,0.46,30.0,0.8,,,,,,,,,,,,,,,,,,,,,,,,,,,,,,,,,,,,,,,,,,,,,,,,,,,,,,,,,,,,,,,,,,,,,,,,,,,,,,,,,,,,,,,,,,,,,,,,,,,,,,,,,,,,,,,,,,,,,,,,,,,,,,,,,,
1875,10,52.9,12.6,,,,,,,,,,,,,,,,,,,,,,,,,,,,,,,,,,,0.48,1.8,4.75,2.58,4.0,2.95,30.0,0.8,-3.36,-1.27,-0.34,-1.82,4.0,2.09,30.0,0.8,-0.37,0.92,3.36,1.47,4.0,2.43,30.0,0.8,1013.19,1013.4,1013.61,1013.4,4.0,0.33,30.0,0.8,,,,,,,,,,,,,,,,,,,,,,,,,,,,,,,,,,,,,,,,,,,,,,,,,,,,,,,,,,,,,,,,,,,,,,,,,,,,,,,,,,,,,,,,,,,,,,,,,,,,,,,,,,,,,,,,,,,,,,,,,,,,,,,,,,
1875,10,54.9,-43.4,,,,,,,,,,,,,,,,,,,,,,,,,,,,,,,,,,,0.95,6.7,10.07,7.06,7.0,5.34,18.0,0.6,0.67,6.7,9.9,6.95,7.0,5.37,18.0,0.6,-1.87,0.0,0.06,-0.45,7.0,1.13,18.0,0.6,1001.93,1004.7,1004.9,1003.48,4.0,2.59,26.0,0.5,,,,,,,,,,,,,,,,,,,,,,,,,,,,,,,,,,,,,,,,,,,,,,,,,,,,,,,,,,,,,,,,,,,,,,,,,,,,,,,,,,,,,,,,,,,,,,,,,,,,,,,,,,,,,,,,,,,,,,,,,,,,,,,,,,
1875,10,54.9,-41.4,,,,,,,,,,,,,,,,,,,,,,,,,,,,,,,,,,,5.6,8.0,10.87,8.23,4.0,3.33,28.0,0.3,5.6,8.0,10.87,8.23,4.0,3.33,28.0,0.3,0.0,0.0,0.0,0.0,4.0,0.0,28.0,0.3,983.89,984.4,985.17,984.53,4.0,0.83,28.0,0.3,,,,,,,,,,,,,,,,,,,,,,,,,,,,,,,,,,,,,,,,,,,,,,,,,,,,,,,,,,,,,,,,,,,,,,,,,,,,,,,,,,,,,,,,,,,,,,,,,,,,,,,,,,,,,,,,,,,,,,,,,,,,,,,,,,
1875,10,54.9,-39.4,,,,,,,,,,,,,,,,,,,,,,,,,,,,,,,,,,,8.33,9.3,12.3,9.52,6.0,2.82,22.0,0.2,0.0,1.77,2.08,1.43,6.0,1.25,22.0,0.2,-12.3,6.19,9.13,1.01,6.0,10.56,22.0,0.2,1000.99,1009.95,1018.71,1009.85,4.0,10.26,14.0,0.5,,,,,,,,,,,,,,,,,,,,,,,,,,,,,,,,,,,,,,,,,,,,,,,,,,,,,,,,,,,,,,,,,,,,,,,,,,,,,,,,,,,,,,,,,,,,,,,,,,,,,,,,,,,,,,,,,,,,,,,,,,,,,,,,,,
1875,10,54.9,-27.4,,,,,,,,,,,,,,,,,,,,,,,,,,,,,,,,,,,4.6,15.4,15.4,11.35,8.0,5.59,22.0,0.5,-5.33,0.0,0.0,-1.67,8.0,2.61,22.0,0.5,-4.56,14.28,15.4,7.67,8.0,10.07,22.0,0.5,1028.92,1028.95,1028.98,1028.95,2.0,0.07,30.0,1.0,,,,,,,,,,,,,,,,,,,,,,,,,,,,,,,,,,,,,,,,,,,,,,,,,,,,,,,,,,,,,,,,,,,,,,,,,,,,,,,,,,,,,,,,,,,,,,,,,,,,,,,,,,,,,,,,,,,,,,,,,,,,,,,,,,
1875,10,54.9,12.6,,,,,,,,,,,,,,,,,,,,,,,,,,,,,,,,,,,6.7,6.7,6.7,6.7,2.0,0.0,30.0,0.0,-6.17,-6.17,-6.17,-6.17,2.0,0.0,30.0,0.0,2.62,2.62,2.62,2.62,2.0,0.0,30.0,0.0,1012.6,1012.6,1012.6,1012.6,2.0,0.0,30.0,0.0,,,,,,,,,,,,,,,,,,,,,,,,,,,,,,,,,,,,,,,,,,,,,,,,,,,,,,,,,,,,,,,,,,,,,,,,,,,,,,,,,,,,,,,,,,,,,,,,,,,,,,,,,,,,,,,,,,,,,,,,,,,,,,,,,,
1875,10,56.9,-43.4,,,,,,,,,,,,,,,,,,,,,,,,,,,,,,,,,,,2.54,6.95,15.4,9.03,10.0,6.74,20.0,0.5,-2.08,3.74,14.71,5.14,10.0,8.26,20.0,0.5,-7.47,-3.1,-0.43,-4.14,10.0,4.42,20.0,0.5,988.0,988.8,991.87,990.26,7.0,2.7,28.0,0.4,,,,,,,,,,,,,,,,,,,,,,,,,,,,,,,,,,,,,,,,,,,,,,,,,,,,,,,,,,,,,,,,,,,,,,,,,,,,,,,,,,,,,,,,,,,,,,,,,,,,,,,,,,,,,,,,,,,,,,,,,,,,,,,,,,
1875,10,56.9,-41.4,,,,,,,,,,,,,,,,,,,,,,,,,,,,,,,,,,,6.7,6.7,6.7,6.7,4.0,0.0,28.0,0.8,2.26,5.47,6.21,4.29,4.0,2.94,28.0,0.8,2.51,3.62,5.77,4.11,4.0,2.02,28.0,0.8,984.43,985.45,987.72,986.05,4.0,2.26,28.0,0.8,,,,,,,,,,,,,,,,,,,,,,,,,,,,,,,,,,,,,,,,,,,,,,,,,,,,,,,,,,,,,,,,,,,,,,,,,,,,,,,,,,,,,,,,,,,,,,,,,,,,,,,,,,,,,,,,,,,,,,,,,,,,,,,,,,
1875,10,56.9,-39.4,,,,,,,,,,,,,,,,,,,,,,,,,,,,,,,,,,,2.82,10.8,21.46,10.91,8.0,8.34,20.0,0.8,0.0,1.76,14.68,4.51,8.0,7.43,20.0,0.8,-11.89,-1.09,14.21,-0.42,8.0,11.27,20.0,0.8,1001.03,1003.1,1016.7,1007.7,5.0,8.26,14.0,0.6,,,,,,,,,,,,,,,,,,,,,,,,,,,,,,,,,,,,,,,,,,,,,,,,,,,,,,,,,,,,,,,,,,,,,,,,,,,,,,,,,,,,,,,,,,,,,,,,,,,,,,,,,,,,,,,,,,,,,,,,,,,,,,,,,,
1875,10,56.9,-33.4,,,,,,,,,,,,,,,,,,,,,,,,,,,,,,,,,,,9.78,10.8,11.82,10.8,2.0,2.12,30.0,1.0,6.91,7.64,8.36,7.64,2.0,1.5,30.0,1.0,6.91,7.64,8.36,7.64,2.0,1.5,30.0,1.0,1018.13,1019.95,1021.92,1020.03,4.0,2.22,30.0,0.5,,,,,,,,,,,,,,,,,,,,,,,,,,,,,,,,,,,,,,,,,,,,,,,,,,,,,,,,,,,,,,,,,,,,,,,,,,,,,,,,,,,,,,,,,,,,,,,,,,,,,,,,,,,,,,,,,,,,,,,,,,,,,,,,,,
1875,10,56.9,-27.4,,,,,,,,,,,,,,,,,,,,,,,,,,,,,,,,,,,6.31,10.0,13.69,10.0,2.0,7.64,28.0,0.5,3.69,4.63,5.58,4.63,2.0,1.95,28.0,0.5,-0.49,5.46,11.41,5.46,2.0,12.32,28.0,0.5,1017.05,1021.4,1026.2,1021.66,5.0,5.31,28.0,0.4,,,,,,,,,,,,,,,,,,,,,,,,,,,,,,,,,,,,,,,,,,,,,,,,,,,,,,,,,,,,,,,,,,,,,,,,,,,,,,,,,,,,,,,,,,,,,,,,,,,,,,,,,,,,,,,,,,,,,,,,,,,,,,,,,,
1875,10,58.9,-43.4,,,,,,,,,,,,,,,,,,,,,,,,,,,,,,,,,,,1.0,5.15,22.6,9.58,6.0,10.58,20.0,0.5,1.0,5.15,22.27,9.51,6.0,10.48,20.0,0.5,-0.89,0.0,0.0,-0.72,6.0,1.76,20.0,0.5,990.67,992.3,993.46,992.08,4.0,1.7,28.0,0.8,,,,,,,,,,,,,,,,,,,,,,,,,,,,,,,,,,,,,,,,,,,,,,,,,,,,,,,,,,,,,,,,,,,,,,,,,,,,,,,,,,,,,,,,,,,,,,,,,,,,,,,,,,,,,,,,,,,,,,,,,,,,,,,,,,
1875,10,58.9,-41.4,,,,,,,,,,,,,,,,,,,,,,,,,,,,,,,,,,,7.59,9.5,11.41,9.5,2.0,3.96,28.0,0.0,7.45,9.05,10.66,9.05,2.0,3.33,28.0,0.0,0.73,2.3,3.88,2.3,2.0,3.26,28.0,0.0,989.24,990.2,991.16,990.2,2.0,1.98,28.0,0.0,,,,,,,,,,,,,,,,,,,,,,,,,,,,,,,,,,,,,,,,,,,,,,,,,,,,,,,,,,,,,,,,,,,,,,,,,,,,,,,,,,,,,,,,,,,,,,,,,,,,,,,,,,,,,,,,,,,,,,,,,,,,,,,,,,
1875,10,58.9,-39.4,,,,,,,,,,,,,,,,,,,,,,,,,,,,,,,,,,,9.3,12.3,19.0,13.8,7.0,4.12,18.0,0.3,-4.93,6.58,14.44,4.29,7.0,10.03,18.0,0.3,-11.62,-6.58,5.83,-5.35,7.0,9.15,18.0,0.3,1003.74,1011.7,1012.72,1008.98,5.0,4.94,14.0,0.4,,,,,,,,,,,,,,,,,,,,,,,,,,,,,,,,,,,,,,,,,,,,,,,,,,,,,,,,,,,,,,,,,,,,,,,,,,,,,,,,,,,,,,,,,,,,,,,,,,,,,,,,,,,,,,,,,,,,,,,,,,,,,,,,,,
1875,10,58.9,-33.4,,,,,,,,,,,,,,,,,,,,,,,,,,,,,,,,,,,3.55,4.6,5.7,4.63,4.0,1.67,30.0,0.5,-4.51,-3.05,-0.88,-2.71,4.0,2.21,30.0,0.5,-1.78,1.44,4.67,1.44,4.0,3.72,30.0,0.5,1023.63,1025.4,1027.2,1025.34,5.0,1.93,30.0,0.4,,,,,,,,,,,,,,,,,,,,,,,,,,,,,,,,,,,,,,,,,,,,,,,,,,,,,,,,,,,,,,,,,,,,,,,,,,,,,,,,,,,,,,,,,,,,,,,,,,,,,,,,,,,,,,,,,,,,,,,,,,,,,,,,,,
1875,10,58.9,-27.4,,,,,,,,,,,,,,,,,,,,,,,,,,,,,,,,,,,4.55,6.7,6.7,5.68,4.0,2.05,28.0,0.0,-0.96,1.25,3.68,1.35,4.0,2.88,28.0,0.0,-6.47,-5.47,-1.29,-3.95,4.0,3.95,28.0,0.0,1016.52,1018.0,1019.28,1017.98,5.0,1.64,28.0,0.2,,,,,,,,,,,,,,,,,,,,,,,,,,,,,,,,,,,,,,,,,,,,,,,,,,,,,,,,,,,,,,,,,,,,,,,,,,,,,,,,,,,,,,,,,,,,,,,,,,,,,,,,,,,,,,,,,,,,,,,,,,,,,,,,,,
1875,10,58.9,-25.4,,,,,,,,,,,,,,,,,,,,,,,,,,,,,,,,,,,4.6,6.7,9.3,6.91,10.0,2.41,24.0,0.7,-7.71,-6.17,-3.25,-5.65,10.0,2.13,24.0,0.7,1.12,3.25,4.26,2.37,10.0,3.56,24.0,0.7,1021.04,1021.4,1022.82,1021.49,7.0,1.82,30.0,0.7,,,,,,,,,,,,,,,,,,,,,,,,,,,,,,,,,,,,,,,,,,,,,,,,,,,,,,,,,,,,,,,,,,,,,,,,,,,,,,,,,,,,,,,,,,,,,,,,,,,,,,,,,,,,,,,,,,,,,,,,,,,,,,,,,,
1875,10,60.9,-43.4,,,,,,,,,,,,,,,,,,,,,,,,,,,,,,,,,,,7.58,12.3,24.13,15.12,5.0,9.29,20.0,0.6,-1.68,0.0,23.69,8.78,5.0,14.32,20.0,0.6,4.49,5.11,10.07,6.95,5.0,3.21,20.0,0.6,995.3,995.3,997.48,996.37,3.0,1.85,28.0,0.3,,,,,,,,,,,,,,,,,,,,,,,,,,,,,,,,,,,,,,,,,,,,,,,,,,,,,,,,,,,,,,,,,,,,,,,,,,,,,,,,,,,,,,,,,,,,,,,,,,,,,,,,,,,,,,,,,,,,,,,,,,,,,,,,,,
1875,10,60.9,-41.4,,,,,,,,,,,,,,,,,,,,,,,,,,,,,,,,,,,9.3,9.3,9.3,9.3,3.0,0.0,30.0,1.0,-3.48,-3.48,-1.11,-2.32,3.0,2.01,30.0,1.0,8.62,8.62,9.09,8.85,3.0,0.39,30.0,1.0,997.7,1000.7,1002.88,1000.3,3.0,3.82,30.0,1.0,,,,,,,,,,,,,,,,,,,,,,,,,,,,,,,,,,,,,,,,,,,,,,,,,,,,,,,,,,,,,,,,,,,,,,,,,,,,,,,,,,,,,,,,,,,,,,,,,,,,,,,,,,,,,,,,,,,,,,,,,,,,,,,,,,
1875,10,60.9,-39.4,,,,,,,,,,,,,,,,,,,,,,,,,,,,,,,,,,,9.8,15.4,19.0,15.19,9.0,4.92,20.0,0.7,1.87,9.02,16.62,9.29,9.0,6.52,20.0,0.7,-15.88,-3.83,6.75,-4.45,9.0,11.04,20.0,0.7,1004.68,1005.5,1011.69,1007.82,5.0,4.24,16.0,0.6,,,,,,,,,,,,,,,,,,,,,,,,,,,,,,,,,,,,,,,,,,,,,,,,,,,,,,,,,,,,,,,,,,,,,,,,,,,,,,,,,,,,,,,,,,,,,,,,,,,,,,,,,,,,,,,,,,,,,,,,,,,,,,,,,,
1875,10,60.9,-33.4,,,,,,,,,,,,,,,,,,,,,,,,,,,,,,,,,,,2.27,2.6,2.6,2.33,6.0,0.65,30.0,0.5,-1.19,0.0,0.38,-0.17,6.0,1.23,30.0,0.5,-2.6,-2.12,-1.67,-2.05,6.0,0.62,30.0,0.5,1022.39,1023.0,1024.03,1023.2,6.0,1.47,30.0,0.5,,,,,,,,,,,,,,,,,,,,,,,,,,,,,,,,,,,,,,,,,,,,,,,,,,,,,,,,,,,,,,,,,,,,,,,,,,,,,,,,,,,,,,,,,,,,,,,,,,,,,,,,,,,,,,,,,,,,,,,,,,,,,,,,,,
1875,10,60.9,-25.4,,,,,,,,,,,,,,,,,,,,,,,,,,,,,,,,,,,5.5,9.3,12.3,8.84,10.0,3.57,28.0,0.5,-10.2,-6.64,-3.02,-6.45,10.0,3.75,28.0,0.5,-2.71,3.32,8.7,2.68,10.0,5.59,28.0,0.5,1018.84,1019.7,1021.5,1020.0,10.0,1.2,28.0,0.5,,,,,,,,,,,,,,,,,,,,,,,,,,,,,,,,,,,,,,,,,,,,,,,,,,,,,,,,,,,,,,,,,,,,,,,,,,,,,,,,,,,,,,,,,,,,,,,,,,,,,,,,,,,,,,,,,,,,,,,,,,,,,,,,,,
1875,10,62.9,-43.4,,,,,,,,,,,,,,,,,,,,,,,,,,,,,,,,,,,13.78,15.4,19.17,16.43,4.0,4.37,18.0,0.8,-3.02,7.14,17.78,7.37,4.0,12.37,18.0,0.8,7.05,10.38,13.34,10.2,4.0,3.82,18.0,0.8,1004.31,1005.85,1007.39,1005.85,2.0,3.18,30.0,1.0,,,,,,,,,,,,,,,,,,,,,,,,,,,,,,,,,,,,,,,,,,,,,,,,,,,,,,,,,,,,,,,,,,,,,,,,,,,,,,,,,,,,,,,,,,,,,,,,,,,,,,,,,,,,,,,,,,,,,,,,,,,,,,,,,,
1875,10,62.9,-41.4,,,,,,,,,,,,,,,,,,,,,,,,,,,,,,,,,,,4.6,6.7,6.7,5.99,8.0,2.01,30.0,0.4,0.0,0.9,2.62,0.85,8.0,2.2,30.0,0.4,2.78,6.17,6.7,4.74,8.0,3.69,30.0,0.4,1012.21,1014.35,1017.46,1014.29,8.0,3.29,30.0,0.4,,,,,,,,,,,,,,,,,,,,,,,,,,,,,,,,,,,,,,,,,,,,,,,,,,,,,,,,,,,,,,,,,,,,,,,,,,,,,,,,,,,,,,,,,,,,,,,,,,,,,,,,,,,,,,,,,,,,,,,,,,,,,,,,,,
1875,10,62.9,-39.4,,,,,,,,,,,,,,,,,,,,,,,,,,,,,,,,,,,10.11,15.4,21.63,14.83,9.0,5.99,18.0,0.6,4.0,8.83,11.32,8.24,9.0,4.83,18.0,0.6,-6.1,-3.25,18.19,4.4,9.0,12.72,18.0,0.6,1005.89,1009.3,1017.5,1011.76,7.0,5.78,16.0,0.6,,,,,,,,,,,,,,,,,,,,,,,,,,,,,,,,,,,,,,,,,,,,,,,,,,,,,,,,,,,,,,,,,,,,,,,,,,,,,,,,,,,,,,,,,,,,,,,,,,,,,,,,,,,,,,,,,,,,,,,,,,,,,,,,,,
1875,10,62.9,-33.4,,,,,,,,,,,,,,,,,,,,,,,,,,,,,,,,,,,2.6,3.6,6.7,4.19,8.0,2.29,12.0,0.4,-3.62,-1.58,2.53,-0.83,8.0,2.83,12.0,0.4,-1.29,0.9,6.1,2.05,8.0,3.42,12.0,0.4,1020.6,1020.6,1020.6,1020.6,1.0,0.0,30.0,0.0,,,,,,,,,,,,,,,,,,,,,,,,,,,,,,,,,,,,,,,,,,,,,,,,,,,,,,,,,,,,,,,,,,,,,,,,,,,,,,,,,,,,,,,,,,,,,,,,,,,,,,,,,,,,,,,,,,,,,,,,,,,,,,,,,,
1875,10,62.9,-25.4,,,,,,,,,,,,,,,,,,,,,,,,,,,,,,,,,,,6.7,6.7,15.4,9.6,6.0,4.49,26.0,0.8,-10.89,0.0,5.03,-1.81,6.0,7.46,26.0,0.8,-3.06,6.7,10.89,4.64,6.0,6.74,26.0,0.8,1016.6,1016.7,1018.74,1017.32,11.0,1.25,26.0,0.6,,,,,,,,,,,,,,,,,,,,,,,,,,,,,,,,,,,,,,,,,,,,,,,,,,,,,,,,,,,,,,,,,,,,,,,,,,,,,,,,,,,,,,,,,,,,,,,,,,,,,,,,,,,,,,,,,,,,,,,,,,,,,,,,,,
1875,10,62.9,-23.4,,,,,,,,,,,,,,,,,,,,,,,,,,,,,,,,,,,6.84,9.3,9.3,8.13,4.0,2.35,12.0,0.3,-6.58,-5.03,-0.76,-3.73,4.0,3.92,12.0,0.3,0.9,6.58,7.65,4.38,4.0,5.84,12.0,0.3,1017.2,1017.2,1017.2,1017.2,1.0,0.0,24.0,1.0,,,,,,,,,,,,,,,,,,,,,,,,,,,,,,,,,,,,,,,,,,,,,,,,,,,,,,,,,,,,,,,,,,,,,,,,,,,,,,,,,,,,,,,,,,,,,,,,,,,,,,,,,,,,,,,,,,,,,,,,,,,,,,,,,,
1875,10,64.9,-41.4,,,,,,,,,,,,,,,,,,,,,,,,,,,,,,,,,,,2.6,6.7,9.3,6.64,9.0,3.84,26.0,0.3,-0.73,4.74,6.58,3.66,9.0,3.57,26.0,0.3,-6.58,-4.74,0.0,-3.9,9.0,4.41,26.0,0.3,1017.3,1019.4,1024.38,1019.59,9.0,5.35,26.0,0.3,,,,,,,,,,,,,,,,,,,,,,,,,,,,,,,,,,,,,,,,,,,,,,,,,,,,,,,,,,,,,,,,,,,,,,,,,,,,,,,,,,,,,,,,,,,,,,,,,,,,,,,,,,,,,,,,,,,,,,,,,,,,,,,,,,
1875,10,64.9,-39.4,,,,,,,,,,,,,,,,,,,,,,,,,,,,,,,,,,,9.43,12.3,15.4,12.61,9.0,4.29,18.0,0.3,4.1,8.12,13.68,8.58,9.0,5.8,18.0,0.3,-12.75,0.0,5.69,-2.17,9.0,8.7,18.0,0.3,1007.45,1012.95,1017.94,1012.63,6.0,5.98,16.0,0.3,,,,,,,,,,,,,,,,,,,,,,,,,,,,,,,,,,,,,,,,,,,,,,,,,,,,,,,,,,,,,,,,,,,,,,,,,,,,,,,,,,,,,,,,,,,,,,,,,,,,,,,,,,,,,,,,,,,,,,,,,,,,,,,,,,
1875,10,64.9,-25.4,,,,,,,,,,,,,,,,,,,,,,,,,,,,,,,,,,,5.27,6.7,10.52,7.87,3.0,3.98,30.0,0.3,-6.77,-2.62,-0.83,-3.77,3.0,4.46,30.0,0.3,-2.75,4.6,7.4,2.38,3.0,7.68,30.0,0.3,1015.59,1016.0,1017.37,1016.47,3.0,1.36,30.0,0.3,,,,,,,,,,,,,,,,,,,,,,,,,,,,,,,,,,,,,,,,,,,,,,,,,,,,,,,,,,,,,,,,,,,,,,,,,,,,,,,,,,,,,,,,,,,,,,,,,,,,,,,,,,,,,,,,,,,,,,,,,,,,,,,,,,
1875,10,64.9,-23.4,,,,,,,,,,,,,,,,,,,,,,,,,,,,,,,,,,,2.6,6.7,10.06,6.69,12.0,3.51,22.0,0.5,-8.85,-3.93,-1.83,-4.57,12.0,3.3,22.0,0.5,-3.5,-1.84,2.21,-0.39,12.0,5.22,22.0,0.5,1016.43,1016.6,1017.61,1016.77,9.0,0.77,24.0,0.4,,,,,,,,,,,,,,,,,,,,,,,,,,,,,,,,,,,,,,,,,,,,,,,,,,,,,,,,,,,,,,,,,,,,,,,,,,,,,,,,,,,,,,,,,,,,,,,,,,,,,,,,,,,,,,,,,,,,,,,,,,,,,,,,,,
1875,10,66.9,-41.4,,,,,,,,,,,,,,,,,,,,,,,,,,,,,,,,,,,12.16,12.3,15.4,12.76,7.0,2.11,22.0,0.7,8.6,11.32,14.23,11.26,7.0,3.0,22.0,0.7,-6.68,-4.81,-4.58,-5.1,7.0,2.65,22.0,0.7,1004.15,1016.4,1022.14,1013.77,7.0,11.2,22.0,0.7,,,,,,,,,,,,,,,,,,,,,,,,,,,,,,,,,,,,,,,,,,,,,,,,,,,,,,,,,,,,,,,,,,,,,,,,,,,,,,,,,,,,,,,,,,,,,,,,,,,,,,,,,,,,,,,,,,,,,,,,,,,,,,,,,,
1875,10,66.9,-39.4,,,,,,,,,,,,,,,,,,,,,,,,,,,,,,,,,,,13.78,15.4,17.29,15.53,4.0,2.74,16.0,0.8,5.16,8.33,15.14,10.07,4.0,6.55,16.0,0.8,-12.91,-5.7,5.7,-3.7,4.0,11.52,16.0,0.8,1003.61,1009.5,1015.54,1009.58,4.0,6.91,16.0,0.8,,,,,,,,,,,,,,,,,,,,,,,,,,,,,,,,,,,,,,,,,,,,,,,,,,,,,,,,,,,,,,,,,,,,,,,,,,,,,,,,,,,,,,,,,,,,,,,,,,,,,,,,,,,,,,,,,,,,,,,,,,,,,,,,,,
1875,10,66.9,-23.4,,,,,,,,,,,,,,,,,,,,,,,,,,,,,,,,,,,2.6,4.6,6.54,5.18,11.0,2.99,26.0,0.5,-6.26,-4.23,-2.41,-4.92,11.0,3.03,26.0,0.5,-1.33,0.0,1.8,-0.17,11.0,1.64,26.0,0.5,1017.52,1018.9,1020.11,1018.7,15.0,1.56,26.0,0.6,,,,,,,,,,,,,,,,,,,,,,,,,,,,,,,,,,,,,,,,,,,,,,,,,,,,,,,,,,,,,,,,,,,,,,,,,,,,,,,,,,,,,,,,,,,,,,,,,,,,,,,,,,,,,,,,,,,,,,,,,,,,,,,,,,
1875,10,68.9,-41.4,,,,,,,,,,,,,,,,,,,,,,,,,,,,,,,,,,,11.68,13.85,15.4,13.35,6.0,2.5,18.0,0.8,8.68,9.79,14.43,11.08,6.0,3.02,18.0,0.8,-9.15,-3.01,4.56,-2.24,6.0,7.59,18.0,0.8,1005.78,1011.8,1017.67,1011.72,5.0,6.0,20.0,0.8,,,,,,,,,,,,,,,,,,,,,,,,,,,,,,,,,,,,,,,,,,,,,,,,,,,,,,,,,,,,,,,,,,,,,,,,,,,,,,,,,,,,,,,,,,,,,,,,,,,,,,,,,,,,,,,,,,,,,,,,,,,,,,,,,,
1875,10,68.9,-39.4,,,,,,,,,,,,,,,,,,,,,,,,,,,,,,,,,,,12.16,15.4,19.0,15.63,7.0,3.77,18.0,0.4,5.66,8.7,17.62,10.17,7.0,5.58,18.0,0.4,-14.44,-8.62,7.3,-3.44,7.0,11.56,18.0,0.4,1002.5,1005.8,1016.48,1008.3,6.0,6.88,20.0,0.3,,,,,,,,,,,,,,,,,,,,,,,,,,,,,,,,,,,,,,,,,,,,,,,,,,,,,,,,,,,,,,,,,,,,,,,,,,,,,,,,,,,,,,,,,,,,,,,,,,,,,,,,,,,,,,,,,,,,,,,,,,,,,,,,,,
1875,10,68.9,-23.4,,,,,,,,,,,,,,,,,,,,,,,,,,,,,,,,,,,4.6,5.65,11.26,7.83,4.0,5.15,24.0,0.5,-7.9,-4.6,-3.5,-5.65,4.0,3.63,24.0,0.5,0.0,3.11,8.66,4.28,4.0,5.29,24.0,0.5,1016.75,1019.1,1020.77,1018.78,4.0,2.44,24.0,0.5,,,,,,,,,,,,,,,,,,,,,,,,,,,,,,,,,,,,,,,,,,,,,,,,,,,,,,,,,,,,,,,,,,,,,,,,,,,,,,,,,,,,,,,,,,,,,,,,,,,,,,,,,,,,,,,,,,,,,,,,,,,,,,,,,,
1875,10,68.9,-21.4,,,,,,,,,,,,,,,,,,,,,,,,,,,,,,,,,,,3.46,4.6,6.7,4.83,10.0,1.52,14.0,0.5,-5.5,-4.27,-2.6,-4.17,10.0,1.33,14.0,0.5,-1.72,0.0,2.62,0.81,10.0,2.54,14.0,0.5,1017.6,1017.8,1019.12,1018.28,5.0,0.87,24.0,0.4,,,,,,,,,,,,,,,,,,,,,,,,,,,,,,,,,,,,,,,,,,,,,,,,,,,,,,,,,,,,,,,,,,,,,,,,,,,,,,,,,,,,,,,,,,,,,,,,,,,,,,,,,,,,,,,,,,,,,,,,,,,,,,,,,,
1875,10,68.9,8.6,,,,,,,,,,,,,,,,,,,,,,,,,,,,,,,,,,,4.6,4.6,4.6,4.6,1.0,0.0,30.0,0.0,-3.25,-3.25,-3.25,-3.25,1.0,0.0,30.0,0.0,-3.25,-3.25,-3.25,-3.25,1.0,0.0,30.0,0.0,1009.8,1009.8,1009.8,1009.8,1.0,0.0,30.0,0.0,,,,,,,,,,,,,,,,,,,,,,,,,,,,,,,,,,,,,,,,,,,,,,,,,,,,,,,,,,,,,,,,,,,,,,,,,,,,,,,,,,,,,,,,,,,,,,,,,,,,,,,,,,,,,,,,,,,,,,,,,,,,,,,,,,
1875,10,70.9,-41.4,,,,,,,,,,,,,,,,,,,,,,,,,,,,,,,,,,,15.97,17.2,18.43,17.2,2.0,2.55,16.0,0.0,11.29,12.16,13.03,12.16,2.0,1.8,16.0,0.0,-9.57,-1.27,7.03,-1.27,2.0,17.2,16.0,0.0,1007.88,1011.5,1015.12,1011.5,2.0,7.5,16.0,0.0,,,,,,,,,,,,,,,,,,,,,,,,,,,,,,,,,,,,,,,,,,,,,,,,,,,,,,,,,,,,,,,,,,,,,,,,,,,,,,,,,,,,,,,,,,,,,,,,,,,,,,,,,,,,,,,,,,,,,,,,,,,,,,,,,,
1875,10,70.9,-39.4,,,,,,,,,,,,,,,,,,,,,,,,,,,,,,,,,,,15.4,15.4,19.92,16.74,12.0,4.37,24.0,0.3,8.26,10.89,13.65,11.1,12.0,3.46,24.0,0.3,-10.89,-10.89,14.84,-2.27,12.0,13.15,24.0,0.3,1003.55,1005.1,1013.83,1006.86,12.0,4.44,24.0,0.3,,,,,,,,,,,,,,,,,,,,,,,,,,,,,,,,,,,,,,,,,,,,,,,,,,,,,,,,,,,,,,,,,,,,,,,,,,,,,,,,,,,,,,,,,,,,,,,,,,,,,,,,,,,,,,,,,,,,,,,,,,,,,,,,,,
1875,10,70.9,-37.4,,,,,,,,,,,,,,,,,,,,,,,,,,,,,,,,,,,19.0,19.0,19.0,19.0,1.0,0.0,14.0,1.0,7.12,7.12,7.12,7.12,1.0,0.0,14.0,1.0,-17.62,-17.62,-17.62,-17.62,1.0,0.0,14.0,1.0,1014.3,1014.3,1014.3,1014.3,1.0,0.0,14.0,1.0,,,,,,,,,,,,,,,,,,,,,,,,,,,,,,,,,,,,,,,,,,,,,,,,,,,,,,,,,,,,,,,,,,,,,,,,,,,,,,,,,,,,,,,,,,,,,,,,,,,,,,,,,,,,,,,,,,,,,,,,,,,,,,,,,,
1875,10,70.9,-21.4,,,,,,,,,,,,,,,,,,,,,,,,,,,,,,,,,,,2.6,4.6,6.7,5.24,17.0,2.65,20.0,0.4,-6.17,-4.23,-2.5,-4.39,17.0,2.03,20.0,0.4,0.55,1.84,4.14,2.52,17.0,2.18,20.0,0.4,1016.2,1017.65,1018.96,1017.37,14.0,1.49,24.0,0.5,,,,,,,,,,,,,,,,,,,,,,,,,,,,,,,,,,,,,,,,,,,,,,,,,,,,,,,,,,,,,,,,,,,,,,,,,,,,,,,,,,,,,,,,,,,,,,,,,,,,,,,,,,,,,,,,,,,,,,,,,,,,,,,,,,
1875,10,70.9,8.6,,,,,,,,,,,,,,,,,,,,,,,,,,,,,,,,,,,0.83,2.6,2.6,1.73,3.0,1.5,30.0,0.3,0.58,1.84,1.84,1.23,3.0,1.06,30.0,0.3,-1.84,-1.84,-0.58,-1.23,3.0,1.06,30.0,0.3,1009.35,1009.9,1009.97,1009.67,3.0,0.49,30.0,0.3,,,,,,,,,,,,,,,,,,,,,,,,,,,,,,,,,,,,,,,,,,,,,,,,,,,,,,,,,,,,,,,,,,,,,,,,,,,,,,,,,,,,,,,,,,,,,,,,,,,,,,,,,,,,,,,,,,,,,,,,,,,,,,,,,,
1875,10,72.9,-39.4,,,,,,,,,,,,,,,,,,,,,,,,,,,,,,,,,,,15.4,15.4,19.0,16.26,9.0,2.29,20.0,0.6,10.89,10.89,13.44,11.5,9.0,2.04,20.0,0.6,-10.89,4.61,13.44,1.24,9.0,12.15,20.0,0.6,1007.03,1009.2,1010.2,1008.84,8.0,1.84,20.0,0.5,,,,,,,,,,,,,,,,,,,,,,,,,,,,,,,,,,,,,,,,,,,,,,,,,,,,,,,,,,,,,,,,,,,,,,,,,,,,,,,,,,,,,,,,,,,,,,,,,,,,,,,,,,,,,,,,,,,,,,,,,,,,,,,,,,
1875,10,72.9,-37.4,,,,,,,,,,,,,,,,,,,,,,,,,,,,,,,,,,,19.0,19.0,21.46,20.2,3.0,2.08,14.0,0.7,9.12,13.44,15.17,12.18,3.0,4.56,14.0,0.7,-17.1,-15.98,-14.24,-15.68,3.0,2.11,14.0,0.7,1014.3,1014.3,1014.57,1014.43,3.0,0.23,14.0,0.7,,,,,,,,,,,,,,,,,,,,,,,,,,,,,,,,,,,,,,,,,,,,,,,,,,,,,,,,,,,,,,,,,,,,,,,,,,,,,,,,,,,,,,,,,,,,,,,,,,,,,,,,,,,,,,,,,,,,,,,,,,,,,,,,,,
1875,10,72.9,-21.4,,,,,,,,,,,,,,,,,,,,,,,,,,,,,,,,,,,3.34,10.8,12.3,9.13,8.0,4.23,22.0,0.4,-11.1,-9.0,-3.09,-7.86,8.0,3.7,22.0,0.4,0.11,3.32,8.27,3.73,8.0,3.59,22.0,0.4,1017.6,1017.7,1018.51,1017.95,8.0,0.54,22.0,0.4,,,,,,,,,,,,,,,,,,,,,,,,,,,,,,,,,,,,,,,,,,,,,,,,,,,,,,,,,,,,,,,,,,,,,,,,,,,,,,,,,,,,,,,,,,,,,,,,,,,,,,,,,,,,,,,,,,,,,,,,,,,,,,,,,,
1875,10,72.9,-19.4,,,,,,,,,,,,,,,,,,,,,,,,,,,,,,,,,,,2.6,6.7,9.44,6.49,7.0,3.98,16.0,0.7,-3.54,-2.51,-2.39,-3.04,7.0,0.86,16.0,0.7,1.02,6.21,8.76,5.42,7.0,4.38,16.0,0.7,1016.55,1017.3,1018.39,1017.47,3.0,1.36,30.0,1.0,,,,,,,,,,,,,,,,,,,,,,,,,,,,,,,,,,,,,,,,,,,,,,,,,,,,,,,,,,,,,,,,,,,,,,,,,,,,,,,,,,,,,,,,,,,,,,,,,,,,,,,,,,,,,,,,,,,,,,,,,,,,,,,,,,
1875,10,72.9,6.6,,,,,,,,,,,,,,,,,,,,,,,,,,,,,,,,,,,4.6,4.6,4.6,4.6,1.0,0.0,30.0,0.0,3.25,3.25,3.25,3.25,1.0,0.0,30.0,0.0,-3.25,-3.25,-3.25,-3.25,1.0,0.0,30.0,0.0,1007.1,1007.1,1007.1,1007.1,1.0,0.0,30.0,0.0,,,,,,,,,,,,,,,,,,,,,,,,,,,,,,,,,,,,,,,,,,,,,,,,,,,,,,,,,,,,,,,,,,,,,,,,,,,,,,,,,,,,,,,,,,,,,,,,,,,,,,,,,,,,,,,,,,,,,,,,,,,,,,,,,,
1875,10,72.9,8.6,,,,,,,,,,,,,,,,,,,,,,,,,,,,,,,,,,,2.92,3.6,4.28,3.6,2.0,1.41,30.0,1.0,2.06,2.55,3.03,2.55,2.0,1.0,30.0,1.0,-3.03,-2.55,-2.06,-2.55,2.0,1.0,30.0,1.0,1008.26,1009.25,1010.24,1009.25,2.0,2.05,30.0,1.0,,,,,,,,,,,,,,,,,,,,,,,,,,,,,,,,,,,,,,,,,,,,,,,,,,,,,,,,,,,,,,,,,,,,,,,,,,,,,,,,,,,,,,,,,,,,,,,,,,,,,,,,,,,,,,,,,,,,,,,,,,,,,,,,,,
1875,10,74.9,-39.4,,,,,,,,,,,,,,,,,,,,,,,,,,,,,,,,,,,11.68,15.65,19.74,15.75,6.0,5.17,12.0,0.3,8.38,11.85,13.96,11.53,6.0,3.14,12.0,0.3,2.76,9.02,16.29,9.17,6.0,7.36,12.0,0.3,1008.18,1008.6,1010.01,1009.07,6.0,1.39,12.0,0.3,,,,,,,,,,,,,,,,,,,,,,,,,,,,,,,,,,,,,,,,,,,,,,,,,,,,,,,,,,,,,,,,,,,,,,,,,,,,,,,,,,,,,,,,,,,,,,,,,,,,,,,,,,,,,,,,,,,,,,,,,,,,,,,,,,
1875,10,74.9,-37.4,,,,,,,,,,,,,,,,,,,,,,,,,,,,,,,,,,,16.54,19.0,19.0,17.8,3.0,2.08,14.0,0.3,11.7,13.44,13.44,12.59,3.0,1.47,14.0,0.3,-13.44,-13.44,-11.7,-12.59,3.0,1.47,14.0,0.3,1012.52,1013.0,1014.09,1013.3,3.0,1.18,14.0,0.3,,,,,,,,,,,,,,,,,,,,,,,,,,,,,,,,,,,,,,,,,,,,,,,,,,,,,,,,,,,,,,,,,,,,,,,,,,,,,,,,,,,,,,,,,,,,,,,,,,,,,,,,,,,,,,,,,,,,,,,,,,,,,,,,,,
1875,10,74.9,-21.4,,,,,,,,,,,,,,,,,,,,,,,,,,,,,,,,,,,12.79,13.85,14.91,13.85,2.0,2.19,18.0,1.0,-10.54,-9.79,-9.05,-9.79,2.0,1.55,18.0,1.0,9.05,9.79,10.54,9.79,2.0,1.55,18.0,1.0,1018.4,1018.4,1018.4,1018.4,2.0,0.0,18.0,1.0,,,,,,,,,,,,,,,,,,,,,,,,,,,,,,,,,,,,,,,,,,,,,,,,,,,,,,,,,,,,,,,,,,,,,,,,,,,,,,,,,,,,,,,,,,,,,,,,,,,,,,,,,,,,,,,,,,,,,,,,,,,,,,,,,,
1875,10,74.9,-19.4,,,,,,,,,,,,,,,,,,,,,,,,,,,,,,,,,,,2.6,4.6,9.3,6.19,11.0,3.08,22.0,0.4,-5.42,-3.48,-2.4,-3.82,11.0,1.62,22.0,0.4,-0.4,1.02,8.62,3.17,11.0,4.68,22.0,0.4,1015.6,1017.3,1018.21,1016.94,9.0,1.28,26.0,0.3,,,,,,,,,,,,,,,,,,,,,,,,,,,,,,,,,,,,,,,,,,,,,,,,,,,,,,,,,,,,,,,,,,,,,,,,,,,,,,,,,,,,,,,,,,,,,,,,,,,,,,,,,,,,,,,,,,,,,,,,,,,,,,,,,,
1875,10,76.9,-39.4,,,,,,,,,,,,,,,,,,,,,,,,,,,,,,,,,,,9.3,9.3,13.46,11.33,3.0,3.52,20.0,1.0,2.74,8.62,8.62,5.75,3.0,4.98,20.0,1.0,-9.41,3.48,3.48,-2.81,3.0,10.9,20.0,1.0,1008.13,1008.2,1008.27,1008.2,2.0,0.14,22.0,1.0,,,,,,,,,,,,,,,,,,,,,,,,,,,,,,,,,,,,,,,,,,,,,,,,,,,,,,,,,,,,,,,,,,,,,,,,,,,,,,,,,,,,,,,,,,,,,,,,,,,,,,,,,,,,,,,,,,,,,,,,,,,,,,,,,,
1875,10,76.9,-37.4,,,,,,,,,,,,,,,,,,,,,,,,,,,,,,,,,,,6.7,9.3,15.57,11.24,7.0,4.61,12.0,0.6,5.71,6.58,10.91,6.44,7.0,4.89,12.0,0.6,-5.1,2.51,9.05,2.41,7.0,9.47,12.0,0.6,1011.26,1013.9,1016.31,1013.72,6.0,2.99,12.0,0.5,,,,,,,,,,,,,,,,,,,,,,,,,,,,,,,,,,,,,,,,,,,,,,,,,,,,,,,,,,,,,,,,,,,,,,,,,,,,,,,,,,,,,,,,,,,,,,,,,,,,,,,,,,,,,,,,,,,,,,,,,,,,,,,,,,
1875,10,76.9,-19.4,,,,,,,,,,,,,,,,,,,,,,,,,,,,,,,,,,,4.6,9.3,9.44,7.71,7.0,3.1,22.0,0.6,-4.28,-4.23,-3.48,-3.97,7.0,0.48,22.0,0.6,-1.72,8.62,8.76,5.09,7.0,5.49,22.0,0.6,1015.47,1016.6,1017.03,1016.36,7.0,0.97,22.0,0.6,,,,,,,,,,,,,,,,,,,,,,,,,,,,,,,,,,,,,,,,,,,,,,,,,,,,,,,,,,,,,,,,,,,,,,,,,,,,,,,,,,,,,,,,,,,,,,,,,,,,,,,,,,,,,,,,,,,,,,,,,,,,,,,,,,
1875,10,76.9,-17.4,,,,,,,,,,,,,,,,,,,,,,,,,,,,,,,,,,,6.27,6.7,9.3,7.22,6.0,1.81,12.0,0.3,-6.25,-4.74,-4.08,-4.99,6.0,1.17,12.0,0.3,2.45,4.74,7.0,4.85,6.0,2.51,12.0,0.3,1016.04,1016.35,1016.66,1016.35,2.0,0.64,28.0,0.5,,,,,,,,,,,,,,,,,,,,,,,,,,,,,,,,,,,,,,,,,,,,,,,,,,,,,,,,,,,,,,,,,,,,,,,,,,,,,,,,,,,,,,,,,,,,,,,,,,,,,,,,,,,,,,,,,,,,,,,,,,,,,,,,,,
1875,10,78.9,-37.4,,,,,,,,,,,,,,,,,,,,,,,,,,,,,,,,,,,4.6,9.3,12.3,8.54,11.0,4.1,14.0,0.5,-5.42,3.25,11.07,3.0,11.0,6.66,14.0,0.5,-4.81,-3.25,6.58,-0.98,11.0,6.45,14.0,0.5,1006.86,1016.0,1018.77,1014.43,11.0,5.45,14.0,0.5,,,,,,,,,,,,,,,,,,,,,,,,,,,,,,,,,,,,,,,,,,,,,,,,,,,,,,,,,,,,,,,,,,,,,,,,,,,,,,,,,,,,,,,,,,,,,,,,,,,,,,,,,,,,,,,,,,,,,,,,,,,,,,,,,,
1875,10,78.9,-19.4,,,,,,,,,,,,,,,,,,,,,,,,,,,,,,,,,,,8.27,12.3,12.3,10.38,4.0,3.85,20.0,0.8,-4.44,-2.13,0.0,-2.22,4.0,2.57,20.0,0.8,4.53,11.85,12.3,8.57,4.0,6.88,20.0,0.8,1015.72,1017.0,1017.07,1016.44,5.0,1.03,18.0,0.6,,,,,,,,,,,,,,,,,,,,,,,,,,,,,,,,,,,,,,,,,,,,,,,,,,,,,,,,,,,,,,,,,,,,,,,,,,,,,,,,,,,,,,,,,,,,,,,,,,,,,,,,,,,,,,,,,,,,,,,,,,,,,,,,,,
1875,10,78.9,-17.4,,,,,,,,,,,,,,,,,,,,,,,,,,,,,,,,,,,6.7,6.7,11.02,8.34,10.0,2.34,18.0,0.8,-7.79,-4.74,-4.74,-5.9,10.0,1.66,18.0,0.8,4.74,4.74,7.79,5.9,10.0,1.66,18.0,0.8,1012.67,1014.5,1016.3,1014.6,7.0,1.77,26.0,0.7,,,,,,,,,,,,,,,,,,,,,,,,,,,,,,,,,,,,,,,,,,,,,,,,,,,,,,,,,,,,,,,,,,,,,,,,,,,,,,,,,,,,,,,,,,,,,,,,,,,,,,,,,,,,,,,,,,,,,,,,,,,,,,,,,,
1875,10,80.9,-39.4,,,,,,,,,,,,,,,,,,,,,,,,,,,,,,,,,,,15.97,17.2,18.43,17.2,2.0,2.55,10.0,1.0,7.72,9.0,10.29,9.0,2.0,2.67,10.0,1.0,-16.55,-14.25,-11.96,-14.25,2.0,4.76,10.0,1.0,1019.7,1019.7,1019.7,1019.7,1.0,0.0,2.0,1.0,,,,,,,,,,,,,,,,,,,,,,,,,,,,,,,,,,,,,,,,,,,,,,,,,,,,,,,,,,,,,,,,,,,,,,,,,,,,,,,,,,,,,,,,,,,,,,,,,,,,,,,,,,,,,,,,,,,,,,,,,,,,,,,,,,
1875,10,80.9,-37.4,,,,,,,,,,,,,,,,,,,,,,,,,,,,,,,,,,,1.43,2.6,12.3,5.93,9.0,5.05,18.0,0.6,0.27,2.6,8.7,3.99,9.0,4.35,18.0,0.6,-8.16,-2.6,0.0,-3.5,9.0,3.8,18.0,0.6,1004.63,1017.0,1017.87,1013.23,9.0,6.56,18.0,0.6,,,,,,,,,,,,,,,,,,,,,,,,,,,,,,,,,,,,,,,,,,,,,,,,,,,,,,,,,,,,,,,,,,,,,,,,,,,,,,,,,,,,,,,,,,,,,,,,,,,,,,,,,,,,,,,,,,,,,,,,,,,,,,,,,,
1875,10,80.9,-35.4,,,,,,,,,,,,,,,,,,,,,,,,,,,,,,,,,,,6.7,8.0,9.3,8.0,4.0,1.5,6.0,0.5,-4.64,-2.51,-1.19,-2.9,4.0,2.72,6.0,0.5,-1.91,6.21,6.4,2.43,4.0,7.82,6.0,0.5,1022.76,1024.4,1024.95,1023.87,3.0,1.67,4.0,0.3,,,,,,,,,,,,,,,,,,,,,,,,,,,,,,,,,,,,,,,,,,,,,,,,,,,,,,,,,,,,,,,,,,,,,,,,,,,,,,,,,,,,,,,,,,,,,,,,,,,,,,,,,,,,,,,,,,,,,,,,,,,,,,,,,,
1875,10,80.9,-19.4,,,,,,,,,,,,,,,,,,,,,,,,,,,,,,,,,,,9.78,10.8,11.82,10.8,2.0,2.12,16.0,0.5,-7.32,-4.35,-1.38,-4.35,2.0,6.15,16.0,0.5,8.79,9.0,9.2,9.0,2.0,0.43,16.0,0.5,1017.19,1017.6,1018.01,1017.6,2.0,0.85,16.0,0.5,,,,,,,,,,,,,,,,,,,,,,,,,,,,,,,,,,,,,,,,,,,,,,,,,,,,,,,,,,,,,,,,,,,,,,,,,,,,,,,,,,,,,,,,,,,,,,,,,,,,,,,,,,,,,,,,,,,,,,,,,,,,,,,,,,
1875,10,80.9,-17.4,,,,,,,,,,,,,,,,,,,,,,,,,,,,,,,,,,,6.7,9.3,12.3,9.73,11.0,2.99,22.0,0.3,-9.6,-3.48,-2.51,-5.67,11.0,3.5,22.0,0.3,5.63,8.62,8.7,7.48,11.0,1.95,22.0,0.3,1013.73,1016.2,1018.83,1016.19,11.0,2.28,22.0,0.3,,,,,,,,,,,,,,,,,,,,,,,,,,,,,,,,,,,,,,,,,,,,,,,,,,,,,,,,,,,,,,,,,,,,,,,,,,,,,,,,,,,,,,,,,,,,,,,,,,,,,,,,,,,,,,,,,,,,,,,,,,,,,,,,,,
1875,10,82.9,-39.4,,,,,,,,,,,,,,,,,,,,,,,,,,,,,,,,,,,12.3,13.85,17.29,14.75,4.0,3.19,6.0,0.8,2.75,7.23,10.07,6.45,4.0,4.86,6.0,0.8,-16.75,-11.49,-6.66,-11.7,4.0,6.23,6.0,0.8,1016.82,1017.3,1018.32,1017.57,3.0,1.12,2.0,0.7,,,,,,,,,,,,,,,,,,,,,,,,,,,,,,,,,,,,,,,,,,,,,,,,,,,,,,,,,,,,,,,,,,,,,,,,,,,,,,,,,,,,,,,,,,,,,,,,,,,,,,,,,,,,,,,,,,,,,,,,,,,,,,,,,,
1875,10,82.9,-37.4,,,,,,,,,,,,,,,,,,,,,,,,,,,,,,,,,,,8.35,12.3,15.4,11.82,5.0,3.82,18.0,0.0,0.0,0.0,10.89,4.36,5.0,5.96,18.0,0.0,-11.4,-10.89,-8.35,-10.02,5.0,2.14,18.0,0.0,1003.61,1013.7,1015.92,1010.6,5.0,6.59,18.0,0.0,,,,,,,,,,,,,,,,,,,,,,,,,,,,,,,,,,,,,,,,,,,,,,,,,,,,,,,,,,,,,,,,,,,,,,,,,,,,,,,,,,,,,,,,,,,,,,,,,,,,,,,,,,,,,,,,,,,,,,,,,,,,,,,,,,
1875,10,82.9,-35.4,,,,,,,,,,,,,,,,,,,,,,,,,,,,,,,,,,,2.6,4.6,7.41,5.34,5.0,4.02,10.0,0.8,0.54,1.84,6.1,3.05,5.0,3.87,10.0,0.8,-3.18,1.84,2.72,-0.15,5.0,5.01,10.0,0.8,1013.71,1025.6,1026.02,1020.13,4.0,11.49,10.0,0.8,,,,,,,,,,,,,,,,,,,,,,,,,,,,,,,,,,,,,,,,,,,,,,,,,,,,,,,,,,,,,,,,,,,,,,,,,,,,,,,,,,,,,,,,,,,,,,,,,,,,,,,,,,,,,,,,,,,,,,,,,,,,,,,,,,
1875,10,82.9,-17.4,,,,,,,,,,,,,,,,,,,,,,,,,,,,,,,,,,,16.54,19.0,19.0,17.8,3.0,2.08,14.0,0.7,-13.44,-13.44,-11.7,-12.59,3.0,1.47,14.0,0.7,11.7,13.44,13.44,12.59,3.0,1.47,14.0,0.7,1015.26,1015.4,1018.34,1016.77,3.0,2.54,14.0,0.7,,,,,,,,,,,,,,,,,,,,,,,,,,,,,,,,,,,,,,,,,,,,,,,,,,,,,,,,,,,,,,,,,,,,,,,,,,,,,,,,,,,,,,,,,,,,,,,,,,,,,,,,,,,,,,,,,,,,,,,,,,,,,,,,,,
1875,10,82.9,-15.4,,,,,,,,,,,,,,,,,,,,,,,,,,,,,,,,,,,6.7,9.3,9.3,8.52,10.0,1.26,16.0,0.8,-6.58,-6.58,-2.51,-5.25,10.0,2.25,16.0,0.8,6.21,6.58,6.58,6.38,10.0,1.19,16.0,0.8,1012.74,1013.5,1016.2,1014.03,7.0,1.77,24.0,0.7,,,,,,,,,,,,,,,,,,,,,,,,,,,,,,,,,,,,,,,,,,,,,,,,,,,,,,,,,,,,,,,,,,,,,,,,,,,,,,,,,,,,,,,,,,,,,,,,,,,,,,,,,,,,,,,,,,,,,,,,,,,,,,,,,,
1875,10,84.9,-37.4,,,,,,,,,,,,,,,,,,,,,,,,,,,,,,,,,,,19.0,19.0,19.0,19.0,2.0,0.0,2.0,0.0,8.12,10.28,12.43,10.28,2.0,4.47,2.0,0.0,-16.95,-15.53,-14.1,-15.53,2.0,2.96,2.0,0.0,1012.93,1013.65,1014.37,1013.65,2.0,1.48,2.0,0.0,,,,,,,,,,,,,,,,,,,,,,,,,,,,,,,,,,,,,,,,,,,,,,,,,,,,,,,,,,,,,,,,,,,,,,,,,,,,,,,,,,,,,,,,,,,,,,,,,,,,,,,,,,,,,,,,,,,,,,,,,,,,,,,,,,
1875,10,84.9,-35.4,,,,,,,,,,,,,,,,,,,,,,,,,,,,,,,,,,,6.7,6.7,12.62,10.06,7.0,4.75,10.0,0.7,4.61,4.74,7.22,7.08,7.0,4.69,10.0,0.7,-11.4,-4.74,0.0,-5.67,7.0,4.74,10.0,0.7,1013.79,1026.4,1026.8,1019.64,7.0,9.7,10.0,0.7,,,,,,,,,,,,,,,,,,,,,,,,,,,,,,,,,,,,,,,,,,,,,,,,,,,,,,,,,,,,,,,,,,,,,,,,,,,,,,,,,,,,,,,,,,,,,,,,,,,,,,,,,,,,,,,,,,,,,,,,,,,,,,,,,,
1875,10,84.9,-17.4,,,,,,,,,,,,,,,,,,,,,,,,,,,,,,,,,,,15.4,17.2,19.0,17.2,4.0,2.08,14.0,0.5,-13.44,-12.16,-10.89,-12.16,4.0,1.47,14.0,0.5,10.89,12.16,13.44,12.16,4.0,1.47,14.0,0.5,1016.63,1017.65,1018.3,1017.48,4.0,0.99,14.0,0.5,,,,,,,,,,,,,,,,,,,,,,,,,,,,,,,,,,,,,,,,,,,,,,,,,,,,,,,,,,,,,,,,,,,,,,,,,,,,,,,,,,,,,,,,,,,,,,,,,,,,,,,,,,,,,,,,,,,,,,,,,,,,,,,,,,
1875,10,84.9,-15.4,,,,,,,,,,,,,,,,,,,,,,,,,,,,,,,,,,,6.7,8.0,9.3,8.0,8.0,1.39,24.0,0.5,-9.22,-5.66,-2.51,-5.75,8.0,3.08,24.0,0.5,0.4,5.47,6.21,4.2,8.0,2.77,24.0,0.5,1012.01,1013.2,1014.16,1012.94,8.0,1.38,24.0,0.5,,,,,,,,,,,,,,,,,,,,,,,,,,,,,,,,,,,,,,,,,,,,,,,,,,,,,,,,,,,,,,,,,,,,,,,,,,,,,,,,,,,,,,,,,,,,,,,,,,,,,,,,,,,,,,,,,,,,,,,,,,,,,,,,,,
1875,10,84.9,4.6,,,,,,,,,,,,,,,,,,,,,,,,,,,,,,,,,,,6.7,6.7,8.06,7.35,4.0,1.3,28.0,0.5,6.7,6.7,8.06,7.35,4.0,1.3,28.0,0.5,0.0,0.0,0.0,0.0,4.0,0.0,28.0,0.5,1009.82,1010.4,1010.66,1010.25,4.0,0.68,28.0,0.5,,,,,,,,,,,,,,,,,,,,,,,,,,,,,,,,,,,,,,,,,,,,,,,,,,,,,,,,,,,,,,,,,,,,,,,,,,,,,,,,,,,,,,,,,,,,,,,,,,,,,,,,,,,,,,,,,,,,,,,,,,,,,,,,,,
1875,10,86.9,-37.4,,,,,,,,,,,,,,,,,,,,,,,,,,,,,,,,,,,19.57,20.8,22.03,20.8,2.0,2.55,2.0,1.0,13.84,14.71,15.58,14.71,2.0,1.8,2.0,1.0,-15.58,-14.71,-13.84,-14.71,2.0,1.8,2.0,1.0,1005.63,1007.0,1008.37,1007.0,2.0,2.83,2.0,1.0,,,,,,,,,,,,,,,,,,,,,,,,,,,,,,,,,,,,,,,,,,,,,,,,,,,,,,,,,,,,,,,,,,,,,,,,,,,,,,,,,,,,,,,,,,,,,,,,,,,,,,,,,,,,,,,,,,,,,,,,,,,,,,,,,,
1875,10,86.9,-35.4,,,,,,,,,,,,,,,,,,,,,,,,,,,,,,,,,,,6.7,10.8,12.3,10.33,10.0,3.03,14.0,0.3,4.61,6.64,11.4,7.71,10.0,3.79,14.0,0.3,-10.21,0.0,3.71,-2.63,10.0,6.3,14.0,0.3,1007.5,1013.75,1025.77,1015.98,10.0,8.52,14.0,0.3,,,,,,,,,,,,,,,,,,,,,,,,,,,,,,,,,,,,,,,,,,,,,,,,,,,,,,,,,,,,,,,,,,,,,,,,,,,,,,,,,,,,,,,,,,,,,,,,,,,,,,,,,,,,,,,,,,,,,,,,,,,,,,,,,,
1875,10,86.9,-15.4,,,,,,,,,,,,,,,,,,,,,,,,,,,,,,,,,,,6.7,6.7,19.0,11.77,9.0,6.11,20.0,0.3,-13.44,-4.74,-4.74,-8.07,9.0,4.6,20.0,0.3,4.74,6.21,13.44,8.48,9.0,4.19,20.0,0.3,1011.83,1013.8,1015.37,1013.84,9.0,2.09,20.0,0.3,,,,,,,,,,,,,,,,,,,,,,,,,,,,,,,,,,,,,,,,,,,,,,,,,,,,,,,,,,,,,,,,,,,,,,,,,,,,,,,,,,,,,,,,,,,,,,,,,,,,,,,,,,,,,,,,,,,,,,,,,,,,,,,,,,
1875,10,86.9,-13.4,,,,,,,,,,,,,,,,,,,,,,,,,,,,,,,,,,,9.3,9.3,10.87,10.05,4.0,1.5,20.0,0.3,-10.36,-9.3,-9.3,-9.81,4.0,1.01,20.0,0.3,0.0,0.0,2.52,1.2,4.0,2.4,20.0,0.3,1012.39,1012.7,1012.91,1012.65,4.0,0.41,20.0,0.3,,,,,,,,,,,,,,,,,,,,,,,,,,,,,,,,,,,,,,,,,,,,,,,,,,,,,,,,,,,,,,,,,,,,,,,,,,,,,,,,,,,,,,,,,,,,,,,,,,,,,,,,,,,,,,,,,,,,,,,,,,,,,,,,,,
1875,10,86.9,4.6,,,,,,,,,,,,,,,,,,,,,,,,,,,,,,,,,,,6.7,6.7,8.47,7.57,3.0,1.5,26.0,0.3,6.37,6.7,8.47,7.4,3.0,1.66,26.0,0.3,0.0,0.0,1.71,0.84,3.0,1.45,26.0,0.3,1008.92,1009.6,1010.49,1009.7,3.0,1.15,26.0,0.3,,,,,,,,,,,,,,,,,,,,,,,,,,,,,,,,,,,,,,,,,,,,,,,,,,,,,,,,,,,,,,,,,,,,,,,,,,,,,,,,,,,,,,,,,,,,,,,,,,,,,,,,,,,,,,,,,,,,,,,,,,,,,,,,,,
1875,10,88.9,-37.4,,,,,,,,,,,,,,,,,,,,,,,,,,,,,,,,,,,22.6,22.6,22.6,22.6,2.0,0.0,2.0,0.5,8.47,8.47,8.47,8.47,2.0,0.0,2.0,0.5,-20.95,-20.95,-20.95,-20.95,2.0,0.0,2.0,0.5,1003.4,1003.4,1003.4,1003.4,1.0,0.0,2.0,1.0,,,,,,,,,,,,,,,,,,,,,,,,,,,,,,,,,,,,,,,,,,,,,,,,,,,,,,,,,,,,,,,,,,,,,,,,,,,,,,,,,,,,,,,,,,,,,,,,,,,,,,,,,,,,,,,,,,,,,,,,,,,,,,,,,,
1875,10,88.9,-35.4,,,,,,,,,,,,,,,,,,,,,,,,,,,,,,,,,,,7.4,9.3,9.3,9.06,9.0,1.66,18.0,0.8,3.79,6.21,6.58,5.65,9.0,1.7,18.0,0.8,-8.62,-6.58,0.56,-5.24,9.0,5.03,18.0,0.8,1011.93,1013.0,1019.86,1014.79,9.0,4.34,18.0,0.8,,,,,,,,,,,,,,,,,,,,,,,,,,,,,,,,,,,,,,,,,,,,,,,,,,,,,,,,,,,,,,,,,,,,,,,,,,,,,,,,,,,,,,,,,,,,,,,,,,,,,,,,,,,,,,,,,,,,,,,,,,,,,,,,,,
1875,10,88.9,-15.4,,,,,,,,,,,,,,,,,,,,,,,,,,,,,,,,,,,19.0,19.0,19.0,19.0,2.0,0.0,14.0,1.0,-13.44,-13.44,-13.44,-13.44,2.0,0.0,14.0,1.0,13.44,13.44,13.44,13.44,2.0,0.0,14.0,1.0,1015.43,1015.5,1015.57,1015.5,3.0,0.1,14.0,1.0,,,,,,,,,,,,,,,,,,,,,,,,,,,,,,,,,,,,,,,,,,,,,,,,,,,,,,,,,,,,,,,,,,,,,,,,,,,,,,,,,,,,,,,,,,,,,,,,,,,,,,,,,,,,,,,,,,,,,,,,,,,,,,,,,,
1875,10,88.9,-13.4,,,,,,,,,,,,,,,,,,,,,,,,,,,,,,,,,,,6.7,12.3,12.3,10.06,10.0,2.89,24.0,0.5,-11.32,-8.7,-3.46,-7.46,10.0,3.55,24.0,0.5,4.77,5.51,8.7,6.24,10.0,1.79,24.0,0.5,1009.89,1011.4,1012.87,1011.43,10.0,1.33,24.0,0.5,,,,,,,,,,,,,,,,,,,,,,,,,,,,,,,,,,,,,,,,,,,,,,,,,,,,,,,,,,,,,,,,,,,,,,,,,,,,,,,,,,,,,,,,,,,,,,,,,,,,,,,,,,,,,,,,,,,,,,,,,,,,,,,,,,
1875,10,88.9,4.6,,,,,,,,,,,,,,,,,,,,,,,,,,,,,,,,,,,6.7,6.7,8.47,7.57,3.0,1.5,26.0,0.7,4.74,4.74,7.85,6.26,3.0,2.63,26.0,0.7,-4.74,-4.74,-1.5,-3.16,3.0,2.74,26.0,0.7,1006.9,1008.4,1008.74,1007.83,3.0,1.44,26.0,0.7,,,,,,,,,,,,,,,,,,,,,,,,,,,,,,,,,,,,,,,,,,,,,,,,,,,,,,,,,,,,,,,,,,,,,,,,,,,,,,,,,,,,,,,,,,,,,,,,,,,,,,,,,,,,,,,,,,,,,,,,,,,,,,,,,,
1875,10,90.9,-35.4,,,,,,,,,,,,,,,,,,,,,,,,,,,,,,,,,,,6.7,6.7,12.3,8.94,5.0,3.07,16.0,0.4,0.0,4.61,4.66,2.79,5.0,2.55,16.0,0.4,-11.4,-6.7,-5.98,-8.19,5.0,3.04,16.0,0.4,1011.16,1016.2,1020.97,1016.14,5.0,4.99,16.0,0.4,,,,,,,,,,,,,,,,,,,,,,,,,,,,,,,,,,,,,,,,,,,,,,,,,,,,,,,,,,,,,,,,,,,,,,,,,,,,,,,,,,,,,,,,,,,,,,,,,,,,,,,,,,,,,,,,,,,,,,,,,,,,,,,,,,
1875,10,90.9,-33.4,,,,,,,,,,,,,,,,,,,,,,,,,,,,,,,,,,,2.6,2.6,9.3,4.51,7.0,3.27,20.0,0.4,0.93,1.84,1.92,1.56,7.0,1.08,20.0,0.4,-8.66,-2.41,-1.84,-4.04,7.0,3.38,20.0,0.4,1010.69,1018.6,1020.12,1016.77,7.0,4.31,20.0,0.4,,,,,,,,,,,,,,,,,,,,,,,,,,,,,,,,,,,,,,,,,,,,,,,,,,,,,,,,,,,,,,,,,,,,,,,,,,,,,,,,,,,,,,,,,,,,,,,,,,,,,,,,,,,,,,,,,,,,,,,,,,,,,,,,,,
1875,10,90.9,-15.4,,,,,,,,,,,,,,,,,,,,,,,,,,,,,,,,,,,13.28,15.4,17.86,15.57,3.0,3.35,12.0,0.3,-12.63,-10.89,-9.39,-11.01,3.0,2.37,12.0,0.3,9.39,10.89,12.63,11.01,3.0,2.37,12.0,0.3,1013.61,1014.55,1014.7,1014.18,4.0,0.93,12.0,0.3,,,,,,,,,,,,,,,,,,,,,,,,,,,,,,,,,,,,,,,,,,,,,,,,,,,,,,,,,,,,,,,,,,,,,,,,,,,,,,,,,,,,,,,,,,,,,,,,,,,,,,,,,,,,,,,,,,,,,,,,,,,,,,,,,,
1875,10,90.9,-13.4,,,,,,,,,,,,,,,,,,,,,,,,,,,,,,,,,,,6.7,6.7,12.3,9.25,11.0,3.24,24.0,0.5,-11.47,-6.17,-4.74,-7.77,11.0,2.96,24.0,0.5,1.54,3.63,6.37,4.12,11.0,3.3,24.0,0.5,1009.96,1011.8,1012.17,1011.28,11.0,1.1,24.0,0.5,,,,,,,,,,,,,,,,,,,,,,,,,,,,,,,,,,,,,,,,,,,,,,,,,,,,,,,,,,,,,,,,,,,,,,,,,,,,,,,,,,,,,,,,,,,,,,,,,,,,,,,,,,,,,,,,,,,,,,,,,,,,,,,,,,
1875,10,90.9,-11.4,,,,,,,,,,,,,,,,,,,,,,,,,,,,,,,,,,,10.25,12.3,12.3,11.3,3.0,1.73,26.0,0.7,-8.7,-8.7,-8.6,-8.65,3.0,0.08,26.0,0.7,5.24,8.7,8.7,7.01,3.0,2.92,26.0,0.7,1011.02,1011.5,1011.77,1011.4,3.0,0.56,26.0,0.7,,,,,,,,,,,,,,,,,,,,,,,,,,,,,,,,,,,,,,,,,,,,,,,,,,,,,,,,,,,,,,,,,,,,,,,,,,,,,,,,,,,,,,,,,,,,,,,,,,,,,,,,,,,,,,,,,,,,,,,,,,,,,,,,,,
1875,10,90.9,2.6,,,,,,,,,,,,,,,,,,,,,,,,,,,,,,,,,,,4.6,4.6,4.6,4.6,2.0,0.0,26.0,0.0,3.25,3.25,3.25,3.25,2.0,0.0,26.0,0.0,-3.25,-3.25,-3.25,-3.25,2.0,0.0,26.0,0.0,1007.89,1008.3,1008.71,1008.3,2.0,0.85,26.0,0.0,,,,,,,,,,,,,,,,,,,,,,,,,,,,,,,,,,,,,,,,,,,,,,,,,,,,,,,,,,,,,,,,,,,,,,,,,,,,,,,,,,,,,,,,,,,,,,,,,,,,,,,,,,,,,,,,,,,,,,,,,,,,,,,,,,
1875,10,90.9,4.6,,,,,,,,,,,,,,,,,,,,,,,,,,,,,,,,,,,6.7,6.7,6.7,6.7,2.0,0.0,26.0,0.5,4.96,5.45,5.94,5.45,2.0,1.01,26.0,0.5,-4.4,-3.68,-2.95,-3.68,2.0,1.5,26.0,0.5,1008.02,1008.5,1008.98,1008.5,2.0,0.99,26.0,0.5,,,,,,,,,,,,,,,,,,,,,,,,,,,,,,,,,,,,,,,,,,,,,,,,,,,,,,,,,,,,,,,,,,,,,,,,,,,,,,,,,,,,,,,,,,,,,,,,,,,,,,,,,,,,,,,,,,,,,,,,,,,,,,,,,,
1875,10,92.9,-35.4,,,,,,,,,,,,,,,,,,,,,,,,,,,,,,,,,,,12.3,12.3,12.3,12.3,2.0,0.0,6.0,0.0,4.61,4.61,4.61,4.61,2.0,0.0,6.0,0.0,-11.4,-11.4,-11.4,-11.4,2.0,0.0,6.0,0.0,1020.07,1020.45,1020.83,1020.45,2.0,0.78,6.0,0.0,,,,,,,,,,,,,,,,,,,,,,,,,,,,,,,,,,,,,,,,,,,,,,,,,,,,,,,,,,,,,,,,,,,,,,,,,,,,,,,,,,,,,,,,,,,,,,,,,,,,,,,,,,,,,,,,,,,,,,,,,,,,,,,,,,
1875,10,92.9,-33.4,,,,,,,,,,,,,,,,,,,,,,,,,,,,,,,,,,,9.08,9.3,12.3,9.49,7.0,2.58,22.0,0.4,1.64,3.48,6.8,4.46,7.0,3.67,22.0,0.4,-9.4,-8.62,-4.78,-7.66,7.0,2.56,22.0,0.4,1010.9,1017.8,1019.43,1016.09,7.0,4.03,22.0,0.4,,,,,,,,,,,,,,,,,,,,,,,,,,,,,,,,,,,,,,,,,,,,,,,,,,,,,,,,,,,,,,,,,,,,,,,,,,,,,,,,,,,,,,,,,,,,,,,,,,,,,,,,,,,,,,,,,,,,,,,,,,,,,,,,,,
1875,10,92.9,-13.4,,,,,,,,,,,,,,,,,,,,,,,,,,,,,,,,,,,14.27,19.0,19.0,16.94,5.0,3.03,12.0,0.4,-13.44,-13.44,-10.09,-11.98,5.0,2.14,12.0,0.4,10.09,13.44,13.44,11.98,5.0,2.14,12.0,0.4,1015.02,1015.9,1015.97,1015.56,5.0,0.59,12.0,0.4,,,,,,,,,,,,,,,,,,,,,,,,,,,,,,,,,,,,,,,,,,,,,,,,,,,,,,,,,,,,,,,,,,,,,,,,,,,,,,,,,,,,,,,,,,,,,,,,,,,,,,,,,,,,,,,,,,,,,,,,,,,,,,,,,,
1875,10,92.9,-11.4,,,,,,,,,,,,,,,,,,,,,,,,,,,,,,,,,,,6.7,9.3,12.3,9.04,14.0,2.41,24.0,0.4,-8.7,-8.56,-4.74,-7.06,14.0,1.91,24.0,0.4,3.63,4.74,8.7,5.4,14.0,2.25,24.0,0.4,1009.88,1010.8,1011.62,1010.73,13.0,0.89,24.0,0.4,,,,,,,,,,,,,,,,,,,,,,,,,,,,,,,,,,,,,,,,,,,,,,,,,,,,,,,,,,,,,,,,,,,,,,,,,,,,,,,,,,,,,,,,,,,,,,,,,,,,,,,,,,,,,,,,,,,,,,,,,,,,,,,,,,
1875,10,92.9,0.6,,,,,,,,,,,,,,,,,,,,,,,,,,,,,,,,,,,6.7,6.7,6.7,6.7,1.0,0.0,24.0,0.0,4.74,4.74,4.74,4.74,1.0,0.0,24.0,0.0,-4.74,-4.74,-4.74,-4.74,1.0,0.0,24.0,0.0,1009.0,1009.0,1009.0,1009.0,1.0,0.0,24.0,0.0,,,,,,,,,,,,,,,,,,,,,,,,,,,,,,,,,,,,,,,,,,,,,,,,,,,,,,,,,,,,,,,,,,,,,,,,,,,,,,,,,,,,,,,,,,,,,,,,,,,,,,,,,,,,,,,,,,,,,,,,,,,,,,,,,,
1875,10,92.9,2.6,,,,,,,,,,,,,,,,,,,,,,,,,,,,,,,,,,,6.7,6.7,6.7,6.7,3.0,0.0,26.0,1.0,4.74,4.74,4.74,4.74,3.0,0.0,26.0,1.0,-4.74,-4.74,-4.74,-4.74,3.0,0.0,26.0,1.0,1007.74,1010.2,1010.2,1009.0,3.0,2.08,26.0,1.0,,,,,,,,,,,,,,,,,,,,,,,,,,,,,,,,,,,,,,,,,,,,,,,,,,,,,,,,,,,,,,,,,,,,,,,,,,,,,,,,,,,,,,,,,,,,,,,,,,,,,,,,,,,,,,,,,,,,,,,,,,,,,,,,,,
1875,10,94.9,-33.4,,,,,,,,,,,,,,,,,,,,,,,,,,,,,,,,,,,9.3,9.3,10.87,10.05,4.0,1.5,12.0,0.8,3.48,3.48,4.07,3.76,4.0,0.56,12.0,0.8,-10.08,-8.62,-8.62,-9.32,4.0,1.39,12.0,0.8,1017.35,1020.75,1021.0,1019.25,4.0,3.24,12.0,0.8,,,,,,,,,,,,,,,,,,,,,,,,,,,,,,,,,,,,,,,,,,,,,,,,,,,,,,,,,,,,,,,,,,,,,,,,,,,,,,,,,,,,,,,,,,,,,,,,,,,,,,,,,,,,,,,,,,,,,,,,,,,,,,,,,,
1875,10,94.9,-31.4,,,,,,,,,,,,,,,,,,,,,,,,,,,,,,,,,,,6.6,6.7,9.3,7.51,7.0,1.83,22.0,0.7,2.47,2.51,3.48,2.81,7.0,0.68,22.0,0.7,-8.62,-6.21,-6.12,-6.97,7.0,1.69,22.0,0.7,1015.29,1018.3,1019.12,1017.11,7.0,2.45,22.0,0.7,,,,,,,,,,,,,,,,,,,,,,,,,,,,,,,,,,,,,,,,,,,,,,,,,,,,,,,,,,,,,,,,,,,,,,,,,,,,,,,,,,,,,,,,,,,,,,,,,,,,,,,,,,,,,,,,,,,,,,,,,,,,,,,,,,
1875,10,94.9,-11.4,,,,,,,,,,,,,,,,,,,,,,,,,,,,,,,,,,,6.7,9.3,15.4,10.09,10.0,3.84,22.0,0.6,-10.89,-8.56,-4.74,-7.73,10.0,2.75,22.0,0.6,3.63,4.74,10.89,6.25,10.0,3.24,22.0,0.6,1009.63,1010.4,1011.7,1010.72,11.0,1.4,22.0,0.5,,,,,,,,,,,,,,,,,,,,,,,,,,,,,,,,,,,,,,,,,,,,,,,,,,,,,,,,,,,,,,,,,,,,,,,,,,,,,,,,,,,,,,,,,,,,,,,,,,,,,,,,,,,,,,,,,,,,,,,,,,,,,,,,,,
1875,10,96.9,-35.4,,,,,,,,,,,,,,,,,,,,,,,,,,,,,,,,,,,9.3,9.3,9.3,9.3,1.0,0.0,4.0,0.0,-3.48,-3.48,-3.48,-3.48,1.0,0.0,4.0,0.0,8.62,8.62,8.62,8.62,1.0,0.0,4.0,0.0,1008.3,1008.95,1009.6,1008.95,2.0,1.34,4.0,0.0,,,,,,,,,,,,,,,,,,,,,,,,,,,,,,,,,,,,,,,,,,,,,,,,,,,,,,,,,,,,,,,,,,,,,,,,,,,,,,,,,,,,,,,,,,,,,,,,,,,,,,,,,,,,,,,,,,,,,,,,,,,,,,,,,,
1875,10,96.9,-33.4,,,,,,,,,,,,,,,,,,,,,,,,,,,,,,,,,,,6.7,6.7,12.64,9.6,3.0,5.02,6.0,0.0,1.5,4.74,5.61,3.58,3.0,3.17,6.0,0.0,-6.08,-4.74,8.17,0.91,3.0,11.53,6.0,0.0,1013.29,1020.8,1020.8,1017.13,3.0,6.35,6.0,0.0,,,,,,,,,,,,,,,,,,,,,,,,,,,,,,,,,,,,,,,,,,,,,,,,,,,,,,,,,,,,,,,,,,,,,,,,,,,,,,,,,,,,,,,,,,,,,,,,,,,,,,,,,,,,,,,,,,,,,,,,,,,,,,,,,,
1875,10,96.9,-31.4,,,,,,,,,,,,,,,,,,,,,,,,,,,,,,,,,,,6.7,8.0,9.3,8.0,6.0,1.42,12.0,0.5,2.76,4.19,5.12,3.86,6.0,2.19,12.0,0.5,-7.0,-4.74,7.08,-1.57,6.0,7.29,12.0,0.5,1017.13,1018.9,1024.59,1020.17,6.0,3.79,12.0,0.5,,,,,,,,,,,,,,,,,,,,,,,,,,,,,,,,,,,,,,,,,,,,,,,,,,,,,,,,,,,,,,,,,,,,,,,,,,,,,,,,,,,,,,,,,,,,,,,,,,,,,,,,,,,,,,,,,,,,,,,,,,,,,,,,,,
1875,10,96.9,-29.4,,,,,,,,,,,,,,,,,,,,,,,,,,,,,,,,,,,5.5,6.7,9.3,7.62,10.0,2.4,24.0,0.5,3.25,4.74,7.71,5.38,10.0,3.12,24.0,0.5,-5.82,-4.74,-3.25,-3.56,10.0,3.79,24.0,0.5,1017.39,1018.25,1018.96,1018.21,10.0,0.84,24.0,0.5,,,,,,,,,,,,,,,,,,,,,,,,,,,,,,,,,,,,,,,,,,,,,,,,,,,,,,,,,,,,,,,,,,,,,,,,,,,,,,,,,,,,,,,,,,,,,,,,,,,,,,,,,,,,,,,,,,,,,,,,,,,,,,,,,,
1875,10,96.9,-11.4,,,,,,,,,,,,,,,,,,,,,,,,,,,,,,,,,,,6.7,9.3,15.4,11.17,7.0,4.1,18.0,0.3,-14.18,-8.56,-4.63,-9.09,7.0,4.43,18.0,0.3,3.63,6.02,6.44,5.88,7.0,2.47,18.0,0.3,1010.31,1012.05,1013.71,1011.94,10.0,1.88,16.0,0.4,,,,,,,,,,,,,,,,,,,,,,,,,,,,,,,,,,,,,,,,,,,,,,,,,,,,,,,,,,,,,,,,,,,,,,,,,,,,,,,,,,,,,,,,,,,,,,,,,,,,,,,,,,,,,,,,,,,,,,,,,,,,,,,,,,
1875,10,96.9,-9.4,,,,,,,,,,,,,,,,,,,,,,,,,,,,,,,,,,,6.7,9.3,12.3,9.77,9.0,2.61,22.0,0.8,-8.7,-8.7,-3.11,-6.93,9.0,2.84,22.0,0.8,3.93,6.21,8.7,6.18,9.0,3.0,22.0,0.8,1009.08,1010.6,1011.51,1010.24,9.0,1.33,22.0,0.8,,,,,,,,,,,,,,,,,,,,,,,,,,,,,,,,,,,,,,,,,,,,,,,,,,,,,,,,,,,,,,,,,,,,,,,,,,,,,,,,,,,,,,,,,,,,,,,,,,,,,,,,,,,,,,,,,,,,,,,,,,,,,,,,,,
1875,10,98.9,-33.4,,,,,,,,,,,,,,,,,,,,,,,,,,,,,,,,,,,15.4,15.4,15.4,15.4,2.0,0.0,6.0,1.0,1.73,5.44,9.16,5.44,2.0,7.7,6.0,1.0,11.61,13.14,14.68,13.14,2.0,3.19,6.0,1.0,1011.23,1011.5,1012.32,1011.77,3.0,0.83,6.0,1.0,,,,,,,,,,,,,,,,,,,,,,,,,,,,,,,,,,,,,,,,,,,,,,,,,,,,,,,,,,,,,,,,,,,,,,,,,,,,,,,,,,,,,,,,,,,,,,,,,,,,,,,,,,,,,,,,,,,,,,,,,,,,,,,,,,
1875,10,98.9,-31.4,,,,,,,,,,,,,,,,,,,,,,,,,,,,,,,,,,,6.7,8.0,9.92,8.5,6.0,2.26,6.0,0.7,0.0,2.56,3.07,2.09,6.0,1.84,6.0,0.7,-9.3,-0.02,7.23,-0.19,6.0,9.12,6.0,0.7,1014.4,1016.35,1024.4,1018.62,6.0,5.18,6.0,0.7,,,,,,,,,,,,,,,,,,,,,,,,,,,,,,,,,,,,,,,,,,,,,,,,,,,,,,,,,,,,,,,,,,,,,,,,,,,,,,,,,,,,,,,,,,,,,,,,,,,,,,,,,,,,,,,,,,,,,,,,,,,,,,,,,,
1875,10,98.9,-29.4,,,,,,,,,,,,,,,,,,,,,,,,,,,,,,,,,,,4.6,4.6,6.7,5.35,12.0,1.72,10.0,0.4,-3.02,0.0,3.63,0.11,12.0,3.13,10.0,0.4,-4.74,-3.74,1.08,-2.19,12.0,4.38,10.0,0.4,1018.42,1020.3,1023.8,1020.84,12.0,3.01,10.0,0.4,,,,,,,,,,,,,,,,,,,,,,,,,,,,,,,,,,,,,,,,,,,,,,,,,,,,,,,,,,,,,,,,,,,,,,,,,,,,,,,,,,,,,,,,,,,,,,,,,,,,,,,,,,,,,,,,,,,,,,,,,,,,,,,,,,
1875,10,98.9,-27.4,,,,,,,,,,,,,,,,,,,,,,,,,,,,,,,,,,,4.6,5.65,9.3,6.79,14.0,2.62,18.0,0.6,-3.05,3.37,6.08,2.67,14.0,4.3,18.0,0.6,-8.38,1.63,4.23,-0.51,14.0,5.49,18.0,0.6,1018.31,1020.3,1021.86,1019.86,10.0,2.35,24.0,0.6,,,,,,,,,,,,,,,,,,,,,,,,,,,,,,,,,,,,,,,,,,,,,,,,,,,,,,,,,,,,,,,,,,,,,,,,,,,,,,,,,,,,,,,,,,,,,,,,,,,,,,,,,,,,,,,,,,,,,,,,,,,,,,,,,,
1875,10,98.9,-25.4,,,,,,,,,,,,,,,,,,,,,,,,,,,,,,,,,,,7.94,9.3,9.3,8.65,4.0,1.3,30.0,0.3,-8.95,-7.57,-5.61,-7.29,4.0,2.06,30.0,0.3,1.73,4.19,5.7,3.74,4.0,2.77,30.0,0.3,1019.05,1020.15,1021.72,1020.38,4.0,1.58,30.0,0.3,,,,,,,,,,,,,,,,,,,,,,,,,,,,,,,,,,,,,,,,,,,,,,,,,,,,,,,,,,,,,,,,,,,,,,,,,,,,,,,,,,,,,,,,,,,,,,,,,,,,,,,,,,,,,,,,,,,,,,,,,,,,,,,,,,
1875,10,98.9,-23.4,,,,,,,,,,,,,,,,,,,,,,,,,,,,,,,,,,,6.7,6.7,8.06,7.35,4.0,1.3,30.0,0.5,-8.06,-6.7,-6.42,-7.22,4.0,1.41,30.0,0.5,0.0,0.0,1.37,0.65,4.0,1.31,30.0,0.5,1016.54,1016.85,1018.26,1017.38,4.0,1.44,30.0,0.5,,,,,,,,,,,,,,,,,,,,,,,,,,,,,,,,,,,,,,,,,,,,,,,,,,,,,,,,,,,,,,,,,,,,,,,,,,,,,,,,,,,,,,,,,,,,,,,,,,,,,,,,,,,,,,,,,,,,,,,,,,,,,,,,,,
1875,10,98.9,-11.4,,,,,,,,,,,,,,,,,,,,,,,,,,,,,,,,,,,12.3,12.3,14.42,13.33,3.0,1.79,10.0,0.0,-12.44,-8.7,-8.7,-10.52,3.0,3.16,10.0,0.0,6.87,8.7,8.7,7.8,3.0,1.55,10.0,0.0,1013.93,1014.2,1014.4,1014.17,3.0,0.35,10.0,0.0,,,,,,,,,,,,,,,,,,,,,,,,,,,,,,,,,,,,,,,,,,,,,,,,,,,,,,,,,,,,,,,,,,,,,,,,,,,,,,,,,,,,,,,,,,,,,,,,,,,,,,,,,,,,,,,,,,,,,,,,,,,,,,,,,,
1875,10,98.9,-9.4,,,,,,,,,,,,,,,,,,,,,,,,,,,,,,,,,,,6.7,12.3,12.3,10.4,14.0,3.17,20.0,0.4,-8.7,-8.7,-4.74,-7.61,14.0,2.59,20.0,0.4,3.35,8.7,8.7,6.73,14.0,2.94,20.0,0.4,1009.23,1010.45,1011.76,1010.51,14.0,1.43,20.0,0.4,,,,,,,,,,,,,,,,,,,,,,,,,,,,,,,,,,,,,,,,,,,,,,,,,,,,,,,,,,,,,,,,,,,,,,,,,,,,,,,,,,,,,,,,,,,,,,,,,,,,,,,,,,,,,,,,,,,,,,,,,,,,,,,,,,
1875,10,100.9,-31.4,,,,,,,,,,,,,,,,,,,,,,,,,,,,,,,,,,,4.5,6.7,9.44,6.99,7.0,3.13,6.0,0.4,0.0,1.8,3.55,1.96,7.0,1.8,6.0,0.4,-6.79,4.23,6.92,2.21,7.0,7.3,6.0,0.4,1015.27,1015.6,1016.75,1016.03,7.0,1.04,6.0,0.4,,,,,,,,,,,,,,,,,,,,,,,,,,,,,,,,,,,,,,,,,,,,,,,,,,,,,,,,,,,,,,,,,,,,,,,,,,,,,,,,,,,,,,,,,,,,,,,,,,,,,,,,,,,,,,,,,,,,,,,,,,,,,,,,,,
1875,10,100.9,-29.4,,,,,,,,,,,,,,,,,,,,,,,,,,,,,,,,,,,1.0,2.6,6.19,4.02,6.0,4.27,6.0,0.2,0.56,1.01,3.22,2.2,6.0,3.23,6.0,0.2,-3.86,0.35,2.77,-0.66,6.0,4.56,6.0,0.2,1016.67,1018.5,1018.72,1017.48,6.0,2.38,6.0,0.2,,,,,,,,,,,,,,,,,,,,,,,,,,,,,,,,,,,,,,,,,,,,,,,,,,,,,,,,,,,,,,,,,,,,,,,,,,,,,,,,,,,,,,,,,,,,,,,,,,,,,,,,,,,,,,,,,,,,,,,,,,,,,,,,,,
1875,10,100.9,-27.4,,,,,,,,,,,,,,,,,,,,,,,,,,,,,,,,,,,2.6,2.6,6.11,4.28,4.0,3.35,18.0,0.3,0.97,0.97,4.98,2.89,4.0,3.82,18.0,0.3,-2.41,-2.41,0.68,-0.94,4.0,2.95,18.0,0.3,1015.83,1018.75,1019.68,1017.8,4.0,2.96,18.0,0.3,,,,,,,,,,,,,,,,,,,,,,,,,,,,,,,,,,,,,,,,,,,,,,,,,,,,,,,,,,,,,,,,,,,,,,,,,,,,,,,,,,,,,,,,,,,,,,,,,,,,,,,,,,,,,,,,,,,,,,,,,,,,,,,,,,
1875,10,100.9,-25.4,,,,,,,,,,,,,,,,,,,,,,,,,,,,,,,,,,,6.7,6.7,12.3,9.1,7.0,2.99,16.0,0.3,-6.19,4.74,8.7,2.21,7.0,7.12,16.0,0.3,2.49,6.21,8.7,5.67,7.0,3.42,16.0,0.3,1014.38,1019.0,1020.81,1018.1,7.0,2.98,16.0,0.3,,,,,,,,,,,,,,,,,,,,,,,,,,,,,,,,,,,,,,,,,,,,,,,,,,,,,,,,,,,,,,,,,,,,,,,,,,,,,,,,,,,,,,,,,,,,,,,,,,,,,,,,,,,,,,,,,,,,,,,,,,,,,,,,,,
1875,10,100.9,-23.4,,,,,,,,,,,,,,,,,,,,,,,,,,,,,,,,,,,6.7,6.7,9.63,8.1,4.0,2.8,24.0,0.5,-7.49,-4.34,-2.51,-4.97,4.0,3.02,24.0,0.5,4.33,6.21,7.51,5.93,4.0,2.5,24.0,0.5,1017.85,1018.55,1019.36,1018.6,4.0,0.88,24.0,0.5,,,,,,,,,,,,,,,,,,,,,,,,,,,,,,,,,,,,,,,,,,,,,,,,,,,,,,,,,,,,,,,,,,,,,,,,,,,,,,,,,,,,,,,,,,,,,,,,,,,,,,,,,,,,,,,,,,,,,,,,,,,,,,,,,,
1875,10,100.9,-21.4,,,,,,,,,,,,,,,,,,,,,,,,,,,,,,,,,,,6.7,9.3,9.3,8.33,8.0,1.35,28.0,0.6,-8.56,-6.64,-6.21,-7.23,8.0,1.12,28.0,0.6,2.62,3.63,6.25,3.66,8.0,2.16,28.0,0.6,1012.64,1014.3,1016.63,1014.53,8.0,2.17,28.0,0.6,,,,,,,,,,,,,,,,,,,,,,,,,,,,,,,,,,,,,,,,,,,,,,,,,,,,,,,,,,,,,,,,,,,,,,,,,,,,,,,,,,,,,,,,,,,,,,,,,,,,,,,,,,,,,,,,,,,,,,,,,,,,,,,,,,
1875,10,100.9,-19.4,,,,,,,,,,,,,,,,,,,,,,,,,,,,,,,,,,,9.3,9.3,9.3,9.3,4.0,0.0,30.0,0.0,-8.56,-8.56,-8.56,-8.56,4.0,0.0,30.0,0.0,3.63,3.63,3.63,3.63,4.0,0.0,30.0,0.0,1010.05,1010.95,1011.8,1010.93,4.0,1.01,30.0,0.0,,,,,,,,,,,,,,,,,,,,,,,,,,,,,,,,,,,,,,,,,,,,,,,,,,,,,,,,,,,,,,,,,,,,,,,,,,,,,,,,,,,,,,,,,,,,,,,,,,,,,,,,,,,,,,,,,,,,,,,,,,,,,,,,,,
1875,10,100.9,-9.4,,,,,,,,,,,,,,,,,,,,,,,,,,,,,,,,,,,4.6,9.3,12.3,8.47,15.0,3.94,20.0,0.5,-8.7,-6.58,-1.84,-6.02,15.0,3.41,20.0,0.5,2.38,4.74,8.7,5.54,15.0,2.99,20.0,0.5,1009.9,1011.75,1013.65,1011.78,12.0,2.0,16.0,0.6,,,,,,,,,,,,,,,,,,,,,,,,,,,,,,,,,,,,,,,,,,,,,,,,,,,,,,,,,,,,,,,,,,,,,,,,,,,,,,,,,,,,,,,,,,,,,,,,,,,,,,,,,,,,,,,,,,,,,,,,,,,,,,,,,,
1875,10,100.9,-7.4,,,,,,,,,,,,,,,,,,,,,,,,,,,,,,,,,,,8.33,9.3,12.3,9.52,6.0,2.82,24.0,0.2,-8.64,-6.58,-4.01,-6.13,6.0,2.64,24.0,0.2,2.66,6.58,9.26,5.67,6.0,5.09,24.0,0.2,1009.21,1009.5,1010.56,1009.86,5.0,1.12,22.0,0.2,,,,,,,,,,,,,,,,,,,,,,,,,,,,,,,,,,,,,,,,,,,,,,,,,,,,,,,,,,,,,,,,,,,,,,,,,,,,,,,,,,,,,,,,,,,,,,,,,,,,,,,,,,,,,,,,,,,,,,,,,,,,,,,,,,
1875,10,100.9,-5.4,,,,,,,,,,,,,,,,,,,,,,,,,,,,,,,,,,,1.0,1.0,1.0,1.0,1.0,0.0,20.0,0.0,0.93,0.93,0.93,0.93,1.0,0.0,20.0,0.0,0.37,0.37,0.37,0.37,1.0,0.0,20.0,0.0,1007.8,1007.8,1007.8,1007.8,1.0,0.0,20.0,0.0,,,,,,,,,,,,,,,,,,,,,,,,,,,,,,,,,,,,,,,,,,,,,,,,,,,,,,,,,,,,,,,,,,,,,,,,,,,,,,,,,,,,,,,,,,,,,,,,,,,,,,,,,,,,,,,,,,,,,,,,,,,,,,,,,,
1875,10,100.9,-3.4,,,,,,,,,,,,,,,,,,,,,,,,,,,,,,,,,,,0.0,0.5,1.0,0.5,4.0,0.58,20.0,0.5,0.0,0.35,0.71,0.35,4.0,0.41,20.0,0.5,0.0,0.35,0.71,0.35,4.0,0.41,20.0,0.5,1009.17,1010.4,1011.0,1010.1,4.0,1.19,20.0,0.5,,,,,,,,,,,,,,,,,,,,,,,,,,,,,,,,,,,,,,,,,,,,,,,,,,,,,,,,,,,,,,,,,,,,,,,,,,,,,,,,,,,,,,,,,,,,,,,,,,,,,,,,,,,,,,,,,,,,,,,,,,,,,,,,,,
1875,10,100.9,-1.4,,,,,,,,,,,,,,,,,,,,,,,,,,,,,,,,,,,2.6,2.6,6.17,3.24,53.0,1.68,18.0,0.5,-1.84,0.0,1.84,-0.04,53.0,2.09,18.0,0.5,-2.61,-2.39,0.0,-1.88,53.0,2.35,18.0,0.5,1012.2,1013.2,1014.92,1013.4,51.0,1.36,18.0,0.5,,,,,,,,,,,,,,,,,,,,,,,,,,,,,,,,,,,,,,,,,,,,,,,,,,,,,,,,,,,,,,,,,,,,,,,,,,,,,,,,,,,,,,,,,,,,,,,,,,,,,,,,,,,,,,,,,,,,,,,,,,,,,,,,,,
1875,10,102.9,-29.4,,,,,,,,,,,,,,,,,,,,,,,,,,,,,,,,,,,4.5,6.7,12.3,7.49,7.0,3.89,8.0,0.9,0.0,2.51,6.68,3.2,7.0,3.53,8.0,0.9,-8.83,-6.21,-4.5,-6.38,7.0,2.92,8.0,0.9,1015.65,1015.9,1017.52,1016.3,7.0,1.13,8.0,0.9,,,,,,,,,,,,,,,,,,,,,,,,,,,,,,,,,,,,,,,,,,,,,,,,,,,,,,,,,,,,,,,,,,,,,,,,,,,,,,,,,,,,,,,,,,,,,,,,,,,,,,,,,,,,,,,,,,,,,,,,,,,,,,,,,,
1875,10,102.9,-27.4,,,,,,,,,,,,,,,,,,,,,,,,,,,,,,,,,,,2.14,4.6,7.81,4.97,3.0,4.16,8.0,0.7,1.03,3.25,6.88,3.94,3.0,4.32,8.0,0.7,-3.51,-3.25,-1.71,-2.63,3.0,1.42,8.0,0.7,1012.43,1012.5,1013.8,1013.1,3.0,1.13,8.0,0.7,,,,,,,,,,,,,,,,,,,,,,,,,,,,,,,,,,,,,,,,,,,,,,,,,,,,,,,,,,,,,,,,,,,,,,,,,,,,,,,,,,,,,,,,,,,,,,,,,,,,,,,,,,,,,,,,,,,,,,,,,,,,,,,,,,
1875,10,102.9,-25.4,,,,,,,,,,,,,,,,,,,,,,,,,,,,,,,,,,,4.6,4.6,4.6,4.6,1.0,0.0,2.0,1.0,0.0,0.0,0.0,0.0,1.0,0.0,2.0,1.0,4.6,4.6,4.6,4.6,1.0,0.0,2.0,1.0,1021.3,1021.3,1021.3,1021.3,1.0,0.0,2.0,1.0,,,,,,,,,,,,,,,,,,,,,,,,,,,,,,,,,,,,,,,,,,,,,,,,,,,,,,,,,,,,,,,,,,,,,,,,,,,,,,,,,,,,,,,,,,,,,,,,,,,,,,,,,,,,,,,,,,,,,,,,,,,,,,,,,,
1875,10,102.9,-23.4,,,,,,,,,,,,,,,,,,,,,,,,,,,,,,,,,,,6.99,9.3,9.3,8.65,8.0,1.2,4.0,0.5,-2.51,1.82,3.63,0.12,8.0,4.45,4.0,0.5,6.21,8.56,8.56,7.45,8.0,1.93,4.0,0.5,1018.92,1020.05,1021.66,1020.21,8.0,1.48,4.0,0.5,,,,,,,,,,,,,,,,,,,,,,,,,,,,,,,,,,,,,,,,,,,,,,,,,,,,,,,,,,,,,,,,,,,,,,,,,,,,,,,,,,,,,,,,,,,,,,,,,,,,,,,,,,,,,,,,,,,,,,,,,,,,,,,,,,
1875,10,102.9,-21.4,,,,,,,,,,,,,,,,,,,,,,,,,,,,,,,,,,,9.3,9.3,9.3,9.3,8.0,0.0,4.0,0.5,-8.56,-8.56,-8.56,-8.31,8.0,0.7,4.0,0.5,3.63,3.63,3.63,4.0,8.0,1.04,4.0,0.5,1018.26,1022.45,1023.36,1021.24,8.0,2.45,4.0,0.5,,,,,,,,,,,,,,,,,,,,,,,,,,,,,,,,,,,,,,,,,,,,,,,,,,,,,,,,,,,,,,,,,,,,,,,,,,,,,,,,,,,,,,,,,,,,,,,,,,,,,,,,,,,,,,,,,,,,,,,,,,,,,,,,,,
1875,10,102.9,-19.4,,,,,,,,,,,,,,,,,,,,,,,,,,,,,,,,,,,9.3,9.3,9.3,9.3,11.0,0.0,10.0,0.5,-8.87,-8.56,-6.58,-8.15,11.0,1.05,10.0,0.5,2.13,3.63,6.58,3.78,11.0,2.28,10.0,0.5,1015.56,1016.6,1017.01,1016.26,7.0,0.85,12.0,0.4,,,,,,,,,,,,,,,,,,,,,,,,,,,,,,,,,,,,,,,,,,,,,,,,,,,,,,,,,,,,,,,,,,,,,,,,,,,,,,,,,,,,,,,,,,,,,,,,,,,,,,,,,,,,,,,,,,,,,,,,,,,,,,,,,,
1875,10,102.9,-17.4,,,,,,,,,,,,,,,,,,,,,,,,,,,,,,,,,,,9.3,9.3,9.44,9.73,7.0,1.13,14.0,0.4,-9.4,-8.56,-8.47,-8.78,7.0,1.4,14.0,0.4,3.46,3.63,4.89,3.7,7.0,1.97,14.0,0.4,1014.28,1015.7,1017.45,1016.0,5.0,2.3,18.0,0.6,,,,,,,,,,,,,,,,,,,,,,,,,,,,,,,,,,,,,,,,,,,,,,,,,,,,,,,,,,,,,,,,,,,,,,,,,,,,,,,,,,,,,,,,,,,,,,,,,,,,,,,,,,,,,,,,,,,,,,,,,,,,,,,,,,
1875,10,102.9,-15.4,,,,,,,,,,,,,,,,,,,,,,,,,,,,,,,,,,,9.3,9.3,9.3,9.3,4.0,0.0,22.0,0.3,-7.62,-6.58,-6.58,-7.07,4.0,0.99,22.0,0.3,5.03,6.58,6.58,5.84,4.0,1.47,22.0,0.3,1012.62,1013.3,1013.78,1013.2,3.0,0.85,26.0,0.3,,,,,,,,,,,,,,,,,,,,,,,,,,,,,,,,,,,,,,,,,,,,,,,,,,,,,,,,,,,,,,,,,,,,,,,,,,,,,,,,,,,,,,,,,,,,,,,,,,,,,,,,,,,,,,,,,,,,,,,,,,,,,,,,,,
1875,10,102.9,-13.4,,,,,,,,,,,,,,,,,,,,,,,,,,,,,,,,,,,12.3,12.3,12.3,12.3,3.0,0.0,26.0,0.7,-8.7,-8.7,-8.7,-8.7,3.0,0.0,26.0,0.7,8.7,8.7,8.7,8.7,3.0,0.0,26.0,0.7,1012.05,1012.6,1013.21,1012.63,3.0,0.85,26.0,0.7,,,,,,,,,,,,,,,,,,,,,,,,,,,,,,,,,,,,,,,,,,,,,,,,,,,,,,,,,,,,,,,,,,,,,,,,,,,,,,,,,,,,,,,,,,,,,,,,,,,,,,,,,,,,,,,,,,,,,,,,,,,,,,,,,,
1875,10,102.9,-9.4,,,,,,,,,,,,,,,,,,,,,,,,,,,,,,,,,,,15.4,15.4,15.4,15.4,1.0,0.0,8.0,1.0,-10.89,-10.89,-10.89,-10.89,1.0,0.0,8.0,1.0,10.89,10.89,10.89,10.89,1.0,0.0,8.0,1.0,1013.6,1013.6,1013.6,1013.6,1.0,0.0,8.0,1.0,,,,,,,,,,,,,,,,,,,,,,,,,,,,,,,,,,,,,,,,,,,,,,,,,,,,,,,,,,,,,,,,,,,,,,,,,,,,,,,,,,,,,,,,,,,,,,,,,,,,,,,,,,,,,,,,,,,,,,,,,,,,,,,,,,
1875,10,102.9,-7.4,,,,,,,,,,,,,,,,,,,,,,,,,,,,,,,,,,,6.7,6.7,6.7,7.17,15.0,2.51,26.0,0.5,-2.51,-1.72,0.0,-1.96,15.0,2.85,26.0,0.5,6.21,6.7,6.7,6.27,15.0,2.67,26.0,0.5,1007.56,1009.2,1010.57,1009.05,11.0,1.69,26.0,0.6,,,,,,,,,,,,,,,,,,,,,,,,,,,,,,,,,,,,,,,,,,,,,,,,,,,,,,,,,,,,,,,,,,,,,,,,,,,,,,,,,,,,,,,,,,,,,,,,,,,,,,,,,,,,,,,,,,,,,,,,,,,,,,,,,,
1875,10,102.9,-5.4,,,,,,,,,,,,,,,,,,,,,,,,,,,,,,,,,,,1.25,1.8,2.35,1.8,2.0,1.13,20.0,1.0,-1.43,-0.57,0.3,-0.57,2.0,1.8,20.0,1.0,0.89,1.27,1.66,1.27,2.0,0.8,20.0,1.0,1007.51,1007.75,1007.99,1007.75,2.0,0.49,20.0,1.0,,,,,,,,,,,,,,,,,,,,,,,,,,,,,,,,,,,,,,,,,,,,,,,,,,,,,,,,,,,,,,,,,,,,,,,,,,,,,,,,,,,,,,,,,,,,,,,,,,,,,,,,,,,,,,,,,,,,,,,,,,,,,,,,,,
1875,10,104.9,-29.4,,,,,,,,,,,,,,,,,,,,,,,,,,,,,,,,,,,0.48,3.85,8.06,4.25,4.0,4.48,18.0,0.5,0.0,0.46,2.26,1.1,4.0,1.65,18.0,0.5,-7.71,-3.55,-0.19,-3.93,4.0,4.38,18.0,0.5,1015.4,1015.6,1015.8,1015.6,2.0,0.42,10.0,0.0,,,,,,,,,,,,,,,,,,,,,,,,,,,,,,,,,,,,,,,,,,,,,,,,,,,,,,,,,,,,,,,,,,,,,,,,,,,,,,,,,,,,,,,,,,,,,,,,,,,,,,,,,,,,,,,,,,,,,,,,,,,,,,,,,,
1875,10,104.9,-27.4,,,,,,,,,,,,,,,,,,,,,,,,,,,,,,,,,,,2.6,2.6,4.6,3.4,5.0,1.1,10.0,0.4,-0.37,0.0,3.61,1.29,5.0,2.3,10.0,0.4,-2.84,-2.6,-2.18,-2.53,5.0,0.52,10.0,0.4,1012.2,1012.5,1013.41,1013.03,6.0,1.72,10.0,0.5,,,,,,,,,,,,,,,,,,,,,,,,,,,,,,,,,,,,,,,,,,,,,,,,,,,,,,,,,,,,,,,,,,,,,,,,,,,,,,,,,,,,,,,,,,,,,,,,,,,,,,,,,,,,,,,,,,,,,,,,,,,,,,,,,,
1875,10,104.9,-25.4,,,,,,,,,,,,,,,,,,,,,,,,,,,,,,,,,,,3.55,4.6,5.7,4.63,4.0,1.67,10.0,0.3,2.09,3.51,5.42,3.74,4.0,2.01,10.0,0.3,-1.37,0.49,2.68,0.65,4.0,2.83,10.0,0.3,1012.11,1012.4,1013.75,1012.92,5.0,1.45,10.0,0.2,,,,,,,,,,,,,,,,,,,,,,,,,,,,,,,,,,,,,,,,,,,,,,,,,,,,,,,,,,,,,,,,,,,,,,,,,,,,,,,,,,,,,,,,,,,,,,,,,,,,,,,,,,,,,,,,,,,,,,,,,,,,,,,,,,
1875,10,104.9,-23.4,,,,,,,,,,,,,,,,,,,,,,,,,,,,,,,,,,,4.6,4.6,4.7,4.9,7.0,0.79,8.0,0.7,-0.08,0.0,0.0,-0.25,7.0,0.65,8.0,0.7,4.58,4.6,4.7,4.85,7.0,0.82,8.0,0.7,1013.0,1013.6,1013.94,1013.5,5.0,0.48,12.0,0.6,,,,,,,,,,,,,,,,,,,,,,,,,,,,,,,,,,,,,,,,,,,,,,,,,,,,,,,,,,,,,,,,,,,,,,,,,,,,,,,,,,,,,,,,,,,,,,,,,,,,,,,,,,,,,,,,,,,,,,,,,,,,,,,,,,
1875,10,104.9,-21.4,,,,,,,,,,,,,,,,,,,,,,,,,,,,,,,,,,,4.83,9.5,12.3,8.98,8.0,3.64,6.0,0.5,-11.32,-6.72,-0.28,-6.24,8.0,5.04,6.0,0.5,4.62,4.81,6.06,5.41,8.0,1.43,6.0,0.5,1011.55,1011.9,1012.36,1011.95,4.0,0.48,12.0,0.8,,,,,,,,,,,,,,,,,,,,,,,,,,,,,,,,,,,,,,,,,,,,,,,,,,,,,,,,,,,,,,,,,,,,,,,,,,,,,,,,,,,,,,,,,,,,,,,,,,,,,,,,,,,,,,,,,,,,,,,,,,,,,,,,,,
1875,10,104.9,-19.4,,,,,,,,,,,,,,,,,,,,,,,,,,,,,,,,,,,7.4,9.3,12.3,10.17,9.0,3.28,8.0,0.6,-10.61,-6.58,-2.77,-6.74,9.0,4.3,8.0,0.6,5.13,6.58,8.68,6.95,9.0,1.77,8.0,0.6,1010.2,1011.3,1011.41,1010.92,5.0,0.67,12.0,0.4,,,,,,,,,,,,,,,,,,,,,,,,,,,,,,,,,,,,,,,,,,,,,,,,,,,,,,,,,,,,,,,,,,,,,,,,,,,,,,,,,,,,,,,,,,,,,,,,,,,,,,,,,,,,,,,,,,,,,,,,,,,,,,,,,,
1875,10,104.9,-17.4,,,,,,,,,,,,,,,,,,,,,,,,,,,,,,,,,,,6.7,9.3,9.3,8.56,7.0,1.27,8.0,0.4,-9.3,-6.58,-6.17,-7.52,7.0,1.46,8.0,0.4,0.0,2.62,6.58,3.15,7.0,2.71,8.0,0.4,1015.9,1015.9,1015.9,1015.9,1.0,0.0,4.0,1.0,,,,,,,,,,,,,,,,,,,,,,,,,,,,,,,,,,,,,,,,,,,,,,,,,,,,,,,,,,,,,,,,,,,,,,,,,,,,,,,,,,,,,,,,,,,,,,,,,,,,,,,,,,,,,,,,,,,,,,,,,,,,,,,,,,
1875,10,104.9,-15.4,,,,,,,,,,,,,,,,,,,,,,,,,,,,,,,,,,,9.3,9.3,9.3,9.34,11.0,1.25,6.0,0.7,-9.3,-9.3,-8.56,-9.09,11.0,1.41,6.0,0.7,0.0,0.0,3.63,1.23,11.0,1.73,6.0,0.7,1009.85,1013.6,1014.33,1012.42,5.0,2.44,8.0,0.6,,,,,,,,,,,,,,,,,,,,,,,,,,,,,,,,,,,,,,,,,,,,,,,,,,,,,,,,,,,,,,,,,,,,,,,,,,,,,,,,,,,,,,,,,,,,,,,,,,,,,,,,,,,,,,,,,,,,,,,,,,,,,,,,,,
1875,10,104.9,-13.4,,,,,,,,,,,,,,,,,,,,,,,,,,,,,,,,,,,6.7,9.3,12.3,9.09,17.0,2.18,8.0,0.4,-11.32,-8.56,-6.45,-8.56,17.0,2.02,8.0,0.4,0.0,3.63,4.17,2.59,17.0,1.85,8.0,0.4,1009.41,1013.25,1016.58,1013.13,14.0,2.94,8.0,0.4,,,,,,,,,,,,,,,,,,,,,,,,,,,,,,,,,,,,,,,,,,,,,,,,,,,,,,,,,,,,,,,,,,,,,,,,,,,,,,,,,,,,,,,,,,,,,,,,,,,,,,,,,,,,,,,,,,,,,,,,,,,,,,,,,,
1875,10,104.9,-11.4,,,,,,,,,,,,,,,,,,,,,,,,,,,,,,,,,,,6.7,9.3,9.3,7.83,22.0,1.78,12.0,0.5,-8.56,-6.7,-5.21,-7.1,22.0,1.59,12.0,0.5,0.0,3.13,4.37,2.47,22.0,2.4,12.0,0.5,1011.01,1012.85,1014.96,1012.62,16.0,2.17,14.0,0.5,,,,,,,,,,,,,,,,,,,,,,,,,,,,,,,,,,,,,,,,,,,,,,,,,,,,,,,,,,,,,,,,,,,,,,,,,,,,,,,,,,,,,,,,,,,,,,,,,,,,,,,,,,,,,,,,,,,,,,,,,,,,,,,,,,
1875,10,104.9,-9.4,,,,,,,,,,,,,,,,,,,,,,,,,,,,,,,,,,,6.7,8.0,9.3,7.95,24.0,1.83,12.0,0.6,-8.56,-6.7,-5.67,-6.98,24.0,2.31,12.0,0.6,0.0,3.63,4.43,2.86,24.0,2.15,12.0,0.6,1007.4,1011.6,1013.26,1011.11,19.0,2.66,14.0,0.5,,,,,,,,,,,,,,,,,,,,,,,,,,,,,,,,,,,,,,,,,,,,,,,,,,,,,,,,,,,,,,,,,,,,,,,,,,,,,,,,,,,,,,,,,,,,,,,,,,,,,,,,,,,,,,,,,,,,,,,,,,,,,,,,,,
1875,10,104.9,-7.4,,,,,,,,,,,,,,,,,,,,,,,,,,,,,,,,,,,4.6,6.7,9.3,7.42,23.0,3.06,16.0,0.6,-8.56,-6.58,-1.78,-5.25,23.0,3.54,16.0,0.6,0.0,3.63,6.58,3.78,23.0,3.27,16.0,0.6,1008.8,1011.6,1013.77,1011.32,22.0,2.35,16.0,0.6,,,,,,,,,,,,,,,,,,,,,,,,,,,,,,,,,,,,,,,,,,,,,,,,,,,,,,,,,,,,,,,,,,,,,,,,,,,,,,,,,,,,,,,,,,,,,,,,,,,,,,,,,,,,,,,,,,,,,,,,,,,,,,,,,,
1875,10,106.9,-27.4,,,,,,,,,,,,,,,,,,,,,,,,,,,,,,,,,,,5.6,6.7,8.06,6.83,4.0,1.92,14.0,0.8,5.35,6.17,7.45,6.39,4.0,1.66,14.0,0.8,-2.62,-1.31,1.83,-0.44,4.0,2.89,14.0,0.8,1016.06,1016.4,1016.81,1016.43,3.0,0.55,10.0,0.7,,,,,,,,,,,,,,,,,,,,,,,,,,,,,,,,,,,,,,,,,,,,,,,,,,,,,,,,,,,,,,,,,,,,,,,,,,,,,,,,,,,,,,,,,,,,,,,,,,,,,,,,,,,,,,,,,,,,,,,,,,,,,,,,,,
1875,10,106.9,-25.4,,,,,,,,,,,,,,,,,,,,,,,,,,,,,,,,,,,6.7,6.7,9.3,7.74,5.0,1.42,14.0,0.6,0.0,0.0,2.99,1.25,5.0,1.75,14.0,0.6,6.51,6.7,8.83,7.49,5.0,1.36,14.0,0.6,1017.04,1017.85,1019.13,1018.08,4.0,1.33,10.0,0.5,,,,,,,,,,,,,,,,,,,,,,,,,,,,,,,,,,,,,,,,,,,,,,,,,,,,,,,,,,,,,,,,,,,,,,,,,,,,,,,,,,,,,,,,,,,,,,,,,,,,,,,,,,,,,,,,,,,,,,,,,,,,,,,,,,
1875,10,106.9,-23.4,,,,,,,,,,,,,,,,,,,,,,,,,,,,,,,,,,,5.6,6.7,6.7,6.18,4.0,1.05,12.0,0.3,0.0,0.0,0.0,0.0,4.0,0.0,12.0,0.3,5.6,6.7,6.7,6.18,4.0,1.05,12.0,0.3,1017.53,1018.15,1018.66,1018.1,4.0,0.73,12.0,0.3,,,,,,,,,,,,,,,,,,,,,,,,,,,,,,,,,,,,,,,,,,,,,,,,,,,,,,,,,,,,,,,,,,,,,,,,,,,,,,,,,,,,,,,,,,,,,,,,,,,,,,,,,,,,,,,,,,,,,,,,,,,,,,,,,,
1875,10,106.9,-21.4,,,,,,,,,,,,,,,,,,,,,,,,,,,,,,,,,,,5.93,6.7,6.7,6.28,5.0,0.94,12.0,0.6,-2.51,-1.72,0.0,-1.35,5.0,1.27,12.0,0.6,5.5,6.21,6.7,6.02,5.0,1.01,12.0,0.6,1014.71,1015.5,1016.11,1015.46,5.0,1.02,12.0,0.6,,,,,,,,,,,,,,,,,,,,,,,,,,,,,,,,,,,,,,,,,,,,,,,,,,,,,,,,,,,,,,,,,,,,,,,,,,,,,,,,,,,,,,,,,,,,,,,,,,,,,,,,,,,,,,,,,,,,,,,,,,,,,,,,,,
1875,10,106.9,-19.4,,,,,,,,,,,,,,,,,,,,,,,,,,,,,,,,,,,7.53,9.3,9.3,8.43,3.0,1.5,12.0,0.7,-1.71,0.0,0.0,-0.84,3.0,1.45,12.0,0.7,7.19,9.3,9.3,8.27,3.0,1.78,12.0,0.7,1013.7,1015.2,1015.47,1014.6,3.0,1.4,12.0,0.7,,,,,,,,,,,,,,,,,,,,,,,,,,,,,,,,,,,,,,,,,,,,,,,,,,,,,,,,,,,,,,,,,,,,,,,,,,,,,,,,,,,,,,,,,,,,,,,,,,,,,,,,,,,,,,,,,,,,,,,,,,,,,,,,,,
1875,10,106.9,-17.4,,,,,,,,,,,,,,,,,,,,,,,,,,,,,,,,,,,7.94,9.3,9.3,8.65,4.0,1.3,14.0,0.3,-6.58,-5.03,-2.97,-4.79,4.0,2.1,14.0,0.3,6.39,6.58,7.65,7.0,4.0,1.1,14.0,0.3,1014.34,1014.85,1015.2,1014.78,4.0,0.51,14.0,0.3,,,,,,,,,,,,,,,,,,,,,,,,,,,,,,,,,,,,,,,,,,,,,,,,,,,,,,,,,,,,,,,,,,,,,,,,,,,,,,,,,,,,,,,,,,,,,,,,,,,,,,,,,,,,,,,,,,,,,,,,,,,,,,,,,,
1875,10,106.9,-15.4,,,,,,,,,,,,,,,,,,,,,,,,,,,,,,,,,,,9.3,9.3,9.3,9.3,3.0,0.0,14.0,1.0,-6.58,-6.58,-6.58,-6.58,3.0,0.0,14.0,1.0,6.58,6.58,6.58,6.58,3.0,0.0,14.0,1.0,1013.23,1014.8,1014.94,1014.1,3.0,1.39,14.0,1.0,,,,,,,,,,,,,,,,,,,,,,,,,,,,,,,,,,,,,,,,,,,,,,,,,,,,,,,,,,,,,,,,,,,,,,,,,,,,,,,,,,,,,,,,,,,,,,,,,,,,,,,,,,,,,,,,,,,,,,,,,,,,,,,,,,
1875,10,106.9,-13.4,,,,,,,,,,,,,,,,,,,,,,,,,,,,,,,,,,,9.3,9.3,9.3,9.3,2.0,0.0,14.0,0.0,-8.25,-7.57,-6.89,-7.57,2.0,1.4,14.0,0.0,4.1,5.1,6.11,5.1,2.0,2.08,14.0,0.0,1014.1,1014.1,1014.1,1014.1,2.0,0.0,14.0,0.0,,,,,,,,,,,,,,,,,,,,,,,,,,,,,,,,,,,,,,,,,,,,,,,,,,,,,,,,,,,,,,,,,,,,,,,,,,,,,,,,,,,,,,,,,,,,,,,,,,,,,,,,,,,,,,,,,,,,,,,,,,,,,,,,,,
1875,10,112.9,-37.4,,,,,,,,,,,,,,,,,,,,,,,,,,,,,,,,,,,19.0,19.0,19.0,19.0,1.0,0.0,30.0,1.0,19.0,19.0,19.0,19.0,1.0,0.0,30.0,1.0,0.0,0.0,0.0,0.0,1.0,0.0,30.0,1.0,1002.1,1002.1,1002.1,1002.1,1.0,0.0,30.0,0.0,,,,,,,,,,,,,,,,,,,,,,,,,,,,,,,,,,,,,,,,,,,,,,,,,,,,,,,,,,,,,,,,,,,,,,,,,,,,,,,,,,,,,,,,,,,,,,,,,,,,,,,,,,,,,,,,,,,,,,,,,,,,,,,,,,
1875,10,114.9,-37.4,,,,,,,,,,,,,,,,,,,,,,,,,,,,,,,,,,,6.99,10.8,15.4,11.31,8.0,3.81,28.0,0.4,2.62,7.64,13.9,7.73,8.0,5.59,28.0,0.4,-8.41,-6.39,5.13,-2.52,8.0,7.35,28.0,0.4,1004.13,1009.05,1012.43,1008.1,10.0,4.99,28.0,0.3,,,,,,,,,,,,,,,,,,,,,,,,,,,,,,,,,,,,,,,,,,,,,,,,,,,,,,,,,,,,,,,,,,,,,,,,,,,,,,,,,,,,,,,,,,,,,,,,,,,,,,,,,,,,,,,,,,,,,,,,,,,,,,,,,,
1875,10,114.9,-7.4,,,,,,,,,,,,,,,,,,,,,,,,,,,,,,,,,,,6.7,6.7,6.7,6.7,3.0,0.0,14.0,0.7,-6.53,-6.17,-6.17,-6.34,3.0,0.31,14.0,0.7,0.83,2.62,2.62,1.75,3.0,1.51,14.0,0.7,1007.7,1007.9,1008.79,1008.23,3.0,0.85,14.0,0.7,,,,,,,,,,,,,,,,,,,,,,,,,,,,,,,,,,,,,,,,,,,,,,,,,,,,,,,,,,,,,,,,,,,,,,,,,,,,,,,,,,,,,,,,,,,,,,,,,,,,,,,,,,,,,,,,,,,,,,,,,,,,,,,,,,
1875,10,116.9,-37.4,,,,,,,,,,,,,,,,,,,,,,,,,,,,,,,,,,,6.17,9.3,9.3,8.12,12.0,2.27,26.0,0.6,4.36,7.57,9.3,6.27,12.0,3.75,26.0,0.6,-5.21,-3.44,0.0,-3.3,12.0,2.86,26.0,0.6,1010.75,1012.8,1016.13,1013.26,12.0,2.6,26.0,0.6,,,,,,,,,,,,,,,,,,,,,,,,,,,,,,,,,,,,,,,,,,,,,,,,,,,,,,,,,,,,,,,,,,,,,,,,,,,,,,,,,,,,,,,,,,,,,,,,,,,,,,,,,,,,,,,,,,,,,,,,,,,,,,,,,,
1875,10,116.9,-7.4,,,,,,,,,,,,,,,,,,,,,,,,,,,,,,,,,,,2.6,2.6,3.33,3.0,5.0,0.89,14.0,0.6,-3.2,-1.84,-1.84,-2.47,5.0,1.04,14.0,0.6,1.14,1.84,1.84,1.46,5.0,0.82,14.0,0.6,1009.09,1009.7,1009.9,1009.5,3.0,0.62,14.0,1.0,,,,,,,,,,,,,,,,,,,,,,,,,,,,,,,,,,,,,,,,,,,,,,,,,,,,,,,,,,,,,,,,,,,,,,,,,,,,,,,,,,,,,,,,,,,,,,,,,,,,,,,,,,,,,,,,,,,,,,,,,,,,,,,,,,
1875,10,118.9,-37.4,,,,,,,,,,,,,,,,,,,,,,,,,,,,,,,,,,,2.6,4.6,5.03,4.28,6.0,1.54,24.0,0.7,-0.21,0.0,0.54,0.27,6.0,1.22,24.0,0.7,-2.85,3.6,4.92,1.83,6.0,4.33,24.0,0.7,1013.12,1015.2,1016.26,1014.62,6.0,2.08,24.0,0.7,,,,,,,,,,,,,,,,,,,,,,,,,,,,,,,,,,,,,,,,,,,,,,,,,,,,,,,,,,,,,,,,,,,,,,,,,,,,,,,,,,,,,,,,,,,,,,,,,,,,,,,,,,,,,,,,,,,,,,,,,,,,,,,,,,
1875,10,118.9,-7.4,,,,,,,,,,,,,,,,,,,,,,,,,,,,,,,,,,,3.25,4.65,6.05,4.65,2.0,2.9,14.0,0.0,-5.57,-4.28,-2.99,-4.28,2.0,2.67,14.0,0.0,1.27,1.82,2.36,1.82,2.0,1.13,14.0,0.0,1008.7,1008.7,1008.7,1008.7,1.0,0.0,14.0,0.0,,,,,,,,,,,,,,,,,,,,,,,,,,,,,,,,,,,,,,,,,,,,,,,,,,,,,,,,,,,,,,,,,,,,,,,,,,,,,,,,,,,,,,,,,,,,,,,,,,,,,,,,,,,,,,,,,,,,,,,,,,,,,,,,,,
1875,10,118.9,-5.4,,,,,,,,,,,,,,,,,,,,,,,,,,,,,,,,,,,2.6,3.6,4.6,3.6,4.0,1.15,14.0,0.8,-4.43,-3.42,-2.6,-3.51,4.0,1.06,14.0,0.8,0.0,0.0,0.94,0.45,4.0,0.9,14.0,0.8,1009.04,1010.2,1010.68,1009.87,3.0,1.23,16.0,1.0,,,,,,,,,,,,,,,,,,,,,,,,,,,,,,,,,,,,,,,,,,,,,,,,,,,,,,,,,,,,,,,,,,,,,,,,,,,,,,,,,,,,,,,,,,,,,,,,,,,,,,,,,,,,,,,,,,,,,,,,,,,,,,,,,,
1875,10,120.9,-37.4,,,,,,,,,,,,,,,,,,,,,,,,,,,,,,,,,,,4.6,4.6,7.81,6.17,3.0,2.71,22.0,0.3,-5.52,-3.25,-3.25,-4.36,3.0,1.92,22.0,0.3,-5.52,-3.25,-3.25,-4.36,3.0,1.92,22.0,0.3,1009.52,1011.5,1011.7,1010.63,3.0,1.77,22.0,0.3,,,,,,,,,,,,,,,,,,,,,,,,,,,,,,,,,,,,,,,,,,,,,,,,,,,,,,,,,,,,,,,,,,,,,,,,,,,,,,,,,,,,,,,,,,,,,,,,,,,,,,,,,,,,,,,,,,,,,,,,,,,,,,,,,,
1875,10,120.9,-35.4,,,,,,,,,,,,,,,,,,,,,,,,,,,,,,,,,,,9.3,9.3,9.3,9.3,1.0,0.0,22.0,1.0,-6.58,-6.58,-6.58,-6.58,1.0,0.0,22.0,1.0,-6.58,-6.58,-6.58,-6.58,1.0,0.0,22.0,1.0,1015.0,1015.0,1015.0,1015.0,1.0,0.0,22.0,1.0,,,,,,,,,,,,,,,,,,,,,,,,,,,,,,,,,,,,,,,,,,,,,,,,,,,,,,,,,,,,,,,,,,,,,,,,,,,,,,,,,,,,,,,,,,,,,,,,,,,,,,,,,,,,,,,,,,,,,,,,,,,,,,,,,,
1875,10,120.9,-5.4,,,,,,,,,,,,,,,,,,,,,,,,,,,,,,,,,,,2.6,3.6,4.6,3.6,6.0,1.1,16.0,0.5,-4.6,-3.42,-2.56,-3.5,6.0,1.08,16.0,0.5,0.0,0.0,1.18,0.47,6.0,0.77,16.0,0.5,1008.36,1009.7,1010.78,1009.58,4.0,1.57,16.0,0.8,,,,,,,,,,,,,,,,,,,,,,,,,,,,,,,,,,,,,,,,,,,,,,,,,,,,,,,,,,,,,,,,,,,,,,,,,,,,,,,,,,,,,,,,,,,,,,,,,,,,,,,,,,,,,,,,,,,,,,,,,,,,,,,,,,
1875,10,122.9,-35.4,,,,,,,,,,,,,,,,,,,,,,,,,,,,,,,,,,,9.3,9.3,10.87,10.05,4.0,1.5,22.0,0.3,-7.69,-6.58,-6.58,-7.11,4.0,1.06,22.0,0.3,-7.69,-6.58,-6.58,-7.11,4.0,1.06,22.0,0.3,1018.0,1018.9,1020.53,1019.25,4.0,1.55,22.0,0.3,,,,,,,,,,,,,,,,,,,,,,,,,,,,,,,,,,,,,,,,,,,,,,,,,,,,,,,,,,,,,,,,,,,,,,,,,,,,,,,,,,,,,,,,,,,,,,,,,,,,,,,,,,,,,,,,,,,,,,,,,,,,,,,,,,
1875,10,122.9,-5.4,,,,,,,,,,,,,,,,,,,,,,,,,,,,,,,,,,,3.87,4.6,4.6,4.2,5.0,0.89,16.0,0.4,-4.39,-4.23,-3.64,-3.99,5.0,0.79,16.0,0.4,-0.63,0.0,1.8,0.37,5.0,1.48,16.0,0.4,1010.05,1010.6,1011.15,1010.6,2.0,1.13,18.0,1.0,,,,,,,,,,,,,,,,,,,,,,,,,,,,,,,,,,,,,,,,,,,,,,,,,,,,,,,,,,,,,,,,,,,,,,,,,,,,,,,,,,,,,,,,,,,,,,,,,,,,,,,,,,,,,,,,,,,,,,,,,,,,,,,,,,
1875,10,124.9,-35.4,,,,,,,,,,,,,,,,,,,,,,,,,,,,,,,,,,,6.27,6.7,6.7,6.35,6.0,0.86,20.0,0.5,-6.31,-4.74,-4.13,-4.82,6.0,1.71,20.0,0.5,-4.74,-4.49,-1.99,-3.49,6.0,1.92,20.0,0.5,1023.51,1025.25,1026.03,1024.9,6.0,1.6,20.0,0.5,,,,,,,,,,,,,,,,,,,,,,,,,,,,,,,,,,,,,,,,,,,,,,,,,,,,,,,,,,,,,,,,,,,,,,,,,,,,,,,,,,,,,,,,,,,,,,,,,,,,,,,,,,,,,,,,,,,,,,,,,,,,,,,,,,
1875,10,124.9,-5.4,,,,,,,,,,,,,,,,,,,,,,,,,,,,,,,,,,,2.6,2.6,4.6,3.4,5.0,1.1,18.0,0.4,-4.23,-2.6,-2.39,-3.17,5.0,0.97,18.0,0.4,0.64,1.02,1.8,1.13,5.0,0.74,18.0,0.4,1008.54,1009.7,1010.04,1009.3,3.0,1.15,18.0,0.7,,,,,,,,,,,,,,,,,,,,,,,,,,,,,,,,,,,,,,,,,,,,,,,,,,,,,,,,,,,,,,,,,,,,,,,,,,,,,,,,,,,,,,,,,,,,,,,,,,,,,,,,,,,,,,,,,,,,,,,,,,,,,,,,,,
1875,10,126.9,-35.4,,,,,,,,,,,,,,,,,,,,,,,,,,,,,,,,,,,4.6,9.3,13.43,9.24,5.0,4.75,20.0,0.6,-3.34,-3.25,0.0,-2.0,5.0,1.83,20.0,0.6,3.25,8.62,13.43,8.57,5.0,5.41,20.0,0.6,1020.22,1024.1,1027.39,1023.72,5.0,4.08,20.0,0.6,,,,,,,,,,,,,,,,,,,,,,,,,,,,,,,,,,,,,,,,,,,,,,,,,,,,,,,,,,,,,,,,,,,,,,,,,,,,,,,,,,,,,,,,,,,,,,,,,,,,,,,,,,,,,,,,,,,,,,,,,,,,,,,,,,
1875,10,126.9,-5.4,,,,,,,,,,,,,,,,,,,,,,,,,,,,,,,,,,,2.6,3.6,4.6,3.6,4.0,1.15,18.0,0.5,-4.27,-3.43,-2.5,-3.39,4.0,1.02,18.0,0.5,-1.72,-1.35,-0.46,-1.11,4.0,0.82,18.0,0.5,1008.31,1009.4,1009.4,1008.87,3.0,0.92,18.0,0.7,,,,,,,,,,,,,,,,,,,,,,,,,,,,,,,,,,,,,,,,,,,,,,,,,,,,,,,,,,,,,,,,,,,,,,,,,,,,,,,,,,,,,,,,,,,,,,,,,,,,,,,,,,,,,,,,,,,,,,,,,,,,,,,,,,
1875,10,126.9,-3.4,,,,,,,,,,,,,,,,,,,,,,,,,,,,,,,,,,,3.23,4.6,4.6,3.93,3.0,1.15,26.0,0.7,-3.25,-3.25,-2.68,-2.97,3.0,0.49,26.0,0.7,0.37,3.25,3.25,1.84,3.0,2.44,26.0,0.7,1005.46,1006.45,1007.44,1006.45,2.0,2.05,30.0,1.0,,,,,,,,,,,,,,,,,,,,,,,,,,,,,,,,,,,,,,,,,,,,,,,,,,,,,,,,,,,,,,,,,,,,,,,,,,,,,,,,,,,,,,,,,,,,,,,,,,,,,,,,,,,,,,,,,,,,,,,,,,,,,,,,,,
1875,10,126.9,-1.4,,,,,,,,,,,,,,,,,,,,,,,,,,,,,,,,,,,3.9,6.7,6.7,5.33,3.0,2.37,30.0,0.0,-4.03,-2.51,-1.46,-2.74,3.0,1.89,30.0,0.0,3.15,4.74,5.74,4.45,3.0,1.92,30.0,0.0,1008.1,1008.1,1008.1,1008.1,1.0,0.0,30.0,0.0,,,,,,,,,,,,,,,,,,,,,,,,,,,,,,,,,,,,,,,,,,,,,,,,,,,,,,,,,,,,,,,,,,,,,,,,,,,,,,,,,,,,,,,,,,,,,,,,,,,,,,,,,,,,,,,,,,,,,,,,,,,,,,,,,,
1875,10,126.9,0.6,,,,,,,,,,,,,,,,,,,,,,,,,,,,,,,,,,,0.63,2.6,4.6,2.56,5.0,2.08,30.0,0.4,-0.36,0.39,2.7,1.1,5.0,2.03,30.0,0.4,0.58,1.72,3.08,1.86,5.0,1.6,30.0,0.4,1007.29,1007.7,1008.11,1007.7,2.0,0.85,30.0,1.0,,,,,,,,,,,,,,,,,,,,,,,,,,,,,,,,,,,,,,,,,,,,,,,,,,,,,,,,,,,,,,,,,,,,,,,,,,,,,,,,,,,,,,,,,,,,,,,,,,,,,,,,,,,,,,,,,,,,,,,,,,,,,,,,,,
1875,10,128.9,-35.4,,,,,,,,,,,,,,,,,,,,,,,,,,,,,,,,,,,6.6,9.3,12.45,9.99,7.0,3.67,18.0,0.4,0.0,4.61,8.76,4.82,7.0,4.33,18.0,0.4,-6.46,3.48,7.0,1.12,7.0,9.08,18.0,0.4,1006.0,1009.35,1011.93,1009.34,8.0,3.17,18.0,0.5,,,,,,,,,,,,,,,,,,,,,,,,,,,,,,,,,,,,,,,,,,,,,,,,,,,,,,,,,,,,,,,,,,,,,,,,,,,,,,,,,,,,,,,,,,,,,,,,,,,,,,,,,,,,,,,,,,,,,,,,,,,,,,,,,,
1875,10,128.9,-3.4,,,,,,,,,,,,,,,,,,,,,,,,,,,,,,,,,,,2.6,2.6,2.6,2.6,1.0,0.0,18.0,1.0,-1.84,-1.84,-1.84,-1.84,1.0,0.0,18.0,1.0,-1.84,-1.84,-1.84,-1.84,1.0,0.0,18.0,1.0,1010.6,1010.6,1010.6,1010.6,1.0,0.0,18.0,1.0,,,,,,,,,,,,,,,,,,,,,,,,,,,,,,,,,,,,,,,,,,,,,,,,,,,,,,,,,,,,,,,,,,,,,,,,,,,,,,,,,,,,,,,,,,,,,,,,,,,,,,,,,,,,,,,,,,,,,,,,,,,,,,,,,,
1875,10,130.9,-37.4,,,,,,,,,,,,,,,,,,,,,,,,,,,,,,,,,,,6.6,12.3,15.57,11.81,7.0,5.2,14.0,0.7,4.38,8.62,15.57,9.73,7.0,6.75,14.0,0.7,-0.59,0.0,3.59,-0.08,7.0,5.82,14.0,0.7,1000.35,1003.0,1004.27,1002.12,9.0,3.22,14.0,0.7,,,,,,,,,,,,,,,,,,,,,,,,,,,,,,,,,,,,,,,,,,,,,,,,,,,,,,,,,,,,,,,,,,,,,,,,,,,,,,,,,,,,,,,,,,,,,,,,,,,,,,,,,,,,,,,,,,,,,,,,,,,,,,,,,,
1875,10,130.9,-35.4,,,,,,,,,,,,,,,,,,,,,,,,,,,,,,,,,,,5.47,13.85,19.0,12.53,10.0,6.53,16.0,0.4,4.18,12.42,16.59,11.18,10.0,6.0,16.0,0.4,-7.42,-0.7,2.63,-2.33,10.0,6.01,16.0,0.4,1001.19,1002.65,1013.37,1005.84,10.0,6.07,16.0,0.4,,,,,,,,,,,,,,,,,,,,,,,,,,,,,,,,,,,,,,,,,,,,,,,,,,,,,,,,,,,,,,,,,,,,,,,,,,,,,,,,,,,,,,,,,,,,,,,,,,,,,,,,,,,,,,,,,,,,,,,,,,,,,,,,,,
1875,10,132.9,-37.4,,,,,,,,,,,,,,,,,,,,,,,,,,,,,,,,,,,10.25,12.3,14.42,12.33,3.0,3.05,12.0,0.3,-5.63,-4.81,-4.01,-4.82,3.0,1.19,12.0,0.3,-13.27,-11.32,-9.44,-11.35,3.0,2.81,12.0,0.3,1005.57,1007.0,1009.25,1007.4,3.0,2.72,12.0,0.3,,,,,,,,,,,,,,,,,,,,,,,,,,,,,,,,,,,,,,,,,,,,,,,,,,,,,,,,,,,,,,,,,,,,,,,,,,,,,,,,,,,,,,,,,,,,,,,,,,,,,,,,,,,,,,,,,,,,,,,,,,,,,,,,,,
1875,10,134.9,-39.4,,,,,,,,,,,,,,,,,,,,,,,,,,,,,,,,,,,5.27,6.7,8.47,6.87,3.0,2.35,10.0,0.3,-5.99,-4.74,-3.72,-4.86,3.0,1.66,10.0,0.3,3.72,4.74,5.99,4.86,3.0,1.66,10.0,0.3,1016.55,1018.6,1019.28,1017.93,3.0,2.08,10.0,0.3,,,,,,,,,,,,,,,,,,,,,,,,,,,,,,,,,,,,,,,,,,,,,,,,,,,,,,,,,,,,,,,,,,,,,,,,,,,,,,,,,,,,,,,,,,,,,,,,,,,,,,,,,,,,,,,,,,,,,,,,,,,,,,,,,,
1875,10,134.9,-37.4,,,,,,,,,,,,,,,,,,,,,,,,,,,,,,,,,,,5.27,6.7,8.47,6.87,3.0,2.35,12.0,0.7,-4.69,-4.6,-3.94,-4.32,3.0,0.6,12.0,0.7,-7.35,-4.74,-1.5,-4.43,3.0,4.29,12.0,0.7,1013.01,1013.9,1014.24,1013.63,3.0,0.93,12.0,0.7,,,,,,,,,,,,,,,,,,,,,,,,,,,,,,,,,,,,,,,,,,,,,,,,,,,,,,,,,,,,,,,,,,,,,,,,,,,,,,,,,,,,,,,,,,,,,,,,,,,,,,,,,,,,,,,,,,,,,,,,,,,,,,,,,,
1875,10,136.9,-39.4,,,,,,,,,,,,,,,,,,,,,,,,,,,,,,,,,,,11.24,15.4,15.4,13.37,3.0,3.52,10.0,0.7,-9.52,-6.58,-6.03,-7.74,3.0,2.75,10.0,0.7,7.95,10.89,13.2,10.58,3.0,3.86,10.0,0.7,1016.79,1017.2,1019.73,1018.23,3.0,2.33,10.0,0.7,,,,,,,,,,,,,,,,,,,,,,,,,,,,,,,,,,,,,,,,,,,,,,,,,,,,,,,,,,,,,,,,,,,,,,,,,,,,,,,,,,,,,,,,,,,,,,,,,,,,,,,,,,,,,,,,,,,,,,,,,,,,,,,,,,
1875,10,138.9,-39.4,,,,,,,,,,,,,,,,,,,,,,,,,,,,,,,,,,,12.79,13.85,14.91,13.85,2.0,2.19,10.0,0.5,-7.32,-4.35,-1.38,-4.35,2.0,6.15,10.0,0.5,9.76,12.05,14.34,12.05,2.0,4.74,10.0,0.5,1010.27,1011.5,1012.73,1011.5,2.0,2.55,10.0,0.5,,,,,,,,,,,,,,,,,,,,,,,,,,,,,,,,,,,,,,,,,,,,,,,,,,,,,,,,,,,,,,,,,,,,,,,,,,,,,,,,,,,,,,,,,,,,,,,,,,,,,,,,,,,,,,,,,,,,,,,,,,,,,,,,,,
1875,10,140.9,-39.4,,,,,,,,,,,,,,,,,,,,,,,,,,,,,,,,,,,10.25,12.3,14.42,12.33,3.0,3.05,10.0,0.3,-9.82,-6.58,-6.03,-7.89,3.0,3.0,10.0,0.3,5.37,6.58,11.83,8.55,3.0,5.04,10.0,0.3,1004.68,1005.7,1006.93,1005.8,3.0,1.65,10.0,0.3,,,,,,,,,,,,,,,,,,,,,,,,,,,,,,,,,,,,,,,,,,,,,,,,,,,,,,,,,,,,,,,,,,,,,,,,,,,,,,,,,,,,,,,,,,,,,,,,,,,,,,,,,,,,,,,,,,,,,,,,,,,,,,,,,,
1875,10,142.9,-39.4,,,,,,,,,,,,,,,,,,,,,,,,,,,,,,,,,,,15.4,15.4,15.4,15.4,1.0,0.0,10.0,1.0,-14.18,-14.18,-14.18,-14.18,1.0,0.0,10.0,1.0,6.02,6.02,6.02,6.02,1.0,0.0,10.0,1.0,1004.59,1005.2,1005.81,1005.2,2.0,1.27,8.0,1.0,,,,,,,,,,,,,,,,,,,,,,,,,,,,,,,,,,,,,,,,,,,,,,,,,,,,,,,,,,,,,,,,,,,,,,,,,,,,,,,,,,,,,,,,,,,,,,,,,,,,,,,,,,,,,,,,,,,,,,,,,,,,,,,,,,
1875,10,208.9,-23.4,23.3,23.6,23.75,23.5,23.0,0.24,6.0,0.6,21.96,23.2,23.64,22.98,24.0,0.85,6.0,0.7,14.7,15.26,15.58,15.18,14.0,0.61,6.0,0.6,84.3,86.9,90.8,87.6,16.0,4.3,6.0,0.7,0.9,0.6,1.18,2.6,4.6,2.95,8.0,1.52,6.0,0.6,-2.55,-1.57,-0.83,-1.4,8.0,1.91,6.0,0.6,-3.68,-1.01,-0.5,-1.76,8.0,1.68,6.0,0.6,1016.17,1017.1,1018.11,1017.13,15.0,1.06,6.0,0.7,5.1,6.5,8.0,6.4,8.0,1.8,6.0,0.6,84.3,86.9,90.8,87.6,16.0,4.3,6.0,0.7,0.9,0.6,-6.6,-4.8,-0.8,-3.8,8.0,8.2,6.0,0.6,-16.9,-2.5,-0.6,-7.2,8.0,8.3,6.0,0.6,,,,,,,,,,,,,,,,,,,,,,,,,,,,,,,,,,,,,,,,,,,,,,,,,,,,,,,,,,,,,,,,,,,,,,,,,,,,,,,,,,,,,,,,,,,,,,,,
1875,10,208.9,-21.4,23.9,23.9,24.37,24.05,21.0,0.23,6.0,0.6,23.33,23.9,24.98,24.07,21.0,0.89,6.0,0.6,15.29,15.84,16.17,15.69,14.0,0.52,4.0,0.6,80.6,85.6,88.6,84.8,14.0,3.6,4.0,0.6,0.9,0.5,2.6,4.6,4.85,4.77,7.0,2.41,6.0,0.4,-4.76,-4.52,-2.55,-4.68,7.0,2.37,6.0,0.4,0.45,0.88,0.93,0.77,7.0,0.7,6.0,0.4,1018.51,1019.55,1021.22,1019.71,14.0,1.27,4.0,0.6,1.9,2.0,5.1,3.4,7.0,2.7,6.0,0.4,80.6,85.6,88.6,84.8,14.0,3.6,4.0,0.6,0.9,0.5,-24.3,-20.8,-6.6,-27.2,7.0,30.3,6.0,0.4,1.2,4.0,4.7,4.9,7.0,6.3,6.0,0.4,,,,,,,,,,,,,,,,,,,,,,,,,,,,,,,,,,,,,,,,,,,,,,,,,,,,,,,,,,,,,,,,,,,,,,,,,,,,,,,,,,,,,,,,,,,,,,,,
1875,10,208.9,-19.4,,,,,,,,,,,,,,,,,,,,,,,,,,,,,,,,,,,,,,,,,,,,,,,,,,,,,,,,,,,,,,,,,,,3.0,3.0,3.0,3.0,1.0,0.0,6.0,0.0,84.0,84.4,84.7,84.4,2.0,0.7,4.0,0.0,1.0,0.1,-19.5,-19.5,-19.5,-19.5,1.0,0.0,6.0,0.0,8.3,8.3,8.3,8.3,1.0,0.0,6.0,0.0,,,,,,,,,,,,,,,,,,,,,,,,,,,,,,,,,,,,,,,,,,,,,,,,,,,,,,,,,,,,,,,,,,,,,,,,,,,,,,,,,,,,,,,,,,,,,,,,
1875,10,210.9,-25.4,22.17,22.2,22.38,22.26,12.0,0.23,8.0,0.5,20.4,21.05,21.63,21.03,12.0,0.55,8.0,0.5,11.41,12.75,13.61,12.51,8.0,0.97,8.0,0.6,77.0,82.5,85.4,81.5,8.0,3.7,8.0,0.6,0.6,0.8,5.6,8.25,9.8,7.73,4.0,2.54,8.0,0.3,2.19,3.22,4.69,3.43,4.0,1.6,8.0,0.3,5.15,7.15,8.59,6.89,4.0,2.13,8.0,0.3,1015.06,1015.75,1016.18,1015.54,8.0,0.91,8.0,0.6,1.5,2.5,4.0,2.8,4.0,1.7,8.0,0.3,77.0,82.5,85.4,81.5,8.0,3.7,8.0,0.6,0.6,0.8,12.7,27.5,46.0,29.3,4.0,20.4,8.0,0.3,29.9,60.5,84.2,57.2,4.0,32.4,8.0,0.3,,,,,,,,,,,,,,,,,,,,,,,,,,,,,,,,,,,,,,,,,,,,,,,,,,,,,,,,,,,,,,,,,,,,,,,,,,,,,,,,,,,,,,,,,,,,,,,,
1875,10,210.9,-23.4,22.64,22.8,22.85,22.75,4.0,0.17,8.0,0.5,21.49,21.75,22.11,21.8,4.0,0.45,8.0,0.5,14.53,15.36,15.74,15.14,3.0,0.91,8.0,0.3,89.6,94.7,96.6,93.2,3.0,5.3,8.0,0.3,0.2,0.1,2.6,2.6,2.6,2.6,1.0,0.0,8.0,1.0,2.16,2.16,2.16,2.16,1.0,0.0,8.0,1.0,1.45,1.45,1.45,1.45,1.0,0.0,8.0,1.0,1014.92,1015.6,1016.01,1015.47,3.0,0.81,8.0,0.3,8.0,8.0,8.0,8.0,1.0,0.0,8.0,1.0,89.6,94.7,96.6,93.2,3.0,5.3,8.0,0.3,0.2,0.1,5.6,5.6,5.6,5.6,1.0,0.0,8.0,1.0,3.8,3.8,3.8,3.8,1.0,0.0,8.0,1.0,,,,,,,,,,,,,,,,,,,,,,,,,,,,,,,,,,,,,,,,,,,,,,,,,,,,,,,,,,,,,,,,,,,,,,,,,,,,,,,,,,,,,,,,,,,,,,,,
1875,10,210.9,-19.4,25.0,25.1,25.3,25.17,17.0,0.23,4.0,0.6,22.8,24.6,25.18,24.23,17.0,1.04,4.0,0.6,16.49,16.49,16.49,16.49,1.0,0.0,4.0,0.0,82.5,84.9,88.6,86.6,9.0,5.0,4.0,0.6,0.1,0.6,4.6,4.6,6.7,5.3,6.0,1.08,4.0,0.5,-6.58,-4.56,-4.46,-5.17,6.0,1.1,4.0,0.5,0.7,1.08,1.39,1.02,6.0,0.6,4.0,0.5,1017.6,1017.6,1017.6,1017.6,1.0,0.0,4.0,0.0,5.2,7.0,8.0,6.3,6.0,2.3,4.0,0.5,82.5,84.9,88.6,86.6,9.0,5.0,4.0,0.6,0.1,0.6,-44.1,-21.0,-20.5,-28.4,6.0,12.2,4.0,0.5,3.2,6.2,8.6,5.6,6.0,3.5,4.0,0.5,,,,,,,,,,,,,,,,,,,,,,,,,,,,,,,,,,,,,,,,,,,,,,,,,,,,,,,,,,,,,,,,,,,,,,,,,,,,,,,,,,,,,,,,,,,,,,,,
1875,10,210.9,-17.4,25.6,25.6,26.18,25.87,15.0,0.38,2.0,0.5,24.12,25.0,26.3,25.28,33.0,1.15,2.0,0.5,16.19,16.5,17.21,16.63,21.0,0.66,2.0,0.5,76.7,83.9,87.0,82.3,26.0,5.9,2.0,0.5,0.2,0.2,0.0,0.5,4.38,1.86,8.0,2.57,4.0,0.5,-4.3,0.0,0.0,-1.55,8.0,2.34,4.0,0.5,0.0,0.0,0.84,-0.17,8.0,1.5,4.0,0.5,1017.76,1019.1,1020.32,1019.06,25.0,1.16,2.0,0.6,2.1,4.0,5.9,4.3,8.0,2.1,4.0,0.5,76.7,83.9,87.0,82.3,26.0,5.9,2.0,0.5,0.2,0.2,-19.2,0.0,0.0,-8.1,8.0,13.8,4.0,0.5,0.0,0.0,1.3,-2.3,8.0,9.3,4.0,0.5,,,,,,,,,,,,,,,,,,,,,,,,,,,,,,,,,,,,,,,,,,,,,,,,,,,,,,,,,,,,,,,,,,,,,,,,,,,,,,,,,,,,,,,,,,,,,,,,
1875,10,212.9,-25.4,20.63,21.55,21.7,21.24,14.0,0.62,8.0,0.4,18.99,19.35,19.96,19.5,10.0,0.65,8.0,0.5,10.85,11.14,11.29,11.15,7.0,0.36,8.0,0.4,77.9,79.6,82.8,79.6,7.0,4.1,8.0,0.4,0.4,0.4,9.8,9.8,9.8,9.8,4.0,0.0,8.0,0.5,5.48,5.48,6.24,5.84,4.0,0.72,8.0,0.5,7.5,8.12,8.12,7.83,4.0,0.6,8.0,0.5,1012.3,1013.7,1014.52,1013.44,9.0,1.09,8.0,0.4,2.9,4.0,6.1,4.4,5.0,2.5,8.0,0.4,77.9,79.6,82.8,79.6,7.0,4.1,8.0,0.4,0.4,0.4,53.7,53.7,61.1,57.3,4.0,7.1,8.0,0.5,73.5,79.6,79.6,76.7,4.0,5.9,8.0,0.5,,,,,,,,,,,,,,,,,,,,,,,,,,,,,,,,,,,,,,,,,,,,,,,,,,,,,,,,,,,,,,,,,,,,,,,,,,,,,,,,,,,,,,,,,,,,,,,,
1875,10,214.9,-27.4,20.3,20.6,21.1,20.63,12.0,0.39,10.0,0.3,18.8,19.1,19.83,19.29,12.0,0.64,10.0,0.3,11.29,11.42,11.73,11.36,8.0,0.43,10.0,0.3,77.2,83.5,86.9,82.1,8.0,5.1,10.0,0.3,0.6,0.8,6.7,6.7,6.7,6.7,1.0,0.0,10.0,1.0,4.74,4.74,4.74,4.74,1.0,0.0,10.0,1.0,4.74,4.74,4.74,4.74,1.0,0.0,10.0,1.0,1010.24,1010.95,1012.64,1011.25,8.0,1.23,10.0,0.3,4.6,6.0,6.0,5.3,3.0,1.2,10.0,0.3,77.2,83.5,86.9,82.1,8.0,5.1,10.0,0.3,0.6,0.8,31.7,31.7,31.7,31.7,1.0,0.0,10.0,1.0,31.7,31.7,31.7,31.7,1.0,0.0,10.0,1.0,,,,,,,,,,,,,,,,,,,,,,,,,,,,,,,,,,,,,,,,,,,,,,,,,,,,,,,,,,,,,,,,,,,,,,,,,,,,,,,,,,,,,,,,,,,,,,,,
1875,10,214.9,-25.4,20.0,20.0,20.2,20.1,3.0,0.17,8.0,1.0,18.22,18.25,18.28,18.25,2.0,0.07,8.0,1.0,11.07,11.07,11.07,11.07,1.0,0.0,8.0,1.0,85.3,85.3,85.3,85.3,1.0,0.0,8.0,1.0,0.1,0.0,12.3,12.3,12.3,12.3,1.0,0.0,10.0,1.0,6.88,6.88,6.88,6.88,1.0,0.0,10.0,1.0,10.2,10.2,10.2,10.2,1.0,0.0,10.0,1.0,1011.9,1012.1,1012.3,1012.1,2.0,0.42,8.0,1.0,4.0,4.0,4.0,4.0,1.0,0.0,10.0,1.0,85.3,85.3,85.3,85.3,1.0,0.0,8.0,1.0,0.1,0.0,84.6,84.6,84.6,84.6,1.0,0.0,10.0,1.0,125.4,125.4,125.4,125.4,1.0,0.0,10.0,1.0,,,,,,,,,,,,,,,,,,,,,,,,,,,,,,,,,,,,,,,,,,,,,,,,,,,,,,,,,,,,,,,,,,,,,,,,,,,,,,,,,,,,,,,,,,,,,,,,
1875,10,216.9,-29.4,19.45,19.55,19.65,19.55,2.0,0.21,10.0,0.0,18.22,18.25,18.28,18.25,2.0,0.07,10.0,0.0,10.7,10.7,10.7,10.7,1.0,0.0,10.0,0.0,82.6,82.6,82.6,82.6,1.0,0.0,10.0,0.0,1.0,1.0,4.6,4.6,4.6,4.6,1.0,0.0,12.0,0.0,2.57,2.57,2.57,2.57,1.0,0.0,12.0,0.0,3.81,3.81,3.81,3.81,1.0,0.0,12.0,0.0,1014.1,1014.1,1014.1,1014.1,1.0,0.0,10.0,0.0,3.0,3.0,3.0,3.0,1.0,0.0,12.0,0.0,82.6,82.6,82.6,82.6,1.0,0.0,10.0,0.0,1.0,1.0,11.8,11.8,11.8,11.8,1.0,0.0,12.0,0.0,17.5,17.5,17.5,17.5,1.0,0.0,12.0,0.0,,,,,,,,,,,,,,,,,,,,,,,,,,,,,,,,,,,,,,,,,,,,,,,,,,,,,,,,,,,,,,,,,,,,,,,,,,,,,,,,,,,,,,,,,,,,,,,,
1875,10,216.9,-27.4,19.7,20.0,20.6,20.08,16.0,0.41,10.0,0.6,17.8,18.8,19.77,18.8,16.0,0.96,10.0,0.6,10.66,11.09,11.4,11.07,11.0,0.44,10.0,0.5,77.3,82.7,87.6,82.5,11.0,6.4,10.0,0.5,0.6,0.2,4.6,9.8,9.8,7.72,5.0,2.85,10.0,0.6,2.29,3.83,6.01,4.12,5.0,2.1,10.0,0.6,4.08,6.93,8.45,6.42,5.0,2.32,10.0,0.6,1010.28,1011.0,1012.12,1011.3,11.0,1.15,10.0,0.5,3.6,5.0,6.4,5.0,5.0,1.6,10.0,0.6,77.3,82.7,87.6,82.5,11.0,6.4,10.0,0.5,0.6,0.2,10.5,37.5,58.9,35.8,5.0,25.9,10.0,0.6,18.8,67.9,82.8,54.6,5.0,33.7,10.0,0.6,,,,,,,,,,,,,,,,,,,,,,,,,,,,,,,,,,,,,,,,,,,,,,,,,,,,,,,,,,,,,,,,,,,,,,,,,,,,,,,,,,,,,,,,,,,,,,,,
1875,10,218.9,-29.4,19.0,19.4,19.72,19.4,31.0,0.32,12.0,0.6,18.3,19.4,21.4,19.83,31.0,1.48,12.0,0.6,10.97,11.4,12.71,11.65,21.0,0.91,12.0,0.6,76.9,81.2,87.0,81.5,21.0,4.7,12.0,0.6,0.5,0.6,1.69,2.6,2.6,2.28,10.0,0.67,12.0,0.6,0.76,1.45,2.38,1.58,10.0,0.75,12.0,0.6,-2.16,-1.45,0.11,-1.17,10.0,1.17,12.0,0.6,1015.4,1018.0,1020.7,1017.64,21.0,2.82,12.0,0.6,0.0,2.5,5.1,2.6,10.0,2.6,12.0,0.6,76.9,81.2,87.0,81.5,21.0,4.7,12.0,0.6,0.5,0.6,1.0,3.8,6.2,3.9,10.0,2.3,12.0,0.6,-5.6,-3.8,-0.2,-3.2,10.0,2.7,12.0,0.6,,,,,,,,,,,,,,,,,,,,,,,,,,,,,,,,,,,,,,,,,,,,,,,,,,,,,,,,,,,,,,,,,,,,,,,,,,,,,,,,,,,,,,,,,,,,,,,,
1875,10,220.9,-33.4,18.16,18.3,18.3,18.23,3.0,0.12,14.0,0.7,18.83,18.9,19.1,18.97,3.0,0.21,14.0,0.7,12.69,12.74,12.8,12.74,2.0,0.11,14.0,1.0,93.5,93.9,94.3,93.9,2.0,0.8,14.0,1.0,0.9,0.9,4.6,4.6,4.6,4.6,1.0,0.0,14.0,0.0,2.57,2.57,2.57,2.57,1.0,0.0,14.0,0.0,-3.81,-3.81,-3.81,-3.81,1.0,0.0,14.0,0.0,1019.16,1019.3,1019.44,1019.3,2.0,0.28,14.0,1.0,8.0,8.0,8.0,8.0,1.0,0.0,14.0,0.0,93.5,93.9,94.3,93.9,2.0,0.8,14.0,1.0,0.9,0.9,11.8,11.8,11.8,11.8,1.0,0.0,14.0,0.0,-17.5,-17.5,-17.5,-17.5,1.0,0.0,14.0,0.0,,,,,,,,,,,,,,,,,,,,,,,,,,,,,,,,,,,,,,,,,,,,,,,,,,,,,,,,,,,,,,,,,,,,,,,,,,,,,,,,,,,,,,,,,,,,,,,,
1875,10,220.9,-31.4,18.4,18.9,19.0,18.82,22.0,0.3,12.0,0.5,18.97,19.4,20.67,19.66,22.0,0.74,12.0,0.5,12.06,12.78,13.11,12.62,15.0,0.62,12.0,0.5,86.9,89.9,92.8,89.7,15.0,3.2,12.0,0.5,0.4,0.5,2.52,2.6,4.6,3.23,7.0,1.4,14.0,0.4,-2.18,-0.56,1.73,-0.44,7.0,1.71,14.0,0.4,-4.28,-2.55,-1.42,-2.75,7.0,1.46,14.0,0.4,1020.84,1021.8,1022.7,1021.83,15.0,0.91,12.0,0.5,5.8,7.0,8.0,6.3,7.0,2.4,14.0,0.4,86.9,89.9,92.8,89.7,15.0,3.2,12.0,0.5,0.4,0.5,-5.9,-1.3,4.9,-1.5,7.0,6.6,14.0,0.4,-19.7,-6.6,-3.6,-10.6,7.0,8.4,14.0,0.4,,,,,,,,,,,,,,,,,,,,,,,,,,,,,,,,,,,,,,,,,,,,,,,,,,,,,,,,,,,,,,,,,,,,,,,,,,,,,,,,,,,,,,,,,,,,,,,,
1875,10,220.9,-29.4,18.35,18.45,18.55,18.45,2.0,0.21,12.0,0.0,19.92,19.95,19.98,19.95,2.0,0.07,12.0,0.0,12.88,12.88,12.88,12.88,1.0,0.0,12.0,0.0,89.9,89.9,89.9,89.9,1.0,0.0,12.0,0.0,0.0,0.0,1.0,1.0,1.0,1.0,1.0,0.0,14.0,0.0,-0.19,-0.19,-0.19,-0.19,1.0,0.0,14.0,0.0,-0.98,-0.98,-0.98,-0.98,1.0,0.0,14.0,0.0,1021.5,1021.5,1021.5,1021.5,1.0,0.0,12.0,0.0,0.0,0.0,0.0,0.0,1.0,0.0,14.0,0.0,89.9,89.9,89.9,89.9,1.0,0.0,12.0,0.0,0.0,0.0,-0.2,-0.2,-0.2,-0.2,1.0,0.0,14.0,0.0,-1.0,-1.0,-1.0,-1.0,1.0,0.0,14.0,0.0,,,,,,,,,,,,,,,,,,,,,,,,,,,,,,,,,,,,,,,,,,,,,,,,,,,,,,,,,,,,,,,,,,,,,,,,,,,,,,,,,,,,,,,,,,,,,,,,
1875,10,222.9,-33.4,17.22,17.9,18.3,17.83,14.0,0.48,14.0,0.6,16.21,17.4,19.26,17.64,15.0,1.32,14.0,0.5,9.03,10.12,12.32,10.46,10.0,1.75,14.0,0.5,77.7,83.2,91.5,83.5,10.0,7.2,14.0,0.5,0.4,0.7,4.6,4.6,4.6,4.6,4.0,0.0,14.0,0.8,1.09,3.93,4.6,2.89,4.0,2.59,14.0,0.8,-2.37,0.0,1.7,-0.32,4.0,3.19,14.0,0.8,1020.33,1021.55,1023.71,1021.92,10.0,1.6,14.0,0.5,6.6,8.0,8.0,7.4,5.0,0.9,14.0,0.6,77.7,83.2,91.5,83.5,10.0,7.2,14.0,0.5,0.4,0.7,5.0,18.1,21.2,13.3,4.0,11.9,14.0,0.8,-10.9,0.0,7.8,-1.5,4.0,14.7,14.0,0.8,,,,,,,,,,,,,,,,,,,,,,,,,,,,,,,,,,,,,,,,,,,,,,,,,,,,,,,,,,,,,,,,,,,,,,,,,,,,,,,,,,,,,,,,,,,,,,,,
1875,10,224.9,-33.4,16.61,17.2,17.36,17.01,18.0,0.42,16.0,0.6,14.84,15.0,15.26,15.01,18.0,0.29,16.0,0.6,7.23,7.38,7.55,7.37,12.0,0.15,14.0,0.6,69.5,71.5,72.1,71.0,12.0,1.7,14.0,0.6,0.6,0.4,0.79,3.6,7.34,4.12,6.0,3.69,16.0,0.5,-1.08,-0.41,1.4,-0.07,6.0,1.41,16.0,0.5,0.44,3.18,7.21,3.85,6.0,3.76,16.0,0.5,1026.02,1027.15,1028.23,1026.87,12.0,1.42,14.0,0.6,1.8,3.0,4.8,3.5,6.0,2.5,16.0,0.5,69.5,71.5,72.1,71.0,12.0,1.7,14.0,0.6,0.6,0.4,-4.2,-0.4,10.6,2.9,6.0,8.9,16.0,0.5,0.4,12.8,54.4,27.4,6.0,36.8,16.0,0.5,,,,,,,,,,,,,,,,,,,,,,,,,,,,,,,,,,,,,,,,,,,,,,,,,,,,,,,,,,,,,,,,,,,,,,,,,,,,,,,,,,,,,,,,,,,,,,,,
1875,10,226.9,-39.4,12.5,12.8,13.23,12.79,22.0,0.36,20.0,0.5,11.0,11.6,12.17,11.55,22.0,0.65,20.0,0.5,6.23,6.41,6.6,6.4,13.0,0.18,20.0,0.6,75.4,77.5,79.0,77.4,13.0,1.5,20.0,0.6,0.4,0.4,2.6,4.6,4.6,3.93,9.0,1.0,20.0,0.4,-4.52,-4.23,-2.45,-3.64,9.0,1.17,20.0,0.4,-0.95,0.0,1.8,0.2,9.0,1.45,20.0,0.4,1027.68,1028.9,1029.53,1028.73,13.0,0.9,20.0,0.6,7.1,8.0,8.0,7.8,8.0,0.5,20.0,0.5,75.4,77.5,79.0,77.4,13.0,1.5,20.0,0.6,0.4,0.4,-20.8,-19.5,-6.4,-15.3,9.0,7.4,20.0,0.4,-3.6,0.0,8.3,1.7,9.0,5.6,20.0,0.4,,,,,,,,,,,,,,,,,,,,,,,,,,,,,,,,,,,,,,,,,,,,,,,,,,,,,,,,,,,,,,,,,,,,,,,,,,,,,,,,,,,,,,,,,,,,,,,,
1875,10,226.9,-37.4,13.3,14.15,15.0,14.08,16.0,0.73,20.0,0.6,12.33,12.9,15.0,13.41,17.0,1.17,20.0,0.6,6.94,7.36,7.59,7.31,6.0,0.32,18.0,0.7,75.3,81.6,84.4,80.9,6.0,6.7,18.0,0.7,0.5,0.6,1.0,2.6,4.6,2.92,10.0,1.59,20.0,0.5,-4.23,-2.12,-0.57,-2.45,10.0,1.71,20.0,0.5,0.9,1.41,1.82,1.37,10.0,0.56,20.0,0.5,1028.57,1028.6,1029.27,1029.2,7.0,1.55,18.0,0.7,6.0,7.5,8.0,7.0,10.0,1.3,20.0,0.5,75.3,81.6,84.4,80.9,6.0,6.7,18.0,0.7,0.5,0.6,-19.5,-5.5,-0.6,-9.6,10.0,9.0,20.0,0.5,0.9,4.4,8.3,4.4,10.0,3.1,20.0,0.5,,,,,,,,,,,,,,,,,,,,,,,,,,,,,,,,,,,,,,,,,,,,,,,,,,,,,,,,,,,,,,,,,,,,,,,,,,,,,,,,,,,,,,,,,,,,,,,,
1875,10,226.9,-35.4,14.4,14.6,15.0,14.63,23.0,0.3,18.0,0.6,13.27,13.8,14.4,13.88,24.0,0.64,18.0,0.6,6.97,7.38,7.7,7.37,21.0,0.42,18.0,0.6,72.5,75.7,80.0,76.4,21.0,3.9,18.0,0.6,0.7,0.3,3.23,4.6,4.6,3.93,3.0,1.15,18.0,0.3,-4.43,-4.23,-2.82,-3.64,3.0,1.29,18.0,0.3,1.06,1.45,1.69,1.38,3.0,0.46,18.0,0.3,1028.6,1030.4,1032.23,1030.28,21.0,1.66,18.0,0.6,6.3,7.0,7.7,7.0,3.0,1.0,18.0,0.3,72.5,75.7,80.0,76.4,21.0,3.9,18.0,0.6,0.7,0.3,-20.4,-19.5,-10.0,-15.3,3.0,8.4,18.0,0.3,3.9,4.0,6.9,5.4,3.0,2.5,18.0,0.3,,,,,,,,,,,,,,,,,,,,,,,,,,,,,,,,,,,,,,,,,,,,,,,,,,,,,,,,,,,,,,,,,,,,,,,,,,,,,,,,,,,,,,,,,,,,,,,,
1875,10,226.9,-33.4,15.52,17.1,17.28,16.71,21.0,0.83,16.0,0.6,14.9,15.0,16.68,15.53,21.0,1.01,16.0,0.6,7.15,7.98,8.51,7.86,14.0,0.61,16.0,0.6,69.6,71.3,77.4,73.0,14.0,4.2,16.0,0.6,0.5,0.2,0.0,1.0,1.08,0.94,7.0,0.87,16.0,0.4,-0.92,-0.83,0.0,-0.64,7.0,0.44,16.0,0.4,-0.03,0.39,0.65,0.46,7.0,0.94,16.0,0.4,1027.61,1028.25,1028.89,1028.31,14.0,0.69,16.0,0.6,7.0,7.0,8.0,7.3,7.0,0.8,16.0,0.4,69.6,71.3,77.4,73.0,14.0,4.2,16.0,0.6,0.5,0.2,-1.0,-0.8,0.0,-0.9,7.0,0.8,16.0,0.4,0.0,0.4,0.8,1.0,7.0,2.3,16.0,0.4,,,,,,,,,,,,,,,,,,,,,,,,,,,,,,,,,,,,,,,,,,,,,,,,,,,,,,,,,,,,,,,,,,,,,,,,,,,,,,,,,,,,,,,,,,,,,,,,
1875,10,228.9,-41.4,,,,,,,,,,,,,,,,,,,,,,,,,,,,,,,,,,,2.6,2.6,2.6,2.6,2.0,0.0,22.0,1.0,-2.24,-1.92,-1.6,-1.92,2.0,0.66,22.0,1.0,1.2,1.59,1.97,1.59,2.0,0.81,22.0,1.0,1021.68,1022.15,1022.2,1021.95,4.0,0.44,22.0,1.0,,,,,,,,,,,,,,,,,,,,,,,,,,,,,,,,,,,,,,,,,,,,,,,,,,,,,,,,,,,,,,,,,,,,,,,,,,,,,,,,,,,,,,,,,,,,,,,,,,,,,,,,,,,,,,,,,,,,,,,,,,,,,,,,,,
1875,10,228.9,-39.4,,,,,,,,,,,,,,,,,,,,,,,,,,,,,,,,,,,1.0,1.0,4.85,3.0,7.0,3.29,24.0,0.6,-1.0,-0.71,1.02,0.04,7.0,1.83,24.0,0.6,0.38,0.93,4.73,2.56,7.0,3.22,24.0,0.6,1009.65,1014.0,1018.66,1014.34,16.0,4.0,22.0,0.4,,,,,,,,,,,,,,,,,,,,,,,,,,,,,,,,,,,,,,,,,,,,,,,,,,,,,,,,,,,,,,,,,,,,,,,,,,,,,,,,,,,,,,,,,,,,,,,,,,,,,,,,,,,,,,,,,,,,,,,,,,,,,,,,,,
1875,10,228.9,-35.4,15.0,15.35,15.6,15.31,12.0,0.29,18.0,0.5,14.37,15.3,16.03,15.29,12.0,0.74,18.0,0.5,7.7,8.31,8.53,8.21,8.0,0.48,16.0,0.4,73.0,78.1,81.4,77.6,8.0,4.0,16.0,0.4,0.1,0.8,2.6,3.6,4.6,3.6,4.0,1.15,18.0,0.8,-3.55,-2.11,-0.97,-2.25,4.0,1.5,18.0,0.8,2.41,2.49,2.93,2.66,4.0,0.4,18.0,0.8,1030.41,1031.0,1032.58,1031.29,8.0,1.0,16.0,0.4,4.5,6.5,8.0,6.3,4.0,2.1,18.0,0.8,73.0,78.1,81.4,77.6,8.0,4.0,16.0,0.4,0.1,0.8,-16.3,-8.7,-2.5,-9.4,4.0,8.0,18.0,0.8,6.3,9.1,13.5,9.8,4.0,4.3,18.0,0.8,,,,,,,,,,,,,,,,,,,,,,,,,,,,,,,,,,,,,,,,,,,,,,,,,,,,,,,,,,,,,,,,,,,,,,,,,,,,,,,,,,,,,,,,,,,,,,,,
1875,10,228.9,40.6,,,,,,,,,,,,,,,,,,,,,,,,,,,,,,,,,,,7.68,9.8,11.51,9.6,3.0,2.81,12.0,1.0,0.59,1.87,2.2,1.41,3.0,1.24,12.0,1.0,7.63,9.62,11.3,9.46,3.0,2.69,12.0,1.0,1018.0,1018.0,1018.0,1018.0,1.0,0.0,2.0,1.0,,,,,,,,,,,,,,,,,,,,,,,,,,,,,,,,,,,,,,,,,,,,,,,,,,,,,,,,,,,,,,,,,,,,,,,,,,,,,,,,,,,,,,,,,,,,,,,,,,,,,,,,,,,,,,,,,,,,,,,,,,,,,,,,,,
1875,10,230.9,40.6,,,,,,,,,,,,,,,,,,,,,,,,,,,,,,,,,,,6.7,6.7,9.3,7.74,5.0,1.42,2.0,0.4,-7.3,-4.74,-3.92,-5.42,5.0,2.27,2.0,0.4,4.33,4.74,6.35,5.18,5.0,1.2,2.0,0.4,1012.61,1015.9,1016.99,1015.08,5.0,2.53,2.0,0.4,,,,,,,,,,,,,,,,,,,,,,,,,,,,,,,,,,,,,,,,,,,,,,,,,,,,,,,,,,,,,,,,,,,,,,,,,,,,,,,,,,,,,,,,,,,,,,,,,,,,,,,,,,,,,,,,,,,,,,,,,,,,,,,,,,
1875,10,232.9,-39.4,,,,,,,,,,,,,,,,,,,,,,,,,,,,,,,,,,,9.8,9.8,9.8,9.8,1.0,0.0,26.0,0.0,1.87,1.87,1.87,1.87,1.0,0.0,26.0,0.0,9.62,9.62,9.62,9.62,1.0,0.0,26.0,0.0,1012.38,1013.1,1014.75,1013.46,7.0,1.39,24.0,0.1,,,,,,,,,,,,,,,,,,,,,,,,,,,,,,,,,,,,,,,,,,,,,,,,,,,,,,,,,,,,,,,,,,,,,,,,,,,,,,,,,,,,,,,,,,,,,,,,,,,,,,,,,,,,,,,,,,,,,,,,,,,,,,,,,,
1875,10,232.9,40.6,,,,,,,,,,,,,,,,,,,,,,,,,,,,,,,,,,,4.19,6.7,9.3,6.53,6.0,2.63,2.0,0.5,0.0,1.31,7.14,3.08,6.0,3.99,2.0,0.5,-1.36,3.6,6.28,2.25,6.0,4.98,2.0,0.5,1010.56,1010.7,1011.9,1010.98,6.0,0.76,2.0,0.5,,,,,,,,,,,,,,,,,,,,,,,,,,,,,,,,,,,,,,,,,,,,,,,,,,,,,,,,,,,,,,,,,,,,,,,,,,,,,,,,,,,,,,,,,,,,,,,,,,,,,,,,,,,,,,,,,,,,,,,,,,,,,,,,,,
1875,10,234.9,-39.4,,,,,,,,,,,,,,,,,,,,,,,,,,,,,,,,,,,5.6,6.7,8.32,6.95,4.0,2.14,26.0,0.5,1.28,2.27,5.81,3.48,4.0,3.23,26.0,0.5,4.31,6.03,6.58,5.47,4.0,1.57,26.0,0.5,1016.39,1017.2,1018.91,1017.51,7.0,1.25,24.0,0.9,,,,,,,,,,,,,,,,,,,,,,,,,,,,,,,,,,,,,,,,,,,,,,,,,,,,,,,,,,,,,,,,,,,,,,,,,,,,,,,,,,,,,,,,,,,,,,,,,,,,,,,,,,,,,,,,,,,,,,,,,,,,,,,,,,
1875,10,234.9,38.6,,,,,,,,,,,,,,,,,,,,,,,,,,,,,,,,,,,12.3,12.3,12.3,12.3,3.0,0.0,4.0,0.7,8.7,8.7,8.7,8.7,3.0,0.0,4.0,0.7,-8.7,-8.7,-8.7,-8.7,3.0,0.0,4.0,0.7,1010.69,1011.1,1012.87,1011.77,3.0,1.7,4.0,0.7,,,,,,,,,,,,,,,,,,,,,,,,,,,,,,,,,,,,,,,,,,,,,,,,,,,,,,,,,,,,,,,,,,,,,,,,,,,,,,,,,,,,,,,,,,,,,,,,,,,,,,,,,,,,,,,,,,,,,,,,,,,,,,,,,,
1875,10,236.9,-39.4,,,,,,,,,,,,,,,,,,,,,,,,,,,,,,,,,,,4.6,4.6,5.7,5.13,4.0,1.05,26.0,0.3,4.52,4.56,5.64,5.05,4.0,1.02,26.0,0.3,0.42,0.88,1.09,0.76,4.0,0.54,26.0,0.3,1014.83,1016.95,1017.87,1016.39,8.0,1.63,26.0,0.5,,,,,,,,,,,,,,,,,,,,,,,,,,,,,,,,,,,,,,,,,,,,,,,,,,,,,,,,,,,,,,,,,,,,,,,,,,,,,,,,,,,,,,,,,,,,,,,,,,,,,,,,,,,,,,,,,,,,,,,,,,,,,,,,,,
1875,10,238.9,-39.4,,,,,,,,,,,,,,,,,,,,,,,,,,,,,,,,,,,4.6,4.6,5.7,5.13,4.0,1.05,26.0,0.8,4.15,4.52,5.06,4.6,4.0,0.72,26.0,0.8,0.88,1.73,3.19,2.02,4.0,1.4,26.0,0.8,1011.35,1012.4,1014.2,1012.69,9.0,1.42,26.0,0.4,,,,,,,,,,,,,,,,,,,,,,,,,,,,,,,,,,,,,,,,,,,,,,,,,,,,,,,,,,,,,,,,,,,,,,,,,,,,,,,,,,,,,,,,,,,,,,,,,,,,,,,,,,,,,,,,,,,,,,,,,,,,,,,,,,
1875,10,240.9,-39.4,,,,,,,,,,,,,,,,,,,,,,,,,,,,,,,,,,,4.6,4.6,6.5,5.64,5.0,2.33,28.0,0.6,4.57,4.6,6.5,5.62,5.0,2.34,28.0,0.6,-0.32,0.0,0.0,-0.18,5.0,0.39,28.0,0.6,1007.54,1008.6,1008.76,1008.45,10.0,1.02,26.0,0.6,,,,,,,,,,,,,,,,,,,,,,,,,,,,,,,,,,,,,,,,,,,,,,,,,,,,,,,,,,,,,,,,,,,,,,,,,,,,,,,,,,,,,,,,,,,,,,,,,,,,,,,,,,,,,,,,,,,,,,,,,,,,,,,,,,
1875,10,242.9,-39.4,,,,,,,,,,,,,,,,,,,,,,,,,,,,,,,,,,,4.6,4.6,6.5,5.64,5.0,2.33,28.0,0.4,-2.97,-1.72,0.0,-1.59,5.0,1.61,28.0,0.4,4.1,4.6,6.24,5.27,5.0,2.16,28.0,0.4,1008.05,1008.4,1010.47,1009.08,9.0,1.16,28.0,0.8,,,,,,,,,,,,,,,,,,,,,,,,,,,,,,,,,,,,,,,,,,,,,,,,,,,,,,,,,,,,,,,,,,,,,,,,,,,,,,,,,,,,,,,,,,,,,,,,,,,,,,,,,,,,,,,,,,,,,,,,,,,,,,,,,,
1875,10,244.9,-39.4,,,,,,,,,,,,,,,,,,,,,,,,,,,,,,,,,,,7.53,9.3,9.3,8.43,3.0,1.5,30.0,0.3,-1.21,0.0,0.0,-0.59,3.0,1.02,30.0,0.3,7.47,9.13,9.25,8.38,3.0,1.45,30.0,0.3,1010.38,1012.7,1012.9,1011.79,7.0,1.32,28.0,0.4,,,,,,,,,,,,,,,,,,,,,,,,,,,,,,,,,,,,,,,,,,,,,,,,,,,,,,,,,,,,,,,,,,,,,,,,,,,,,,,,,,,,,,,,,,,,,,,,,,,,,,,,,,,,,,,,,,,,,,,,,,,,,,,,,,
1875,10,246.9,-39.4,,,,,,,,,,,,,,,,,,,,,,,,,,,,,,,,,,,5.93,9.3,9.48,7.94,5.0,2.23,30.0,0.6,0.0,0.0,1.75,0.77,5.0,1.15,30.0,0.6,5.57,9.3,9.48,7.76,5.0,2.54,30.0,0.6,1015.19,1017.25,1020.09,1017.35,10.0,2.47,28.0,0.4,,,,,,,,,,,,,,,,,,,,,,,,,,,,,,,,,,,,,,,,,,,,,,,,,,,,,,,,,,,,,,,,,,,,,,,,,,,,,,,,,,,,,,,,,,,,,,,,,,,,,,,,,,,,,,,,,,,,,,,,,,,,,,,,,,
1875,10,248.9,-39.4,,,,,,,,,,,,,,,,,,,,,,,,,,,,,,,,,,,2.6,3.6,4.6,3.6,6.0,1.1,30.0,0.5,1.28,2.47,4.6,2.52,6.0,2.03,30.0,0.5,-0.21,0.25,2.39,0.97,6.0,1.97,30.0,0.5,1021.56,1022.6,1022.99,1022.38,11.0,0.75,30.0,0.5,,,,,,,,,,,,,,,,,,,,,,,,,,,,,,,,,,,,,,,,,,,,,,,,,,,,,,,,,,,,,,,,,,,,,,,,,,,,,,,,,,,,,,,,,,,,,,,,,,,,,,,,,,,,,,,,,,,,,,,,,,,,,,,,,,
1875,10,250.9,-39.4,,,,,,,,,,,,,,,,,,,,,,,,,,,,,,,,,,,4.6,4.6,4.6,4.6,4.0,0.0,30.0,0.5,1.68,3.4,4.23,2.98,4.0,1.61,30.0,0.5,-4.18,-2.81,-1.8,-2.98,4.0,1.4,30.0,0.5,1020.62,1021.0,1022.54,1021.43,8.0,1.04,30.0,0.8,,,,,,,,,,,,,,,,,,,,,,,,,,,,,,,,,,,,,,,,,,,,,,,,,,,,,,,,,,,,,,,,,,,,,,,,,,,,,,,,,,,,,,,,,,,,,,,,,,,,,,,,,,,,,,,,,,,,,,,,,,,,,,,,,,
1875,10,252.9,-39.4,,,,,,,,,,,,,,,,,,,,,,,,,,,,,,,,,,,6.7,6.7,6.7,6.7,1.0,0.0,30.0,1.0,1.28,1.28,1.28,1.28,1.0,0.0,30.0,1.0,-6.58,-6.58,-6.58,-6.58,1.0,0.0,30.0,1.0,1016.16,1018.2,1019.11,1017.88,8.0,1.46,30.0,0.6,,,,,,,,,,,,,,,,,,,,,,,,,,,,,,,,,,,,,,,,,,,,,,,,,,,,,,,,,,,,,,,,,,,,,,,,,,,,,,,,,,,,,,,,,,,,,,,,,,,,,,,,,,,,,,,,,,,,,,,,,,,,,,,,,,
1875,10,284.9,40.6,,,,,,,,,,,,,,,,,,,,,,,,,,,,,,,,,,,2.6,6.7,6.7,5.35,39.0,3.23,20.0,0.6,-4.62,1.02,4.67,0.5,39.0,4.11,20.0,0.6,-4.74,0.0,4.74,-0.43,39.0,4.75,20.0,0.6,1003.49,1009.0,1016.14,1010.3,40.0,6.68,18.0,0.6,,,,,,,,,,,,,,,,,,,,,,,,,,,,,,,,,,,,,,,,,,,,,,,,,,,,,,,,,,,,,,,,,,,,,,,,,,,,,,,,,,,,,,,,,,,,,,,,,,,,,,,,,,,,,,,,,,,,,,,,,,,,,,,,,,
1875,10,286.9,38.6,,,,,,,,,,,,,,,,,,,,,,,,,,,,,,,,,,,6.7,6.7,6.7,6.7,1.0,0.0,10.0,1.0,-6.21,-6.21,-6.21,-6.21,1.0,0.0,10.0,1.0,-2.51,-2.51,-2.51,-2.51,1.0,0.0,10.0,1.0,1019.3,1019.3,1019.3,1019.3,1.0,0.0,10.0,1.0,,,,,,,,,,,,,,,,,,,,,,,,,,,,,,,,,,,,,,,,,,,,,,,,,,,,,,,,,,,,,,,,,,,,,,,,,,,,,,,,,,,,,,,,,,,,,,,,,,,,,,,,,,,,,,,,,,,,,,,,,,,,,,,,,,
1875,10,286.9,40.6,,,,,,,,,,,,,,,,,,,,,,,,,,,,,,,,,,,6.7,6.7,12.3,7.93,9.0,3.76,18.0,0.6,0.0,2.51,9.55,3.42,9.0,5.31,18.0,0.6,-6.57,-4.81,-4.74,-5.41,9.0,3.27,18.0,0.6,1007.7,1010.15,1012.31,1009.97,6.0,2.97,12.0,0.5,,,,,,,,,,,,,,,,,,,,,,,,,,,,,,,,,,,,,,,,,,,,,,,,,,,,,,,,,,,,,,,,,,,,,,,,,,,,,,,,,,,,,,,,,,,,,,,,,,,,,,,,,,,,,,,,,,,,,,,,,,,,,,,,,,
1875,10,288.9,38.6,,,,,,,,,,,,,,,,,,,,,,,,,,,,,,,,,,,3.71,6.7,12.3,8.4,9.0,5.26,10.0,0.4,-10.0,-6.21,2.33,-3.61,9.0,6.57,10.0,0.4,-5.78,-2.51,0.85,-2.27,9.0,6.59,10.0,0.4,1005.3,1009.1,1015.9,1010.27,9.0,5.57,10.0,0.4,,,,,,,,,,,,,,,,,,,,,,,,,,,,,,,,,,,,,,,,,,,,,,,,,,,,,,,,,,,,,,,,,,,,,,,,,,,,,,,,,,,,,,,,,,,,,,,,,,,,,,,,,,,,,,,,,,,,,,,,,,,,,,,,,,
1875,10,288.9,40.6,,,,,,,,,,,,,,,,,,,,,,,,,,,,,,,,,,,1.0,2.6,11.22,5.14,8.0,6.8,14.0,0.8,-1.84,0.46,4.38,1.83,8.0,5.19,14.0,0.8,0.04,1.84,10.27,3.83,8.0,5.37,14.0,0.8,1001.69,1003.9,1005.1,1003.54,5.0,1.86,8.0,0.6,,,,,,,,,,,,,,,,,,,,,,,,,,,,,,,,,,,,,,,,,,,,,,,,,,,,,,,,,,,,,,,,,,,,,,,,,,,,,,,,,,,,,,,,,,,,,,,,,,,,,,,,,,,,,,,,,,,,,,,,,,,,,,,,,,
1875,10,290.9,36.6,,,,,,,,,,,,,,,,,,,,,,,,,,,,,,,,,,,0.0,0.0,1.77,0.87,3.0,1.5,12.0,0.3,0.0,0.0,1.25,0.61,3.0,1.06,12.0,0.3,-1.25,0.0,0.0,-0.61,3.0,1.06,12.0,0.3,1014.79,1015.2,1015.68,1015.23,3.0,0.65,12.0,0.3,,,,,,,,,,,,,,,,,,,,,,,,,,,,,,,,,,,,,,,,,,,,,,,,,,,,,,,,,,,,,,,,,,,,,,,,,,,,,,,,,,,,,,,,,,,,,,,,,,,,,,,,,,,,,,,,,,,,,,,,,,,,,,,,,,
1875,10,290.9,38.6,,,,,,,,,,,,,,,,,,,,,,,,,,,,,,,,,,,6.7,6.7,13.68,9.68,6.0,5.08,10.0,0.5,-6.53,-2.37,5.56,-1.58,6.0,7.86,10.0,0.5,-9.68,-5.72,-4.74,-7.17,6.0,3.45,10.0,0.5,1006.6,1008.75,1010.5,1008.95,6.0,2.45,10.0,0.5,,,,,,,,,,,,,,,,,,,,,,,,,,,,,,,,,,,,,,,,,,,,,,,,,,,,,,,,,,,,,,,,,,,,,,,,,,,,,,,,,,,,,,,,,,,,,,,,,,,,,,,,,,,,,,,,,,,,,,,,,,,,,,,,,,
1875,10,290.9,40.6,,,,,,,,,,,,,,,,,,,,,,,,,,,,,,,,,,,6.7,6.7,8.6,7.9,9.0,4.5,12.0,0.3,-4.14,0.0,6.47,1.74,9.0,6.39,12.0,0.3,-6.08,-1.84,5.81,0.5,9.0,6.77,12.0,0.3,1006.79,1008.3,1016.46,1010.46,7.0,5.85,8.0,0.4,,,,,,,,,,,,,,,,,,,,,,,,,,,,,,,,,,,,,,,,,,,,,,,,,,,,,,,,,,,,,,,,,,,,,,,,,,,,,,,,,,,,,,,,,,,,,,,,,,,,,,,,,,,,,,,,,,,,,,,,,,,,,,,,,,
1875,10,292.9,36.6,,,,,,,,,,,,,,,,,,,,,,,,,,,,,,,,,,,2.6,6.7,12.3,7.34,7.0,4.86,12.0,0.6,-0.05,0.0,0.0,-0.14,7.0,0.37,12.0,0.6,2.59,6.7,12.3,7.32,7.0,4.89,12.0,0.6,1010.4,1012.5,1013.93,1012.24,7.0,2.1,12.0,0.6,,,,,,,,,,,,,,,,,,,,,,,,,,,,,,,,,,,,,,,,,,,,,,,,,,,,,,,,,,,,,,,,,,,,,,,,,,,,,,,,,,,,,,,,,,,,,,,,,,,,,,,,,,,,,,,,,,,,,,,,,,,,,,,,,,
1875,10,292.9,38.6,,,,,,,,,,,,,,,,,,,,,,,,,,,,,,,,,,,6.7,6.7,6.7,6.7,5.0,0.0,10.0,0.6,-4.74,-4.74,1.73,-1.9,5.0,4.24,10.0,0.6,-5.45,-4.74,-4.74,-5.13,5.0,0.88,10.0,0.6,1010.38,1011.9,1012.01,1011.26,5.0,1.18,10.0,0.6,,,,,,,,,,,,,,,,,,,,,,,,,,,,,,,,,,,,,,,,,,,,,,,,,,,,,,,,,,,,,,,,,,,,,,,,,,,,,,,,,,,,,,,,,,,,,,,,,,,,,,,,,,,,,,,,,,,,,,,,,,,,,,,,,,
1875,10,292.9,40.6,,,,,,,,,,,,,,,,,,,,,,,,,,,,,,,,,,,8.76,12.3,12.3,10.87,6.0,2.37,14.0,0.5,-11.34,1.2,11.52,0.55,6.0,11.38,14.0,0.5,-4.65,-1.82,3.07,-0.94,6.0,4.05,14.0,0.5,1020.05,1020.6,1020.6,1020.33,3.0,0.46,8.0,0.0,,,,,,,,,,,,,,,,,,,,,,,,,,,,,,,,,,,,,,,,,,,,,,,,,,,,,,,,,,,,,,,,,,,,,,,,,,,,,,,,,,,,,,,,,,,,,,,,,,,,,,,,,,,,,,,,,,,,,,,,,,,,,,,,,,
1875,10,294.9,34.6,,,,,,,,,,,,,,,,,,,,,,,,,,,,,,,,,,,9.37,12.3,12.3,10.9,4.0,2.8,30.0,0.3,7.65,10.05,11.87,9.78,4.0,2.56,30.0,0.3,0.0,2.3,6.75,3.33,4.0,4.19,30.0,0.3,1030.6,1030.6,1031.97,1031.27,3.0,1.15,30.0,0.0,,,,,,,,,,,,,,,,,,,,,,,,,,,,,,,,,,,,,,,,,,,,,,,,,,,,,,,,,,,,,,,,,,,,,,,,,,,,,,,,,,,,,,,,,,,,,,,,,,,,,,,,,,,,,,,,,,,,,,,,,,,,,,,,,,
1875,10,294.9,36.6,,,,,,,,,,,,,,,,,,,,,,,,,,,,,,,,,,,12.3,12.3,12.3,12.3,5.0,0.0,12.0,0.4,-1.76,8.7,12.3,5.7,5.0,7.73,12.0,0.4,-11.68,-8.7,0.0,-6.46,5.0,6.05,12.0,0.4,1012.21,1015.9,1017.84,1015.24,5.0,3.59,12.0,0.4,,,,,,,,,,,,,,,,,,,,,,,,,,,,,,,,,,,,,,,,,,,,,,,,,,,,,,,,,,,,,,,,,,,,,,,,,,,,,,,,,,,,,,,,,,,,,,,,,,,,,,,,,,,,,,,,,,,,,,,,,,,,,,,,,,
1875,10,294.9,40.6,,,,,,,,,,,,,,,,,,,,,,,,,,,,,,,,,,,5.2,12.3,15.4,10.48,5.0,5.66,12.0,0.6,-4.76,0.0,3.98,0.27,5.0,6.4,12.0,0.6,-12.81,-10.89,-3.96,-8.99,5.0,5.22,12.0,0.6,1014.95,1015.7,1016.72,1015.83,3.0,1.31,6.0,1.0,,,,,,,,,,,,,,,,,,,,,,,,,,,,,,,,,,,,,,,,,,,,,,,,,,,,,,,,,,,,,,,,,,,,,,,,,,,,,,,,,,,,,,,,,,,,,,,,,,,,,,,,,,,,,,,,,,,,,,,,,,,,,,,,,,
1875,10,296.9,34.6,,,,,,,,,,,,,,,,,,,,,,,,,,,,,,,,,,,19.0,19.0,19.0,19.0,2.0,0.0,30.0,1.0,7.42,7.42,7.42,7.42,2.0,0.0,30.0,1.0,17.49,17.49,17.49,17.49,2.0,0.0,30.0,1.0,1023.9,1023.9,1026.63,1025.23,3.0,2.31,30.0,1.0,,,,,,,,,,,,,,,,,,,,,,,,,,,,,,,,,,,,,,,,,,,,,,,,,,,,,,,,,,,,,,,,,,,,,,,,,,,,,,,,,,,,,,,,,,,,,,,,,,,,,,,,,,,,,,,,,,,,,,,,,,,,,,,,,,
1875,10,296.9,36.6,,,,,,,,,,,,,,,,,,,,,,,,,,,,,,,,,,,12.3,12.3,12.3,12.3,4.0,0.0,14.0,0.5,-6.84,-4.81,-4.81,-5.78,4.0,1.95,14.0,0.5,-11.32,-11.32,-9.95,-10.67,4.0,1.31,14.0,0.5,1022.33,1022.7,1022.7,1022.53,4.0,0.35,14.0,0.5,,,,,,,,,,,,,,,,,,,,,,,,,,,,,,,,,,,,,,,,,,,,,,,,,,,,,,,,,,,,,,,,,,,,,,,,,,,,,,,,,,,,,,,,,,,,,,,,,,,,,,,,,,,,,,,,,,,,,,,,,,,,,,,,,,
1875,10,296.9,40.6,,,,,,,,,,,,,,,,,,,,,,,,,,,,,,,,,,,6.7,12.3,12.3,10.06,5.0,3.07,6.0,0.4,3.96,8.7,9.69,7.23,5.0,3.51,6.0,0.4,4.69,6.17,8.7,6.58,5.0,2.03,6.0,0.4,1013.7,1015.9,1017.55,1015.76,5.0,2.39,6.0,0.4,,,,,,,,,,,,,,,,,,,,,,,,,,,,,,,,,,,,,,,,,,,,,,,,,,,,,,,,,,,,,,,,,,,,,,,,,,,,,,,,,,,,,,,,,,,,,,,,,,,,,,,,,,,,,,,,,,,,,,,,,,,,,,,,,,
1875,10,298.9,36.6,,,,,,,,,,,,,,,,,,,,,,,,,,,,,,,,,,,6.7,12.3,12.3,10.26,11.0,2.83,14.0,0.5,-10.19,-8.7,-5.89,-8.27,11.0,2.52,14.0,0.5,-8.7,0.0,1.96,-3.09,11.0,5.64,14.0,0.5,1012.5,1017.3,1021.24,1016.65,11.0,4.85,14.0,0.5,,,,,,,,,,,,,,,,,,,,,,,,,,,,,,,,,,,,,,,,,,,,,,,,,,,,,,,,,,,,,,,,,,,,,,,,,,,,,,,,,,,,,,,,,,,,,,,,,,,,,,,,,,,,,,,,,,,,,,,,,,,,,,,,,,
1875,10,298.9,40.6,,,,,,,,,,,,,,,,,,,,,,,,,,,,,,,,,,,2.6,6.7,6.7,5.06,5.0,2.25,4.0,0.4,2.2,2.62,5.28,3.56,5.0,1.84,4.0,0.4,1.52,2.51,5.26,3.25,5.0,2.15,4.0,0.4,1020.91,1022.6,1024.24,1022.54,5.0,1.75,4.0,0.4,,,,,,,,,,,,,,,,,,,,,,,,,,,,,,,,,,,,,,,,,,,,,,,,,,,,,,,,,,,,,,,,,,,,,,,,,,,,,,,,,,,,,,,,,,,,,,,,,,,,,,,,,,,,,,,,,,,,,,,,,,,,,,,,,,
1875,10,300.9,-35.4,,,,,,,,,,,,,,,,,,,,,,,,,,,,,,,,,,,0.36,6.7,6.7,4.89,109.0,3.62,16.0,0.7,-6.21,-1.84,0.84,-2.04,109.0,3.68,16.0,0.7,-4.74,0.0,1.84,-0.74,109.0,4.36,16.0,0.7,1010.2,1014.9,1020.56,1015.04,123.0,5.18,16.0,0.8,,,,,,,,,,,,,,,,,,,,,,,,,,,,,,,,,,,,,,,,,,,,,,,,,,,,,,,,,,,,,,,,,,,,,,,,,,,,,,,,,,,,,,,,,,,,,,,,,,,,,,,,,,,,,,,,,,,,,,,,,,,,,,,,,,
1875,10,300.9,36.6,,,,,,,,,,,,,,,,,,,,,,,,,,,,,,,,,,,2.6,4.65,6.7,4.65,6.0,2.25,16.0,0.5,-4.74,-3.29,-1.84,-3.29,6.0,1.59,16.0,0.5,1.84,3.29,4.74,3.29,6.0,1.59,16.0,0.5,1013.2,1014.25,1015.49,1014.45,6.0,1.31,16.0,0.5,,,,,,,,,,,,,,,,,,,,,,,,,,,,,,,,,,,,,,,,,,,,,,,,,,,,,,,,,,,,,,,,,,,,,,,,,,,,,,,,,,,,,,,,,,,,,,,,,,,,,,,,,,,,,,,,,,,,,,,,,,,,,,,,,,
1875,10,300.9,40.6,,,,,,,,,,,,,,,,,,,,,,,,,,,,,,,,,,,2.6,2.6,8.75,5.36,5.0,4.27,4.0,0.4,-2.6,0.97,3.28,0.58,5.0,3.18,4.0,0.4,-8.11,-2.41,0.0,-4.01,5.0,4.85,4.0,0.4,1024.6,1025.5,1025.97,1025.32,5.0,0.98,4.0,0.4,,,,,,,,,,,,,,,,,,,,,,,,,,,,,,,,,,,,,,,,,,,,,,,,,,,,,,,,,,,,,,,,,,,,,,,,,,,,,,,,,,,,,,,,,,,,,,,,,,,,,,,,,,,,,,,,,,,,,,,,,,,,,,,,,,
1875,10,300.9,42.6,,,,,,,,,,,,,,,,,,,,,,,,,,,,,,,,,,,7.22,15.65,19.0,13.23,4.0,7.76,8.0,0.8,3.16,5.86,7.12,5.17,4.0,2.52,8.0,0.8,-17.62,-14.51,-6.39,-12.12,4.0,7.45,8.0,0.8,1015.34,1017.8,1020.12,1017.73,3.0,3.5,4.0,1.0,,,,,,,,,,,,,,,,,,,,,,,,,,,,,,,,,,,,,,,,,,,,,,,,,,,,,,,,,,,,,,,,,,,,,,,,,,,,,,,,,,,,,,,,,,,,,,,,,,,,,,,,,,,,,,,,,,,,,,,,,,,,,,,,,,
1875,10,302.9,36.6,,,,,,,,,,,,,,,,,,,,,,,,,,,,,,,,,,,2.6,2.6,2.6,2.6,3.0,0.0,18.0,0.3,0.0,0.0,0.0,0.0,3.0,0.0,18.0,0.3,2.6,2.6,2.6,2.6,3.0,0.0,18.0,0.3,1016.82,1017.3,1017.3,1017.07,3.0,0.4,18.0,0.3,,,,,,,,,,,,,,,,,,,,,,,,,,,,,,,,,,,,,,,,,,,,,,,,,,,,,,,,,,,,,,,,,,,,,,,,,,,,,,,,,,,,,,,,,,,,,,,,,,,,,,,,,,,,,,,,,,,,,,,,,,,,,,,,,,
1875,10,302.9,42.6,,,,,,,,,,,,,,,,,,,,,,,,,,,,,,,,,,,2.6,9.5,18.26,9.64,8.0,7.04,2.0,0.4,2.43,8.81,13.21,8.35,8.0,5.9,2.0,0.4,-6.6,1.41,4.38,-0.79,8.0,6.37,2.0,0.4,1005.83,1008.95,1012.87,1009.21,8.0,3.39,2.0,0.4,,,,,,,,,,,,,,,,,,,,,,,,,,,,,,,,,,,,,,,,,,,,,,,,,,,,,,,,,,,,,,,,,,,,,,,,,,,,,,,,,,,,,,,,,,,,,,,,,,,,,,,,,,,,,,,,,,,,,,,,,,,,,,,,,,
1875,10,304.9,38.6,,,,,,,,,,,,,,,,,,,,,,,,,,,,,,,,,,,2.6,2.6,3.45,3.28,6.0,1.67,18.0,0.5,0.48,1.84,1.96,0.84,6.0,2.74,18.0,0.5,-0.21,1.84,1.84,0.6,6.0,2.64,18.0,0.5,1015.9,1017.3,1017.9,1016.98,5.0,1.02,18.0,0.4,,,,,,,,,,,,,,,,,,,,,,,,,,,,,,,,,,,,,,,,,,,,,,,,,,,,,,,,,,,,,,,,,,,,,,,,,,,,,,,,,,,,,,,,,,,,,,,,,,,,,,,,,,,,,,,,,,,,,,,,,,,,,,,,,,
1875,10,304.9,42.6,,,,,,,,,,,,,,,,,,,,,,,,,,,,,,,,,,,6.7,6.7,8.75,7.82,5.0,2.5,2.0,0.6,-5.26,2.62,8.41,2.04,5.0,7.68,2.0,0.6,-0.96,2.62,5.26,2.18,5.0,3.55,2.0,0.6,1008.6,1010.6,1011.92,1010.3,5.0,1.84,2.0,0.6,,,,,,,,,,,,,,,,,,,,,,,,,,,,,,,,,,,,,,,,,,,,,,,,,,,,,,,,,,,,,,,,,,,,,,,,,,,,,,,,,,,,,,,,,,,,,,,,,,,,,,,,,,,,,,,,,,,,,,,,,,,,,,,,,,
1875,10,306.9,38.6,,,,,,,,,,,,,,,,,,,,,,,,,,,,,,,,,,,2.6,2.6,6.7,4.36,7.0,2.19,18.0,0.6,-4.74,-2.41,-2.05,-2.05,7.0,3.19,18.0,0.6,-1.15,-0.97,4.74,0.4,7.0,3.42,18.0,0.6,1017.8,1018.6,1019.3,1018.31,7.0,1.24,18.0,0.6,,,,,,,,,,,,,,,,,,,,,,,,,,,,,,,,,,,,,,,,,,,,,,,,,,,,,,,,,,,,,,,,,,,,,,,,,,,,,,,,,,,,,,,,,,,,,,,,,,,,,,,,,,,,,,,,,,,,,,,,,,,,,,,,,,
1875,10,306.9,40.6,,,,,,,,,,,,,,,,,,,,,,,,,,,,,,,,,,,6.7,6.7,6.7,6.7,1.0,0.0,20.0,0.0,4.74,4.74,4.74,4.74,1.0,0.0,20.0,0.0,4.74,4.74,4.74,4.74,1.0,0.0,20.0,0.0,1017.9,1017.9,1017.9,1017.9,1.0,0.0,20.0,0.0,,,,,,,,,,,,,,,,,,,,,,,,,,,,,,,,,,,,,,,,,,,,,,,,,,,,,,,,,,,,,,,,,,,,,,,,,,,,,,,,,,,,,,,,,,,,,,,,,,,,,,,,,,,,,,,,,,,,,,,,,,,,,,,,,,
1875,10,306.9,42.6,,,,,,,,,,,,,,,,,,,,,,,,,,,,,,,,,,,3.25,4.65,6.05,4.65,2.0,2.9,2.0,0.0,-5.48,-4.0,-2.53,-4.0,2.0,3.06,2.0,0.0,1.96,2.23,2.49,2.23,2.0,0.55,2.0,0.0,1015.23,1015.5,1015.77,1015.5,2.0,0.57,2.0,0.0,,,,,,,,,,,,,,,,,,,,,,,,,,,,,,,,,,,,,,,,,,,,,,,,,,,,,,,,,,,,,,,,,,,,,,,,,,,,,,,,,,,,,,,,,,,,,,,,,,,,,,,,,,,,,,,,,,,,,,,,,,,,,,,,,,
1875,10,308.9,40.6,,,,,,,,,,,,,,,,,,,,,,,,,,,,,,,,,,,6.7,6.7,6.7,6.7,4.0,0.0,20.0,0.5,4.74,4.74,4.74,4.74,4.0,0.0,20.0,0.5,4.74,4.74,4.74,4.74,4.0,0.0,20.0,0.5,1014.49,1016.25,1016.97,1015.75,4.0,1.79,20.0,0.5,,,,,,,,,,,,,,,,,,,,,,,,,,,,,,,,,,,,,,,,,,,,,,,,,,,,,,,,,,,,,,,,,,,,,,,,,,,,,,,,,,,,,,,,,,,,,,,,,,,,,,,,,,,,,,,,,,,,,,,,,,,,,,,,,,
1875,10,310.9,40.6,,,,,,,,,,,,,,,,,,,,,,,,,,,,,,,,,,,6.7,6.7,6.7,6.7,1.0,0.0,20.0,1.0,4.74,4.74,4.74,4.74,1.0,0.0,20.0,1.0,4.74,4.74,4.74,4.74,1.0,0.0,20.0,1.0,1012.5,1012.5,1012.5,1012.5,1.0,0.0,20.0,1.0,,,,,,,,,,,,,,,,,,,,,,,,,,,,,,,,,,,,,,,,,,,,,,,,,,,,,,,,,,,,,,,,,,,,,,,,,,,,,,,,,,,,,,,,,,,,,,,,,,,,,,,,,,,,,,,,,,,,,,,,,,,,,,,,,,
1875,10,310.9,42.6,,,,,,,,,,,,,,,,,,,,,,,,,,,,,,,,,,,6.7,6.7,6.7,6.7,3.0,0.0,20.0,0.0,4.74,4.74,4.74,4.74,3.0,0.0,20.0,0.0,4.74,4.74,4.74,4.74,3.0,0.0,20.0,0.0,1004.78,1007.1,1009.42,1007.1,3.0,3.4,20.0,0.0,,,,,,,,,,,,,,,,,,,,,,,,,,,,,,,,,,,,,,,,,,,,,,,,,,,,,,,,,,,,,,,,,,,,,,,,,,,,,,,,,,,,,,,,,,,,,,,,,,,,,,,,,,,,,,,,,,,,,,,,,,,,,,,,,,
1875,10,312.9,42.6,,,,,,,,,,,,,,,,,,,,,,,,,,,,,,,,,,,12.3,12.3,22.2,17.13,3.0,8.37,22.0,1.0,8.7,8.7,15.7,12.12,3.0,5.92,22.0,1.0,8.7,8.7,15.7,12.12,3.0,5.92,22.0,1.0,995.6,995.6,999.76,997.63,3.0,3.52,22.0,1.0,,,,,,,,,,,,,,,,,,,,,,,,,,,,,,,,,,,,,,,,,,,,,,,,,,,,,,,,,,,,,,,,,,,,,,,,,,,,,,,,,,,,,,,,,,,,,,,,,,,,,,,,,,,,,,,,,,,,,,,,,,,,,,,,,,
1875,10,314.9,42.6,,,,,,,,,,,,,,,,,,,,,,,,,,,,,,,,,,,26.8,26.8,26.8,26.8,1.0,0.0,22.0,0.0,18.95,18.95,18.95,18.95,1.0,0.0,22.0,0.0,18.95,18.95,18.95,18.95,1.0,0.0,22.0,0.0,997.0,997.0,997.89,997.43,3.0,0.75,22.0,0.0,,,,,,,,,,,,,,,,,,,,,,,,,,,,,,,,,,,,,,,,,,,,,,,,,,,,,,,,,,,,,,,,,,,,,,,,,,,,,,,,,,,,,,,,,,,,,,,,,,,,,,,,,,,,,,,,,,,,,,,,,,,,,,,,,,
1875,10,316.9,42.6,,,,,,,,,,,,,,,,,,,,,,,,,,,,,,,,,,,19.0,19.0,24.32,21.6,3.0,4.5,22.0,1.0,13.44,13.44,17.2,15.27,3.0,3.18,22.0,1.0,-17.2,-13.44,-13.44,-15.27,3.0,3.18,22.0,1.0,997.82,998.3,998.3,998.07,3.0,0.4,22.0,1.0,,,,,,,,,,,,,,,,,,,,,,,,,,,,,,,,,,,,,,,,,,,,,,,,,,,,,,,,,,,,,,,,,,,,,,,,,,,,,,,,,,,,,,,,,,,,,,,,,,,,,,,,,,,,,,,,,,,,,,,,,,,,,,,,,,
1875,10,316.9,44.6,,,,,,,,,,,,,,,,,,,,,,,,,,,,,,,,,,,16.55,19.0,19.0,17.66,5.0,3.0,22.0,0.4,11.7,13.44,17.49,14.11,5.0,3.64,22.0,0.4,-13.44,-8.7,-7.42,-10.08,5.0,3.1,22.0,0.4,995.25,998.3,998.81,997.1,5.0,2.9,22.0,0.4,,,,,,,,,,,,,,,,,,,,,,,,,,,,,,,,,,,,,,,,,,,,,,,,,,,,,,,,,,,,,,,,,,,,,,,,,,,,,,,,,,,,,,,,,,,,,,,,,,,,,,,,,,,,,,,,,,,,,,,,,,,,,,,,,,
1875,10,318.9,44.6,,,,,,,,,,,,,,,,,,,,,,,,,,,,,,,,,,,15.49,19.0,19.0,17.33,4.0,3.35,24.0,0.3,12.84,13.44,16.35,14.54,4.0,3.02,24.0,0.3,-13.44,-6.72,0.0,-6.72,4.0,7.76,24.0,0.3,990.79,992.2,1000.74,995.6,4.0,8.69,24.0,0.3,,,,,,,,,,,,,,,,,,,,,,,,,,,,,,,,,,,,,,,,,,,,,,,,,,,,,,,,,,,,,,,,,,,,,,,,,,,,,,,,,,,,,,,,,,,,,,,,,,,,,,,,,,,,,,,,,,,,,,,,,,,,,,,,,,
1875,10,320.9,32.6,,,,,,,,,,,,,,,,,,,,,,,,,,,,,,,,,,,12.3,12.3,12.3,12.3,2.0,0.0,8.0,0.5,-10.97,-10.05,-9.13,-10.05,2.0,1.91,8.0,0.5,-8.05,-6.65,-5.26,-6.65,2.0,2.89,8.0,0.5,1022.18,1023.0,1023.82,1023.0,2.0,1.7,8.0,0.5,,,,,,,,,,,,,,,,,,,,,,,,,,,,,,,,,,,,,,,,,,,,,,,,,,,,,,,,,,,,,,,,,,,,,,,,,,,,,,,,,,,,,,,,,,,,,,,,,,,,,,,,,,,,,,,,,,,,,,,,,,,,,,,,,,
1875,10,320.9,34.6,,,,,,,,,,,,,,,,,,,,,,,,,,,,,,,,,,,12.3,13.85,15.4,13.85,4.0,1.79,10.0,0.3,-14.82,-12.79,-11.4,-13.1,4.0,2.02,10.0,0.3,-4.61,-2.3,3.15,-0.8,4.0,5.04,10.0,0.3,1023.98,1025.5,1028.28,1026.1,4.0,2.77,10.0,0.3,,,,,,,,,,,,,,,,,,,,,,,,,,,,,,,,,,,,,,,,,,,,,,,,,,,,,,,,,,,,,,,,,,,,,,,,,,,,,,,,,,,,,,,,,,,,,,,,,,,,,,,,,,,,,,,,,,,,,,,,,,,,,,,,,,
1875,10,320.9,36.6,,,,,,,,,,,,,,,,,,,,,,,,,,,,,,,,,,,12.3,12.3,12.3,12.3,1.0,0.0,10.0,1.0,-11.32,-11.32,-11.32,-11.32,1.0,0.0,10.0,1.0,4.81,4.81,4.81,4.81,1.0,0.0,10.0,1.0,1031.4,1031.4,1031.4,1031.4,1.0,0.0,10.0,1.0,,,,,,,,,,,,,,,,,,,,,,,,,,,,,,,,,,,,,,,,,,,,,,,,,,,,,,,,,,,,,,,,,,,,,,,,,,,,,,,,,,,,,,,,,,,,,,,,,,,,,,,,,,,,,,,,,,,,,,,,,,,,,,,,,,
1875,10,320.9,44.6,,,,,,,,,,,,,,,,,,,,,,,,,,,,,,,,,,,12.3,12.3,16.87,14.53,3.0,3.87,24.0,1.0,12.3,12.3,15.84,14.03,3.0,3.0,24.0,1.0,-5.07,0.0,0.0,-2.47,3.0,4.29,24.0,1.0,983.84,984.8,986.17,985.0,3.0,1.71,24.0,1.0,,,,,,,,,,,,,,,,,,,,,,,,,,,,,,,,,,,,,,,,,,,,,,,,,,,,,,,,,,,,,,,,,,,,,,,,,,,,,,,,,,,,,,,,,,,,,,,,,,,,,,,,,,,,,,,,,,,,,,,,,,,,,,,,,,
1875,10,322.9,28.6,,,,,,,,,,,,,,,,,,,,,,,,,,,,,,,,,,,9.3,9.3,9.3,9.3,3.0,0.0,6.0,0.0,-9.09,-8.62,-8.62,-8.85,3.0,0.39,6.0,0.0,-3.48,-3.48,-1.11,-2.32,3.0,2.01,6.0,0.0,1020.93,1021.0,1021.68,1021.3,3.0,0.61,6.0,0.0,,,,,,,,,,,,,,,,,,,,,,,,,,,,,,,,,,,,,,,,,,,,,,,,,,,,,,,,,,,,,,,,,,,,,,,,,,,,,,,,,,,,,,,,,,,,,,,,,,,,,,,,,,,,,,,,,,,,,,,,,,,,,,,,,,
1875,10,322.9,30.6,,,,,,,,,,,,,,,,,,,,,,,,,,,,,,,,,,,7.94,9.3,9.3,8.65,4.0,1.3,6.0,0.5,-6.58,-6.58,-6.39,-6.49,4.0,0.18,6.0,0.5,-6.58,-6.58,-4.45,-5.56,4.0,2.03,6.0,0.5,1022.04,1022.3,1022.4,1022.23,4.0,0.24,6.0,0.5,,,,,,,,,,,,,,,,,,,,,,,,,,,,,,,,,,,,,,,,,,,,,,,,,,,,,,,,,,,,,,,,,,,,,,,,,,,,,,,,,,,,,,,,,,,,,,,,,,,,,,,,,,,,,,,,,,,,,,,,,,,,,,,,,,
1875,10,322.9,32.6,,,,,,,,,,,,,,,,,,,,,,,,,,,,,,,,,,,12.3,12.3,12.3,12.3,2.0,0.0,8.0,0.0,-8.7,-8.7,-8.7,-8.7,2.0,0.0,8.0,0.0,-8.7,-8.7,-8.7,-8.7,2.0,0.0,8.0,0.0,1021.7,1021.7,1021.7,1021.7,2.0,0.0,8.0,0.0,,,,,,,,,,,,,,,,,,,,,,,,,,,,,,,,,,,,,,,,,,,,,,,,,,,,,,,,,,,,,,,,,,,,,,,,,,,,,,,,,,,,,,,,,,,,,,,,,,,,,,,,,,,,,,,,,,,,,,,,,,,,,,,,,,
1875,10,322.9,36.6,,,,,,,,,,,,,,,,,,,,,,,,,,,,,,,,,,,6.7,6.7,8.47,7.57,3.0,1.5,10.0,0.0,-7.8,-6.17,-6.17,-6.97,3.0,1.38,10.0,0.0,2.62,2.62,3.31,2.96,3.0,0.59,10.0,0.0,1032.93,1033.0,1033.34,1033.13,3.0,0.32,10.0,0.0,,,,,,,,,,,,,,,,,,,,,,,,,,,,,,,,,,,,,,,,,,,,,,,,,,,,,,,,,,,,,,,,,,,,,,,,,,,,,,,,,,,,,,,,,,,,,,,,,,,,,,,,,,,,,,,,,,,,,,,,,,,,,,,,,,
1875,10,322.9,38.6,,,,,,,,,,,,,,,,,,,,,,,,,,,,,,,,,,,1.0,4.6,6.7,4.1,6.0,2.58,12.0,0.5,-6.17,-4.42,-0.79,-3.69,6.0,2.62,12.0,0.5,0.0,1.4,2.62,1.34,6.0,1.2,12.0,0.5,1030.01,1033.6,1033.96,1032.47,6.0,2.14,12.0,0.5,,,,,,,,,,,,,,,,,,,,,,,,,,,,,,,,,,,,,,,,,,,,,,,,,,,,,,,,,,,,,,,,,,,,,,,,,,,,,,,,,,,,,,,,,,,,,,,,,,,,,,,,,,,,,,,,,,,,,,,,,,,,,,,,,,
1875,10,322.9,42.6,,,,,,,,,,,,,,,,,,,,,,,,,,,,,,,,,,,19.0,19.0,19.0,19.0,1.0,0.0,26.0,0.0,17.49,17.49,17.49,17.49,1.0,0.0,26.0,0.0,-7.42,-7.42,-7.42,-7.42,1.0,0.0,26.0,0.0,993.6,993.6,993.6,993.6,1.0,0.0,26.0,0.0,,,,,,,,,,,,,,,,,,,,,,,,,,,,,,,,,,,,,,,,,,,,,,,,,,,,,,,,,,,,,,,,,,,,,,,,,,,,,,,,,,,,,,,,,,,,,,,,,,,,,,,,,,,,,,,,,,,,,,,,,,,,,,,,,,
1875,10,322.9,44.6,,,,,,,,,,,,,,,,,,,,,,,,,,,,,,,,,,,19.0,19.0,19.0,19.0,2.0,0.0,24.0,0.0,13.44,13.44,13.44,13.44,2.0,0.0,24.0,0.0,-13.44,-13.44,-13.44,-13.44,2.0,0.0,24.0,0.0,989.68,990.7,991.72,990.7,2.0,2.12,24.0,0.0,,,,,,,,,,,,,,,,,,,,,,,,,,,,,,,,,,,,,,,,,,,,,,,,,,,,,,,,,,,,,,,,,,,,,,,,,,,,,,,,,,,,,,,,,,,,,,,,,,,,,,,,,,,,,,,,,,,,,,,,,,,,,,,,,,
1875,10,324.9,24.6,,,,,,,,,,,,,,,,,,,,,,,,,,,,,,,,,,,9.3,9.3,9.3,9.3,2.0,0.0,4.0,0.5,-6.58,-6.58,-6.58,-6.58,2.0,0.0,4.0,0.5,-6.58,-6.58,-6.58,-6.58,2.0,0.0,4.0,0.5,1017.23,1017.3,1017.37,1017.3,2.0,0.14,4.0,0.5,,,,,,,,,,,,,,,,,,,,,,,,,,,,,,,,,,,,,,,,,,,,,,,,,,,,,,,,,,,,,,,,,,,,,,,,,,,,,,,,,,,,,,,,,,,,,,,,,,,,,,,,,,,,,,,,,,,,,,,,,,,,,,,,,,
1875,10,324.9,26.6,,,,,,,,,,,,,,,,,,,,,,,,,,,,,,,,,,,4.6,5.65,8.06,6.3,4.0,2.23,4.0,0.3,-4.98,-3.44,-3.25,-4.09,4.0,1.43,4.0,0.3,-6.03,-3.25,-2.86,-4.39,4.0,2.8,4.0,0.3,1016.75,1016.9,1017.31,1017.03,4.0,0.4,4.0,0.3,,,,,,,,,,,,,,,,,,,,,,,,,,,,,,,,,,,,,,,,,,,,,,,,,,,,,,,,,,,,,,,,,,,,,,,,,,,,,,,,,,,,,,,,,,,,,,,,,,,,,,,,,,,,,,,,,,,,,,,,,,,,,,,,,,
1875,10,324.9,28.6,,,,,,,,,,,,,,,,,,,,,,,,,,,,,,,,,,,9.3,9.3,9.3,9.3,1.0,0.0,6.0,1.0,-6.58,-6.58,-6.58,-6.58,1.0,0.0,6.0,1.0,-6.58,-6.58,-6.58,-6.58,1.0,0.0,6.0,1.0,1020.1,1020.1,1020.1,1020.1,1.0,0.0,6.0,1.0,,,,,,,,,,,,,,,,,,,,,,,,,,,,,,,,,,,,,,,,,,,,,,,,,,,,,,,,,,,,,,,,,,,,,,,,,,,,,,,,,,,,,,,,,,,,,,,,,,,,,,,,,,,,,,,,,,,,,,,,,,,,,,,,,,
1875,10,324.9,38.6,,,,,,,,,,,,,,,,,,,,,,,,,,,,,,,,,,,6.7,6.7,6.7,6.7,1.0,0.0,14.0,0.0,4.74,4.74,4.74,4.74,1.0,0.0,14.0,0.0,4.74,4.74,4.74,4.74,1.0,0.0,14.0,0.0,1028.6,1028.6,1028.6,1028.6,1.0,0.0,14.0,0.0,,,,,,,,,,,,,,,,,,,,,,,,,,,,,,,,,,,,,,,,,,,,,,,,,,,,,,,,,,,,,,,,,,,,,,,,,,,,,,,,,,,,,,,,,,,,,,,,,,,,,,,,,,,,,,,,,,,,,,,,,,,,,,,,,,
1875,10,324.9,40.6,,,,,,,,,,,,,,,,,,,,,,,,,,,,,,,,,,,9.3,9.3,9.3,9.3,1.0,0.0,14.0,0.0,6.58,6.58,6.58,6.58,1.0,0.0,14.0,0.0,6.58,6.58,6.58,6.58,1.0,0.0,14.0,0.0,1025.4,1025.4,1025.4,1025.4,1.0,0.0,14.0,0.0,,,,,,,,,,,,,,,,,,,,,,,,,,,,,,,,,,,,,,,,,,,,,,,,,,,,,,,,,,,,,,,,,,,,,,,,,,,,,,,,,,,,,,,,,,,,,,,,,,,,,,,,,,,,,,,,,,,,,,,,,,,,,,,,,,
1875,10,324.9,42.6,,,,,,,,,,,,,,,,,,,,,,,,,,,,,,,,,,,19.0,19.0,19.0,19.0,3.0,0.0,26.0,1.0,13.44,13.44,16.2,14.79,3.0,2.34,26.0,1.0,-13.44,-13.44,-9.33,-11.43,3.0,3.47,26.0,1.0,997.38,999.7,1001.95,999.67,3.0,3.35,26.0,1.0,,,,,,,,,,,,,,,,,,,,,,,,,,,,,,,,,,,,,,,,,,,,,,,,,,,,,,,,,,,,,,,,,,,,,,,,,,,,,,,,,,,,,,,,,,,,,,,,,,,,,,,,,,,,,,,,,,,,,,,,,,,,,,,,,,
1875,10,326.9,-3.4,,,,,,,,,,,,,,,,,,,,,,,,,,,,,,,,,,,6.7,6.7,6.7,6.7,1.0,0.0,14.0,1.0,-6.7,-6.7,-6.7,-6.7,1.0,0.0,14.0,1.0,0.0,0.0,0.0,0.0,1.0,0.0,14.0,1.0,1014.3,1014.3,1014.3,1014.3,1.0,0.0,14.0,1.0,,,,,,,,,,,,,,,,,,,,,,,,,,,,,,,,,,,,,,,,,,,,,,,,,,,,,,,,,,,,,,,,,,,,,,,,,,,,,,,,,,,,,,,,,,,,,,,,,,,,,,,,,,,,,,,,,,,,,,,,,,,,,,,,,,
1875,10,326.9,-1.4,,,,,,,,,,,,,,,,,,,,,,,,,,,,,,,,,,,6.7,6.7,6.7,6.7,1.0,0.0,16.0,1.0,-6.7,-6.7,-6.7,-6.7,1.0,0.0,16.0,1.0,0.0,0.0,0.0,0.0,1.0,0.0,16.0,1.0,1013.3,1013.3,1013.3,1013.3,1.0,0.0,16.0,1.0,,,,,,,,,,,,,,,,,,,,,,,,,,,,,,,,,,,,,,,,,,,,,,,,,,,,,,,,,,,,,,,,,,,,,,,,,,,,,,,,,,,,,,,,,,,,,,,,,,,,,,,,,,,,,,,,,,,,,,,,,,,,,,,,,,
1875,10,326.9,22.6,,,,,,,,,,,,,,,,,,,,,,,,,,,,,,,,,,,9.3,9.3,9.3,9.3,2.0,0.0,2.0,0.5,-6.58,-6.58,-6.58,-6.58,2.0,0.0,2.0,0.5,-6.58,-6.58,-6.58,-6.58,2.0,0.0,2.0,0.5,1017.5,1017.7,1017.9,1017.7,2.0,0.42,2.0,0.5,,,,,,,,,,,,,,,,,,,,,,,,,,,,,,,,,,,,,,,,,,,,,,,,,,,,,,,,,,,,,,,,,,,,,,,,,,,,,,,,,,,,,,,,,,,,,,,,,,,,,,,,,,,,,,,,,,,,,,,,,,,,,,,,,,
1875,10,326.9,24.6,,,,,,,,,,,,,,,,,,,,,,,,,,,,,,,,,,,9.3,9.3,9.3,9.3,1.0,0.0,4.0,0.0,-6.58,-6.58,-6.58,-6.58,1.0,0.0,4.0,0.0,-6.58,-6.58,-6.58,-6.58,1.0,0.0,4.0,0.0,1017.5,1017.5,1017.5,1017.5,1.0,0.0,4.0,0.0,,,,,,,,,,,,,,,,,,,,,,,,,,,,,,,,,,,,,,,,,,,,,,,,,,,,,,,,,,,,,,,,,,,,,,,,,,,,,,,,,,,,,,,,,,,,,,,,,,,,,,,,,,,,,,,,,,,,,,,,,,,,,,,,,,
1875,10,326.9,40.6,,,,,,,,,,,,,,,,,,,,,,,,,,,,,,,,,,,6.7,6.7,6.7,6.7,2.0,0.0,14.0,0.0,6.29,6.46,6.62,6.46,2.0,0.34,14.0,0.0,0.4,1.25,2.11,1.25,2.0,1.77,14.0,0.0,1017.18,1018.65,1020.12,1018.65,2.0,3.04,14.0,0.0,,,,,,,,,,,,,,,,,,,,,,,,,,,,,,,,,,,,,,,,,,,,,,,,,,,,,,,,,,,,,,,,,,,,,,,,,,,,,,,,,,,,,,,,,,,,,,,,,,,,,,,,,,,,,,,,,,,,,,,,,,,,,,,,,,
1875,10,326.9,42.6,,,,,,,,,,,,,,,,,,,,,,,,,,,,,,,,,,,9.37,12.3,15.81,12.58,4.0,5.03,26.0,0.3,6.62,10.01,12.43,9.55,4.0,3.75,26.0,0.3,-11.18,-6.75,-4.77,-7.92,4.0,4.12,26.0,0.3,1006.75,1008.45,1010.2,1008.48,4.0,2.27,26.0,0.3,,,,,,,,,,,,,,,,,,,,,,,,,,,,,,,,,,,,,,,,,,,,,,,,,,,,,,,,,,,,,,,,,,,,,,,,,,,,,,,,,,,,,,,,,,,,,,,,,,,,,,,,,,,,,,,,,,,,,,,,,,,,,,,,,,
1875,10,328.9,-33.4,,,,,,,,,,,,,,,,,,,,,,,,,,,,,,,,,,,12.3,12.3,12.3,12.3,1.0,0.0,2.0,1.0,4.61,4.61,4.61,4.61,1.0,0.0,2.0,1.0,-11.4,-11.4,-11.4,-11.4,1.0,0.0,2.0,1.0,1001.1,1001.1,1001.1,1001.1,1.0,0.0,2.0,1.0,,,,,,,,,,,,,,,,,,,,,,,,,,,,,,,,,,,,,,,,,,,,,,,,,,,,,,,,,,,,,,,,,,,,,,,,,,,,,,,,,,,,,,,,,,,,,,,,,,,,,,,,,,,,,,,,,,,,,,,,,,,,,,,,,,
1875,10,328.9,-27.4,,,,,,,,,,,,,,,,,,,,,,,,,,,,,,,,,,,5.6,8.0,12.5,9.0,4.0,4.68,4.0,0.8,-8.07,1.63,4.03,-1.85,4.0,9.25,4.0,0.8,-4.03,-1.63,4.87,0.33,4.0,6.3,4.0,0.8,1013.02,1013.7,1013.84,1013.43,3.0,0.64,2.0,0.7,,,,,,,,,,,,,,,,,,,,,,,,,,,,,,,,,,,,,,,,,,,,,,,,,,,,,,,,,,,,,,,,,,,,,,,,,,,,,,,,,,,,,,,,,,,,,,,,,,,,,,,,,,,,,,,,,,,,,,,,,,,,,,,,,,
1875,10,328.9,-25.4,,,,,,,,,,,,,,,,,,,,,,,,,,,,,,,,,,,15.4,15.4,15.4,15.4,1.0,0.0,2.0,0.0,5.77,5.77,5.77,5.77,1.0,0.0,2.0,0.0,-14.28,-14.28,-14.28,-14.28,1.0,0.0,2.0,0.0,1015.2,1015.2,1015.2,1015.2,1.0,0.0,2.0,0.0,,,,,,,,,,,,,,,,,,,,,,,,,,,,,,,,,,,,,,,,,,,,,,,,,,,,,,,,,,,,,,,,,,,,,,,,,,,,,,,,,,,,,,,,,,,,,,,,,,,,,,,,,,,,,,,,,,,,,,,,,,,,,,,,,,
1875,10,328.9,-9.4,,,,,,,,,,,,,,,,,,,,,,,,,,,,,,,,,,,6.7,6.7,10.52,8.57,3.0,3.23,22.0,0.7,-8.06,-6.7,-6.34,-7.19,3.0,1.33,22.0,0.7,0.83,2.62,6.77,3.77,3.0,4.46,22.0,0.7,1014.95,1015.7,1016.45,1015.7,2.0,1.56,22.0,0.5,,,,,,,,,,,,,,,,,,,,,,,,,,,,,,,,,,,,,,,,,,,,,,,,,,,,,,,,,,,,,,,,,,,,,,,,,,,,,,,,,,,,,,,,,,,,,,,,,,,,,,,,,,,,,,,,,,,,,,,,,,,,,,,,,,
1875,10,328.9,-7.4,,,,,,,,,,,,,,,,,,,,,,,,,,,,,,,,,,,9.3,9.3,12.3,10.5,5.0,1.64,26.0,1.0,-10.4,-9.3,-8.65,-9.63,5.0,1.53,26.0,1.0,0.0,0.0,5.48,2.47,5.0,3.82,26.0,1.0,1014.88,1015.7,1016.45,1015.67,3.0,1.15,26.0,1.0,,,,,,,,,,,,,,,,,,,,,,,,,,,,,,,,,,,,,,,,,,,,,,,,,,,,,,,,,,,,,,,,,,,,,,,,,,,,,,,,,,,,,,,,,,,,,,,,,,,,,,,,,,,,,,,,,,,,,,,,,,,,,,,,,,
1875,10,328.9,20.6,,,,,,,,,,,,,,,,,,,,,,,,,,,,,,,,,,,9.3,10.8,12.3,10.8,6.0,1.64,6.0,0.3,-12.3,-10.46,-8.2,-10.12,6.0,2.5,6.0,0.3,-4.12,-1.74,0.0,-2.26,6.0,2.72,6.0,0.3,1015.54,1016.5,1016.57,1016.07,3.0,0.84,2.0,0.3,,,,,,,,,,,,,,,,,,,,,,,,,,,,,,,,,,,,,,,,,,,,,,,,,,,,,,,,,,,,,,,,,,,,,,,,,,,,,,,,,,,,,,,,,,,,,,,,,,,,,,,,,,,,,,,,,,,,,,,,,,,,,,,,,,
1875,10,328.9,22.6,,,,,,,,,,,,,,,,,,,,,,,,,,,,,,,,,,,9.3,9.3,9.3,9.3,1.0,0.0,2.0,0.0,-6.58,-6.58,-6.58,-6.58,1.0,0.0,2.0,0.0,-6.58,-6.58,-6.58,-6.58,1.0,0.0,2.0,0.0,1016.8,1016.8,1016.8,1016.8,1.0,0.0,2.0,0.0,,,,,,,,,,,,,,,,,,,,,,,,,,,,,,,,,,,,,,,,,,,,,,,,,,,,,,,,,,,,,,,,,,,,,,,,,,,,,,,,,,,,,,,,,,,,,,,,,,,,,,,,,,,,,,,,,,,,,,,,,,,,,,,,,,
1875,10,328.9,42.6,,,,,,,,,,,,,,,,,,,,,,,,,,,,,,,,,,,0.41,1.3,2.19,1.3,2.0,1.84,26.0,1.0,0.0,0.0,0.0,0.0,2.0,0.0,26.0,1.0,0.41,1.3,2.19,1.3,2.0,1.84,26.0,1.0,1009.32,1009.8,1010.28,1009.8,2.0,0.99,26.0,1.0,,,,,,,,,,,,,,,,,,,,,,,,,,,,,,,,,,,,,,,,,,,,,,,,,,,,,,,,,,,,,,,,,,,,,,,,,,,,,,,,,,,,,,,,,,,,,,,,,,,,,,,,,,,,,,,,,,,,,,,,,,,,,,,,,,
1875,10,328.9,44.6,,,,,,,,,,,,,,,,,,,,,,,,,,,,,,,,,,,8.65,12.85,17.05,12.85,2.0,8.7,26.0,0.0,0.0,0.0,0.0,0.0,2.0,0.0,26.0,0.0,8.65,12.85,17.05,12.85,2.0,8.7,26.0,0.0,1001.76,1003.4,1005.04,1003.4,2.0,3.39,26.0,0.0,,,,,,,,,,,,,,,,,,,,,,,,,,,,,,,,,,,,,,,,,,,,,,,,,,,,,,,,,,,,,,,,,,,,,,,,,,,,,,,,,,,,,,,,,,,,,,,,,,,,,,,,,,,,,,,,,,,,,,,,,,,,,,,,,,
1875,10,330.9,-31.4,,,,,,,,,,,,,,,,,,,,,,,,,,,,,,,,,,,9.3,9.3,9.3,9.3,1.0,0.0,2.0,1.0,6.58,6.58,6.58,6.58,1.0,0.0,2.0,1.0,-6.58,-6.58,-6.58,-6.58,1.0,0.0,2.0,1.0,1013.3,1013.3,1013.3,1013.3,1.0,0.0,2.0,1.0,,,,,,,,,,,,,,,,,,,,,,,,,,,,,,,,,,,,,,,,,,,,,,,,,,,,,,,,,,,,,,,,,,,,,,,,,,,,,,,,,,,,,,,,,,,,,,,,,,,,,,,,,,,,,,,,,,,,,,,,,,,,,,,,,,
1875,10,330.9,-29.4,,,,,,,,,,,,,,,,,,,,,,,,,,,,,,,,,,,4.6,6.7,7.65,6.38,5.0,1.94,2.0,0.6,4.6,6.21,7.4,6.15,5.0,1.68,2.0,0.6,0.0,0.0,2.87,1.2,5.0,1.68,2.0,0.6,1013.43,1013.7,1014.64,1014.08,5.0,1.15,2.0,0.6,,,,,,,,,,,,,,,,,,,,,,,,,,,,,,,,,,,,,,,,,,,,,,,,,,,,,,,,,,,,,,,,,,,,,,,,,,,,,,,,,,,,,,,,,,,,,,,,,,,,,,,,,,,,,,,,,,,,,,,,,,,,,,,,,,
1875,10,330.9,-27.4,,,,,,,,,,,,,,,,,,,,,,,,,,,,,,,,,,,7.11,8.0,8.89,8.0,2.0,1.84,2.0,0.5,7.01,7.66,8.32,7.66,2.0,1.36,2.0,0.5,0.55,1.74,2.93,1.74,2.0,2.46,2.0,0.5,1010.33,1011.05,1011.77,1011.05,2.0,1.48,2.0,0.5,,,,,,,,,,,,,,,,,,,,,,,,,,,,,,,,,,,,,,,,,,,,,,,,,,,,,,,,,,,,,,,,,,,,,,,,,,,,,,,,,,,,,,,,,,,,,,,,,,,,,,,,,,,,,,,,,,,,,,,,,,,,,,,,,,
1875,10,330.9,-25.4,,,,,,,,,,,,,,,,,,,,,,,,,,,,,,,,,,,5.85,6.7,6.7,6.02,6.0,1.67,2.0,0.7,-0.98,0.0,3.17,0.64,6.0,3.57,2.0,0.7,-6.7,-4.66,0.17,-3.17,6.0,4.58,2.0,0.7,1009.46,1010.8,1012.2,1010.82,5.0,1.38,2.0,0.6,,,,,,,,,,,,,,,,,,,,,,,,,,,,,,,,,,,,,,,,,,,,,,,,,,,,,,,,,,,,,,,,,,,,,,,,,,,,,,,,,,,,,,,,,,,,,,,,,,,,,,,,,,,,,,,,,,,,,,,,,,,,,,,,,,
1875,10,330.9,-23.4,,,,,,,,,,,,,,,,,,,,,,,,,,,,,,,,,,,1.51,2.6,5.4,3.43,3.0,2.94,8.0,0.7,-4.56,-1.02,0.16,-2.17,3.0,3.6,8.0,0.7,-2.47,-2.39,-1.24,-1.87,3.0,1.01,8.0,0.7,1012.1,1012.1,1012.1,1012.1,1.0,0.0,2.0,0.0,,,,,,,,,,,,,,,,,,,,,,,,,,,,,,,,,,,,,,,,,,,,,,,,,,,,,,,,,,,,,,,,,,,,,,,,,,,,,,,,,,,,,,,,,,,,,,,,,,,,,,,,,,,,,,,,,,,,,,,,,,,,,,,,,,
1875,10,330.9,-17.4,,,,,,,,,,,,,,,,,,,,,,,,,,,,,,,,,,,1.51,2.6,5.4,3.43,3.0,2.94,8.0,1.0,-3.23,0.0,0.0,-1.58,3.0,2.74,8.0,1.0,-3.55,-1.0,1.46,-1.05,3.0,3.67,8.0,1.0,1019.32,1019.8,1020.14,1019.73,3.0,0.6,8.0,1.0,,,,,,,,,,,,,,,,,,,,,,,,,,,,,,,,,,,,,,,,,,,,,,,,,,,,,,,,,,,,,,,,,,,,,,,,,,,,,,,,,,,,,,,,,,,,,,,,,,,,,,,,,,,,,,,,,,,,,,,,,,,,,,,,,,
1875,10,330.9,-13.4,,,,,,,,,,,,,,,,,,,,,,,,,,,,,,,,,,,2.14,4.6,7.81,4.97,3.0,4.16,12.0,1.0,-7.19,-4.23,-2.03,-4.6,3.0,3.79,12.0,1.0,0.57,1.8,3.05,1.81,3.0,1.82,12.0,1.0,1017.26,1018.25,1019.24,1018.25,2.0,2.05,10.0,1.0,,,,,,,,,,,,,,,,,,,,,,,,,,,,,,,,,,,,,,,,,,,,,,,,,,,,,,,,,,,,,,,,,,,,,,,,,,,,,,,,,,,,,,,,,,,,,,,,,,,,,,,,,,,,,,,,,,,,,,,,,,,,,,,,,,
1875,10,330.9,-7.4,,,,,,,,,,,,,,,,,,,,,,,,,,,,,,,,,,,10.25,12.3,12.3,11.3,3.0,1.73,24.0,0.7,-11.32,-11.32,-9.48,-10.42,3.0,1.56,24.0,0.7,3.9,4.81,4.81,4.37,3.0,0.76,24.0,0.7,1014.04,1014.55,1015.06,1014.55,2.0,1.06,30.0,0.5,,,,,,,,,,,,,,,,,,,,,,,,,,,,,,,,,,,,,,,,,,,,,,,,,,,,,,,,,,,,,,,,,,,,,,,,,,,,,,,,,,,,,,,,,,,,,,,,,,,,,,,,,,,,,,,,,,,,,,,,,,,,,,,,,,
1875,10,330.9,-5.4,,,,,,,,,,,,,,,,,,,,,,,,,,,,,,,,,,,9.3,9.3,12.3,10.5,5.0,1.64,30.0,0.6,-11.32,-8.56,-6.58,-8.87,5.0,2.38,30.0,0.6,4.38,4.81,6.58,5.28,5.0,1.28,30.0,0.6,1012.84,1013.3,1013.4,1013.12,5.0,0.42,30.0,0.6,,,,,,,,,,,,,,,,,,,,,,,,,,,,,,,,,,,,,,,,,,,,,,,,,,,,,,,,,,,,,,,,,,,,,,,,,,,,,,,,,,,,,,,,,,,,,,,,,,,,,,,,,,,,,,,,,,,,,,,,,,,,,,,,,,
1875,10,330.9,-3.4,,,,,,,,,,,,,,,,,,,,,,,,,,,,,,,,,,,6.7,9.3,9.44,8.61,7.0,2.08,26.0,0.6,-8.8,-6.7,-6.1,-7.67,7.0,2.45,26.0,0.6,0.0,3.48,4.83,3.01,7.0,2.4,26.0,0.6,1010.31,1011.3,1011.85,1011.04,5.0,1.16,30.0,0.4,,,,,,,,,,,,,,,,,,,,,,,,,,,,,,,,,,,,,,,,,,,,,,,,,,,,,,,,,,,,,,,,,,,,,,,,,,,,,,,,,,,,,,,,,,,,,,,,,,,,,,,,,,,,,,,,,,,,,,,,,,,,,,,,,,
1875,10,330.9,-1.4,,,,,,,,,,,,,,,,,,,,,,,,,,,,,,,,,,,9.18,9.3,9.3,8.93,7.0,0.98,28.0,0.6,-8.56,-6.58,-6.38,-6.85,7.0,2.15,28.0,0.6,3.63,6.21,6.58,5.26,7.0,1.53,28.0,0.6,1009.22,1010.1,1011.33,1010.33,6.0,1.33,28.0,0.5,,,,,,,,,,,,,,,,,,,,,,,,,,,,,,,,,,,,,,,,,,,,,,,,,,,,,,,,,,,,,,,,,,,,,,,,,,,,,,,,,,,,,,,,,,,,,,,,,,,,,,,,,,,,,,,,,,,,,,,,,,,,,,,,,,
1875,10,330.9,0.6,,,,,,,,,,,,,,,,,,,,,,,,,,,,,,,,,,,9.3,9.3,9.3,9.3,1.0,0.0,28.0,1.0,-6.58,-6.58,-6.58,-6.58,1.0,0.0,28.0,1.0,6.58,6.58,6.58,6.58,1.0,0.0,28.0,1.0,1010.9,1010.9,1010.9,1010.9,1.0,0.0,28.0,1.0,,,,,,,,,,,,,,,,,,,,,,,,,,,,,,,,,,,,,,,,,,,,,,,,,,,,,,,,,,,,,,,,,,,,,,,,,,,,,,,,,,,,,,,,,,,,,,,,,,,,,,,,,,,,,,,,,,,,,,,,,,,,,,,,,,
1875,10,330.9,40.6,,,,,,,,,,,,,,,,,,,,,,,,,,,,,,,,,,,9.78,10.8,11.82,10.8,2.0,2.12,16.0,0.5,-4.62,-4.22,-3.82,-4.22,2.0,0.83,16.0,0.5,-10.88,-9.94,-9.0,-9.94,2.0,1.95,16.0,0.5,1018.75,1018.85,1018.95,1018.85,2.0,0.21,16.0,0.5,,,,,,,,,,,,,,,,,,,,,,,,,,,,,,,,,,,,,,,,,,,,,,,,,,,,,,,,,,,,,,,,,,,,,,,,,,,,,,,,,,,,,,,,,,,,,,,,,,,,,,,,,,,,,,,,,,,,,,,,,,,,,,,,,,
1875,10,330.9,44.6,,,,,,,,,,,,,,,,,,,,,,,,,,,,,,,,,,,12.3,12.3,12.3,12.3,2.0,0.0,28.0,0.5,4.81,4.81,4.81,4.81,2.0,0.0,28.0,0.5,11.32,11.32,11.32,11.32,2.0,0.0,28.0,0.5,1000.63,1001.35,1002.07,1001.35,2.0,1.48,28.0,0.5,,,,,,,,,,,,,,,,,,,,,,,,,,,,,,,,,,,,,,,,,,,,,,,,,,,,,,,,,,,,,,,,,,,,,,,,,,,,,,,,,,,,,,,,,,,,,,,,,,,,,,,,,,,,,,,,,,,,,,,,,,,,,,,,,,
1875,10,330.9,46.6,,,,,,,,,,,,,,,,,,,,,,,,,,,,,,,,,,,6.7,6.7,6.7,6.7,2.0,0.0,28.0,1.0,2.95,3.68,4.4,3.68,2.0,1.5,28.0,1.0,4.96,5.45,5.94,5.45,2.0,1.01,28.0,1.0,1003.7,1003.7,1003.7,1003.7,2.0,0.0,28.0,1.0,,,,,,,,,,,,,,,,,,,,,,,,,,,,,,,,,,,,,,,,,,,,,,,,,,,,,,,,,,,,,,,,,,,,,,,,,,,,,,,,,,,,,,,,,,,,,,,,,,,,,,,,,,,,,,,,,,,,,,,,,,,,,,,,,,
1875,10,332.9,-31.4,,,,,,,,,,,,,,,,,,,,,,,,,,,,,,,,,,,6.7,6.7,9.3,7.74,5.0,1.42,2.0,0.4,4.74,4.74,6.58,5.47,5.0,1.01,2.0,0.4,4.74,4.74,6.58,5.47,5.0,1.01,2.0,0.4,1014.13,1015.3,1017.04,1015.52,5.0,1.48,2.0,0.4,,,,,,,,,,,,,,,,,,,,,,,,,,,,,,,,,,,,,,,,,,,,,,,,,,,,,,,,,,,,,,,,,,,,,,,,,,,,,,,,,,,,,,,,,,,,,,,,,,,,,,,,,,,,,,,,,,,,,,,,,,,,,,,,,,
1875,10,332.9,-27.4,,,,,,,,,,,,,,,,,,,,,,,,,,,,,,,,,,,4.19,6.7,6.7,5.67,6.0,1.72,2.0,0.5,1.43,3.68,4.74,3.1,6.0,1.98,2.0,0.5,3.9,4.74,5.03,4.54,6.0,1.15,2.0,0.5,1012.43,1012.75,1015.18,1013.88,6.0,2.97,2.0,0.5,,,,,,,,,,,,,,,,,,,,,,,,,,,,,,,,,,,,,,,,,,,,,,,,,,,,,,,,,,,,,,,,,,,,,,,,,,,,,,,,,,,,,,,,,,,,,,,,,,,,,,,,,,,,,,,,,,,,,,,,,,,,,,,,,,
1875,10,332.9,-25.4,,,,,,,,,,,,,,,,,,,,,,,,,,,,,,,,,,,3.55,4.6,5.7,4.63,4.0,1.67,2.0,0.5,0.48,2.13,3.77,2.13,4.0,1.96,2.0,0.5,0.2,2.82,5.06,2.64,4.0,3.49,2.0,0.5,1010.89,1012.3,1017.38,1014.05,4.0,5.38,2.0,0.5,,,,,,,,,,,,,,,,,,,,,,,,,,,,,,,,,,,,,,,,,,,,,,,,,,,,,,,,,,,,,,,,,,,,,,,,,,,,,,,,,,,,,,,,,,,,,,,,,,,,,,,,,,,,,,,,,,,,,,,,,,,,,,,,,,
1875,10,332.9,-23.4,,,,,,,,,,,,,,,,,,,,,,,,,,,,,,,,,,,6.7,6.7,6.7,6.7,1.0,0.0,6.0,1.0,-4.74,-4.74,-4.74,-4.74,1.0,0.0,6.0,1.0,4.74,4.74,4.74,4.74,1.0,0.0,6.0,1.0,1023.1,1023.1,1023.1,1023.1,1.0,0.0,6.0,1.0,,,,,,,,,,,,,,,,,,,,,,,,,,,,,,,,,,,,,,,,,,,,,,,,,,,,,,,,,,,,,,,,,,,,,,,,,,,,,,,,,,,,,,,,,,,,,,,,,,,,,,,,,,,,,,,,,,,,,,,,,,,,,,,,,,
1875,10,332.9,-19.4,,,,,,,,,,,,,,,,,,,,,,,,,,,,,,,,,,,3.9,6.7,6.7,5.33,3.0,2.37,4.0,1.0,-4.06,-2.6,0.89,-1.61,3.0,3.72,4.0,1.0,-5.74,-4.74,-1.5,-3.65,3.0,3.25,4.0,1.0,1021.1,1021.1,1021.1,1021.1,1.0,0.0,6.0,1.0,,,,,,,,,,,,,,,,,,,,,,,,,,,,,,,,,,,,,,,,,,,,,,,,,,,,,,,,,,,,,,,,,,,,,,,,,,,,,,,,,,,,,,,,,,,,,,,,,,,,,,,,,,,,,,,,,,,,,,,,,,,,,,,,,,
1875,10,332.9,-11.4,,,,,,,,,,,,,,,,,,,,,,,,,,,,,,,,,,,9.3,9.3,9.3,9.3,1.0,0.0,2.0,0.0,-6.58,-6.58,-6.58,-6.58,1.0,0.0,2.0,0.0,6.58,6.58,6.58,6.58,1.0,0.0,2.0,0.0,1014.8,1014.8,1014.8,1014.8,1.0,0.0,2.0,0.0,,,,,,,,,,,,,,,,,,,,,,,,,,,,,,,,,,,,,,,,,,,,,,,,,,,,,,,,,,,,,,,,,,,,,,,,,,,,,,,,,,,,,,,,,,,,,,,,,,,,,,,,,,,,,,,,,,,,,,,,,,,,,,,,,,
1875,10,332.9,0.6,,,,,,,,,,,,,,,,,,,,,,,,,,,,,,,,,,,9.3,9.3,12.3,10.59,7.0,1.6,26.0,0.6,-6.67,-4.61,-3.48,-5.14,7.0,1.85,26.0,0.6,6.43,8.62,11.4,8.79,7.0,2.99,26.0,0.6,1010.14,1011.0,1011.42,1010.83,6.0,0.69,28.0,0.5,,,,,,,,,,,,,,,,,,,,,,,,,,,,,,,,,,,,,,,,,,,,,,,,,,,,,,,,,,,,,,,,,,,,,,,,,,,,,,,,,,,,,,,,,,,,,,,,,,,,,,,,,,,,,,,,,,,,,,,,,,,,,,,,,,
1875,10,332.9,40.6,,,,,,,,,,,,,,,,,,,,,,,,,,,,,,,,,,,13.36,15.65,17.94,15.65,2.0,4.74,18.0,0.5,6.01,9.02,12.03,9.02,2.0,6.24,18.0,0.5,-13.11,-12.42,-11.73,-12.42,2.0,1.44,18.0,0.5,1013.34,1014.3,1015.26,1014.3,2.0,1.98,18.0,0.5,,,,,,,,,,,,,,,,,,,,,,,,,,,,,,,,,,,,,,,,,,,,,,,,,,,,,,,,,,,,,,,,,,,,,,,,,,,,,,,,,,,,,,,,,,,,,,,,,,,,,,,,,,,,,,,,,,,,,,,,,,,,,,,,,,
1875,10,332.9,46.6,,,,,,,,,,,,,,,,,,,,,,,,,,,,,,,,,,,3.9,6.7,6.7,5.33,3.0,2.37,18.0,0.0,0.0,0.0,1.63,0.8,3.0,1.38,18.0,0.0,1.43,6.7,6.7,4.13,3.0,4.45,18.0,0.0,1004.4,1004.4,1015.87,1010.0,3.0,9.7,18.0,0.0,,,,,,,,,,,,,,,,,,,,,,,,,,,,,,,,,,,,,,,,,,,,,,,,,,,,,,,,,,,,,,,,,,,,,,,,,,,,,,,,,,,,,,,,,,,,,,,,,,,,,,,,,,,,,,,,,,,,,,,,,,,,,,,,,,
1875,10,334.9,-33.4,,,,,,,,,,,,,,,,,,,,,,,,,,,,,,,,,,,4.6,4.6,4.6,4.6,1.0,0.0,4.0,0.0,3.25,3.25,3.25,3.25,1.0,0.0,4.0,0.0,3.25,3.25,3.25,3.25,1.0,0.0,4.0,0.0,1018.4,1018.4,1018.4,1018.4,1.0,0.0,4.0,0.0,,,,,,,,,,,,,,,,,,,,,,,,,,,,,,,,,,,,,,,,,,,,,,,,,,,,,,,,,,,,,,,,,,,,,,,,,,,,,,,,,,,,,,,,,,,,,,,,,,,,,,,,,,,,,,,,,,,,,,,,,,,,,,,,,,
1875,10,334.9,-31.4,,,,,,,,,,,,,,,,,,,,,,,,,,,,,,,,,,,6.7,6.7,10.52,8.57,3.0,3.23,2.0,0.3,-5.66,6.7,6.7,0.67,3.0,10.45,2.0,0.3,-3.15,0.0,0.0,-1.54,3.0,2.66,2.0,0.3,1013.87,1016.6,1017.56,1015.73,3.0,2.8,2.0,0.3,,,,,,,,,,,,,,,,,,,,,,,,,,,,,,,,,,,,,,,,,,,,,,,,,,,,,,,,,,,,,,,,,,,,,,,,,,,,,,,,,,,,,,,,,,,,,,,,,,,,,,,,,,,,,,,,,,,,,,,,,,,,,,,,,,
1875,10,334.9,-27.4,,,,,,,,,,,,,,,,,,,,,,,,,,,,,,,,,,,6.7,6.7,8.47,7.57,3.0,1.5,4.0,1.0,0.83,2.62,4.06,2.45,3.0,2.37,4.0,1.0,5.19,6.17,8.31,6.74,3.0,2.33,4.0,1.0,1014.26,1014.4,1015.22,1014.73,3.0,0.76,4.0,1.0,,,,,,,,,,,,,,,,,,,,,,,,,,,,,,,,,,,,,,,,,,,,,,,,,,,,,,,,,,,,,,,,,,,,,,,,,,,,,,,,,,,,,,,,,,,,,,,,,,,,,,,,,,,,,,,,,,,,,,,,,,,,,,,,,,
1875,10,334.9,-17.4,,,,,,,,,,,,,,,,,,,,,,,,,,,,,,,,,,,5.6,6.7,6.7,6.18,4.0,1.05,2.0,0.5,-6.7,-6.7,-5.6,-6.17,4.0,1.05,2.0,0.5,0.0,0.0,0.0,0.0,4.0,0.0,2.0,0.5,1018.94,1019.6,1020.05,1019.5,4.0,0.67,2.0,0.5,,,,,,,,,,,,,,,,,,,,,,,,,,,,,,,,,,,,,,,,,,,,,,,,,,,,,,,,,,,,,,,,,,,,,,,,,,,,,,,,,,,,,,,,,,,,,,,,,,,,,,,,,,,,,,,,,,,,,,,,,,,,,,,,,,
1875,10,334.9,-15.4,,,,,,,,,,,,,,,,,,,,,,,,,,,,,,,,,,,9.3,9.3,9.3,9.3,3.0,0.0,2.0,0.3,-9.3,-9.3,-9.3,-9.3,3.0,0.0,2.0,0.3,0.0,0.0,0.0,0.0,3.0,0.0,2.0,0.3,1018.13,1018.4,1018.4,1018.27,3.0,0.23,2.0,0.3,,,,,,,,,,,,,,,,,,,,,,,,,,,,,,,,,,,,,,,,,,,,,,,,,,,,,,,,,,,,,,,,,,,,,,,,,,,,,,,,,,,,,,,,,,,,,,,,,,,,,,,,,,,,,,,,,,,,,,,,,,,,,,,,,,
1875,10,334.9,0.6,,,,,,,,,,,,,,,,,,,,,,,,,,,,,,,,,,,6.7,6.7,6.7,6.7,2.0,0.0,28.0,0.0,-4.74,-4.74,-4.74,-4.74,2.0,0.0,28.0,0.0,4.74,4.74,4.74,4.74,2.0,0.0,28.0,0.0,1009.97,1010.35,1010.73,1010.35,2.0,0.78,28.0,0.0,,,,,,,,,,,,,,,,,,,,,,,,,,,,,,,,,,,,,,,,,,,,,,,,,,,,,,,,,,,,,,,,,,,,,,,,,,,,,,,,,,,,,,,,,,,,,,,,,,,,,,,,,,,,,,,,,,,,,,,,,,,,,,,,,,
1875,10,334.9,2.6,,,,,,,,,,,,,,,,,,,,,,,,,,,,,,,,,,,6.7,6.7,6.7,6.7,5.0,0.0,26.0,0.4,-4.74,-4.74,-2.51,-3.85,5.0,1.22,26.0,0.4,4.74,4.74,6.21,5.33,5.0,0.81,26.0,0.4,1009.9,1010.6,1010.97,1010.48,5.0,0.56,26.0,0.4,,,,,,,,,,,,,,,,,,,,,,,,,,,,,,,,,,,,,,,,,,,,,,,,,,,,,,,,,,,,,,,,,,,,,,,,,,,,,,,,,,,,,,,,,,,,,,,,,,,,,,,,,,,,,,,,,,,,,,,,,,,,,,,,,,
1875,10,334.9,6.6,,,,,,,,,,,,,,,,,,,,,,,,,,,,,,,,,,,1.24,3.6,5.7,3.48,4.0,2.86,14.0,0.3,0.0,0.9,2.23,1.1,4.0,1.32,14.0,0.3,1.24,3.42,5.25,3.25,4.0,2.61,14.0,0.3,1011.04,1012.25,1013.67,1012.35,4.0,1.56,14.0,0.3,,,,,,,,,,,,,,,,,,,,,,,,,,,,,,,,,,,,,,,,,,,,,,,,,,,,,,,,,,,,,,,,,,,,,,,,,,,,,,,,,,,,,,,,,,,,,,,,,,,,,,,,,,,,,,,,,,,,,,,,,,,,,,,,,,
1875,10,334.9,8.6,,,,,,,,,,,,,,,,,,,,,,,,,,,,,,,,,,,2.6,2.6,4.82,3.84,7.0,2.52,12.0,0.7,-4.69,-1.02,0.0,-2.22,7.0,2.5,12.0,0.7,-2.79,-2.39,1.08,-1.53,7.0,2.97,12.0,0.7,1011.49,1011.9,1013.8,1012.19,7.0,1.55,12.0,0.7,,,,,,,,,,,,,,,,,,,,,,,,,,,,,,,,,,,,,,,,,,,,,,,,,,,,,,,,,,,,,,,,,,,,,,,,,,,,,,,,,,,,,,,,,,,,,,,,,,,,,,,,,,,,,,,,,,,,,,,,,,,,,,,,,,
1875,10,334.9,10.6,,,,,,,,,,,,,,,,,,,,,,,,,,,,,,,,,,,6.27,6.7,6.7,6.35,6.0,0.86,10.0,0.5,-6.7,-6.7,-6.27,-6.35,6.0,0.86,10.0,0.5,0.0,0.0,0.0,0.0,6.0,0.0,10.0,0.5,1013.13,1013.65,1014.4,1013.65,6.0,0.72,10.0,0.5,,,,,,,,,,,,,,,,,,,,,,,,,,,,,,,,,,,,,,,,,,,,,,,,,,,,,,,,,,,,,,,,,,,,,,,,,,,,,,,,,,,,,,,,,,,,,,,,,,,,,,,,,,,,,,,,,,,,,,,,,,,,,,,,,,
1875,10,334.9,12.6,,,,,,,,,,,,,,,,,,,,,,,,,,,,,,,,,,,2.6,4.6,7.24,5.07,6.0,2.58,8.0,0.5,-7.1,-4.43,-2.41,-4.83,6.0,2.45,8.0,0.5,-2.09,-0.97,0.0,-1.19,6.0,1.3,8.0,0.5,1013.82,1013.95,1014.32,1014.05,6.0,0.43,8.0,0.5,,,,,,,,,,,,,,,,,,,,,,,,,,,,,,,,,,,,,,,,,,,,,,,,,,,,,,,,,,,,,,,,,,,,,,,,,,,,,,,,,,,,,,,,,,,,,,,,,,,,,,,,,,,,,,,,,,,,,,,,,,,,,,,,,,
1875,10,334.9,14.6,,,,,,,,,,,,,,,,,,,,,,,,,,,,,,,,,,,5.93,6.7,10.4,7.92,5.0,2.96,8.0,0.4,-4.06,-2.62,-1.03,-2.39,5.0,2.47,8.0,0.4,-9.57,-6.17,-5.47,-7.3,5.0,2.72,8.0,0.4,1013.81,1014.6,1015.26,1014.6,5.0,1.14,8.0,0.4,,,,,,,,,,,,,,,,,,,,,,,,,,,,,,,,,,,,,,,,,,,,,,,,,,,,,,,,,,,,,,,,,,,,,,,,,,,,,,,,,,,,,,,,,,,,,,,,,,,,,,,,,,,,,,,,,,,,,,,,,,,,,,,,,,
1875,10,334.9,16.6,,,,,,,,,,,,,,,,,,,,,,,,,,,,,,,,,,,2.6,6.7,12.3,7.13,7.0,3.98,6.0,0.6,-11.45,-4.74,1.08,-4.91,7.0,5.68,6.0,0.6,-4.68,0.0,2.51,-0.67,7.0,3.77,6.0,0.6,1016.29,1016.9,1017.11,1016.81,7.0,0.46,6.0,0.6,,,,,,,,,,,,,,,,,,,,,,,,,,,,,,,,,,,,,,,,,,,,,,,,,,,,,,,,,,,,,,,,,,,,,,,,,,,,,,,,,,,,,,,,,,,,,,,,,,,,,,,,,,,,,,,,,,,,,,,,,,,,,,,,,,
1875,10,334.9,18.6,,,,,,,,,,,,,,,,,,,,,,,,,,,,,,,,,,,9.3,12.3,12.3,11.1,5.0,1.64,6.0,0.6,-11.4,-11.4,-7.88,-9.88,5.0,2.21,6.0,0.6,-5.33,-4.61,-4.2,-4.78,5.0,1.12,6.0,0.6,1016.71,1017.0,1017.49,1017.08,5.0,0.64,6.0,0.6,,,,,,,,,,,,,,,,,,,,,,,,,,,,,,,,,,,,,,,,,,,,,,,,,,,,,,,,,,,,,,,,,,,,,,,,,,,,,,,,,,,,,,,,,,,,,,,,,,,,,,,,,,,,,,,,,,,,,,,,,,,,,,,,,,
1875,10,334.9,20.6,,,,,,,,,,,,,,,,,,,,,,,,,,,,,,,,,,,2.48,2.6,4.7,3.1,7.0,2.07,4.0,0.6,-3.39,-1.84,-1.75,-2.48,7.0,1.91,4.0,0.6,-2.55,-1.84,0.05,-1.47,7.0,1.47,4.0,0.6,1015.26,1016.6,1017.4,1016.33,7.0,1.1,4.0,0.6,,,,,,,,,,,,,,,,,,,,,,,,,,,,,,,,,,,,,,,,,,,,,,,,,,,,,,,,,,,,,,,,,,,,,,,,,,,,,,,,,,,,,,,,,,,,,,,,,,,,,,,,,,,,,,,,,,,,,,,,,,,,,,,,,,
1875,10,334.9,40.6,,,,,,,,,,,,,,,,,,,,,,,,,,,,,,,,,,,19.57,20.8,22.03,20.8,2.0,2.55,18.0,0.0,7.33,7.79,8.25,7.79,2.0,0.95,18.0,0.0,-20.42,-19.29,-18.15,-19.29,2.0,2.36,18.0,0.0,1010.15,1010.7,1011.25,1010.7,2.0,1.13,18.0,0.0,,,,,,,,,,,,,,,,,,,,,,,,,,,,,,,,,,,,,,,,,,,,,,,,,,,,,,,,,,,,,,,,,,,,,,,,,,,,,,,,,,,,,,,,,,,,,,,,,,,,,,,,,,,,,,,,,,,,,,,,,,,,,,,,,,
1875,10,334.9,46.6,,,,,,,,,,,,,,,,,,,,,,,,,,,,,,,,,,,5.85,12.3,12.3,9.75,6.0,4.16,10.0,0.7,0.0,5.55,11.32,5.62,6.0,5.44,10.0,0.7,-5.61,-2.91,7.86,-0.05,6.0,7.99,10.0,0.7,1003.0,1020.6,1020.92,1014.9,6.0,9.22,10.0,0.7,,,,,,,,,,,,,,,,,,,,,,,,,,,,,,,,,,,,,,,,,,,,,,,,,,,,,,,,,,,,,,,,,,,,,,,,,,,,,,,,,,,,,,,,,,,,,,,,,,,,,,,,,,,,,,,,,,,,,,,,,,,,,,,,,,
1875,10,336.9,-33.4,,,,,,,,,,,,,,,,,,,,,,,,,,,,,,,,,,,5.93,6.7,16.71,10.48,5.0,6.32,4.0,0.8,-2.84,6.02,6.7,1.85,5.0,8.66,4.0,0.8,-4.91,0.0,7.24,0.8,5.0,9.86,4.0,0.8,1011.7,1017.8,1017.91,1014.64,5.0,6.8,4.0,0.8,,,,,,,,,,,,,,,,,,,,,,,,,,,,,,,,,,,,,,,,,,,,,,,,,,,,,,,,,,,,,,,,,,,,,,,,,,,,,,,,,,,,,,,,,,,,,,,,,,,,,,,,,,,,,,,,,,,,,,,,,,,,,,,,,,
1875,10,336.9,-31.4,,,,,,,,,,,,,,,,,,,,,,,,,,,,,,,,,,,16.54,19.0,19.0,17.8,3.0,2.08,2.0,0.7,-12.1,-7.42,-7.42,-9.71,3.0,3.96,2.0,0.7,-17.49,-17.49,-9.49,-13.58,3.0,6.77,2.0,0.7,1005.25,1007.5,1009.34,1007.3,3.0,3.0,2.0,0.7,,,,,,,,,,,,,,,,,,,,,,,,,,,,,,,,,,,,,,,,,,,,,,,,,,,,,,,,,,,,,,,,,,,,,,,,,,,,,,,,,,,,,,,,,,,,,,,,,,,,,,,,,,,,,,,,,,,,,,,,,,,,,,,,,,
1875,10,336.9,-29.4,,,,,,,,,,,,,,,,,,,,,,,,,,,,,,,,,,,4.6,4.6,4.6,4.6,1.0,0.0,4.0,1.0,3.25,3.25,3.25,3.25,1.0,0.0,4.0,1.0,3.25,3.25,3.25,3.25,1.0,0.0,4.0,1.0,1017.3,1017.3,1017.3,1017.3,1.0,0.0,4.0,1.0,,,,,,,,,,,,,,,,,,,,,,,,,,,,,,,,,,,,,,,,,,,,,,,,,,,,,,,,,,,,,,,,,,,,,,,,,,,,,,,,,,,,,,,,,,,,,,,,,,,,,,,,,,,,,,,,,,,,,,,,,,,,,,,,,,
1875,10,336.9,-27.4,,,,,,,,,,,,,,,,,,,,,,,,,,,,,,,,,,,3.55,4.6,7.06,5.28,4.0,2.84,4.0,0.3,0.48,1.41,2.56,1.52,4.0,1.37,4.0,0.3,2.8,3.74,6.89,4.8,4.0,3.1,4.0,0.3,1015.75,1016.5,1017.25,1016.5,4.0,0.87,4.0,0.3,,,,,,,,,,,,,,,,,,,,,,,,,,,,,,,,,,,,,,,,,,,,,,,,,,,,,,,,,,,,,,,,,,,,,,,,,,,,,,,,,,,,,,,,,,,,,,,,,,,,,,,,,,,,,,,,,,,,,,,,,,,,,,,,,,
1875,10,336.9,2.6,,,,,,,,,,,,,,,,,,,,,,,,,,,,,,,,,,,0.83,2.6,3.97,2.4,3.0,2.31,24.0,0.3,-2.53,-0.97,-0.31,-1.41,3.0,1.67,24.0,0.3,0.77,2.41,2.99,1.89,3.0,1.69,24.0,0.3,1010.36,1010.7,1010.9,1010.63,3.0,0.4,24.0,0.3,,,,,,,,,,,,,,,,,,,,,,,,,,,,,,,,,,,,,,,,,,,,,,,,,,,,,,,,,,,,,,,,,,,,,,,,,,,,,,,,,,,,,,,,,,,,,,,,,,,,,,,,,,,,,,,,,,,,,,,,,,,,,,,,,,
1875,10,336.9,4.6,,,,,,,,,,,,,,,,,,,,,,,,,,,,,,,,,,,1.0,2.6,4.6,3.24,25.0,2.77,20.0,0.5,-1.81,0.0,0.07,-0.8,25.0,1.49,20.0,0.5,0.0,1.84,4.6,2.25,25.0,3.22,20.0,0.5,1010.39,1011.75,1012.9,1011.67,26.0,1.37,20.0,0.5,,,,,,,,,,,,,,,,,,,,,,,,,,,,,,,,,,,,,,,,,,,,,,,,,,,,,,,,,,,,,,,,,,,,,,,,,,,,,,,,,,,,,,,,,,,,,,,,,,,,,,,,,,,,,,,,,,,,,,,,,,,,,,,,,,
1875,10,336.9,6.6,,,,,,,,,,,,,,,,,,,,,,,,,,,,,,,,,,,1.0,2.6,2.6,1.91,7.0,0.86,16.0,0.7,-2.42,-0.37,-0.31,-0.87,7.0,1.27,16.0,0.7,-0.05,0.93,2.39,0.94,7.0,1.21,16.0,0.7,1010.08,1010.7,1012.15,1011.06,7.0,1.27,16.0,0.7,,,,,,,,,,,,,,,,,,,,,,,,,,,,,,,,,,,,,,,,,,,,,,,,,,,,,,,,,,,,,,,,,,,,,,,,,,,,,,,,,,,,,,,,,,,,,,,,,,,,,,,,,,,,,,,,,,,,,,,,,,,,,,,,,,
1875,10,336.9,20.6,,,,,,,,,,,,,,,,,,,,,,,,,,,,,,,,,,,2.6,2.6,2.6,2.6,3.0,0.0,4.0,0.0,-1.97,-1.02,-1.02,-1.48,3.0,0.81,4.0,0.0,-2.39,-2.39,-1.42,-1.92,3.0,0.82,4.0,0.0,1014.26,1014.4,1014.95,1014.6,3.0,0.53,4.0,0.0,,,,,,,,,,,,,,,,,,,,,,,,,,,,,,,,,,,,,,,,,,,,,,,,,,,,,,,,,,,,,,,,,,,,,,,,,,,,,,,,,,,,,,,,,,,,,,,,,,,,,,,,,,,,,,,,,,,,,,,,,,,,,,,,,,
1875,10,336.9,22.6,,,,,,,,,,,,,,,,,,,,,,,,,,,,,,,,,,,4.6,5.65,6.7,5.45,10.0,1.45,2.0,0.7,-2.62,-2.21,0.0,-1.67,10.0,1.2,2.0,0.7,-6.17,-5.38,-4.23,-5.11,10.0,1.24,2.0,0.7,1014.06,1014.75,1015.76,1014.85,10.0,0.98,2.0,0.7,,,,,,,,,,,,,,,,,,,,,,,,,,,,,,,,,,,,,,,,,,,,,,,,,,,,,,,,,,,,,,,,,,,,,,,,,,,,,,,,,,,,,,,,,,,,,,,,,,,,,,,,,,,,,,,,,,,,,,,,,,,,,,,,,,
1875,10,336.9,24.6,,,,,,,,,,,,,,,,,,,,,,,,,,,,,,,,,,,8.35,9.3,9.3,8.78,5.0,1.16,2.0,0.4,-1.33,0.0,0.0,-0.73,5.0,1.63,2.0,0.4,-9.3,-9.3,-7.88,-8.63,5.0,1.13,2.0,0.4,1015.53,1015.7,1016.25,1015.92,5.0,0.73,2.0,0.4,,,,,,,,,,,,,,,,,,,,,,,,,,,,,,,,,,,,,,,,,,,,,,,,,,,,,,,,,,,,,,,,,,,,,,,,,,,,,,,,,,,,,,,,,,,,,,,,,,,,,,,,,,,,,,,,,,,,,,,,,,,,,,,,,,
1875,10,336.9,40.6,,,,,,,,,,,,,,,,,,,,,,,,,,,,,,,,,,,19.0,19.0,19.0,19.0,1.0,0.0,18.0,1.0,7.12,7.12,7.12,7.12,1.0,0.0,18.0,1.0,-17.62,-17.62,-17.62,-17.62,1.0,0.0,18.0,1.0,1011.2,1011.2,1011.2,1011.2,1.0,0.0,18.0,1.0,,,,,,,,,,,,,,,,,,,,,,,,,,,,,,,,,,,,,,,,,,,,,,,,,,,,,,,,,,,,,,,,,,,,,,,,,,,,,,,,,,,,,,,,,,,,,,,,,,,,,,,,,,,,,,,,,,,,,,,,,,,,,,,,,,
1875,10,336.9,42.6,,,,,,,,,,,,,,,,,,,,,,,,,,,,,,,,,,,19.0,19.0,19.0,19.0,2.0,0.0,18.0,0.0,7.12,7.12,7.12,7.12,2.0,0.0,18.0,0.0,-17.62,-17.62,-17.62,-17.62,2.0,0.0,18.0,0.0,1005.58,1007.05,1008.52,1007.05,2.0,3.04,18.0,0.0,,,,,,,,,,,,,,,,,,,,,,,,,,,,,,,,,,,,,,,,,,,,,,,,,,,,,,,,,,,,,,,,,,,,,,,,,,,,,,,,,,,,,,,,,,,,,,,,,,,,,,,,,,,,,,,,,,,,,,,,,,,,,,,,,,
1875,10,336.9,46.6,,,,,,,,,,,,,,,,,,,,,,,,,,,,,,,,,,,6.7,6.7,11.68,7.59,8.0,3.23,16.0,0.4,-4.21,0.0,2.44,-0.13,8.0,3.29,16.0,0.4,-4.74,1.88,6.7,0.84,8.0,8.04,16.0,0.4,1001.78,1013.45,1023.86,1013.01,8.0,11.59,16.0,0.4,,,,,,,,,,,,,,,,,,,,,,,,,,,,,,,,,,,,,,,,,,,,,,,,,,,,,,,,,,,,,,,,,,,,,,,,,,,,,,,,,,,,,,,,,,,,,,,,,,,,,,,,,,,,,,,,,,,,,,,,,,,,,,,,,,
1875,10,338.9,-33.4,,,,,,,,,,,,,,,,,,,,,,,,,,,,,,,,,,,6.7,12.3,12.62,11.23,7.0,4.25,4.0,0.1,-0.64,4.74,4.81,1.33,7.0,6.74,4.0,0.1,-12.35,-4.74,11.32,-0.57,7.0,10.83,4.0,0.1,1000.65,1003.6,1019.31,1008.94,7.0,9.09,4.0,0.1,,,,,,,,,,,,,,,,,,,,,,,,,,,,,,,,,,,,,,,,,,,,,,,,,,,,,,,,,,,,,,,,,,,,,,,,,,,,,,,,,,,,,,,,,,,,,,,,,,,,,,,,,,,,,,,,,,,,,,,,,,,,,,,,,,
1875,10,338.9,-29.4,,,,,,,,,,,,,,,,,,,,,,,,,,,,,,,,,,,4.6,4.6,6.7,5.44,5.0,1.15,4.0,0.4,3.02,3.25,3.79,3.42,5.0,0.78,4.0,0.4,3.25,3.25,5.26,4.13,5.0,1.31,4.0,0.4,1016.03,1016.1,1017.05,1016.58,5.0,1.19,4.0,0.4,,,,,,,,,,,,,,,,,,,,,,,,,,,,,,,,,,,,,,,,,,,,,,,,,,,,,,,,,,,,,,,,,,,,,,,,,,,,,,,,,,,,,,,,,,,,,,,,,,,,,,,,,,,,,,,,,,,,,,,,,,,,,,,,,,
1875,10,338.9,24.6,,,,,,,,,,,,,,,,,,,,,,,,,,,,,,,,,,,4.6,4.6,4.6,4.6,1.0,0.0,24.0,1.0,-1.8,-1.8,-1.8,-1.8,1.0,0.0,24.0,1.0,-4.23,-4.23,-4.23,-4.23,1.0,0.0,24.0,1.0,1014.0,1014.0,1014.0,1014.0,1.0,0.0,24.0,1.0,,,,,,,,,,,,,,,,,,,,,,,,,,,,,,,,,,,,,,,,,,,,,,,,,,,,,,,,,,,,,,,,,,,,,,,,,,,,,,,,,,,,,,,,,,,,,,,,,,,,,,,,,,,,,,,,,,,,,,,,,,,,,,,,,,
1875,10,338.9,26.6,,,,,,,,,,,,,,,,,,,,,,,,,,,,,,,,,,,2.6,4.6,9.44,6.19,7.0,4.04,18.0,0.6,-4.29,-3.63,-2.41,-3.39,7.0,0.95,18.0,0.6,-8.69,-1.72,0.05,-4.3,7.0,5.0,18.0,0.6,1017.59,1018.0,1020.4,1018.59,7.0,1.31,18.0,0.6,,,,,,,,,,,,,,,,,,,,,,,,,,,,,,,,,,,,,,,,,,,,,,,,,,,,,,,,,,,,,,,,,,,,,,,,,,,,,,,,,,,,,,,,,,,,,,,,,,,,,,,,,,,,,,,,,,,,,,,,,,,,,,,,,,
1875,10,338.9,28.6,,,,,,,,,,,,,,,,,,,,,,,,,,,,,,,,,,,6.7,6.7,6.7,6.7,1.0,0.0,30.0,0.0,-6.17,-6.17,-6.17,-6.17,1.0,0.0,30.0,0.0,2.62,2.62,2.62,2.62,1.0,0.0,30.0,0.0,1020.5,1020.5,1020.5,1020.5,1.0,0.0,30.0,0.0,,,,,,,,,,,,,,,,,,,,,,,,,,,,,,,,,,,,,,,,,,,,,,,,,,,,,,,,,,,,,,,,,,,,,,,,,,,,,,,,,,,,,,,,,,,,,,,,,,,,,,,,,,,,,,,,,,,,,,,,,,,,,,,,,,
1875,10,338.9,30.6,,,,,,,,,,,,,,,,,,,,,,,,,,,,,,,,,,,6.7,6.7,6.7,6.7,3.0,0.0,12.0,0.3,-6.21,-6.21,-6.18,-6.2,3.0,0.03,12.0,0.3,-2.51,-2.51,0.99,-0.8,3.0,2.96,12.0,0.3,1022.6,1022.6,1022.6,1022.6,1.0,0.0,30.0,1.0,,,,,,,,,,,,,,,,,,,,,,,,,,,,,,,,,,,,,,,,,,,,,,,,,,,,,,,,,,,,,,,,,,,,,,,,,,,,,,,,,,,,,,,,,,,,,,,,,,,,,,,,,,,,,,,,,,,,,,,,,,,,,,,,,,
1875,10,338.9,42.6,,,,,,,,,,,,,,,,,,,,,,,,,,,,,,,,,,,13.78,17.2,19.0,16.43,4.0,3.23,20.0,0.5,9.74,12.16,13.44,11.61,4.0,2.29,20.0,0.5,-13.44,-12.16,-9.74,-11.61,4.0,2.29,20.0,0.5,1001.99,1002.7,1003.2,1002.6,4.0,0.71,20.0,0.5,,,,,,,,,,,,,,,,,,,,,,,,,,,,,,,,,,,,,,,,,,,,,,,,,,,,,,,,,,,,,,,,,,,,,,,,,,,,,,,,,,,,,,,,,,,,,,,,,,,,,,,,,,,,,,,,,,,,,,,,,,,,,,,,,,
1875,10,338.9,46.6,,,,,,,,,,,,,,,,,,,,,,,,,,,,,,,,,,,2.6,6.7,6.7,5.33,6.0,2.12,12.0,0.5,2.26,2.62,4.74,3.05,6.0,1.45,12.0,0.5,-0.5,4.74,6.17,3.23,6.0,3.58,12.0,0.5,1000.03,1021.45,1023.58,1014.93,6.0,11.89,12.0,0.5,,,,,,,,,,,,,,,,,,,,,,,,,,,,,,,,,,,,,,,,,,,,,,,,,,,,,,,,,,,,,,,,,,,,,,,,,,,,,,,,,,,,,,,,,,,,,,,,,,,,,,,,,,,,,,,,,,,,,,,,,,,,,,,,,,
1875,10,338.9,48.6,,,,,,,,,,,,,,,,,,,,,,,,,,,,,,,,,,,14.27,22.6,22.6,18.63,4.0,7.95,16.0,0.5,8.98,15.98,15.98,12.64,4.0,6.68,16.0,0.5,-15.98,-15.98,-4.38,-10.44,4.0,11.07,16.0,0.5,1001.0,1001.0,1001.0,1001.0,1.0,0.0,30.0,1.0,,,,,,,,,,,,,,,,,,,,,,,,,,,,,,,,,,,,,,,,,,,,,,,,,,,,,,,,,,,,,,,,,,,,,,,,,,,,,,,,,,,,,,,,,,,,,,,,,,,,,,,,,,,,,,,,,,,,,,,,,,,,,,,,,,
1875,10,338.9,50.6,,,,,,,,,,,,,,,,,,,,,,,,,,,,,,,,,,,3.05,6.7,17.64,10.24,8.0,9.79,20.0,0.5,3.04,6.64,17.33,8.94,8.0,7.3,20.0,0.5,-3.37,0.0,1.14,-2.95,8.0,7.81,20.0,0.5,1003.9,1003.9,1004.27,1004.08,4.0,0.35,30.0,0.8,,,,,,,,,,,,,,,,,,,,,,,,,,,,,,,,,,,,,,,,,,,,,,,,,,,,,,,,,,,,,,,,,,,,,,,,,,,,,,,,,,,,,,,,,,,,,,,,,,,,,,,,,,,,,,,,,,,,,,,,,,,,,,,,,,
1875,10,340.9,-35.4,,,,,,,,,,,,,,,,,,,,,,,,,,,,,,,,,,,4.5,4.6,6.82,5.29,7.0,2.13,4.0,0.3,1.76,3.25,4.83,3.35,7.0,1.98,4.0,0.3,1.41,3.25,4.35,2.53,7.0,3.56,4.0,0.3,1005.08,1022.9,1024.96,1018.17,7.0,9.84,4.0,0.3,,,,,,,,,,,,,,,,,,,,,,,,,,,,,,,,,,,,,,,,,,,,,,,,,,,,,,,,,,,,,,,,,,,,,,,,,,,,,,,,,,,,,,,,,,,,,,,,,,,,,,,,,,,,,,,,,,,,,,,,,,,,,,,,,,
1875,10,340.9,-33.4,,,,,,,,,,,,,,,,,,,,,,,,,,,,,,,,,,,5.6,6.7,6.7,6.18,4.0,1.05,2.0,0.8,3.96,4.74,4.74,4.37,4.0,0.74,2.0,0.8,-4.74,-4.74,-0.55,-2.74,4.0,4.0,2.0,0.8,1003.89,1004.2,1013.68,1008.58,4.0,9.09,2.0,0.8,,,,,,,,,,,,,,,,,,,,,,,,,,,,,,,,,,,,,,,,,,,,,,,,,,,,,,,,,,,,,,,,,,,,,,,,,,,,,,,,,,,,,,,,,,,,,,,,,,,,,,,,,,,,,,,,,,,,,,,,,,,,,,,,,,
1875,10,340.9,-29.4,,,,,,,,,,,,,,,,,,,,,,,,,,,,,,,,,,,4.6,4.6,5.37,5.02,5.0,0.94,6.0,0.4,0.0,0.0,2.87,1.31,5.0,2.07,6.0,0.4,4.47,4.6,4.65,4.55,5.0,0.19,6.0,0.4,1020.1,1022.7,1022.84,1021.72,5.0,1.48,6.0,0.4,,,,,,,,,,,,,,,,,,,,,,,,,,,,,,,,,,,,,,,,,,,,,,,,,,,,,,,,,,,,,,,,,,,,,,,,,,,,,,,,,,,,,,,,,,,,,,,,,,,,,,,,,,,,,,,,,,,,,,,,,,,,,,,,,,
1875,10,340.9,30.6,,,,,,,,,,,,,,,,,,,,,,,,,,,,,,,,,,,4.6,4.6,8.63,6.53,4.0,3.85,30.0,0.5,-8.63,-4.43,-4.27,-6.36,4.0,3.96,30.0,0.5,-1.72,-0.86,0.0,-0.86,4.0,0.99,30.0,0.5,1020.73,1021.3,1021.66,1021.2,4.0,0.67,30.0,0.5,,,,,,,,,,,,,,,,,,,,,,,,,,,,,,,,,,,,,,,,,,,,,,,,,,,,,,,,,,,,,,,,,,,,,,,,,,,,,,,,,,,,,,,,,,,,,,,,,,,,,,,,,,,,,,,,,,,,,,,,,,,,,,,,,,
1875,10,340.9,32.6,,,,,,,,,,,,,,,,,,,,,,,,,,,,,,,,,,,1.51,2.6,2.6,2.07,3.0,0.92,28.0,0.7,-2.36,-1.84,-1.21,-1.79,3.0,0.84,28.0,0.7,0.12,0.39,1.38,0.74,3.0,0.97,28.0,0.7,1020.86,1021.0,1021.48,1021.17,3.0,0.47,28.0,0.7,,,,,,,,,,,,,,,,,,,,,,,,,,,,,,,,,,,,,,,,,,,,,,,,,,,,,,,,,,,,,,,,,,,,,,,,,,,,,,,,,,,,,,,,,,,,,,,,,,,,,,,,,,,,,,,,,,,,,,,,,,,,,,,,,,
1875,10,340.9,42.6,,,,,,,,,,,,,,,,,,,,,,,,,,,,,,,,,,,12.3,12.3,12.3,12.3,2.0,0.0,20.0,0.0,8.7,8.7,8.7,8.7,2.0,0.0,20.0,0.0,-8.7,-8.7,-8.7,-8.7,2.0,0.0,20.0,0.0,1001.1,1001.1,1001.1,1001.1,2.0,0.0,20.0,0.0,,,,,,,,,,,,,,,,,,,,,,,,,,,,,,,,,,,,,,,,,,,,,,,,,,,,,,,,,,,,,,,,,,,,,,,,,,,,,,,,,,,,,,,,,,,,,,,,,,,,,,,,,,,,,,,,,,,,,,,,,,,,,,,,,,
1875,10,340.9,44.6,,,,,,,,,,,,,,,,,,,,,,,,,,,,,,,,,,,9.3,9.3,9.3,9.3,1.0,0.0,22.0,0.0,8.62,8.62,8.62,8.62,1.0,0.0,22.0,0.0,3.48,3.48,3.48,3.48,1.0,0.0,22.0,0.0,998.3,998.3,998.3,998.3,1.0,0.0,22.0,0.0,,,,,,,,,,,,,,,,,,,,,,,,,,,,,,,,,,,,,,,,,,,,,,,,,,,,,,,,,,,,,,,,,,,,,,,,,,,,,,,,,,,,,,,,,,,,,,,,,,,,,,,,,,,,,,,,,,,,,,,,,,,,,,,,,,
1875,10,340.9,46.6,,,,,,,,,,,,,,,,,,,,,,,,,,,,,,,,,,,8.48,12.3,12.3,10.43,3.0,3.23,4.0,0.7,8.48,12.3,12.3,10.43,3.0,3.23,4.0,0.7,0.0,0.0,0.0,0.0,3.0,0.0,4.0,0.7,1019.06,1019.2,1019.2,1019.13,3.0,0.12,4.0,0.7,,,,,,,,,,,,,,,,,,,,,,,,,,,,,,,,,,,,,,,,,,,,,,,,,,,,,,,,,,,,,,,,,,,,,,,,,,,,,,,,,,,,,,,,,,,,,,,,,,,,,,,,,,,,,,,,,,,,,,,,,,,,,,,,,,
1875,10,340.9,48.6,,,,,,,,,,,,,,,,,,,,,,,,,,,,,,,,,,,12.3,12.3,19.0,14.98,5.0,3.67,30.0,0.4,8.99,11.4,18.12,12.85,5.0,5.69,30.0,0.4,2.92,4.61,8.65,5.53,5.0,4.13,30.0,0.4,1000.08,1000.3,1001.0,1000.52,5.0,0.74,30.0,0.4,,,,,,,,,,,,,,,,,,,,,,,,,,,,,,,,,,,,,,,,,,,,,,,,,,,,,,,,,,,,,,,,,,,,,,,,,,,,,,,,,,,,,,,,,,,,,,,,,,,,,,,,,,,,,,,,,,,,,,,,,,,,,,,,,,
1875,10,340.9,50.6,,,,,,,,,,,,,,,,,,,,,,,,,,,,,,,,,,,10.88,15.4,19.0,14.59,12.0,5.57,18.0,0.5,9.65,14.65,17.49,13.27,12.0,5.01,18.0,0.5,-7.42,-4.77,-1.75,-5.05,12.0,4.26,18.0,0.5,1003.04,1003.7,1004.54,1003.74,5.0,0.84,30.0,0.4,,,,,,,,,,,,,,,,,,,,,,,,,,,,,,,,,,,,,,,,,,,,,,,,,,,,,,,,,,,,,,,,,,,,,,,,,,,,,,,,,,,,,,,,,,,,,,,,,,,,,,,,,,,,,,,,,,,,,,,,,,,,,,,,,,
1875,10,342.9,-35.4,,,,,,,,,,,,,,,,,,,,,,,,,,,,,,,,,,,9.3,9.3,9.3,9.3,3.0,0.0,6.0,1.0,5.43,9.3,9.3,7.41,3.0,3.27,6.0,1.0,0.0,0.0,5.84,2.85,3.0,4.94,6.0,1.0,1009.92,1021.8,1022.35,1016.27,3.0,10.28,6.0,1.0,,,,,,,,,,,,,,,,,,,,,,,,,,,,,,,,,,,,,,,,,,,,,,,,,,,,,,,,,,,,,,,,,,,,,,,,,,,,,,,,,,,,,,,,,,,,,,,,,,,,,,,,,,,,,,,,,,,,,,,,,,,,,,,,,,
1875,10,342.9,-31.4,,,,,,,,,,,,,,,,,,,,,,,,,,,,,,,,,,,4.6,4.6,4.6,4.6,2.0,0.0,8.0,0.0,-4.6,-4.6,-4.6,-4.6,2.0,0.0,8.0,0.0,0.0,0.0,0.0,0.0,2.0,0.0,8.0,0.0,1020.31,1020.75,1021.19,1020.75,2.0,0.92,8.0,0.0,,,,,,,,,,,,,,,,,,,,,,,,,,,,,,,,,,,,,,,,,,,,,,,,,,,,,,,,,,,,,,,,,,,,,,,,,,,,,,,,,,,,,,,,,,,,,,,,,,,,,,,,,,,,,,,,,,,,,,,,,,,,,,,,,,
1875,10,342.9,-29.4,,,,,,,,,,,,,,,,,,,,,,,,,,,,,,,,,,,2.6,2.6,4.6,3.15,8.0,1.32,6.0,0.6,-4.6,-2.12,-0.83,-2.34,8.0,2.27,6.0,0.6,0.0,0.86,1.84,0.9,8.0,0.86,6.0,0.6,1021.61,1022.7,1022.8,1022.54,8.0,0.84,6.0,0.6,,,,,,,,,,,,,,,,,,,,,,,,,,,,,,,,,,,,,,,,,,,,,,,,,,,,,,,,,,,,,,,,,,,,,,,,,,,,,,,,,,,,,,,,,,,,,,,,,,,,,,,,,,,,,,,,,,,,,,,,,,,,,,,,,,
1875,10,342.9,30.6,,,,,,,,,,,,,,,,,,,,,,,,,,,,,,,,,,,12.3,12.3,12.3,12.3,1.0,0.0,22.0,0.0,12.3,12.3,12.3,12.3,1.0,0.0,22.0,0.0,0.0,0.0,0.0,0.0,1.0,0.0,22.0,0.0,1009.4,1009.4,1009.4,1009.4,1.0,0.0,22.0,0.0,,,,,,,,,,,,,,,,,,,,,,,,,,,,,,,,,,,,,,,,,,,,,,,,,,,,,,,,,,,,,,,,,,,,,,,,,,,,,,,,,,,,,,,,,,,,,,,,,,,,,,,,,,,,,,,,,,,,,,,,,,,,,,,,,,
1875,10,342.9,32.6,,,,,,,,,,,,,,,,,,,,,,,,,,,,,,,,,,,4.6,4.6,4.6,4.6,2.0,0.0,28.0,0.5,-3.25,-3.25,-3.25,-3.25,2.0,0.0,28.0,0.5,3.25,3.25,3.25,3.25,2.0,0.0,28.0,0.5,1021.39,1022.0,1022.61,1022.0,2.0,1.27,28.0,0.5,,,,,,,,,,,,,,,,,,,,,,,,,,,,,,,,,,,,,,,,,,,,,,,,,,,,,,,,,,,,,,,,,,,,,,,,,,,,,,,,,,,,,,,,,,,,,,,,,,,,,,,,,,,,,,,,,,,,,,,,,,,,,,,,,,
1875,10,342.9,34.6,,,,,,,,,,,,,,,,,,,,,,,,,,,,,,,,,,,2.52,2.6,4.82,3.9,7.0,2.7,26.0,0.4,-3.3,-1.84,0.44,-0.4,7.0,4.53,26.0,0.4,-1.87,0.0,1.87,0.1,7.0,2.07,26.0,0.4,1019.54,1020.0,1021.21,1020.47,7.0,1.58,26.0,0.4,,,,,,,,,,,,,,,,,,,,,,,,,,,,,,,,,,,,,,,,,,,,,,,,,,,,,,,,,,,,,,,,,,,,,,,,,,,,,,,,,,,,,,,,,,,,,,,,,,,,,,,,,,,,,,,,,,,,,,,,,,,,,,,,,,
1875,10,342.9,36.6,,,,,,,,,,,,,,,,,,,,,,,,,,,,,,,,,,,6.7,6.7,6.7,6.7,1.0,0.0,22.0,0.0,6.7,6.7,6.7,6.7,1.0,0.0,22.0,0.0,0.0,0.0,0.0,0.0,1.0,0.0,22.0,0.0,1013.5,1013.5,1013.5,1013.5,1.0,0.0,22.0,0.0,,,,,,,,,,,,,,,,,,,,,,,,,,,,,,,,,,,,,,,,,,,,,,,,,,,,,,,,,,,,,,,,,,,,,,,,,,,,,,,,,,,,,,,,,,,,,,,,,,,,,,,,,,,,,,,,,,,,,,,,,,,,,,,,,,
1875,10,342.9,38.6,,,,,,,,,,,,,,,,,,,,,,,,,,,,,,,,,,,12.3,12.3,12.3,12.3,1.0,0.0,22.0,0.0,12.3,12.3,12.3,12.3,1.0,0.0,22.0,0.0,0.0,0.0,0.0,0.0,1.0,0.0,22.0,0.0,1012.3,1012.3,1012.3,1012.3,1.0,0.0,22.0,0.0,,,,,,,,,,,,,,,,,,,,,,,,,,,,,,,,,,,,,,,,,,,,,,,,,,,,,,,,,,,,,,,,,,,,,,,,,,,,,,,,,,,,,,,,,,,,,,,,,,,,,,,,,,,,,,,,,,,,,,,,,,,,,,,,,,
1875,10,342.9,44.6,,,,,,,,,,,,,,,,,,,,,,,,,,,,,,,,,,,15.49,19.0,19.0,17.33,4.0,3.35,22.0,0.5,12.33,13.44,15.56,13.92,4.0,2.58,22.0,0.5,-13.44,-10.43,-6.05,-9.77,4.0,4.36,22.0,0.5,997.5,998.85,1000.99,999.23,4.0,2.08,22.0,0.5,,,,,,,,,,,,,,,,,,,,,,,,,,,,,,,,,,,,,,,,,,,,,,,,,,,,,,,,,,,,,,,,,,,,,,,,,,,,,,,,,,,,,,,,,,,,,,,,,,,,,,,,,,,,,,,,,,,,,,,,,,,,,,,,,,
1875,10,342.9,46.6,,,,,,,,,,,,,,,,,,,,,,,,,,,,,,,,,,,12.3,12.3,12.3,12.3,2.0,0.0,4.0,0.5,12.3,12.3,12.3,12.3,2.0,0.0,4.0,0.5,0.0,0.0,0.0,0.0,2.0,0.0,4.0,0.5,1017.9,1017.9,1017.9,1017.9,2.0,0.0,4.0,0.5,,,,,,,,,,,,,,,,,,,,,,,,,,,,,,,,,,,,,,,,,,,,,,,,,,,,,,,,,,,,,,,,,,,,,,,,,,,,,,,,,,,,,,,,,,,,,,,,,,,,,,,,,,,,,,,,,,,,,,,,,,,,,,,,,,
1875,10,342.9,48.6,,,,,,,,,,,,,,,,,,,,,,,,,,,,,,,,,,,6.7,12.3,12.62,10.86,7.0,4.55,30.0,0.6,6.7,8.7,11.7,9.89,7.0,4.0,30.0,0.6,0.0,4.61,7.19,3.58,7.0,3.63,30.0,0.6,1002.56,1003.3,1005.1,1003.57,7.0,1.29,30.0,0.6,,,,,,,,,,,,,,,,,,,,,,,,,,,,,,,,,,,,,,,,,,,,,,,,,,,,,,,,,,,,,,,,,,,,,,,,,,,,,,,,,,,,,,,,,,,,,,,,,,,,,,,,,,,,,,,,,,,,,,,,,,,,,,,,,,
1875,10,344.9,-37.4,,,,,,,,,,,,,,,,,,,,,,,,,,,,,,,,,,,6.7,6.7,6.7,6.7,2.0,0.0,6.0,0.0,4.74,4.74,4.74,4.74,2.0,0.0,6.0,0.0,4.74,4.74,4.74,4.74,2.0,0.0,6.0,0.0,1007.29,1013.95,1020.61,1013.95,2.0,13.79,6.0,0.0,,,,,,,,,,,,,,,,,,,,,,,,,,,,,,,,,,,,,,,,,,,,,,,,,,,,,,,,,,,,,,,,,,,,,,,,,,,,,,,,,,,,,,,,,,,,,,,,,,,,,,,,,,,,,,,,,,,,,,,,,,,,,,,,,,
1875,10,344.9,-35.4,,,,,,,,,,,,,,,,,,,,,,,,,,,,,,,,,,,8.35,12.3,13.43,11.2,5.0,3.31,4.0,0.2,4.33,8.7,9.5,7.33,5.0,3.03,4.0,0.2,7.16,8.7,9.5,8.32,5.0,2.22,4.0,0.2,1003.77,1004.7,1024.5,1012.2,5.0,11.4,4.0,0.2,,,,,,,,,,,,,,,,,,,,,,,,,,,,,,,,,,,,,,,,,,,,,,,,,,,,,,,,,,,,,,,,,,,,,,,,,,,,,,,,,,,,,,,,,,,,,,,,,,,,,,,,,,,,,,,,,,,,,,,,,,,,,,,,,,
1875,10,344.9,-33.4,,,,,,,,,,,,,,,,,,,,,,,,,,,,,,,,,,,6.7,6.7,8.47,7.57,3.0,1.5,8.0,0.0,-8.32,-6.21,-6.21,-7.24,3.0,1.78,8.0,0.0,-2.51,-2.51,-0.8,-1.67,3.0,1.45,8.0,0.0,1019.35,1020.1,1021.12,1020.23,3.0,1.31,8.0,0.0,,,,,,,,,,,,,,,,,,,,,,,,,,,,,,,,,,,,,,,,,,,,,,,,,,,,,,,,,,,,,,,,,,,,,,,,,,,,,,,,,,,,,,,,,,,,,,,,,,,,,,,,,,,,,,,,,,,,,,,,,,,,,,,,,,
1875,10,344.9,-31.4,,,,,,,,,,,,,,,,,,,,,,,,,,,,,,,,,,,6.7,6.7,6.7,6.7,3.0,0.0,8.0,1.0,-6.7,-6.7,-6.37,-6.54,3.0,0.28,8.0,1.0,-1.71,0.0,0.0,-0.84,3.0,1.45,8.0,1.0,1020.0,1020.0,1020.07,1020.03,3.0,0.06,8.0,1.0,,,,,,,,,,,,,,,,,,,,,,,,,,,,,,,,,,,,,,,,,,,,,,,,,,,,,,,,,,,,,,,,,,,,,,,,,,,,,,,,,,,,,,,,,,,,,,,,,,,,,,,,,,,,,,,,,,,,,,,,,,,,,,,,,,
1875,10,344.9,34.6,,,,,,,,,,,,,,,,,,,,,,,,,,,,,,,,,,,2.6,4.6,6.7,4.69,11.0,2.35,24.0,0.5,1.84,2.62,5.35,3.45,11.0,1.74,24.0,0.5,1.41,1.84,5.33,2.95,11.0,2.0,24.0,0.5,1019.2,1019.8,1020.28,1019.7,11.0,0.74,24.0,0.5,,,,,,,,,,,,,,,,,,,,,,,,,,,,,,,,,,,,,,,,,,,,,,,,,,,,,,,,,,,,,,,,,,,,,,,,,,,,,,,,,,,,,,,,,,,,,,,,,,,,,,,,,,,,,,,,,,,,,,,,,,,,,,,,,,
1875,10,344.9,36.6,,,,,,,,,,,,,,,,,,,,,,,,,,,,,,,,,,,6.7,6.7,9.63,8.1,4.0,2.8,22.0,0.5,4.74,5.72,7.75,6.22,4.0,1.89,22.0,0.5,2.26,4.74,6.81,4.54,4.0,3.56,22.0,0.5,1016.94,1017.7,1018.36,1017.65,4.0,0.84,22.0,0.5,,,,,,,,,,,,,,,,,,,,,,,,,,,,,,,,,,,,,,,,,,,,,,,,,,,,,,,,,,,,,,,,,,,,,,,,,,,,,,,,,,,,,,,,,,,,,,,,,,,,,,,,,,,,,,,,,,,,,,,,,,,,,,,,,,
1875,10,344.9,38.6,,,,,,,,,,,,,,,,,,,,,,,,,,,,,,,,,,,3.29,4.6,5.37,4.3,5.0,2.06,28.0,0.8,2.32,4.27,5.37,3.9,5.0,2.18,28.0,0.8,0.0,0.71,2.28,1.14,5.0,1.38,28.0,0.8,1015.33,1016.6,1018.44,1016.82,5.0,1.58,28.0,0.8,,,,,,,,,,,,,,,,,,,,,,,,,,,,,,,,,,,,,,,,,,,,,,,,,,,,,,,,,,,,,,,,,,,,,,,,,,,,,,,,,,,,,,,,,,,,,,,,,,,,,,,,,,,,,,,,,,,,,,,,,,,,,,,,,,
1875,10,344.9,40.6,,,,,,,,,,,,,,,,,,,,,,,,,,,,,,,,,,,4.6,4.6,7.65,5.96,5.0,2.08,28.0,0.6,3.25,3.25,6.16,4.62,5.0,2.33,28.0,0.6,3.25,3.25,3.94,3.6,5.0,0.65,28.0,0.6,1010.56,1014.2,1018.0,1014.02,5.0,4.33,28.0,0.6,,,,,,,,,,,,,,,,,,,,,,,,,,,,,,,,,,,,,,,,,,,,,,,,,,,,,,,,,,,,,,,,,,,,,,,,,,,,,,,,,,,,,,,,,,,,,,,,,,,,,,,,,,,,,,,,,,,,,,,,,,,,,,,,,,
1875,10,344.9,42.6,,,,,,,,,,,,,,,,,,,,,,,,,,,,,,,,,,,7.94,10.8,13.92,10.93,4.0,3.76,24.0,0.5,7.62,10.46,13.92,10.76,4.0,3.87,24.0,0.5,0.0,0.0,1.83,0.87,4.0,1.74,24.0,0.5,1005.75,1009.85,1016.21,1010.93,4.0,6.55,24.0,0.5,,,,,,,,,,,,,,,,,,,,,,,,,,,,,,,,,,,,,,,,,,,,,,,,,,,,,,,,,,,,,,,,,,,,,,,,,,,,,,,,,,,,,,,,,,,,,,,,,,,,,,,,,,,,,,,,,,,,,,,,,,,,,,,,,,
1875,10,344.9,44.6,,,,,,,,,,,,,,,,,,,,,,,,,,,,,,,,,,,9.3,12.3,15.4,12.79,9.0,3.89,22.0,0.4,5.16,12.3,15.4,11.57,9.0,5.48,22.0,0.4,0.0,0.0,4.5,0.97,9.0,4.17,22.0,0.4,997.73,1001.5,1003.42,1000.58,9.0,3.96,22.0,0.4,,,,,,,,,,,,,,,,,,,,,,,,,,,,,,,,,,,,,,,,,,,,,,,,,,,,,,,,,,,,,,,,,,,,,,,,,,,,,,,,,,,,,,,,,,,,,,,,,,,,,,,,,,,,,,,,,,,,,,,,,,,,,,,,,,
1875,10,344.9,46.6,,,,,,,,,,,,,,,,,,,,,,,,,,,,,,,,,,,2.6,6.7,12.3,8.33,9.0,5.88,16.0,0.4,0.26,6.17,8.7,5.79,9.0,5.88,16.0,0.4,-2.56,-1.02,8.7,1.65,9.0,6.11,16.0,0.4,993.22,1000.3,1017.97,1003.58,9.0,11.84,16.0,0.4,,,,,,,,,,,,,,,,,,,,,,,,,,,,,,,,,,,,,,,,,,,,,,,,,,,,,,,,,,,,,,,,,,,,,,,,,,,,,,,,,,,,,,,,,,,,,,,,,,,,,,,,,,,,,,,,,,,,,,,,,,,,,,,,,,
1875,10,344.9,48.6,,,,,,,,,,,,,,,,,,,,,,,,,,,,,,,,,,,6.7,6.7,6.7,6.7,7.0,0.0,30.0,0.4,4.74,6.21,6.7,6.0,7.0,0.89,30.0,0.4,0.0,2.51,4.74,2.07,7.0,2.14,30.0,0.4,1005.67,1007.8,1008.5,1007.06,7.0,1.44,30.0,0.4,,,,,,,,,,,,,,,,,,,,,,,,,,,,,,,,,,,,,,,,,,,,,,,,,,,,,,,,,,,,,,,,,,,,,,,,,,,,,,,,,,,,,,,,,,,,,,,,,,,,,,,,,,,,,,,,,,,,,,,,,,,,,,,,,,
1875,10,344.9,52.6,,,,,,,,,,,,,,,,,,,,,,,,,,,,,,,,,,,2.6,6.7,12.3,7.33,12.0,4.63,30.0,0.5,-5.65,-1.84,0.67,-2.44,12.0,4.85,30.0,0.5,-1.84,2.55,11.4,4.05,12.0,5.66,30.0,0.5,997.0,999.85,1002.18,999.84,12.0,2.41,30.0,0.5,,,,,,,,,,,,,,,,,,,,,,,,,,,,,,,,,,,,,,,,,,,,,,,,,,,,,,,,,,,,,,,,,,,,,,,,,,,,,,,,,,,,,,,,,,,,,,,,,,,,,,,,,,,,,,,,,,,,,,,,,,,,,,,,,,
1875,10,346.9,-37.4,,,,,,,,,,,,,,,,,,,,,,,,,,,,,,,,,,,5.17,6.7,9.3,7.39,9.0,1.99,6.0,0.7,2.89,4.6,6.48,4.39,9.0,2.12,6.0,0.7,0.68,6.17,8.03,4.94,9.0,3.42,6.0,0.7,1007.0,1007.3,1022.45,1012.33,9.0,8.03,6.0,0.7,,,,,,,,,,,,,,,,,,,,,,,,,,,,,,,,,,,,,,,,,,,,,,,,,,,,,,,,,,,,,,,,,,,,,,,,,,,,,,,,,,,,,,,,,,,,,,,,,,,,,,,,,,,,,,,,,,,,,,,,,,,,,,,,,,
1875,10,346.9,-35.4,,,,,,,,,,,,,,,,,,,,,,,,,,,,,,,,,,,9.37,12.3,13.92,11.68,4.0,3.62,10.0,0.3,-13.34,-11.85,-8.68,-11.05,4.0,3.44,10.0,0.3,-5.22,-3.56,-1.19,-3.22,4.0,2.54,10.0,0.3,1019.24,1020.65,1020.7,1020.0,4.0,1.33,10.0,0.3,,,,,,,,,,,,,,,,,,,,,,,,,,,,,,,,,,,,,,,,,,,,,,,,,,,,,,,,,,,,,,,,,,,,,,,,,,,,,,,,,,,,,,,,,,,,,,,,,,,,,,,,,,,,,,,,,,,,,,,,,,,,,,,,,,
1875,10,346.9,-33.4,,,,,,,,,,,,,,,,,,,,,,,,,,,,,,,,,,,12.3,12.3,12.3,12.3,2.0,0.0,10.0,1.0,-12.3,-12.3,-12.3,-12.3,2.0,0.0,10.0,1.0,0.0,0.0,0.0,0.0,2.0,0.0,10.0,1.0,1020.5,1020.5,1020.5,1020.5,2.0,0.0,10.0,1.0,,,,,,,,,,,,,,,,,,,,,,,,,,,,,,,,,,,,,,,,,,,,,,,,,,,,,,,,,,,,,,,,,,,,,,,,,,,,,,,,,,,,,,,,,,,,,,,,,,,,,,,,,,,,,,,,,,,,,,,,,,,,,,,,,,
1875,10,346.9,40.6,,,,,,,,,,,,,,,,,,,,,,,,,,,,,,,,,,,1.0,1.0,4.6,2.44,5.0,1.97,30.0,0.8,0.93,1.0,4.6,2.41,5.0,2.0,30.0,0.8,0.0,0.0,0.37,0.15,5.0,0.21,30.0,0.8,1012.46,1016.0,1016.28,1014.72,5.0,2.08,30.0,0.8,,,,,,,,,,,,,,,,,,,,,,,,,,,,,,,,,,,,,,,,,,,,,,,,,,,,,,,,,,,,,,,,,,,,,,,,,,,,,,,,,,,,,,,,,,,,,,,,,,,,,,,,,,,,,,,,,,,,,,,,,,,,,,,,,,
1875,10,346.9,42.6,,,,,,,,,,,,,,,,,,,,,,,,,,,,,,,,,,,6.6,6.7,9.44,7.94,7.0,2.53,30.0,0.6,4.72,6.21,9.4,6.75,7.0,2.67,30.0,0.6,1.64,4.61,4.83,3.56,7.0,2.24,30.0,0.6,1009.53,1011.4,1012.32,1010.83,7.0,1.66,30.0,0.6,,,,,,,,,,,,,,,,,,,,,,,,,,,,,,,,,,,,,,,,,,,,,,,,,,,,,,,,,,,,,,,,,,,,,,,,,,,,,,,,,,,,,,,,,,,,,,,,,,,,,,,,,,,,,,,,,,,,,,,,,,,,,,,,,,
1875,10,346.9,44.6,,,,,,,,,,,,,,,,,,,,,,,,,,,,,,,,,,,7.11,8.0,8.89,8.0,2.0,1.84,26.0,0.5,4.12,5.17,6.21,5.17,2.0,2.17,26.0,0.5,1.36,4.28,7.2,4.28,2.0,6.05,26.0,0.5,1007.86,1011.2,1014.54,1011.2,2.0,6.93,26.0,0.5,,,,,,,,,,,,,,,,,,,,,,,,,,,,,,,,,,,,,,,,,,,,,,,,,,,,,,,,,,,,,,,,,,,,,,,,,,,,,,,,,,,,,,,,,,,,,,,,,,,,,,,,,,,,,,,,,,,,,,,,,,,,,,,,,,
1875,10,346.9,46.6,,,,,,,,,,,,,,,,,,,,,,,,,,,,,,,,,,,3.14,6.7,11.49,6.97,9.0,4.09,16.0,0.4,-2.38,0.0,7.63,1.85,9.0,5.84,16.0,0.4,0.7,4.6,8.13,4.34,9.0,3.49,16.0,0.4,988.21,991.6,1015.6,999.76,9.0,13.31,16.0,0.4,,,,,,,,,,,,,,,,,,,,,,,,,,,,,,,,,,,,,,,,,,,,,,,,,,,,,,,,,,,,,,,,,,,,,,,,,,,,,,,,,,,,,,,,,,,,,,,,,,,,,,,,,,,,,,,,,,,,,,,,,,,,,,,,,,
1875,10,346.9,48.6,,,,,,,,,,,,,,,,,,,,,,,,,,,,,,,,,,,6.7,6.7,11.68,7.59,8.0,3.23,24.0,0.4,-2.34,6.21,11.62,4.66,8.0,6.08,24.0,0.4,0.27,2.51,5.8,2.8,8.0,2.37,24.0,0.4,1009.1,1011.75,1017.68,1012.64,8.0,3.92,24.0,0.4,,,,,,,,,,,,,,,,,,,,,,,,,,,,,,,,,,,,,,,,,,,,,,,,,,,,,,,,,,,,,,,,,,,,,,,,,,,,,,,,,,,,,,,,,,,,,,,,,,,,,,,,,,,,,,,,,,,,,,,,,,,,,,,,,,
1875,10,346.9,52.6,,,,,,,,,,,,,,,,,,,,,,,,,,,,,,,,,,,19.0,19.0,19.0,19.0,1.0,0.0,30.0,0.0,-7.12,-7.12,-7.12,-7.12,1.0,0.0,30.0,0.0,17.62,17.62,17.62,17.62,1.0,0.0,30.0,0.0,999.89,1000.3,1003.1,1001.47,3.0,2.56,30.0,0.7,,,,,,,,,,,,,,,,,,,,,,,,,,,,,,,,,,,,,,,,,,,,,,,,,,,,,,,,,,,,,,,,,,,,,,,,,,,,,,,,,,,,,,,,,,,,,,,,,,,,,,,,,,,,,,,,,,,,,,,,,,,,,,,,,,
1875,10,346.9,54.6,,,,,,,,,,,,,,,,,,,,,,,,,,,,,,,,,,,10.59,12.3,16.87,13.7,3.0,4.76,16.0,0.7,-6.12,9.62,10.01,2.13,3.0,13.48,16.0,0.7,-5.29,-1.87,8.58,1.56,3.0,10.58,16.0,0.7,1009.1,1009.1,1009.1,1009.1,1.0,0.0,30.0,1.0,,,,,,,,,,,,,,,,,,,,,,,,,,,,,,,,,,,,,,,,,,,,,,,,,,,,,,,,,,,,,,,,,,,,,,,,,,,,,,,,,,,,,,,,,,,,,,,,,,,,,,,,,,,,,,,,,,,,,,,,,,,,,,,,,,
1875,10,348.9,-37.4,,,,,,,,,,,,,,,,,,,,,,,,,,,,,,,,,,,4.35,9.3,12.3,8.45,11.0,4.63,8.0,0.5,-5.09,-0.93,10.17,1.21,11.0,6.98,8.0,0.5,-0.37,4.61,9.77,4.24,11.0,5.47,8.0,0.5,1011.25,1014.5,1021.51,1015.8,11.0,4.94,8.0,0.5,,,,,,,,,,,,,,,,,,,,,,,,,,,,,,,,,,,,,,,,,,,,,,,,,,,,,,,,,,,,,,,,,,,,,,,,,,,,,,,,,,,,,,,,,,,,,,,,,,,,,,,,,,,,,,,,,,,,,,,,,,,,,,,,,,
1875,10,348.9,-35.4,,,,,,,,,,,,,,,,,,,,,,,,,,,,,,,,,,,6.7,6.7,10.52,8.57,3.0,3.23,10.0,0.3,-9.76,-6.21,-6.21,-7.94,3.0,3.0,10.0,0.3,-3.94,-2.51,-2.51,-3.21,3.0,1.21,10.0,0.3,1015.84,1016.8,1017.62,1016.73,3.0,1.3,10.0,0.3,,,,,,,,,,,,,,,,,,,,,,,,,,,,,,,,,,,,,,,,,,,,,,,,,,,,,,,,,,,,,,,,,,,,,,,,,,,,,,,,,,,,,,,,,,,,,,,,,,,,,,,,,,,,,,,,,,,,,,,,,,,,,,,,,,
1875,10,348.9,42.6,,,,,,,,,,,,,,,,,,,,,,,,,,,,,,,,,,,6.7,6.7,9.3,7.74,5.0,1.42,28.0,0.2,5.67,6.21,6.58,6.06,5.0,0.76,28.0,0.2,2.51,4.74,6.58,4.58,5.0,2.03,28.0,0.2,1014.4,1015.2,1015.58,1014.94,5.0,1.12,28.0,0.2,,,,,,,,,,,,,,,,,,,,,,,,,,,,,,,,,,,,,,,,,,,,,,,,,,,,,,,,,,,,,,,,,,,,,,,,,,,,,,,,,,,,,,,,,,,,,,,,,,,,,,,,,,,,,,,,,,,,,,,,,,,,,,,,,,
1875,10,348.9,44.6,,,,,,,,,,,,,,,,,,,,,,,,,,,,,,,,,,,5.85,9.5,12.94,9.33,6.0,4.77,26.0,0.5,4.93,9.5,12.94,8.82,6.0,5.6,26.0,0.5,0.0,0.0,2.53,0.85,6.0,1.32,26.0,0.5,1008.69,1011.0,1014.28,1011.5,6.0,3.36,26.0,0.5,,,,,,,,,,,,,,,,,,,,,,,,,,,,,,,,,,,,,,,,,,,,,,,,,,,,,,,,,,,,,,,,,,,,,,,,,,,,,,,,,,,,,,,,,,,,,,,,,,,,,,,,,,,,,,,,,,,,,,,,,,,,,,,,,,
1875,10,348.9,46.6,,,,,,,,,,,,,,,,,,,,,,,,,,,,,,,,,,,2.6,12.3,15.4,9.71,19.0,5.25,22.0,0.6,0.0,0.0,12.3,4.32,19.0,5.77,22.0,0.6,0.0,4.27,12.46,6.24,19.0,5.73,22.0,0.6,993.47,999.7,1006.54,1000.21,19.0,6.02,22.0,0.6,,,,,,,,,,,,,,,,,,,,,,,,,,,,,,,,,,,,,,,,,,,,,,,,,,,,,,,,,,,,,,,,,,,,,,,,,,,,,,,,,,,,,,,,,,,,,,,,,,,,,,,,,,,,,,,,,,,,,,,,,,,,,,,,,,
1875,10,348.9,48.6,,,,,,,,,,,,,,,,,,,,,,,,,,,,,,,,,,,9.97,12.3,15.4,12.32,15.0,4.75,18.0,0.5,-1.43,3.63,11.99,3.75,15.0,8.4,18.0,0.5,-11.5,1.84,10.89,1.01,15.0,9.92,18.0,0.5,984.94,1011.25,1018.38,1005.83,14.0,15.38,20.0,0.6,,,,,,,,,,,,,,,,,,,,,,,,,,,,,,,,,,,,,,,,,,,,,,,,,,,,,,,,,,,,,,,,,,,,,,,,,,,,,,,,,,,,,,,,,,,,,,,,,,,,,,,,,,,,,,,,,,,,,,,,,,,,,,,,,,
1875,10,348.9,54.6,,,,,,,,,,,,,,,,,,,,,,,,,,,,,,,,,,,12.3,12.3,12.3,12.3,6.0,0.0,26.0,0.2,-12.07,-8.7,-4.36,-6.32,6.0,9.27,26.0,0.2,1.86,5.52,8.7,5.13,6.0,4.0,26.0,0.2,1011.93,1013.5,1013.77,1012.87,3.0,1.46,28.0,0.0,,,,,,,,,,,,,,,,,,,,,,,,,,,,,,,,,,,,,,,,,,,,,,,,,,,,,,,,,,,,,,,,,,,,,,,,,,,,,,,,,,,,,,,,,,,,,,,,,,,,,,,,,,,,,,,,,,,,,,,,,,,,,,,,,,
1875,10,350.9,-39.4,,,,,,,,,,,,,,,,,,,,,,,,,,,,,,,,,,,12.3,12.3,12.3,12.3,1.0,0.0,8.0,0.0,4.81,4.81,4.81,4.81,1.0,0.0,8.0,0.0,11.32,11.32,11.32,11.32,1.0,0.0,8.0,0.0,1023.2,1023.2,1023.2,1023.2,1.0,0.0,8.0,0.0,,,,,,,,,,,,,,,,,,,,,,,,,,,,,,,,,,,,,,,,,,,,,,,,,,,,,,,,,,,,,,,,,,,,,,,,,,,,,,,,,,,,,,,,,,,,,,,,,,,,,,,,,,,,,,,,,,,,,,,,,,,,,,,,,,
1875,10,350.9,-37.4,,,,,,,,,,,,,,,,,,,,,,,,,,,,,,,,,,,0.0,1.0,5.05,2.57,13.0,3.25,8.0,0.6,-1.8,0.0,1.53,0.71,13.0,2.8,8.0,0.6,-1.84,0.0,0.63,0.29,13.0,3.04,8.0,0.6,1011.4,1015.3,1017.26,1015.13,13.0,3.22,8.0,0.6,,,,,,,,,,,,,,,,,,,,,,,,,,,,,,,,,,,,,,,,,,,,,,,,,,,,,,,,,,,,,,,,,,,,,,,,,,,,,,,,,,,,,,,,,,,,,,,,,,,,,,,,,,,,,,,,,,,,,,,,,,,,,,,,,,
1875,10,350.9,36.6,,,,,,,,,,,,,,,,,,,,,,,,,,,,,,,,,,,5.68,12.3,12.3,9.07,3.0,5.6,10.0,0.7,-3.86,-1.84,-0.58,-2.21,3.0,2.42,10.0,0.7,-11.99,-11.32,-4.85,-8.49,3.0,5.78,10.0,0.7,1018.09,1018.7,1020.0,1019.03,3.0,1.43,10.0,0.7,,,,,,,,,,,,,,,,,,,,,,,,,,,,,,,,,,,,,,,,,,,,,,,,,,,,,,,,,,,,,,,,,,,,,,,,,,,,,,,,,,,,,,,,,,,,,,,,,,,,,,,,,,,,,,,,,,,,,,,,,,,,,,,,,,
1875,10,350.9,38.6,,,,,,,,,,,,,,,,,,,,,,,,,,,,,,,,,,,9.3,9.3,11.35,10.3,3.0,1.73,10.0,0.3,0.0,0.0,0.0,0.0,3.0,0.0,10.0,0.3,-11.35,-9.3,-9.3,-10.3,3.0,1.73,10.0,0.3,1017.68,1018.7,1020.0,1018.83,3.0,1.7,10.0,0.3,,,,,,,,,,,,,,,,,,,,,,,,,,,,,,,,,,,,,,,,,,,,,,,,,,,,,,,,,,,,,,,,,,,,,,,,,,,,,,,,,,,,,,,,,,,,,,,,,,,,,,,,,,,,,,,,,,,,,,,,,,,,,,,,,,
1875,10,350.9,40.6,,,,,,,,,,,,,,,,,,,,,,,,,,,,,,,,,,,1.46,4.6,6.03,3.77,3.0,3.43,10.0,0.7,-3.23,0.0,0.0,-1.58,3.0,2.74,10.0,0.7,-3.14,0.0,3.23,0.05,3.0,4.67,10.0,0.7,1022.03,1022.3,1023.19,1022.6,3.0,0.89,10.0,0.7,,,,,,,,,,,,,,,,,,,,,,,,,,,,,,,,,,,,,,,,,,,,,,,,,,,,,,,,,,,,,,,,,,,,,,,,,,,,,,,,,,,,,,,,,,,,,,,,,,,,,,,,,,,,,,,,,,,,,,,,,,,,,,,,,,
1875,10,350.9,42.6,,,,,,,,,,,,,,,,,,,,,,,,,,,,,,,,,,,8.48,12.3,14.42,11.47,3.0,4.41,10.0,0.3,-1.77,4.61,8.9,3.59,3.0,7.86,10.0,0.3,-11.24,-10.89,-6.69,-9.01,3.0,3.71,10.0,0.3,1017.83,1019.2,1021.25,1019.53,3.0,2.52,10.0,0.3,,,,,,,,,,,,,,,,,,,,,,,,,,,,,,,,,,,,,,,,,,,,,,,,,,,,,,,,,,,,,,,,,,,,,,,,,,,,,,,,,,,,,,,,,,,,,,,,,,,,,,,,,,,,,,,,,,,,,,,,,,,,,,,,,,
1875,10,350.9,44.6,,,,,,,,,,,,,,,,,,,,,,,,,,,,,,,,,,,4.6,9.3,12.3,9.25,11.0,4.11,4.0,0.6,4.46,8.56,11.36,8.13,11.0,3.48,4.0,0.6,-4.81,-3.63,2.91,-1.87,11.0,4.71,4.0,0.6,1012.86,1013.6,1015.76,1014.19,11.0,1.64,4.0,0.6,,,,,,,,,,,,,,,,,,,,,,,,,,,,,,,,,,,,,,,,,,,,,,,,,,,,,,,,,,,,,,,,,,,,,,,,,,,,,,,,,,,,,,,,,,,,,,,,,,,,,,,,,,,,,,,,,,,,,,,,,,,,,,,,,,
1875,10,350.9,46.6,,,,,,,,,,,,,,,,,,,,,,,,,,,,,,,,,,,9.3,12.3,15.4,12.88,12.0,2.96,2.0,0.3,9.3,11.32,15.4,12.29,12.0,2.82,2.0,0.3,-4.81,0.0,1.47,-0.83,12.0,4.06,2.0,0.3,1010.97,1012.65,1013.45,1012.41,12.0,1.12,2.0,0.3,,,,,,,,,,,,,,,,,,,,,,,,,,,,,,,,,,,,,,,,,,,,,,,,,,,,,,,,,,,,,,,,,,,,,,,,,,,,,,,,,,,,,,,,,,,,,,,,,,,,,,,,,,,,,,,,,,,,,,,,,,,,,,,,,,
1875,10,350.9,48.6,,,,,,,,,,,,,,,,,,,,,,,,,,,,,,,,,,,5.3,9.3,12.3,9.6,22.0,4.15,16.0,0.5,0.0,2.56,10.45,4.22,22.0,5.21,16.0,0.5,-8.7,2.5,6.58,-0.07,22.0,8.25,16.0,0.5,994.84,1004.6,1018.95,1005.83,16.0,13.63,20.0,0.4,,,,,,,,,,,,,,,,,,,,,,,,,,,,,,,,,,,,,,,,,,,,,,,,,,,,,,,,,,,,,,,,,,,,,,,,,,,,,,,,,,,,,,,,,,,,,,,,,,,,,,,,,,,,,,,,,,,,,,,,,,,,,,,,,,
1875,10,350.9,54.6,,,,,,,,,,,,,,,,,,,,,,,,,,,,,,,,,,,9.8,12.3,13.68,12.58,6.0,3.37,22.0,0.7,-10.87,-6.65,9.18,-3.02,6.0,10.04,22.0,0.7,-0.79,7.79,11.82,6.1,6.0,6.71,22.0,0.7,1013.22,1013.9,1013.9,1013.57,3.0,0.58,28.0,1.0,,,,,,,,,,,,,,,,,,,,,,,,,,,,,,,,,,,,,,,,,,,,,,,,,,,,,,,,,,,,,,,,,,,,,,,,,,,,,,,,,,,,,,,,,,,,,,,,,,,,,,,,,,,,,,,,,,,,,,,,,,,,,,,,,,
1875,10,352.9,-39.4,,,,,,,,,,,,,,,,,,,,,,,,,,,,,,,,,,,12.3,12.3,12.3,12.3,2.0,0.0,10.0,0.0,4.81,4.81,4.81,4.81,2.0,0.0,10.0,0.0,11.32,11.32,11.32,11.32,2.0,0.0,10.0,0.0,1024.99,1025.4,1025.81,1025.4,2.0,0.85,10.0,0.0,,,,,,,,,,,,,,,,,,,,,,,,,,,,,,,,,,,,,,,,,,,,,,,,,,,,,,,,,,,,,,,,,,,,,,,,,,,,,,,,,,,,,,,,,,,,,,,,,,,,,,,,,,,,,,,,,,,,,,,,,,,,,,,,,,
1875,10,352.9,-37.4,,,,,,,,,,,,,,,,,,,,,,,,,,,,,,,,,,,2.6,2.6,4.6,3.72,9.0,1.48,10.0,0.6,-0.82,2.39,4.06,2.15,9.0,2.7,10.0,0.6,-3.37,-1.02,0.0,-1.08,9.0,2.0,10.0,0.6,1011.5,1015.3,1016.68,1014.29,9.0,2.48,10.0,0.6,,,,,,,,,,,,,,,,,,,,,,,,,,,,,,,,,,,,,,,,,,,,,,,,,,,,,,,,,,,,,,,,,,,,,,,,,,,,,,,,,,,,,,,,,,,,,,,,,,,,,,,,,,,,,,,,,,,,,,,,,,,,,,,,,,
1875,10,352.9,36.6,,,,,,,,,,,,,,,,,,,,,,,,,,,,,,,,,,,1.57,2.8,4.03,2.8,2.0,2.55,12.0,0.0,-3.75,-2.63,-1.52,-2.63,2.0,2.31,12.0,0.0,-1.45,-0.86,-0.27,-0.86,2.0,1.22,12.0,0.0,1017.85,1018.6,1019.35,1018.6,2.0,1.56,12.0,0.0,,,,,,,,,,,,,,,,,,,,,,,,,,,,,,,,,,,,,,,,,,,,,,,,,,,,,,,,,,,,,,,,,,,,,,,,,,,,,,,,,,,,,,,,,,,,,,,,,,,,,,,,,,,,,,,,,,,,,,,,,,,,,,,,,,
1875,10,352.9,44.6,,,,,,,,,,,,,,,,,,,,,,,,,,,,,,,,,,,1.0,1.0,1.0,1.0,1.0,0.0,8.0,1.0,-0.71,-0.71,-0.71,-0.71,1.0,0.0,8.0,1.0,-0.71,-0.71,-0.71,-0.71,1.0,0.0,8.0,1.0,1018.9,1018.9,1018.9,1018.9,1.0,0.0,8.0,1.0,,,,,,,,,,,,,,,,,,,,,,,,,,,,,,,,,,,,,,,,,,,,,,,,,,,,,,,,,,,,,,,,,,,,,,,,,,,,,,,,,,,,,,,,,,,,,,,,,,,,,,,,,,,,,,,,,,,,,,,,,,,,,,,,,,
1875,10,352.9,46.6,,,,,,,,,,,,,,,,,,,,,,,,,,,,,,,,,,,2.6,3.6,10.26,6.3,4.0,6.14,6.0,0.5,-1.78,0.06,6.58,2.29,4.0,5.98,6.0,0.5,-6.58,0.0,3.11,-1.66,4.0,6.65,6.0,0.5,1006.73,1028.3,1030.19,1020.46,5.0,13.31,6.0,0.6,,,,,,,,,,,,,,,,,,,,,,,,,,,,,,,,,,,,,,,,,,,,,,,,,,,,,,,,,,,,,,,,,,,,,,,,,,,,,,,,,,,,,,,,,,,,,,,,,,,,,,,,,,,,,,,,,,,,,,,,,,,,,,,,,,
1875,10,352.9,48.6,,,,,,,,,,,,,,,,,,,,,,,,,,,,,,,,,,,6.7,9.3,12.3,9.54,18.0,4.09,10.0,0.5,-4.61,2.51,8.62,2.02,18.0,6.11,10.0,0.5,-6.94,-0.35,9.52,-0.03,18.0,8.46,10.0,0.5,999.45,1006.3,1032.84,1009.95,13.0,14.68,14.0,0.5,,,,,,,,,,,,,,,,,,,,,,,,,,,,,,,,,,,,,,,,,,,,,,,,,,,,,,,,,,,,,,,,,,,,,,,,,,,,,,,,,,,,,,,,,,,,,,,,,,,,,,,,,,,,,,,,,,,,,,,,,,,,,,,,,,
1875,10,352.9,54.6,,,,,,,,,,,,,,,,,,,,,,,,,,,,,,,,,,,19.0,19.0,19.0,19.0,2.0,0.0,28.0,0.0,-13.44,-13.44,-13.44,-13.44,2.0,0.0,28.0,0.0,13.44,13.44,13.44,13.44,2.0,0.0,28.0,0.0,1011.61,1011.85,1012.09,1011.85,2.0,0.5,28.0,0.0,,,,,,,,,,,,,,,,,,,,,,,,,,,,,,,,,,,,,,,,,,,,,,,,,,,,,,,,,,,,,,,,,,,,,,,,,,,,,,,,,,,,,,,,,,,,,,,,,,,,,,,,,,,,,,,,,,,,,,,,,,,,,,,,,,
1875,10,354.9,-39.4,,,,,,,,,,,,,,,,,,,,,,,,,,,,,,,,,,,12.3,12.3,14.42,13.33,3.0,1.79,10.0,1.0,4.81,4.81,5.63,5.21,3.0,0.7,10.0,1.0,11.32,11.32,13.27,12.27,3.0,1.65,10.0,1.0,1025.35,1026.1,1026.58,1025.97,3.0,0.91,10.0,1.0,,,,,,,,,,,,,,,,,,,,,,,,,,,,,,,,,,,,,,,,,,,,,,,,,,,,,,,,,,,,,,,,,,,,,,,,,,,,,,,,,,,,,,,,,,,,,,,,,,,,,,,,,,,,,,,,,,,,,,,,,,,,,,,,,,
1875,10,354.9,-37.4,,,,,,,,,,,,,,,,,,,,,,,,,,,,,,,,,,,2.6,4.6,10.06,5.66,12.0,3.87,10.0,0.4,-1.36,2.5,9.84,3.44,12.0,5.52,10.0,0.4,0.0,0.0,2.97,1.22,12.0,2.23,10.0,0.4,1011.7,1013.85,1024.94,1017.06,12.0,6.74,10.0,0.4,,,,,,,,,,,,,,,,,,,,,,,,,,,,,,,,,,,,,,,,,,,,,,,,,,,,,,,,,,,,,,,,,,,,,,,,,,,,,,,,,,,,,,,,,,,,,,,,,,,,,,,,,,,,,,,,,,,,,,,,,,,,,,,,,,
1875,10,354.9,-35.4,,,,,,,,,,,,,,,,,,,,,,,,,,,,,,,,,,,2.6,2.6,2.6,2.6,1.0,0.0,2.0,0.0,-0.97,-0.97,-0.97,-0.97,1.0,0.0,2.0,0.0,2.41,2.41,2.41,2.41,1.0,0.0,2.0,0.0,1025.2,1025.2,1025.2,1025.2,1.0,0.0,2.0,0.0,,,,,,,,,,,,,,,,,,,,,,,,,,,,,,,,,,,,,,,,,,,,,,,,,,,,,,,,,,,,,,,,,,,,,,,,,,,,,,,,,,,,,,,,,,,,,,,,,,,,,,,,,,,,,,,,,,,,,,,,,,,,,,,,,,
1875,10,354.9,34.6,,,,,,,,,,,,,,,,,,,,,,,,,,,,,,,,,,,2.6,2.6,2.6,2.6,1.0,0.0,2.0,0.0,1.84,1.84,1.84,1.84,1.0,0.0,2.0,0.0,-1.84,-1.84,-1.84,-1.84,1.0,0.0,2.0,0.0,1015.6,1015.6,1015.6,1015.6,1.0,0.0,2.0,0.0,,,,,,,,,,,,,,,,,,,,,,,,,,,,,,,,,,,,,,,,,,,,,,,,,,,,,,,,,,,,,,,,,,,,,,,,,,,,,,,,,,,,,,,,,,,,,,,,,,,,,,,,,,,,,,,,,,,,,,,,,,,,,,,,,,
1875,10,354.9,36.6,,,,,,,,,,,,,,,,,,,,,,,,,,,,,,,,,,,0.0,0.0,0.0,0.0,2.0,0.0,12.0,1.0,0.0,0.0,0.0,0.0,2.0,0.0,12.0,1.0,0.0,0.0,0.0,0.0,2.0,0.0,12.0,1.0,1017.62,1018.3,1018.98,1018.3,2.0,1.41,12.0,1.0,,,,,,,,,,,,,,,,,,,,,,,,,,,,,,,,,,,,,,,,,,,,,,,,,,,,,,,,,,,,,,,,,,,,,,,,,,,,,,,,,,,,,,,,,,,,,,,,,,,,,,,,,,,,,,,,,,,,,,,,,,,,,,,,,,
1875,10,354.9,48.6,,,,,,,,,,,,,,,,,,,,,,,,,,,,,,,,,,,2.6,2.6,16.13,7.26,10.0,6.93,10.0,0.4,-2.63,1.84,2.46,0.99,10.0,7.6,10.0,0.4,-4.34,-1.43,7.63,0.99,10.0,6.82,10.0,0.4,1020.0,1032.4,1034.67,1028.72,9.0,8.79,10.0,0.3,,,,,,,,,,,,,,,,,,,,,,,,,,,,,,,,,,,,,,,,,,,,,,,,,,,,,,,,,,,,,,,,,,,,,,,,,,,,,,,,,,,,,,,,,,,,,,,,,,,,,,,,,,,,,,,,,,,,,,,,,,,,,,,,,,
1875,10,354.9,54.6,,,,,,,,,,,,,,,,,,,,,,,,,,,,,,,,,,,19.0,19.0,19.0,19.0,1.0,0.0,28.0,0.0,-13.44,-13.44,-13.44,-13.44,1.0,0.0,28.0,0.0,13.44,13.44,13.44,13.44,1.0,0.0,28.0,0.0,1009.8,1009.8,1009.8,1009.8,1.0,0.0,28.0,0.0,,,,,,,,,,,,,,,,,,,,,,,,,,,,,,,,,,,,,,,,,,,,,,,,,,,,,,,,,,,,,,,,,,,,,,,,,,,,,,,,,,,,,,,,,,,,,,,,,,,,,,,,,,,,,,,,,,,,,,,,,,,,,,,,,,
1875,10,356.9,-39.4,,,,,,,,,,,,,,,,,,,,,,,,,,,,,,,,,,,12.3,12.3,12.3,12.3,2.0,0.0,10.0,0.0,8.7,8.7,8.7,8.7,2.0,0.0,10.0,0.0,8.7,8.7,8.7,8.7,2.0,0.0,10.0,0.0,1027.03,1027.3,1027.57,1027.3,2.0,0.57,10.0,0.0,,,,,,,,,,,,,,,,,,,,,,,,,,,,,,,,,,,,,,,,,,,,,,,,,,,,,,,,,,,,,,,,,,,,,,,,,,,,,,,,,,,,,,,,,,,,,,,,,,,,,,,,,,,,,,,,,,,,,,,,,,,,,,,,,,
1875,10,356.9,-37.4,,,,,,,,,,,,,,,,,,,,,,,,,,,,,,,,,,,4.6,6.7,12.3,7.53,12.0,3.95,8.0,0.6,-4.74,-1.82,11.02,0.91,12.0,6.76,8.0,0.6,-4.74,0.76,5.0,0.83,12.0,5.49,8.0,0.6,1013.05,1016.0,1028.21,1019.23,12.0,6.91,8.0,0.6,,,,,,,,,,,,,,,,,,,,,,,,,,,,,,,,,,,,,,,,,,,,,,,,,,,,,,,,,,,,,,,,,,,,,,,,,,,,,,,,,,,,,,,,,,,,,,,,,,,,,,,,,,,,,,,,,,,,,,,,,,,,,,,,,,
1875,10,356.9,34.6,,,,,,,,,,,,,,,,,,,,,,,,,,,,,,,,,,,1.94,2.6,2.6,2.17,12.0,1.01,2.0,0.4,-1.98,0.0,2.45,0.46,12.0,2.0,2.0,0.4,-1.42,-0.49,0.0,-0.62,12.0,1.22,2.0,0.4,1013.35,1013.7,1015.3,1014.07,12.0,1.0,2.0,0.4,,,,,,,,,,,,,,,,,,,,,,,,,,,,,,,,,,,,,,,,,,,,,,,,,,,,,,,,,,,,,,,,,,,,,,,,,,,,,,,,,,,,,,,,,,,,,,,,,,,,,,,,,,,,,,,,,,,,,,,,,,,,,,,,,,
1875,10,356.9,36.6,,,,,,,,,,,,,,,,,,,,,,,,,,,,,,,,,,,0.0,2.6,5.13,2.8,12.0,2.9,22.0,0.5,0.0,1.71,3.12,2.18,12.0,2.68,22.0,0.5,0.0,0.0,2.39,0.99,12.0,1.87,22.0,0.5,1012.2,1013.7,1016.16,1014.14,12.0,2.05,22.0,0.5,,,,,,,,,,,,,,,,,,,,,,,,,,,,,,,,,,,,,,,,,,,,,,,,,,,,,,,,,,,,,,,,,,,,,,,,,,,,,,,,,,,,,,,,,,,,,,,,,,,,,,,,,,,,,,,,,,,,,,,,,,,,,,,,,,
1875,10,356.9,50.6,,,,,,,,,,,,,,,,,,,,,,,,,,,,,,,,,,,2.6,6.7,12.3,7.2,12.0,4.15,12.0,0.6,-1.17,2.6,7.88,2.71,12.0,6.03,12.0,0.6,-0.61,0.0,7.21,2.19,12.0,4.93,12.0,0.6,1017.9,1020.3,1028.83,1022.15,12.0,5.42,12.0,0.6,,,,,,,,,,,,,,,,,,,,,,,,,,,,,,,,,,,,,,,,,,,,,,,,,,,,,,,,,,,,,,,,,,,,,,,,,,,,,,,,,,,,,,,,,,,,,,,,,,,,,,,,,,,,,,,,,,,,,,,,,,,,,,,,,,
1875,10,356.9,56.6,,,,,,,,,,,,,,,,,,,,,,,,,,,,,,,,,,,1.53,6.7,6.7,4.87,11.0,3.67,26.0,0.7,-6.7,-4.74,0.42,-3.54,11.0,4.28,26.0,0.7,0.0,1.84,3.49,1.5,11.0,2.23,26.0,0.7,1015.42,1018.8,1019.32,1017.95,11.0,2.67,26.0,0.7,,,,,,,,,,,,,,,,,,,,,,,,,,,,,,,,,,,,,,,,,,,,,,,,,,,,,,,,,,,,,,,,,,,,,,,,,,,,,,,,,,,,,,,,,,,,,,,,,,,,,,,,,,,,,,,,,,,,,,,,,,,,,,,,,,
1875,10,358.9,-39.4,,,,,,,,,,,,,,,,,,,,,,,,,,,,,,,,,,,6.7,8.0,9.3,8.0,4.0,1.5,12.0,0.8,0.36,4.92,7.48,3.96,4.0,4.84,12.0,0.8,-2.04,3.0,6.14,2.1,4.0,6.11,12.0,0.8,1019.5,1025.0,1025.83,1022.78,4.0,5.5,12.0,0.8,,,,,,,,,,,,,,,,,,,,,,,,,,,,,,,,,,,,,,,,,,,,,,,,,,,,,,,,,,,,,,,,,,,,,,,,,,,,,,,,,,,,,,,,,,,,,,,,,,,,,,,,,,,,,,,,,,,,,,,,,,,,,,,,,,
1875,10,358.9,-37.4,,,,,,,,,,,,,,,,,,,,,,,,,,,,,,,,,,,5.17,9.3,18.03,11.13,9.0,5.65,8.0,0.3,-6.58,-1.8,12.75,1.47,9.0,8.91,8.0,0.3,-6.58,-4.27,12.75,0.14,9.0,9.46,8.0,0.3,1011.1,1014.6,1026.52,1017.37,9.0,7.01,8.0,0.3,,,,,,,,,,,,,,,,,,,,,,,,,,,,,,,,,,,,,,,,,,,,,,,,,,,,,,,,,,,,,,,,,,,,,,,,,,,,,,,,,,,,,,,,,,,,,,,,,,,,,,,,,,,,,,,,,,,,,,,,,,,,,,,,,,
1875,10,358.9,34.6,,,,,,,,,,,,,,,,,,,,,,,,,,,,,,,,,,,2.6,2.6,6.7,3.52,53.0,2.66,14.0,0.5,-2.41,0.0,2.27,0.14,53.0,3.7,14.0,0.5,-1.84,0.0,2.55,0.51,53.0,2.4,14.0,0.5,1009.24,1013.5,1017.9,1013.74,55.0,4.54,14.0,0.5,,,,,,,,,,,,,,,,,,,,,,,,,,,,,,,,,,,,,,,,,,,,,,,,,,,,,,,,,,,,,,,,,,,,,,,,,,,,,,,,,,,,,,,,,,,,,,,,,,,,,,,,,,,,,,,,,,,,,,,,,,,,,,,,,,
1875,10,358.9,36.6,,,,,,,,,,,,,,,,,,,,,,,,,,,,,,,,,,,2.6,6.7,6.7,5.62,10.0,3.11,24.0,0.5,2.41,4.41,6.7,4.22,10.0,4.82,24.0,0.5,0.0,0.0,0.97,0.29,10.0,1.27,24.0,0.5,1012.03,1013.7,1014.77,1013.82,10.0,2.07,24.0,0.5,,,,,,,,,,,,,,,,,,,,,,,,,,,,,,,,,,,,,,,,,,,,,,,,,,,,,,,,,,,,,,,,,,,,,,,,,,,,,,,,,,,,,,,,,,,,,,,,,,,,,,,,,,,,,,,,,,,,,,,,,,,,,,,,,,
1875,10,358.9,50.6,,,,,,,,,,,,,,,,,,,,,,,,,,,,,,,,,,,2.6,6.7,12.3,5.92,57.0,4.22,18.0,0.5,-6.27,0.0,2.52,-0.96,57.0,4.81,18.0,0.5,-2.51,1.84,8.7,2.46,57.0,4.82,18.0,0.5,998.79,1008.7,1018.6,1008.57,57.0,8.96,18.0,0.5,,,,,,,,,,,,,,,,,,,,,,,,,,,,,,,,,,,,,,,,,,,,,,,,,,,,,,,,,,,,,,,,,,,,,,,,,,,,,,,,,,,,,,,,,,,,,,,,,,,,,,,,,,,,,,,,,,,,,,,,,,,,,,,,,,
1875,10,358.9,52.6,,,,,,,,,,,,,,,,,,,,,,,,,,,,,,,,,,,6.7,6.7,6.7,6.7,2.0,0.0,10.0,0.0,-3.23,0.0,3.23,0.0,2.0,6.7,10.0,0.0,-3.23,0.0,3.23,0.0,2.0,6.7,10.0,0.0,985.6,995.7,1005.8,995.7,2.0,20.93,10.0,0.0,,,,,,,,,,,,,,,,,,,,,,,,,,,,,,,,,,,,,,,,,,,,,,,,,,,,,,,,,,,,,,,,,,,,,,,,,,,,,,,,,,,,,,,,,,,,,,,,,,,,,,,,,,,,,,,,,,,,,,,,,,,,,,,,,,
1875,10,358.9,56.6,,,,,,,,,,,,,,,,,,,,,,,,,,,,,,,,,,,6.7,6.7,12.3,9.05,13.0,4.3,14.0,0.6,-11.32,0.0,4.74,-0.95,13.0,7.19,14.0,0.6,4.73,6.17,7.24,6.38,13.0,3.26,14.0,0.6,1004.17,1007.8,1017.97,1010.36,16.0,6.05,16.0,0.6,,,,,,,,,,,,,,,,,,,,,,,,,,,,,,,,,,,,,,,,,,,,,,,,,,,,,,,,,,,,,,,,,,,,,,,,,,,,,,,,,,,,,,,,,,,,,,,,,,,,,,,,,,,,,,,,,,,,,,,,,,,,,,,,,,
