Year,Month,Longitude,Latitude,S-S1,S-Median,S-S5,S-Mean,S-Observation number,S-Standard deviation,S-Mean day of the month,S-Fraction of daylight observations,A-S1,A-Median,A-S5,A-Mean,A-Observation number,A-Standard deviation,A-Mean day of the month,A-Fraction of daylight observations,Q-S1,Q-Median,Q-S5,Q-Mean,Q-Observation number,Q-Standard deviation,Q-Mean day of the month,Q-Fraction of daylight observations,R-S1_x,R-Median_x,R-S5_x,R-Mean_x,R-Observation number_x,R-Standard deviation_x,R-Mean day of the month_x,R-Fraction of daylight observations_x,R-Mean Longitude_x,R-Mean Latitude_x,W-S1,W-Median,W-S5,W-Mean,W-Observation number,W-Standard deviation,W-Mean day of the month,W-Fraction of daylight observations,U-S1,U-Median,U-S5,U-Mean,U-Observation number,U-Standard deviation,U-Mean day of the month,U-Fraction of daylight observations,V-S1,V-Median,V-S5,V-Mean,V-Observation number,V-Standard deviation,V-Mean day of the month,V-Fraction of daylight observations,P-S1,P-Median,P-S5,P-Mean,P-Observation number,P-Standard deviation,P-Mean day of the month,P-Fraction of daylight observations,C-S1,C-Median,C-S5,C-Mean,C-Observation number,C-Standard deviation,C-Mean day of the month,C-Fraction of daylight observations,R-S1_y,R-Median_y,R-S5_y,R-Mean_y,R-Observation number_y,R-Standard deviation_y,R-Mean day of the month_y,R-Fraction of daylight observations_y,R-Mean Longitude_y,R-Mean Latitude_y,X=W*U-S1,X=W*U-Median,X=W*U-S5,X=W*U-Mean,X=W*U-Observation number,X=W*U-Standard deviation,X=W*U-Mean day of the month,X=W*U-Fraction of daylight observations,Y=W*V-S1,Y=W*V-Median,Y=W*V-S5,Y=W*V-Mean,Y=W*V-Observation number,Y=W*V-Standard deviation,Y=W*V-Mean day of the month,Y=W*V-Fraction of daylight observations,D=S-A-S1,D=S-A-Median,D=S-A-S5,D=S-A-Mean,D=S-A-Observation number,D=S-A-Standard deviation,D=S-A-Mean day of the month,D=S-A-Fraction of daylight observations,E=(S-A)*W-S1,E=(S-A)*W-Median,E=(S-A)*W-S5,E=(S-A)*W-Mean,E=(S-A)*W-Observation number,E=(S-A)*W-Standard deviation,E=(S-A)*W-Mean day of the month,E=(S-A)*W-Fraction of daylight observations,F=QS-Q-S1,F=QS-Q-Median,F=QS-Q-S5,F=QS-Q-Mean,F=QS-Q-Observation number,F=QS-Q-Standard deviation,F=QS-Q-Mean day of the month,F=QS-Q-Fraction of daylight observations,G=(QS-Q)*W-S1,G=(QS-Q)*W-Median,G=(QS-Q)*W-S5,G=(QS-Q)*W-Mean,G=(QS-Q)*W-Observation number,G=(QS-Q)*W-Standard deviation,G=(QS-Q)*W-Mean day of the month,G=(QS-Q)*W-Fraction of daylight observations,I=U*A-S1,I=U*A-Median,I=U*A-S5,I=U*A-Mean,I=U*A-Observation number,I=U*A-Standard deviation,I=U*A-Mean day of the month,I=U*A-Fraction of daylight observations,J=V*A-S1,J=V*A-Median,J=V*A-S5,J=V*A-Mean,J=V*A-Observation number,J=V*A-Standard deviation,J=V*A-Mean day of the month,J=V*A-Fraction of daylight observations,K=U*Q-S1,K=U*Q-Median,K=U*Q-S5,K=U*Q-Mean,K=U*Q-Observation number,K=U*Q-Standard deviation,K=U*Q-Mean day of the month,K=U*Q-Fraction of daylight observations,L=V*Q-S1,L=V*Q-Median,L=V*Q-S5,L=V*Q-Mean,L=V*Q-Observation number,L=V*Q-Standard deviation,L=V*Q-Mean day of the month,L=V*Q-Fraction of daylight observations,M=(QS-Q)*U-S1,M=(QS-Q)*U-Median,M=(QS-Q)*U-S5,M=(QS-Q)*U-Mean,M=(QS-Q)*U-Observation number,M=(QS-Q)*U-Standard deviation,M=(QS-Q)*U-Mean day of the month,M=(QS-Q)*U-Fraction of daylight observations,N=(QS-Q)*V-S1,N=(QS-Q)*V-Median,N=(QS-Q)*V-S5,N=(QS-Q)*V-Mean,N=(QS-Q)*V-Observation number,N=(QS-Q)*V-Standard deviation,N=(QS-Q)*V-Mean day of the month,N=(QS-Q)*V-Fraction of daylight observations,B1=W*W*W-S1,B1=W*W*W-Median,B1=W*W*W-S5,B1=W*W*W-Mean,B1=W*W*W-Observation number,B1=W*W*W-Standard deviation,B1=W*W*W-Mean day of the month,B1=W*W*W-Fraction of daylight observations,B2=W*W*W-S1,B2=W*W*W-Median,B2=W*W*W-S5,B2=W*W*W-Mean,B2=W*W*W-Observation number,B2=W*W*W-Standard deviation,B2=W*W*W-Mean day of the month,B2=W*W*W-Fraction of daylight observations
1828,12,4.4,-37.4,,,,,,,,,,,,,,,,,,,,,,,,,,,,,,,,,,,6.7,6.7,6.7,6.7,1,0.0,24,1.0,5.55,5.55,5.55,5.55,1,0.0,24,1.0,3.75,3.75,3.75,3.75,1,0.0,24,1.0,1007.9,1007.9,1007.9,1007.9,1,0.0,24,1.0,,,,,,,,,,,,,,,,,,,,,,,,,,,,,,,,,,,,,,,,,,,,,,,,,,,,,,,,,,,,,,,,,,,,,,,,,,,,,,,,,,,,,,,,,,,,,,,,,,,,,,,,,,,,,,,,,,,,,,,,,,,,,,,,,,
1828,12,6.4,-37.4,,,,,,,,,,,,,,,,,,,,,,,,,,,,,,,,,,,4.6,4.6,4.6,4.6,1,0.0,26,1.0,-0.96,-0.96,-0.96,-0.96,1,0.0,26,1.0,-4.5,-4.5,-4.5,-4.5,1,0.0,26,1.0,1022.8,1022.8,1022.8,1022.8,1,0.0,26,1.0,,,,,,,,,,,,,,,,,,,,,,,,,,,,,,,,,,,,,,,,,,,,,,,,,,,,,,,,,,,,,,,,,,,,,,,,,,,,,,,,,,,,,,,,,,,,,,,,,,,,,,,,,,,,,,,,,,,,,,,,,,,,,,,,,,
1828,12,10.4,-39.4,,,,,,,,,,,,,,,,,,,,,,,,,,,,,,,,,,,2.6,2.6,2.6,2.6,1,0.0,26,1.0,0.09,0.09,0.09,0.09,1,0.0,26,1.0,-2.6,-2.6,-2.6,-2.6,1,0.0,26,1.0,1020.0,1020.0,1020.0,1020.0,1,0.0,26,1.0,,,,,,,,,,,,,,,,,,,,,,,,,,,,,,,,,,,,,,,,,,,,,,,,,,,,,,,,,,,,,,,,,,,,,,,,,,,,,,,,,,,,,,,,,,,,,,,,,,,,,,,,,,,,,,,,,,,,,,,,,,,,,,,,,,
1828,12,12.4,-39.4,,,,,,,,,,,,,,,,,,,,,,,,,,,,,,,,,,,6.7,6.7,6.7,6.7,1,0.0,28,1.0,3.04,3.04,3.04,3.04,1,0.0,28,1.0,-5.97,-5.97,-5.97,-5.97,1,0.0,28,1.0,1015.3,1015.3,1015.3,1015.3,1,0.0,28,1.0,,,,,,,,,,,,,,,,,,,,,,,,,,,,,,,,,,,,,,,,,,,,,,,,,,,,,,,,,,,,,,,,,,,,,,,,,,,,,,,,,,,,,,,,,,,,,,,,,,,,,,,,,,,,,,,,,,,,,,,,,,,,,,,,,,
1828,12,14.4,-39.4,,,,,,,,,,,,,,,,,,,,,,,,,,,,,,,,,,,4.6,4.6,4.6,4.6,1,0.0,28,1.0,1.42,1.42,1.42,1.42,1,0.0,28,1.0,4.37,4.37,4.37,4.37,1,0.0,28,1.0,1012.6,1012.6,1012.6,1012.6,1,0.0,28,1.0,,,,,,,,,,,,,,,,,,,,,,,,,,,,,,,,,,,,,,,,,,,,,,,,,,,,,,,,,,,,,,,,,,,,,,,,,,,,,,,,,,,,,,,,,,,,,,,,,,,,,,,,,,,,,,,,,,,,,,,,,,,,,,,,,,
1828,12,22.4,-39.4,,,,,,,,,,,,,,,,,,,,,,,,,,,,,,,,,,,15.4,15.4,15.4,15.4,1,0.0,30,1.0,-7.7,-7.7,-7.7,-7.7,1,0.0,30,1.0,13.34,13.34,13.34,13.34,1,0.0,30,1.0,1003.1,1003.1,1003.1,1003.1,1,0.0,30,1.0,,,,,,,,,,,,,,,,,,,,,,,,,,,,,,,,,,,,,,,,,,,,,,,,,,,,,,,,,,,,,,,,,,,,,,,,,,,,,,,,,,,,,,,,,,,,,,,,,,,,,,,,,,,,,,,,,,,,,,,,,,,,,,,,,,
1828,12,38.4,-31.4,,,,,,,,,,,,,,,,,,,,,,,,,,,,,,,,,,,2.6,2.6,2.6,2.6,1,0.0,30,1.0,-2.59,-2.59,-2.59,-2.59,1,0.0,30,1.0,-0.18,-0.18,-0.18,-0.18,1,0.0,30,1.0,1014.4,1014.4,1014.4,1014.4,1,0.0,30,1.0,,,,,,,,,,,,,,,,,,,,,,,,,,,,,,,,,,,,,,,,,,,,,,,,,,,,,,,,,,,,,,,,,,,,,,,,,,,,,,,,,,,,,,,,,,,,,,,,,,,,,,,,,,,,,,,,,,,,,,,,,,,,,,,,,,
1828,12,40.4,-29.4,,,,,,,,,,,,,,,,,,,,,,,,,,,,,,,,,,,3.23,4.6,6.03,4.63,3,2.05,24,1.0,-2.73,-2.3,-1.51,-2.13,3,0.91,24,1.0,-1.98,2.34,4.85,1.46,3,5.06,24,1.0,1014.2,1014.2,1014.2,1014.2,1,0.0,30,1.0,,,,,,,,,,,,,,,,,,,,,,,,,,,,,,,,,,,,,,,,,,,,,,,,,,,,,,,,,,,,,,,,,,,,,,,,,,,,,,,,,,,,,,,,,,,,,,,,,,,,,,,,,,,,,,,,,,,,,,,,,,,,,,,,,,
1828,12,44.4,-29.4,,,,,,,,,,,,,,,,,,,,,,,,,,,,,,,,,,,9.3,9.3,9.3,9.3,1,0.0,30,1.0,-8.68,-8.68,-8.68,-8.68,1,0.0,30,1.0,3.33,3.33,3.33,3.33,1,0.0,30,1.0,1010.7,1010.7,1010.7,1010.7,1,0.0,30,1.0,,,,,,,,,,,,,,,,,,,,,,,,,,,,,,,,,,,,,,,,,,,,,,,,,,,,,,,,,,,,,,,,,,,,,,,,,,,,,,,,,,,,,,,,,,,,,,,,,,,,,,,,,,,,,,,,,,,,,,,,,,,,,,,,,,
1828,12,48.4,-27.4,,,,,,,,,,,,,,,,,,,,,,,,,,,,,,,,,,,9.3,9.3,9.3,9.3,1,0.0,28,1.0,-8.68,-8.68,-8.68,-8.68,1,0.0,28,1.0,3.33,3.33,3.33,3.33,1,0.0,28,1.0,1007.2,1007.2,1007.2,1007.2,1,0.0,28,1.0,,,,,,,,,,,,,,,,,,,,,,,,,,,,,,,,,,,,,,,,,,,,,,,,,,,,,,,,,,,,,,,,,,,,,,,,,,,,,,,,,,,,,,,,,,,,,,,,,,,,,,,,,,,,,,,,,,,,,,,,,,,,,,,,,,
1828,12,52.4,-27.4,,,,,,,,,,,,,,,,,,,,,,,,,,,,,,,,,,,6.7,6.7,6.7,6.7,1,0.0,30,1.0,-4.74,-4.74,-4.74,-4.74,1,0.0,30,1.0,4.74,4.74,4.74,4.74,1,0.0,30,1.0,1010.3,1010.3,1010.3,1010.3,1,0.0,30,1.0,,,,,,,,,,,,,,,,,,,,,,,,,,,,,,,,,,,,,,,,,,,,,,,,,,,,,,,,,,,,,,,,,,,,,,,,,,,,,,,,,,,,,,,,,,,,,,,,,,,,,,,,,,,,,,,,,,,,,,,,,,,,,,,,,,
1828,12,62.4,-25.4,,,,,,,,,,,,,,,,,,,,,,,,,,,,,,,,,,,3.25,4.65,6.05,4.65,2,2.9,16,1.0,-5.28,-4.17,-3.05,-4.17,2,2.31,16,1.0,0.04,1.38,2.73,1.38,2,2.78,16,1.0,1011.4,1011.4,1011.4,1011.4,1,0.0,22,1.0,,,,,,,,,,,,,,,,,,,,,,,,,,,,,,,,,,,,,,,,,,,,,,,,,,,,,,,,,,,,,,,,,,,,,,,,,,,,,,,,,,,,,,,,,,,,,,,,,,,,,,,,,,,,,,,,,,,,,,,,,,,,,,,,,,
1828,12,82.4,4.6,,,,,,,,,,,,,,,,,,,,,,,,,,,,,,,,,,,6.7,6.7,6.7,6.7,1,0.0,2,1.0,-6.7,-6.7,-6.7,-6.7,1,0.0,2,1.0,0.12,0.12,0.12,0.12,1,0.0,2,1.0,1005.2,1005.2,1005.2,1005.2,1,0.0,2,1.0,,,,,,,,,,,,,,,,,,,,,,,,,,,,,,,,,,,,,,,,,,,,,,,,,,,,,,,,,,,,,,,,,,,,,,,,,,,,,,,,,,,,,,,,,,,,,,,,,,,,,,,,,,,,,,,,,,,,,,,,,,,,,,,,,,
1828,12,84.4,2.6,,,,,,,,,,,,,,,,,,,,,,,,,,,,,,,,,,,0.0,0.0,0.0,0.0,1,0.0,2,1.0,0.0,0.0,0.0,0.0,1,0.0,2,1.0,0.0,0.0,0.0,0.0,1,0.0,2,1.0,1007.1,1007.1,1007.1,1007.1,1,0.0,2,1.0,,,,,,,,,,,,,,,,,,,,,,,,,,,,,,,,,,,,,,,,,,,,,,,,,,,,,,,,,,,,,,,,,,,,,,,,,,,,,,,,,,,,,,,,,,,,,,,,,,,,,,,,,,,,,,,,,,,,,,,,,,,,,,,,,,
1828,12,84.4,6.6,,,,,,,,,,,,,,,,,,,,,,,,,,,,,,,,,,,6.7,6.7,6.7,6.7,1,0.0,4,1.0,-4.9,-4.9,-4.9,-4.9,1,0.0,4,1.0,-4.57,-4.57,-4.57,-4.57,1,0.0,4,1.0,1008.6,1008.6,1008.6,1008.6,1,0.0,4,1.0,,,,,,,,,,,,,,,,,,,,,,,,,,,,,,,,,,,,,,,,,,,,,,,,,,,,,,,,,,,,,,,,,,,,,,,,,,,,,,,,,,,,,,,,,,,,,,,,,,,,,,,,,,,,,,,,,,,,,,,,,,,,,,,,,,
1828,12,86.4,4.6,,,,,,,,,,,,,,,,,,,,,,,,,,,,,,,,,,,7.11,8.0,8.89,8.0,2,1.84,6,1.0,-6.15,-4.76,-3.37,-4.76,2,2.88,6,1.0,-6.31,-6.23,-6.16,-6.23,2,0.16,6,1.0,1005.63,1006.35,1007.07,1006.35,2,1.48,6,1.0,,,,,,,,,,,,,,,,,,,,,,,,,,,,,,,,,,,,,,,,,,,,,,,,,,,,,,,,,,,,,,,,,,,,,,,,,,,,,,,,,,,,,,,,,,,,,,,,,,,,,,,,,,,,,,,,,,,,,,,,,,,,,,,,,,
1828,12,88.4,2.6,,,,,,,,,,,,,,,,,,,,,,,,,,,,,,,,,,,0.0,0.0,0.0,0.0,1,0.0,6,1.0,0.0,0.0,0.0,0.0,1,0.0,6,1.0,0.0,0.0,0.0,0.0,1,0.0,6,1.0,1007.76,1008.1,1008.44,1008.1,2,0.71,4,1.0,,,,,,,,,,,,,,,,,,,,,,,,,,,,,,,,,,,,,,,,,,,,,,,,,,,,,,,,,,,,,,,,,,,,,,,,,,,,,,,,,,,,,,,,,,,,,,,,,,,,,,,,,,,,,,,,,,,,,,,,,,,,,,,,,,
1828,12,88.4,4.6,,,,,,,,,,,,,,,,,,,,,,,,,,,,,,,,,,,2.6,4.65,6.7,4.65,4,2.37,8,1.0,-4.9,-2.74,-0.07,-2.49,4,2.81,8,1.0,-4.57,-3.57,-2.55,-3.56,4,1.17,8,1.0,1005.39,1006.8,1007.94,1006.81,7,1.25,8,1.0,,,,,,,,,,,,,,,,,,,,,,,,,,,,,,,,,,,,,,,,,,,,,,,,,,,,,,,,,,,,,,,,,,,,,,,,,,,,,,,,,,,,,,,,,,,,,,,,,,,,,,,,,,,,,,,,,,,,,,,,,,,,,,,,,,
1828,12,90.4,2.6,,,,,,,,,,,,,,,,,,,,,,,,,,,,,,,,,,,6.7,6.7,6.7,6.7,1,0.0,10,1.0,-3.84,-3.84,-3.84,-3.84,1,0.0,10,1.0,-5.49,-5.49,-5.49,-5.49,1,0.0,10,1.0,1005.2,1005.2,1005.2,1005.2,1,0.0,10,1.0,,,,,,,,,,,,,,,,,,,,,,,,,,,,,,,,,,,,,,,,,,,,,,,,,,,,,,,,,,,,,,,,,,,,,,,,,,,,,,,,,,,,,,,,,,,,,,,,,,,,,,,,,,,,,,,,,,,,,,,,,,,,,,,,,,
1828,12,90.4,4.6,,,,,,,,,,,,,,,,,,,,,,,,,,,,,,,,,,,0.0,0.0,0.0,0.0,1,0.0,14,1.0,0.0,0.0,0.0,0.0,1,0.0,14,1.0,0.0,0.0,0.0,0.0,1,0.0,14,1.0,1006.18,1008.3,1008.57,1007.4,3,1.92,12,1.0,,,,,,,,,,,,,,,,,,,,,,,,,,,,,,,,,,,,,,,,,,,,,,,,,,,,,,,,,,,,,,,,,,,,,,,,,,,,,,,,,,,,,,,,,,,,,,,,,,,,,,,,,,,,,,,,,,,,,,,,,,,,,,,,,,
1828,12,92.4,2.6,,,,,,,,,,,,,,,,,,,,,,,,,,,,,,,,,,,6.7,6.7,6.7,6.7,1,0.0,12,1.0,1.16,1.16,1.16,1.16,1,0.0,12,1.0,-6.6,-6.6,-6.6,-6.6,1,0.0,12,1.0,1005.4,1005.4,1005.4,1005.4,1,0.0,12,1.0,,,,,,,,,,,,,,,,,,,,,,,,,,,,,,,,,,,,,,,,,,,,,,,,,,,,,,,,,,,,,,,,,,,,,,,,,,,,,,,,,,,,,,,,,,,,,,,,,,,,,,,,,,,,,,,,,,,,,,,,,,,,,,,,,,
1828,12,92.4,10.6,,,,,,,,,,,,,,,,,,,,,,,,,,,,,,,,,,,6.7,6.7,6.7,6.7,1,0.0,26,1.0,-2.83,-2.83,-2.83,-2.83,1,0.0,26,1.0,-6.07,-6.07,-6.07,-6.07,1,0.0,26,1.0,1005.6,1005.6,1005.6,1005.6,1,0.0,26,1.0,,,,,,,,,,,,,,,,,,,,,,,,,,,,,,,,,,,,,,,,,,,,,,,,,,,,,,,,,,,,,,,,,,,,,,,,,,,,,,,,,,,,,,,,,,,,,,,,,,,,,,,,,,,,,,,,,,,,,,,,,,,,,,,,,,
1828,12,92.4,16.6,,,,,,,,,,,,,,,,,,,,,,,,,,,,,,,,,,,0.0,0.0,0.0,0.0,1,0.0,26,1.0,0.0,0.0,0.0,0.0,1,0.0,26,1.0,0.0,0.0,0.0,0.0,1,0.0,26,1.0,1009.7,1009.7,1009.7,1009.7,1,0.0,28,1.0,,,,,,,,,,,,,,,,,,,,,,,,,,,,,,,,,,,,,,,,,,,,,,,,,,,,,,,,,,,,,,,,,,,,,,,,,,,,,,,,,,,,,,,,,,,,,,,,,,,,,,,,,,,,,,,,,,,,,,,,,,,,,,,,,,
1828,12,94.4,4.6,,,,,,,,,,,,,,,,,,,,,,,,,,,,,,,,,,,1.25,1.8,2.35,1.8,2,1.13,14,1.0,-0.81,-0.44,-0.08,-0.44,2,0.75,14,1.0,0.6,1.41,2.22,1.41,2,1.68,14,1.0,1005.2,1005.2,1005.2,1005.2,2,0.0,14,1.0,,,,,,,,,,,,,,,,,,,,,,,,,,,,,,,,,,,,,,,,,,,,,,,,,,,,,,,,,,,,,,,,,,,,,,,,,,,,,,,,,,,,,,,,,,,,,,,,,,,,,,,,,,,,,,,,,,,,,,,,,,,,,,,,,,
1828,12,94.4,6.6,,,,,,,,,,,,,,,,,,,,,,,,,,,,,,,,,,,2.81,6.7,6.7,4.8,3,3.29,18,1.0,-4.59,-3.94,-1.92,-3.28,3,2.04,18,1.0,-5.15,-4.57,-1.56,-3.38,3,2.83,18,1.0,1005.26,1005.3,1005.44,1005.34,5,0.11,18,1.0,,,,,,,,,,,,,,,,,,,,,,,,,,,,,,,,,,,,,,,,,,,,,,,,,,,,,,,,,,,,,,,,,,,,,,,,,,,,,,,,,,,,,,,,,,,,,,,,,,,,,,,,,,,,,,,,,,,,,,,,,,,,,,,,,,
1828,12,94.4,8.6,,,,,,,,,,,,,,,,,,,,,,,,,,,,,,,,,,,6.7,6.7,6.7,6.7,1,0.0,22,1.0,-4.9,-4.9,-4.9,-4.9,1,0.0,22,1.0,-4.57,-4.57,-4.57,-4.57,1,0.0,22,1.0,1005.3,1005.3,1005.3,1005.3,1,0.0,22,1.0,,,,,,,,,,,,,,,,,,,,,,,,,,,,,,,,,,,,,,,,,,,,,,,,,,,,,,,,,,,,,,,,,,,,,,,,,,,,,,,,,,,,,,,,,,,,,,,,,,,,,,,,,,,,,,,,,,,,,,,,,,,,,,,,,,
1828,12,94.4,10.6,,,,,,,,,,,,,,,,,,,,,,,,,,,,,,,,,,,6.7,6.7,6.7,6.7,2,0.0,28,1.0,-3.76,-3.38,-3.01,-3.38,2,0.78,28,1.0,-5.97,-5.75,-5.52,-5.75,2,0.46,28,1.0,1005.55,1005.6,1005.6,1005.58,4,0.05,26,1.0,,,,,,,,,,,,,,,,,,,,,,,,,,,,,,,,,,,,,,,,,,,,,,,,,,,,,,,,,,,,,,,,,,,,,,,,,,,,,,,,,,,,,,,,,,,,,,,,,,,,,,,,,,,,,,,,,,,,,,,,,,,,,,,,,,
1828,12,94.4,12.6,,,,,,,,,,,,,,,,,,,,,,,,,,,,,,,,,,,9.3,9.3,9.3,9.3,1,0.0,30,1.0,-5.47,-5.47,-5.47,-5.47,1,0.0,30,1.0,-7.52,-7.52,-7.52,-7.52,1,0.0,30,1.0,1005.7,1005.7,1005.7,1005.7,1,0.0,30,1.0,,,,,,,,,,,,,,,,,,,,,,,,,,,,,,,,,,,,,,,,,,,,,,,,,,,,,,,,,,,,,,,,,,,,,,,,,,,,,,,,,,,,,,,,,,,,,,,,,,,,,,,,,,,,,,,,,,,,,,,,,,,,,,,,,,
1828,12,96.4,-11.4,,,,,,,,,,,,,,,,,,,,,,,,,,,,,,,,,,,9.3,9.3,9.3,9.3,1,0.0,18,1.0,-3.93,-3.93,-3.93,-3.93,1,0.0,18,1.0,8.43,8.43,8.43,8.43,1,0.0,18,1.0,1009.0,1009.0,1009.0,1009.0,1,0.0,18,1.0,,,,,,,,,,,,,,,,,,,,,,,,,,,,,,,,,,,,,,,,,,,,,,,,,,,,,,,,,,,,,,,,,,,,,,,,,,,,,,,,,,,,,,,,,,,,,,,,,,,,,,,,,,,,,,,,,,,,,,,,,,,,,,,,,,
1828,12,96.4,10.6,,,,,,,,,,,,,,,,,,,,,,,,,,,,,,,,,,,7.11,8.0,8.89,8.0,2,1.84,28,1.0,-3.67,-3.09,-2.52,-3.09,2,1.19,28,1.0,-8.45,-7.22,-5.99,-7.22,2,2.55,28,1.0,1005.6,1005.6,1005.67,1005.63,3,0.06,28,1.0,,,,,,,,,,,,,,,,,,,,,,,,,,,,,,,,,,,,,,,,,,,,,,,,,,,,,,,,,,,,,,,,,,,,,,,,,,,,,,,,,,,,,,,,,,,,,,,,,,,,,,,,,,,,,,,,,,,,,,,,,,,,,,,,,,
1828,12,102.4,-9.4,,,,,,,,,,,,,,,,,,,,,,,,,,,,,,,,,,,7.11,8.0,8.89,8.0,2,1.84,12,1.0,-2.11,1.41,4.94,1.41,2,7.3,12,1.0,-4.65,-0.51,3.63,-0.51,2,8.58,12,1.0,1009.0,1009.0,1009.0,1009.0,1,0.0,16,1.0,,,,,,,,,,,,,,,,,,,,,,,,,,,,,,,,,,,,,,,,,,,,,,,,,,,,,,,,,,,,,,,,,,,,,,,,,,,,,,,,,,,,,,,,,,,,,,,,,,,,,,,,,,,,,,,,,,,,,,,,,,,,,,,,,,
1828,12,102.4,-7.4,,,,,,,,,,,,,,,,,,,,,,,,,,,,,,,,,,,1.48,4.65,7.82,4.65,2,6.58,12,1.0,1.44,4.55,7.65,4.55,2,6.43,12,1.0,0.31,0.97,1.63,0.97,2,1.37,12,1.0,1004.7,1004.7,1004.7,1004.7,2,0.0,14,1.0,,,,,,,,,,,,,,,,,,,,,,,,,,,,,,,,,,,,,,,,,,,,,,,,,,,,,,,,,,,,,,,,,,,,,,,,,,,,,,,,,,,,,,,,,,,,,,,,,,,,,,,,,,,,,,,,,,,,,,,,,,,,,,,,,,
1828,12,104.4,-7.4,,,,,,,,,,,,,,,,,,,,,,,,,,,,,,,,,,,0.32,1.0,2.09,1.2,3,1.31,12,1.0,0.0,0.0,0.34,0.17,3,0.29,12,1.0,0.32,1.0,2.06,1.18,3,1.29,12,1.0,1005.14,1006.1,1007.94,1006.53,3,2.08,14,1.0,,,,,,,,,,,,,,,,,,,,,,,,,,,,,,,,,,,,,,,,,,,,,,,,,,,,,,,,,,,,,,,,,,,,,,,,,,,,,,,,,,,,,,,,,,,,,,,,,,,,,,,,,,,,,,,,,,,,,,,,,,,,,,,,,,
1828,12,104.4,-5.4,,,,,,,,,,,,,,,,,,,,,,,,,,,,,,,,,,,2.6,2.6,2.6,2.6,1,0.0,30,1.0,0.05,0.05,0.05,0.05,1,0.0,30,1.0,2.6,2.6,2.6,2.6,1,0.0,30,1.0,1004.13,1005.2,1005.2,1004.72,5,0.75,26,1.0,,,,,,,,,,,,,,,,,,,,,,,,,,,,,,,,,,,,,,,,,,,,,,,,,,,,,,,,,,,,,,,,,,,,,,,,,,,,,,,,,,,,,,,,,,,,,,,,,,,,,,,,,,,,,,,,,,,,,,,,,,,,,,,,,,
1828,12,104.4,-1.4,,,,,,,,,,,,,,,,,,,,,,,,,,,,,,,,,,,1.25,1.8,2.35,1.8,2,1.13,28,1.0,-0.2,-0.14,-0.07,-0.14,2,0.13,28,1.0,-2.34,-1.79,-1.23,-1.79,2,1.15,28,1.0,1006.74,1010.05,1013.36,1010.05,2,6.86,28,1.0,,,,,,,,,,,,,,,,,,,,,,,,,,,,,,,,,,,,,,,,,,,,,,,,,,,,,,,,,,,,,,,,,,,,,,,,,,,,,,,,,,,,,,,,,,,,,,,,,,,,,,,,,,,,,,,,,,,,,,,,,,,,,,,,,,
1828,12,104.4,0.6,,,,,,,,,,,,,,,,,,,,,,,,,,,,,,,,,,,4.6,4.6,4.6,4.6,1,0.0,30,1.0,0.8,0.8,0.8,0.8,1,0.0,30,1.0,-4.53,-4.53,-4.53,-4.53,1,0.0,30,1.0,1007.04,1008.85,1010.66,1008.85,2,3.75,26,1.0,,,,,,,,,,,,,,,,,,,,,,,,,,,,,,,,,,,,,,,,,,,,,,,,,,,,,,,,,,,,,,,,,,,,,,,,,,,,,,,,,,,,,,,,,,,,,,,,,,,,,,,,,,,,,,,,,,,,,,,,,,,,,,,,,,
1828,12,104.4,2.6,,,,,,,,,,,,,,,,,,,,,,,,,,,,,,,,,,,1.06,3.35,5.64,3.35,2,4.74,26,1.0,-2.29,-1.36,-0.43,-1.36,2,1.93,26,1.0,-5.15,-3.06,-0.97,-3.06,2,4.33,26,1.0,1007.7,1010.7,1013.7,1010.7,2,6.22,26,1.0,,,,,,,,,,,,,,,,,,,,,,,,,,,,,,,,,,,,,,,,,,,,,,,,,,,,,,,,,,,,,,,,,,,,,,,,,,,,,,,,,,,,,,,,,,,,,,,,,,,,,,,,,,,,,,,,,,,,,,,,,,,,,,,,,,
1828,12,104.4,4.6,,,,,,,,,,,,,,,,,,,,,,,,,,,,,,,,,,,0.41,1.3,2.19,1.3,2,1.84,24,1.0,-1.6,-0.95,-0.3,-0.95,2,1.34,24,1.0,-1.49,-0.89,-0.28,-0.89,2,1.25,24,1.0,1006.74,1009.85,1012.96,1009.85,2,6.43,24,1.0,,,,,,,,,,,,,,,,,,,,,,,,,,,,,,,,,,,,,,,,,,,,,,,,,,,,,,,,,,,,,,,,,,,,,,,,,,,,,,,,,,,,,,,,,,,,,,,,,,,,,,,,,,,,,,,,,,,,,,,,,,,,,,,,,,
1828,12,106.4,-5.4,,,,,,,,,,,,,,,,,,,,,,,,,,,,,,,,,,,0.0,0.0,0.0,0.0,1,0.0,10,1.0,0.0,0.0,0.0,0.0,1,0.0,10,1.0,0.0,0.0,0.0,0.0,1,0.0,10,1.0,1003.6,1003.8,1004.76,1004.17,3,0.91,14,1.0,,,,,,,,,,,,,,,,,,,,,,,,,,,,,,,,,,,,,,,,,,,,,,,,,,,,,,,,,,,,,,,,,,,,,,,,,,,,,,,,,,,,,,,,,,,,,,,,,,,,,,,,,,,,,,,,,,,,,,,,,,,,,,,,,,
1828,12,106.4,4.6,,,,,,,,,,,,,,,,,,,,,,,,,,,,,,,,,,,2.6,2.6,2.6,2.6,1,0.0,26,1.0,-1.9,-1.9,-1.9,-1.9,1,0.0,26,1.0,-1.77,-1.77,-1.77,-1.77,1,0.0,26,1.0,1007.67,1010.4,1013.13,1010.4,2,5.66,24,1.0,,,,,,,,,,,,,,,,,,,,,,,,,,,,,,,,,,,,,,,,,,,,,,,,,,,,,,,,,,,,,,,,,,,,,,,,,,,,,,,,,,,,,,,,,,,,,,,,,,,,,,,,,,,,,,,,,,,,,,,,,,,,,,,,,,
1828,12,106.4,6.6,,,,,,,,,,,,,,,,,,,,,,,,,,,,,,,,,,,1.9,3.85,5.8,3.85,2,4.03,22,1.0,-5.38,-3.49,-1.61,-3.49,2,3.91,22,1.0,-2.13,-1.54,-0.95,-1.54,2,1.22,22,1.0,1005.76,1008.7,1011.64,1008.7,2,6.08,22,1.0,,,,,,,,,,,,,,,,,,,,,,,,,,,,,,,,,,,,,,,,,,,,,,,,,,,,,,,,,,,,,,,,,,,,,,,,,,,,,,,,,,,,,,,,,,,,,,,,,,,,,,,,,,,,,,,,,,,,,,,,,,,,,,,,,,
1828,12,108.4,6.6,,,,,,,,,,,,,,,,,,,,,,,,,,,,,,,,,,,2.0,2.0,2.0,2.0,1,0.0,24,1.0,-1.46,-1.46,-1.46,-1.46,1,0.0,24,1.0,-1.36,-1.36,-1.36,-1.36,1,0.0,24,1.0,1005.23,1008.1,1013.22,1009.2,3,5.93,20,1.0,,,,,,,,,,,,,,,,,,,,,,,,,,,,,,,,,,,,,,,,,,,,,,,,,,,,,,,,,,,,,,,,,,,,,,,,,,,,,,,,,,,,,,,,,,,,,,,,,,,,,,,,,,,,,,,,,,,,,,,,,,,,,,,,,,
1828,12,108.4,14.6,,,,,,,,,,,,,,,,,,,,,,,,,,,,,,,,,,,2.6,2.6,2.6,2.6,1,0.0,24,1.0,-1.9,-1.9,-1.9,-1.9,1,0.0,24,1.0,-1.77,-1.77,-1.77,-1.77,1,0.0,24,1.0,1004.73,1004.8,1007.53,1006.1,3,2.34,22,1.0,,,,,,,,,,,,,,,,,,,,,,,,,,,,,,,,,,,,,,,,,,,,,,,,,,,,,,,,,,,,,,,,,,,,,,,,,,,,,,,,,,,,,,,,,,,,,,,,,,,,,,,,,,,,,,,,,,,,,,,,,,,,,,,,,,
1828,12,110.4,8.6,,,,,,,,,,,,,,,,,,,,,,,,,,,,,,,,,,,2.9,2.9,2.9,2.9,1,0.0,24,1.0,-2.86,-2.86,-2.86,-2.86,1,0.0,24,1.0,-0.45,-0.45,-0.45,-0.45,1,0.0,24,1.0,1015.4,1015.4,1015.4,1015.4,1,0.0,24,1.0,,,,,,,,,,,,,,,,,,,,,,,,,,,,,,,,,,,,,,,,,,,,,,,,,,,,,,,,,,,,,,,,,,,,,,,,,,,,,,,,,,,,,,,,,,,,,,,,,,,,,,,,,,,,,,,,,,,,,,,,,,,,,,,,,,
1828,12,110.4,10.6,,,,,,,,,,,,,,,,,,,,,,,,,,,,,,,,,,,2.6,2.6,2.6,2.6,1,0.0,22,1.0,-2.6,-2.6,-2.6,-2.6,1,0.0,22,1.0,0.09,0.09,0.09,0.09,1,0.0,22,1.0,1014.9,1014.9,1014.9,1014.9,1,0.0,22,1.0,,,,,,,,,,,,,,,,,,,,,,,,,,,,,,,,,,,,,,,,,,,,,,,,,,,,,,,,,,,,,,,,,,,,,,,,,,,,,,,,,,,,,,,,,,,,,,,,,,,,,,,,,,,,,,,,,,,,,,,,,,,,,,,,,,
1828,12,112.4,12.6,,,,,,,,,,,,,,,,,,,,,,,,,,,,,,,,,,,2.0,2.0,2.0,2.0,1,0.0,22,1.0,-2.0,-2.0,-2.0,-2.0,1,0.0,22,1.0,0.07,0.07,0.07,0.07,1,0.0,22,1.0,1014.4,1014.4,1014.4,1014.4,1,0.0,22,1.0,,,,,,,,,,,,,,,,,,,,,,,,,,,,,,,,,,,,,,,,,,,,,,,,,,,,,,,,,,,,,,,,,,,,,,,,,,,,,,,,,,,,,,,,,,,,,,,,,,,,,,,,,,,,,,,,,,,,,,,,,,,,,,,,,,
1828,12,112.4,14.6,,,,,,,,,,,,,,,,,,,,,,,,,,,,,,,,,,,2.6,2.6,2.6,2.6,1,0.0,20,1.0,-2.18,-2.18,-2.18,-2.18,1,0.0,20,1.0,-1.42,-1.42,-1.42,-1.42,1,0.0,20,1.0,1014.4,1014.4,1014.4,1014.4,1,0.0,20,1.0,,,,,,,,,,,,,,,,,,,,,,,,,,,,,,,,,,,,,,,,,,,,,,,,,,,,,,,,,,,,,,,,,,,,,,,,,,,,,,,,,,,,,,,,,,,,,,,,,,,,,,,,,,,,,,,,,,,,,,,,,,,,,,,,,,
1828,12,112.4,18.6,,,,,,,,,,,,,,,,,,,,,,,,,,,,,,,,,,,12.3,12.3,12.3,12.3,1,0.0,18,1.0,-12.11,-12.11,-12.11,-12.11,1,0.0,18,1.0,-2.14,-2.14,-2.14,-2.14,1,0.0,18,1.0,1008.05,1011.8,1015.55,1011.8,2,7.78,22,1.0,,,,,,,,,,,,,,,,,,,,,,,,,,,,,,,,,,,,,,,,,,,,,,,,,,,,,,,,,,,,,,,,,,,,,,,,,,,,,,,,,,,,,,,,,,,,,,,,,,,,,,,,,,,,,,,,,,,,,,,,,,,,,,,,,,
1828,12,114.4,16.6,,,,,,,,,,,,,,,,,,,,,,,,,,,,,,,,,,,4.6,4.6,4.6,4.6,1,0.0,20,1.0,-4.6,-4.6,-4.6,-4.6,1,0.0,20,1.0,0.08,0.08,0.08,0.08,1,0.0,20,1.0,1015.9,1015.9,1015.9,1015.9,1,0.0,20,1.0,,,,,,,,,,,,,,,,,,,,,,,,,,,,,,,,,,,,,,,,,,,,,,,,,,,,,,,,,,,,,,,,,,,,,,,,,,,,,,,,,,,,,,,,,,,,,,,,,,,,,,,,,,,,,,,,,,,,,,,,,,,,,,,,,,
1828,12,274.4,16.6,,,,,,,,,,,,,,,,,,,,,,,,,,,,,,,,,,,0.0,0.0,0.0,0.0,1,0.0,30,1.0,0.0,0.0,0.0,0.0,1,0.0,30,1.0,0.0,0.0,0.0,0.0,1,0.0,30,1.0,1016.7,1016.7,1016.7,1016.7,1,0.0,30,1.0,,,,,,,,,,,,,,,,,,,,,,,,,,,,,,,,,,,,,,,,,,,,,,,,,,,,,,,,,,,,,,,,,,,,,,,,,,,,,,,,,,,,,,,,,,,,,,,,,,,,,,,,,,,,,,,,,,,,,,,,,,,,,,,,,,
1828,12,276.4,16.6,,,,,,,,,,,,,,,,,,,,,,,,,,,,,,,,,,,0.16,0.5,0.84,0.5,2,0.71,30,1.0,-0.09,-0.05,-0.02,-0.05,2,0.07,30,1.0,-0.84,-0.5,-0.16,-0.5,2,0.7,30,1.0,1016.0,1016.0,1016.0,1016.0,2,0.0,30,1.0,,,,,,,,,,,,,,,,,,,,,,,,,,,,,,,,,,,,,,,,,,,,,,,,,,,,,,,,,,,,,,,,,,,,,,,,,,,,,,,,,,,,,,,,,,,,,,,,,,,,,,,,,,,,,,,,,,,,,,,,,,,,,,,,,,
1828,12,278.4,16.6,,,,,,,,,,,,,,,,,,,,,,,,,,,,,,,,,,,4.6,4.6,4.6,4.6,1,0.0,28,1.0,-4.02,-4.02,-4.02,-4.02,1,0.0,28,1.0,2.23,2.23,2.23,2.23,1,0.0,28,1.0,1016.0,1016.0,1016.0,1016.0,1,0.0,28,1.0,,,,,,,,,,,,,,,,,,,,,,,,,,,,,,,,,,,,,,,,,,,,,,,,,,,,,,,,,,,,,,,,,,,,,,,,,,,,,,,,,,,,,,,,,,,,,,,,,,,,,,,,,,,,,,,,,,,,,,,,,,,,,,,,,,
1828,12,280.4,14.6,,,,,,,,,,,,,,,,,,,,,,,,,,,,,,,,,,,6.7,6.7,6.7,6.7,1,0.0,28,1.0,-6.44,-6.44,-6.44,-6.44,1,0.0,28,1.0,-1.85,-1.85,-1.85,-1.85,1,0.0,28,1.0,1016.0,1016.0,1016.0,1016.0,1,0.0,28,1.0,,,,,,,,,,,,,,,,,,,,,,,,,,,,,,,,,,,,,,,,,,,,,,,,,,,,,,,,,,,,,,,,,,,,,,,,,,,,,,,,,,,,,,,,,,,,,,,,,,,,,,,,,,,,,,,,,,,,,,,,,,,,,,,,,,
1828,12,284.4,14.6,,,,,,,,,,,,,,,,,,,,,,,,,,,,,,,,,,,6.7,6.7,6.7,6.7,1,0.0,26,1.0,-6.66,-6.66,-6.66,-6.66,1,0.0,26,1.0,-0.7,-0.7,-0.7,-0.7,1,0.0,26,1.0,1014.6,1014.6,1014.6,1014.6,1,0.0,26,1.0,,,,,,,,,,,,,,,,,,,,,,,,,,,,,,,,,,,,,,,,,,,,,,,,,,,,,,,,,,,,,,,,,,,,,,,,,,,,,,,,,,,,,,,,,,,,,,,,,,,,,,,,,,,,,,,,,,,,,,,,,,,,,,,,,,
1828,12,288.4,12.6,,,,,,,,,,,,,,,,,,,,,,,,,,,,,,,,,,,4.6,4.6,4.6,4.6,1,0.0,26,1.0,-4.59,-4.59,-4.59,-4.59,1,0.0,26,1.0,0.32,0.32,0.32,0.32,1,0.0,26,1.0,1016.7,1016.7,1016.7,1016.7,1,0.0,26,1.0,,,,,,,,,,,,,,,,,,,,,,,,,,,,,,,,,,,,,,,,,,,,,,,,,,,,,,,,,,,,,,,,,,,,,,,,,,,,,,,,,,,,,,,,,,,,,,,,,,,,,,,,,,,,,,,,,,,,,,,,,,,,,,,,,,
1828,12,290.4,12.6,,,,,,,,,,,,,,,,,,,,,,,,,,,,,,,,,,,4.6,4.6,6.03,5.3,3,1.21,8,1.0,-5.97,-4.42,-4.39,-5.16,3,1.32,8,1.0,-0.82,0.47,1.01,0.1,3,1.38,8,1.0,1012.29,1014.0,1014.0,1013.17,3,1.44,8,1.0,,,,,,,,,,,,,,,,,,,,,,,,,,,,,,,,,,,,,,,,,,,,,,,,,,,,,,,,,,,,,,,,,,,,,,,,,,,,,,,,,,,,,,,,,,,,,,,,,,,,,,,,,,,,,,,,,,,,,,,,,,,,,,,,,,
1828,12,290.4,14.6,,,,,,,,,,,,,,,,,,,,,,,,,,,,,,,,,,,9.3,9.3,9.3,9.3,1,0.0,14,1.0,-9.23,-9.23,-9.23,-9.23,1,0.0,14,1.0,-1.13,-1.13,-1.13,-1.13,1,0.0,14,1.0,1014.0,1014.0,1014.0,1014.0,1,0.0,14,1.0,,,,,,,,,,,,,,,,,,,,,,,,,,,,,,,,,,,,,,,,,,,,,,,,,,,,,,,,,,,,,,,,,,,,,,,,,,,,,,,,,,,,,,,,,,,,,,,,,,,,,,,,,,,,,,,,,,,,,,,,,,,,,,,,,,
1828,12,290.4,16.6,,,,,,,,,,,,,,,,,,,,,,,,,,,,,,,,,,,9.3,9.3,9.3,9.3,1,0.0,16,1.0,-8.84,-8.84,-8.84,-8.84,1,0.0,16,1.0,-2.87,-2.87,-2.87,-2.87,1,0.0,16,1.0,1014.0,1014.0,1014.0,1014.0,1,0.0,16,1.0,,,,,,,,,,,,,,,,,,,,,,,,,,,,,,,,,,,,,,,,,,,,,,,,,,,,,,,,,,,,,,,,,,,,,,,,,,,,,,,,,,,,,,,,,,,,,,,,,,,,,,,,,,,,,,,,,,,,,,,,,,,,,,,,,,
1828,12,290.4,18.6,,,,,,,,,,,,,,,,,,,,,,,,,,,,,,,,,,,4.6,4.6,4.6,4.6,1,0.0,16,1.0,-4.35,-4.35,-4.35,-4.35,1,0.0,16,1.0,-1.5,-1.5,-1.5,-1.5,1,0.0,16,1.0,1014.0,1014.0,1014.0,1014.0,1,0.0,16,1.0,,,,,,,,,,,,,,,,,,,,,,,,,,,,,,,,,,,,,,,,,,,,,,,,,,,,,,,,,,,,,,,,,,,,,,,,,,,,,,,,,,,,,,,,,,,,,,,,,,,,,,,,,,,,,,,,,,,,,,,,,,,,,,,,,,
1828,12,292.4,10.6,,,,,,,,,,,,,,,,,,,,,,,,,,,,,,,,,,,4.6,4.6,4.6,4.6,1,0.0,4,1.0,-4.59,-4.59,-4.59,-4.59,1,0.0,4,1.0,0.32,0.32,0.32,0.32,1,0.0,4,1.0,1014.3,1014.3,1014.3,1014.3,1,0.0,4,1.0,,,,,,,,,,,,,,,,,,,,,,,,,,,,,,,,,,,,,,,,,,,,,,,,,,,,,,,,,,,,,,,,,,,,,,,,,,,,,,,,,,,,,,,,,,,,,,,,,,,,,,,,,,,,,,,,,,,,,,,,,,,,,,,,,,
1828,12,292.4,12.6,,,,,,,,,,,,,,,,,,,,,,,,,,,,,,,,,,,9.3,9.3,9.3,9.3,1,0.0,20,1.0,-8.79,-8.79,-8.79,-8.79,1,0.0,20,1.0,-3.03,-3.03,-3.03,-3.03,1,0.0,20,1.0,1014.3,1014.3,1014.3,1014.3,1,0.0,20,1.0,,,,,,,,,,,,,,,,,,,,,,,,,,,,,,,,,,,,,,,,,,,,,,,,,,,,,,,,,,,,,,,,,,,,,,,,,,,,,,,,,,,,,,,,,,,,,,,,,,,,,,,,,,,,,,,,,,,,,,,,,,,,,,,,,,
1828,12,292.4,14.6,,,,,,,,,,,,,,,,,,,,,,,,,,,,,,,,,,,6.7,6.7,6.7,6.7,1,0.0,18,1.0,-6.33,-6.33,-6.33,-6.33,1,0.0,18,1.0,-2.18,-2.18,-2.18,-2.18,1,0.0,18,1.0,1016.0,1016.0,1016.0,1016.0,1,0.0,18,1.0,,,,,,,,,,,,,,,,,,,,,,,,,,,,,,,,,,,,,,,,,,,,,,,,,,,,,,,,,,,,,,,,,,,,,,,,,,,,,,,,,,,,,,,,,,,,,,,,,,,,,,,,,,,,,,,,,,,,,,,,,,,,,,,,,,
1828,12,292.4,16.6,,,,,,,,,,,,,,,,,,,,,,,,,,,,,,,,,,,9.3,9.3,9.3,9.3,1,0.0,18,1.0,-9.23,-9.23,-9.23,-9.23,1,0.0,18,1.0,-1.13,-1.13,-1.13,-1.13,1,0.0,18,1.0,1016.0,1016.0,1016.0,1016.0,1,0.0,18,1.0,,,,,,,,,,,,,,,,,,,,,,,,,,,,,,,,,,,,,,,,,,,,,,,,,,,,,,,,,,,,,,,,,,,,,,,,,,,,,,,,,,,,,,,,,,,,,,,,,,,,,,,,,,,,,,,,,,,,,,,,,,,,,,,,,,
1828,12,294.4,10.6,,,,,,,,,,,,,,,,,,,,,,,,,,,,,,,,,,,4.6,4.6,4.6,4.6,3,0.0,16,1.0,-4.53,-4.44,-4.4,-4.46,3,0.1,16,1.0,-1.15,-0.56,0.63,-0.26,3,1.33,16,1.0,1013.14,1014.3,1014.3,1013.73,3,0.98,16,1.0,,,,,,,,,,,,,,,,,,,,,,,,,,,,,,,,,,,,,,,,,,,,,,,,,,,,,,,,,,,,,,,,,,,,,,,,,,,,,,,,,,,,,,,,,,,,,,,,,,,,,,,,,,,,,,,,,,,,,,,,,,,,,,,,,,
1828,12,294.4,12.6,,,,,,,,,,,,,,,,,,,,,,,,,,,,,,,,,,,9.3,9.3,9.3,9.3,1,0.0,20,1.0,-8.84,-8.84,-8.84,-8.84,1,0.0,20,1.0,-2.87,-2.87,-2.87,-2.87,1,0.0,20,1.0,1014.3,1014.3,1014.3,1014.3,1,0.0,20,1.0,,,,,,,,,,,,,,,,,,,,,,,,,,,,,,,,,,,,,,,,,,,,,,,,,,,,,,,,,,,,,,,,,,,,,,,,,,,,,,,,,,,,,,,,,,,,,,,,,,,,,,,,,,,,,,,,,,,,,,,,,,,,,,,,,,
1828,12,294.4,14.6,,,,,,,,,,,,,,,,,,,,,,,,,,,,,,,,,,,4.6,4.6,7.65,5.96,5,2.08,26,1.0,-7.38,-4.35,-4.01,-5.53,5,2.31,26,1.0,-2.51,-1.5,-1.42,-1.91,5,0.73,26,1.0,1014.3,1014.3,1014.41,1014.36,5,0.13,26,1.0,,,,,,,,,,,,,,,,,,,,,,,,,,,,,,,,,,,,,,,,,,,,,,,,,,,,,,,,,,,,,,,,,,,,,,,,,,,,,,,,,,,,,,,,,,,,,,,,,,,,,,,,,,,,,,,,,,,,,,,,,,,,,,,,,,
1828,12,296.4,12.6,,,,,,,,,,,,,,,,,,,,,,,,,,,,,,,,,,,4.6,4.6,4.6,4.6,1,0.0,26,1.0,-4.59,-4.59,-4.59,-4.59,1,0.0,26,1.0,0.24,0.24,0.24,0.24,1,0.0,26,1.0,1014.3,1014.3,1014.3,1014.3,1,0.0,26,1.0,,,,,,,,,,,,,,,,,,,,,,,,,,,,,,,,,,,,,,,,,,,,,,,,,,,,,,,,,,,,,,,,,,,,,,,,,,,,,,,,,,,,,,,,,,,,,,,,,,,,,,,,,,,,,,,,,,,,,,,,,,,,,,,,,,
1828,12,296.4,14.6,,,,,,,,,,,,,,,,,,,,,,,,,,,,,,,,,,,4.6,4.6,4.6,4.6,2,0.0,28,1.0,-4.52,-4.36,-4.21,-4.36,2,0.32,28,1.0,0.52,1.13,1.73,1.13,2,1.26,28,1.0,1012.87,1013.45,1014.03,1013.45,2,1.2,28,1.0,,,,,,,,,,,,,,,,,,,,,,,,,,,,,,,,,,,,,,,,,,,,,,,,,,,,,,,,,,,,,,,,,,,,,,,,,,,,,,,,,,,,,,,,,,,,,,,,,,,,,,,,,,,,,,,,,,,,,,,,,,,,,,,,,,
1828,12,296.4,16.6,,,,,,,,,,,,,,,,,,,,,,,,,,,,,,,,,,,2.6,2.6,2.6,2.6,1,0.0,30,1.0,-2.46,-2.46,-2.46,-2.46,1,0.0,30,1.0,-0.85,-0.85,-0.85,-0.85,1,0.0,30,1.0,1016.0,1016.0,1016.0,1016.0,1,0.0,30,1.0,,,,,,,,,,,,,,,,,,,,,,,,,,,,,,,,,,,,,,,,,,,,,,,,,,,,,,,,,,,,,,,,,,,,,,,,,,,,,,,,,,,,,,,,,,,,,,,,,,,,,,,,,,,,,,,,,,,,,,,,,,,,,,,,,,
1828,12,298.4,10.6,,,,,,,,,,,,,,,,,,,,,,,,,,,,,,,,,,,4.6,4.6,4.6,4.6,1,0.0,2,1.0,-4.59,-4.59,-4.59,-4.59,1,0.0,2,1.0,0.24,0.24,0.24,0.24,1,0.0,2,1.0,1012.6,1012.6,1012.6,1012.6,1,0.0,2,1.0,,,,,,,,,,,,,,,,,,,,,,,,,,,,,,,,,,,,,,,,,,,,,,,,,,,,,,,,,,,,,,,,,,,,,,,,,,,,,,,,,,,,,,,,,,,,,,,,,,,,,,,,,,,,,,,,,,,,,,,,,,,,,,,,,,
1828,12,300.4,10.6,,,,,,,,,,,,,,,,,,,,,,,,,,,,,,,,,,,6.7,6.7,6.7,6.7,1,0.0,2,1.0,-6.69,-6.69,-6.69,-6.69,1,0.0,2,1.0,0.35,0.35,0.35,0.35,1,0.0,2,1.0,1012.6,1012.6,1012.6,1012.6,1,0.0,2,1.0,,,,,,,,,,,,,,,,,,,,,,,,,,,,,,,,,,,,,,,,,,,,,,,,,,,,,,,,,,,,,,,,,,,,,,,,,,,,,,,,,,,,,,,,,,,,,,,,,,,,,,,,,,,,,,,,,,,,,,,,,,,,,,,,,,
1828,12,316.4,-25.4,,,,,,,,,,,,,,,,,,,,,,,,,,,,,,,,,,,6.7,6.7,6.7,6.7,1,0.0,4,1.0,-2.73,-2.73,-2.73,-2.73,1,0.0,4,1.0,-6.12,-6.12,-6.12,-6.12,1,0.0,4,1.0,999.7,999.7,999.7,999.7,1,0.0,4,1.0,,,,,,,,,,,,,,,,,,,,,,,,,,,,,,,,,,,,,,,,,,,,,,,,,,,,,,,,,,,,,,,,,,,,,,,,,,,,,,,,,,,,,,,,,,,,,,,,,,,,,,,,,,,,,,,,,,,,,,,,,,,,,,,,,,
1828,12,318.4,-25.4,,,,,,,,,,,,,,,,,,,,,,,,,,,,,,,,,,,4.6,4.6,4.6,4.6,1,0.0,4,1.0,-0.96,-0.96,-0.96,-0.96,1,0.0,4,1.0,-4.5,-4.5,-4.5,-4.5,1,0.0,4,1.0,1001.1,1001.1,1001.1,1001.1,1,0.0,4,1.0,,,,,,,,,,,,,,,,,,,,,,,,,,,,,,,,,,,,,,,,,,,,,,,,,,,,,,,,,,,,,,,,,,,,,,,,,,,,,,,,,,,,,,,,,,,,,,,,,,,,,,,,,,,,,,,,,,,,,,,,,,,,,,,,,,
1828,12,332.4,-15.4,,,,,,,,,,,,,,,,,,,,,,,,,,,,,,,,,,,6.7,6.7,6.7,6.7,1,0.0,6,1.0,-6.25,-6.25,-6.25,-6.25,1,0.0,6,1.0,-2.4,-2.4,-2.4,-2.4,1,0.0,6,1.0,1014.3,1014.3,1014.3,1014.3,1,0.0,6,1.0,,,,,,,,,,,,,,,,,,,,,,,,,,,,,,,,,,,,,,,,,,,,,,,,,,,,,,,,,,,,,,,,,,,,,,,,,,,,,,,,,,,,,,,,,,,,,,,,,,,,,,,,,,,,,,,,,,,,,,,,,,,,,,,,,,
1828,12,334.4,-21.4,,,,,,,,,,,,,,,,,,,,,,,,,,,,,,,,,,,6.7,6.7,6.7,6.7,1,0.0,10,1.0,-5.74,-5.74,-5.74,-5.74,1,0.0,10,1.0,-3.45,-3.45,-3.45,-3.45,1,0.0,10,1.0,1019.7,1019.7,1019.7,1019.7,1,0.0,10,1.0,,,,,,,,,,,,,,,,,,,,,,,,,,,,,,,,,,,,,,,,,,,,,,,,,,,,,,,,,,,,,,,,,,,,,,,,,,,,,,,,,,,,,,,,,,,,,,,,,,,,,,,,,,,,,,,,,,,,,,,,,,,,,,,,,,
1828,12,334.4,-19.4,,,,,,,,,,,,,,,,,,,,,,,,,,,,,,,,,,,4.6,4.6,4.6,4.6,1,0.0,8,1.0,-3.36,-3.36,-3.36,-3.36,1,0.0,8,1.0,-3.14,-3.14,-3.14,-3.14,1,0.0,8,1.0,1019.4,1019.4,1019.4,1019.4,1,0.0,8,1.0,,,,,,,,,,,,,,,,,,,,,,,,,,,,,,,,,,,,,,,,,,,,,,,,,,,,,,,,,,,,,,,,,,,,,,,,,,,,,,,,,,,,,,,,,,,,,,,,,,,,,,,,,,,,,,,,,,,,,,,,,,,,,,,,,,
1828,12,334.4,-7.4,,,,,,,,,,,,,,,,,,,,,,,,,,,,,,,,,,,4.6,4.6,4.6,4.6,1,0.0,4,1.0,-3.81,-3.81,-3.81,-3.81,1,0.0,4,1.0,2.57,2.57,2.57,2.57,1,0.0,4,1.0,1015.3,1015.3,1015.3,1015.3,1,0.0,4,1.0,,,,,,,,,,,,,,,,,,,,,,,,,,,,,,,,,,,,,,,,,,,,,,,,,,,,,,,,,,,,,,,,,,,,,,,,,,,,,,,,,,,,,,,,,,,,,,,,,,,,,,,,,,,,,,,,,,,,,,,,,,,,,,,,,,
1828,12,334.4,-5.4,,,,,,,,,,,,,,,,,,,,,,,,,,,,,,,,,,,9.3,9.3,9.3,9.3,1,0.0,4,1.0,-8.62,-8.62,-8.62,-8.62,1,0.0,4,1.0,3.48,3.48,3.48,3.48,1,0.0,4,1.0,1014.3,1014.3,1014.3,1014.3,1,0.0,4,1.0,,,,,,,,,,,,,,,,,,,,,,,,,,,,,,,,,,,,,,,,,,,,,,,,,,,,,,,,,,,,,,,,,,,,,,,,,,,,,,,,,,,,,,,,,,,,,,,,,,,,,,,,,,,,,,,,,,,,,,,,,,,,,,,,,,
1828,12,336.4,-3.4,,,,,,,,,,,,,,,,,,,,,,,,,,,,,,,,,,,6.7,6.7,6.7,6.7,1,0.0,2,1.0,-4.98,-4.98,-4.98,-4.98,1,0.0,2,1.0,4.48,4.48,4.48,4.48,1,0.0,2,1.0,1014.3,1014.3,1014.3,1014.3,1,0.0,2,1.0,,,,,,,,,,,,,,,,,,,,,,,,,,,,,,,,,,,,,,,,,,,,,,,,,,,,,,,,,,,,,,,,,,,,,,,,,,,,,,,,,,,,,,,,,,,,,,,,,,,,,,,,,,,,,,,,,,,,,,,,,,,,,,,,,,
1828,12,342.4,-27.4,,,,,,,,,,,,,,,,,,,,,,,,,,,,,,,,,,,2.6,2.6,2.6,2.6,1,0.0,14,1.0,-1.34,-1.34,-1.34,-1.34,1,0.0,14,1.0,-2.23,-2.23,-2.23,-2.23,1,0.0,14,1.0,1020.7,1020.7,1020.7,1020.7,1,0.0,14,1.0,,,,,,,,,,,,,,,,,,,,,,,,,,,,,,,,,,,,,,,,,,,,,,,,,,,,,,,,,,,,,,,,,,,,,,,,,,,,,,,,,,,,,,,,,,,,,,,,,,,,,,,,,,,,,,,,,,,,,,,,,,,,,,,,,,
1828,12,342.4,-25.4,,,,,,,,,,,,,,,,,,,,,,,,,,,,,,,,,,,2.6,2.6,2.6,2.6,1,0.0,14,1.0,-2.18,-2.18,-2.18,-2.18,1,0.0,14,1.0,-1.42,-1.42,-1.42,-1.42,1,0.0,14,1.0,1020.7,1020.7,1020.7,1020.7,1,0.0,14,1.0,,,,,,,,,,,,,,,,,,,,,,,,,,,,,,,,,,,,,,,,,,,,,,,,,,,,,,,,,,,,,,,,,,,,,,,,,,,,,,,,,,,,,,,,,,,,,,,,,,,,,,,,,,,,,,,,,,,,,,,,,,,,,,,,,,
1828,12,344.4,-31.4,,,,,,,,,,,,,,,,,,,,,,,,,,,,,,,,,,,9.3,9.3,9.3,9.3,1,0.0,18,1.0,7.89,7.89,7.89,7.89,1,0.0,18,1.0,-4.93,-4.93,-4.93,-4.93,1,0.0,18,1.0,1023.1,1023.1,1023.1,1023.1,1,0.0,18,1.0,,,,,,,,,,,,,,,,,,,,,,,,,,,,,,,,,,,,,,,,,,,,,,,,,,,,,,,,,,,,,,,,,,,,,,,,,,,,,,,,,,,,,,,,,,,,,,,,,,,,,,,,,,,,,,,,,,,,,,,,,,,,,,,,,,
1828,12,344.4,-29.4,,,,,,,,,,,,,,,,,,,,,,,,,,,,,,,,,,,2.6,2.6,2.6,2.6,1,0.0,18,1.0,1.49,1.49,1.49,1.49,1,0.0,18,1.0,-2.13,-2.13,-2.13,-2.13,1,0.0,18,1.0,1022.1,1022.1,1022.1,1022.1,1,0.0,18,1.0,,,,,,,,,,,,,,,,,,,,,,,,,,,,,,,,,,,,,,,,,,,,,,,,,,,,,,,,,,,,,,,,,,,,,,,,,,,,,,,,,,,,,,,,,,,,,,,,,,,,,,,,,,,,,,,,,,,,,,,,,,,,,,,,,,
1828,12,348.4,-33.4,,,,,,,,,,,,,,,,,,,,,,,,,,,,,,,,,,,9.3,9.3,9.3,9.3,1,0.0,20,1.0,1.29,1.29,1.29,1.29,1,0.0,20,1.0,9.21,9.21,9.21,9.21,1,0.0,20,1.0,1019.4,1019.4,1019.4,1019.4,1,0.0,20,1.0,,,,,,,,,,,,,,,,,,,,,,,,,,,,,,,,,,,,,,,,,,,,,,,,,,,,,,,,,,,,,,,,,,,,,,,,,,,,,,,,,,,,,,,,,,,,,,,,,,,,,,,,,,,,,,,,,,,,,,,,,,,,,,,,,,
1828,12,348.4,-31.4,,,,,,,,,,,,,,,,,,,,,,,,,,,,,,,,,,,6.7,6.7,6.7,6.7,1,0.0,20,1.0,0.82,0.82,0.82,0.82,1,0.0,20,1.0,6.65,6.65,6.65,6.65,1,0.0,20,1.0,1020.7,1020.7,1020.7,1020.7,1,0.0,20,1.0,,,,,,,,,,,,,,,,,,,,,,,,,,,,,,,,,,,,,,,,,,,,,,,,,,,,,,,,,,,,,,,,,,,,,,,,,,,,,,,,,,,,,,,,,,,,,,,,,,,,,,,,,,,,,,,,,,,,,,,,,,,,,,,,,,
1828,12,352.4,-33.4,,,,,,,,,,,,,,,,,,,,,,,,,,,,,,,,,,,6.7,6.7,6.7,6.7,1,0.0,22,1.0,6.67,6.67,6.67,6.67,1,0.0,22,1.0,-0.58,-0.58,-0.58,-0.58,1,0.0,22,1.0,1016.0,1016.0,1016.0,1016.0,1,0.0,22,1.0,,,,,,,,,,,,,,,,,,,,,,,,,,,,,,,,,,,,,,,,,,,,,,,,,,,,,,,,,,,,,,,,,,,,,,,,,,,,,,,,,,,,,,,,,,,,,,,,,,,,,,,,,,,,,,,,,,,,,,,,,,,,,,,,,,
