Year,Month,Longitude,Latitude,S-S1,S-Median,S-S5,S-Mean,S-Observation number,S-Standard deviation,S-Mean day of the month,S-Fraction of daylight observations,A-S1,A-Median,A-S5,A-Mean,A-Observation number,A-Standard deviation,A-Mean day of the month,A-Fraction of daylight observations,Q-S1,Q-Median,Q-S5,Q-Mean,Q-Observation number,Q-Standard deviation,Q-Mean day of the month,Q-Fraction of daylight observations,R-S1_x,R-Median_x,R-S5_x,R-Mean_x,R-Observation number_x,R-Standard deviation_x,R-Mean day of the month_x,R-Fraction of daylight observations_x,R-Mean Longitude_x,R-Mean Latitude_x,W-S1,W-Median,W-S5,W-Mean,W-Observation number,W-Standard deviation,W-Mean day of the month,W-Fraction of daylight observations,U-S1,U-Median,U-S5,U-Mean,U-Observation number,U-Standard deviation,U-Mean day of the month,U-Fraction of daylight observations,V-S1,V-Median,V-S5,V-Mean,V-Observation number,V-Standard deviation,V-Mean day of the month,V-Fraction of daylight observations,P-S1,P-Median,P-S5,P-Mean,P-Observation number,P-Standard deviation,P-Mean day of the month,P-Fraction of daylight observations,C-S1,C-Median,C-S5,C-Mean,C-Observation number,C-Standard deviation,C-Mean day of the month,C-Fraction of daylight observations,R-S1_y,R-Median_y,R-S5_y,R-Mean_y,R-Observation number_y,R-Standard deviation_y,R-Mean day of the month_y,R-Fraction of daylight observations_y,R-Mean Longitude_y,R-Mean Latitude_y,X=W*U-S1,X=W*U-Median,X=W*U-S5,X=W*U-Mean,X=W*U-Observation number,X=W*U-Standard deviation,X=W*U-Mean day of the month,X=W*U-Fraction of daylight observations,Y=W*V-S1,Y=W*V-Median,Y=W*V-S5,Y=W*V-Mean,Y=W*V-Observation number,Y=W*V-Standard deviation,Y=W*V-Mean day of the month,Y=W*V-Fraction of daylight observations,D=S-A-S1,D=S-A-Median,D=S-A-S5,D=S-A-Mean,D=S-A-Observation number,D=S-A-Standard deviation,D=S-A-Mean day of the month,D=S-A-Fraction of daylight observations,E=(S-A)*W-S1,E=(S-A)*W-Median,E=(S-A)*W-S5,E=(S-A)*W-Mean,E=(S-A)*W-Observation number,E=(S-A)*W-Standard deviation,E=(S-A)*W-Mean day of the month,E=(S-A)*W-Fraction of daylight observations,F=QS-Q-S1,F=QS-Q-Median,F=QS-Q-S5,F=QS-Q-Mean,F=QS-Q-Observation number,F=QS-Q-Standard deviation,F=QS-Q-Mean day of the month,F=QS-Q-Fraction of daylight observations,G=(QS-Q)*W-S1,G=(QS-Q)*W-Median,G=(QS-Q)*W-S5,G=(QS-Q)*W-Mean,G=(QS-Q)*W-Observation number,G=(QS-Q)*W-Standard deviation,G=(QS-Q)*W-Mean day of the month,G=(QS-Q)*W-Fraction of daylight observations,I=U*A-S1,I=U*A-Median,I=U*A-S5,I=U*A-Mean,I=U*A-Observation number,I=U*A-Standard deviation,I=U*A-Mean day of the month,I=U*A-Fraction of daylight observations,J=V*A-S1,J=V*A-Median,J=V*A-S5,J=V*A-Mean,J=V*A-Observation number,J=V*A-Standard deviation,J=V*A-Mean day of the month,J=V*A-Fraction of daylight observations,K=U*Q-S1,K=U*Q-Median,K=U*Q-S5,K=U*Q-Mean,K=U*Q-Observation number,K=U*Q-Standard deviation,K=U*Q-Mean day of the month,K=U*Q-Fraction of daylight observations,L=V*Q-S1,L=V*Q-Median,L=V*Q-S5,L=V*Q-Mean,L=V*Q-Observation number,L=V*Q-Standard deviation,L=V*Q-Mean day of the month,L=V*Q-Fraction of daylight observations,M=(QS-Q)*U-S1,M=(QS-Q)*U-Median,M=(QS-Q)*U-S5,M=(QS-Q)*U-Mean,M=(QS-Q)*U-Observation number,M=(QS-Q)*U-Standard deviation,M=(QS-Q)*U-Mean day of the month,M=(QS-Q)*U-Fraction of daylight observations,N=(QS-Q)*V-S1,N=(QS-Q)*V-Median,N=(QS-Q)*V-S5,N=(QS-Q)*V-Mean,N=(QS-Q)*V-Observation number,N=(QS-Q)*V-Standard deviation,N=(QS-Q)*V-Mean day of the month,N=(QS-Q)*V-Fraction of daylight observations,B1=W*W*W-S1,B1=W*W*W-Median,B1=W*W*W-S5,B1=W*W*W-Mean,B1=W*W*W-Observation number,B1=W*W*W-Standard deviation,B1=W*W*W-Mean day of the month,B1=W*W*W-Fraction of daylight observations,B2=W*W*W-S1,B2=W*W*W-Median,B2=W*W*W-S5,B2=W*W*W-Mean,B2=W*W*W-Observation number,B2=W*W*W-Standard deviation,B2=W*W*W-Mean day of the month,B2=W*W*W-Fraction of daylight observations
1887,9,0.3,-41.4,,,,,,,,,,,,,,,,,,,,,,,,,,,,,,,,,,,3.46,6.7,14.85,8.18,10.0,6.05,16.0,0.8,-2.57,-0.86,13.41,3.69,10.0,8.28,16.0,0.8,-6.71,-4.67,-2.61,-4.63,10.0,1.9,16.0,0.8,998.19,1013.9,1016.23,1010.6,7.0,8.93,12.0,0.7,,,,,,,,,,,,,,,,,,,,,,,,,,,,,,,,,,,,,,,,,,,,,,,,,,,,,,,,,,,,,,,,,,,,,,,,,,,,,,,,,,,,,,,,,,,,,,,,,,,,,,,,,,,,,,,,,,,,,,,,,,,,,,,,,,
1887,9,0.3,-39.4,,,,,,,,,,,,,,,,,,,,,,,,,,,,,,,,,,,2.6,5.65,12.3,7.24,14.0,5.05,14.0,0.5,-2.16,5.38,10.31,5.0,14.0,6.38,14.0,0.5,-1.45,-0.35,3.62,0.43,14.0,3.75,14.0,0.5,1015.47,1016.8,1018.43,1016.94,13.0,1.47,14.0,0.5,,,,,,,,,,,,,,,,,,,,,,,,,,,,,,,,,,,,,,,,,,,,,,,,,,,,,,,,,,,,,,,,,,,,,,,,,,,,,,,,,,,,,,,,,,,,,,,,,,,,,,,,,,,,,,,,,,,,,,,,,,,,,,,,,,
1887,9,0.3,-37.4,,,,,,,,,,,,,,,,,,,,,,,,,,,,,,,,,,,15.4,15.4,15.4,15.4,5.0,0.0,8.0,0.0,10.89,10.89,10.89,10.89,5.0,0.0,8.0,0.0,2.94,10.89,10.89,6.53,5.0,9.74,8.0,0.0,1008.3,1008.3,1008.34,1008.32,5.0,0.04,8.0,0.0,,,,,,,,,,,,,,,,,,,,,,,,,,,,,,,,,,,,,,,,,,,,,,,,,,,,,,,,,,,,,,,,,,,,,,,,,,,,,,,,,,,,,,,,,,,,,,,,,,,,,,,,,,,,,,,,,,,,,,,,,,,,,,,,,,
1887,9,0.3,-25.4,,,,,,,,,,,,,,,,,,,,,,,,,,,,,,,,,,,2.6,3.6,9.3,5.13,14.0,3.17,22.0,0.3,-5.85,-2.66,-1.45,-3.2,14.0,1.99,22.0,0.3,1.42,2.28,7.23,3.85,14.0,2.72,22.0,0.3,1020.0,1021.1,1026.82,1022.43,11.0,3.0,24.0,0.3,,,,,,,,,,,,,,,,,,,,,,,,,,,,,,,,,,,,,,,,,,,,,,,,,,,,,,,,,,,,,,,,,,,,,,,,,,,,,,,,,,,,,,,,,,,,,,,,,,,,,,,,,,,,,,,,,,,,,,,,,,,,,,,,,,
1887,9,0.3,-23.4,16.76,17.2,17.68,17.26,11.0,0.42,24.0,0.8,16.64,17.5,19.43,17.78,13.0,1.33,20.0,0.8,9.54,10.36,11.09,10.32,4.0,1.14,4.0,0.8,83.7,89.5,91.9,87.8,4.0,6.4,4.0,0.8,0.5,0.9,1.0,4.6,5.13,3.85,12.0,2.61,22.0,0.8,-3.87,-0.83,-0.28,-2.13,12.0,2.34,22.0,0.8,0.87,3.02,4.53,2.95,12.0,1.76,22.0,0.8,1017.9,1019.25,1022.76,1019.97,14.0,2.35,18.0,0.7,4.0,4.0,7.0,4.9,15.0,2.0,18.0,0.7,83.7,89.5,91.9,87.8,4.0,6.4,4.0,0.8,0.5,0.9,-20.5,-2.9,-0.3,-13.0,12.0,20.0,22.0,0.8,0.9,13.9,23.3,15.3,12.0,15.4,22.0,0.8,,,,,,,,,,,,,,,,,,,,,,,,,,,,,,,,,-55.4,-11.7,-3.1,-30.0,10.0,41.3,26.0,0.8,15.7,45.8,87.2,50.3,10.0,34.8,26.0,0.8,-35.6,-35.6,-35.6,-35.6,1.0,0.0,4.0,1.0,31.0,31.0,31.0,31.0,1.0,0.0,4.0,1.0,,,,,,,,,,,,,,,,,,,,,,,,,,,,,,,,
1887,9,0.3,-21.4,,,,,,,,,,,,,,,,,,,,,,,,,,,,,,,,,,,2.6,4.6,4.7,4.33,7.0,1.41,16.0,0.0,-3.53,-3.47,-1.96,-3.17,7.0,1.0,16.0,0.0,1.83,3.02,3.32,2.94,7.0,1.01,16.0,0.0,1016.78,1019.1,1020.6,1018.7,3.0,2.82,30.0,0.0,6.8,7.0,7.2,7.0,6.0,0.6,16.0,0.0,83.5,83.5,83.5,83.5,1.0,0.0,4.0,0.0,0.1,0.1,-16.7,-16.0,-5.1,-14.9,7.0,9.0,16.0,0.0,4.8,13.9,15.8,13.9,7.0,9.1,16.0,0.0,,,,,,,,,,,,,,,,,,,,,,,,,,,,,,,,,,,,,,,,,,,,,,,,,,,,,,,,,,,,,,,,,,,,,,,,,,,,,,,,,,,,,,,,,,,,,,,,
1887,9,0.3,-3.4,,,,,,,,,,,,,,,,,,,,,,,,,,,,,,,,,,,2.6,2.6,2.6,2.6,4.0,0.0,10.0,0.8,1.02,1.02,1.02,1.02,4.0,0.0,10.0,0.8,2.39,2.39,2.39,2.39,4.0,0.0,10.0,0.8,1014.0,1014.05,1014.1,1014.05,4.0,0.06,10.0,0.8,,,,,,,,,,,,,,,,,,,,,,,,,,,,,,,,,,,,,,,,,,,,,,,,,,,,,,,,,,,,,,,,,,,,,,,,,,,,,,,,,,,,,,,,,,,,,,,,,,,,,,,,,,,,,,,,,,,,,,,,,,,,,,,,,,
1887,9,0.3,-1.4,,,,,,,,,,,,,,,,,,,,,,,,,,,,,,,,,,,4.6,4.6,4.6,4.6,2.0,0.0,10.0,0.0,1.8,1.8,1.8,1.8,2.0,0.0,10.0,0.0,4.23,4.23,4.23,4.23,2.0,0.0,10.0,0.0,1014.0,1014.0,1014.0,1014.0,2.0,0.0,10.0,0.0,,,,,,,,,,,,,,,,,,,,,,,,,,,,,,,,,,,,,,,,,,,,,,,,,,,,,,,,,,,,,,,,,,,,,,,,,,,,,,,,,,,,,,,,,,,,,,,,,,,,,,,,,,,,,,,,,,,,,,,,,,,,,,,,,,
1887,9,0.3,36.6,,,,,,,,,,,,,,,,,,,,,,,,,,,,,,,,,,,2.6,2.6,2.6,2.6,1.0,0.0,4.0,1.0,-2.6,-2.6,-2.6,-2.6,1.0,0.0,4.0,1.0,0.0,0.0,0.0,0.0,1.0,0.0,4.0,1.0,1013.06,1013.4,1013.74,1013.4,2.0,0.71,4.0,0.5,,,,,,,,,,,,,,,,,,,,,,,,,,,,,,,,,,,,,,,,,,,,,,,,,,,,,,,,,,,,,,,,,,,,,,,,,,,,,,,,,,,,,,,,,,,,,,,,,,,,,,,,,,,,,,,,,,,,,,,,,,,,,,,,,,
1887,9,0.3,38.6,22.8,24.8,26.0,24.55,45.0,1.51,14.0,0.4,23.69,25.3,27.4,25.35,45.0,2.0,14.0,0.4,12.42,16.31,19.39,16.14,8.0,3.09,14.0,0.4,76.2,83.2,91.3,83.2,8.0,6.5,14.0,0.4,0.5,0.5,0.51,2.6,6.7,3.93,42.0,3.33,14.0,0.4,-3.44,0.0,1.18,-0.63,42.0,3.27,14.0,0.4,-4.67,0.0,2.6,-0.33,42.0,3.96,14.0,0.4,1011.37,1014.3,1019.33,1014.35,37.0,4.41,14.0,0.4,2.0,2.0,6.0,3.0,45.0,2.1,14.0,0.4,76.2,83.2,91.3,83.2,8.0,6.5,14.0,0.4,0.5,0.5,-17.2,0.0,3.8,-3.6,42.0,30.9,14.0,0.4,-26.4,0.0,7.5,-6.9,42.0,32.8,14.0,0.4,-2.2,-0.6,0.4,-0.8,45.0,1.19,14.0,0.4,-7.1,-1.0,0.7,-2.5,42.0,5.5,14.0,0.4,1.43,3.3,4.21,2.89,8.0,1.27,14.0,0.4,3.0,6.9,29.5,15.8,6.0,19.8,8.0,0.3,-82.4,0.0,29.9,-15.5,42.0,78.2,14.0,0.4,-123.8,0.0,72.1,-5.0,42.0,96.7,14.0,0.4,-36.9,4.7,44.7,14.0,6.0,62.9,8.0,0.3,-18.5,25.8,59.6,21.0,6.0,59.7,8.0,0.3,-3.7,-0.1,13.3,6.8,6.0,19.5,8.0,0.3,-5.6,3.3,9.1,1.4,6.0,15.9,8.0,0.3,0.5,17.5,301.0,217.0,42.0,430.0,14.0,0.4,0.0,20.0,300.0,215.0,42.0,430.0,14.0,0.4
1887,9,0.3,40.6,,,,,,,,,,,,,,,,,,,,,,,,,,,,,,,,,,,0.63,2.6,5.37,2.98,5.0,2.71,12.0,0.8,-1.55,0.0,2.52,0.47,5.0,3.73,12.0,0.8,0.58,1.8,2.54,1.57,5.0,1.1,12.0,0.8,1012.95,1017.25,1019.71,1016.38,4.0,4.2,14.0,1.0,,,,,,,,,,,,,,,,,,,,,,,,,,,,,,,,,,,,,,,,,,,,,,,,,,,,,,,,,,,,,,,,,,,,,,,,,,,,,,,,,,,,,,,,,,,,,,,,,,,,,,,,,,,,,,,,,,,,,,,,,,,,,,,,,,
1887,9,0.3,48.6,,,,,,,,,,,,,,,,,,,,,,,,,,,,,,,,,,,9.3,9.3,9.3,9.3,1.0,0.0,24.0,1.0,-8.43,-8.43,-8.43,-8.43,1.0,0.0,24.0,1.0,-3.93,-3.93,-3.93,-3.93,1.0,0.0,24.0,1.0,1032.8,1032.8,1032.8,1032.8,1.0,0.0,24.0,1.0,2.0,2.0,2.0,2.0,1.0,0.0,24.0,1.0,94.3,94.3,94.3,94.3,1.0,0.0,24.0,1.0,0.9,1.0,-78.4,-78.4,-78.4,-78.4,1.0,0.0,24.0,1.0,-36.6,-36.6,-36.6,-36.6,1.0,0.0,24.0,1.0,,,,,,,,,,,,,,,,,,,,,,,,,,,,,,,,,-112.1,-112.1,-112.1,-112.1,1.0,0.0,24.0,1.0,-52.3,-52.3,-52.3,-52.3,1.0,0.0,24.0,1.0,-73.8,-73.8,-73.8,-73.8,1.0,0.0,24.0,1.0,-34.4,-34.4,-34.4,-34.4,1.0,0.0,24.0,1.0,,,,,,,,,,,,,,,,,,,,,,,,,,,,,,,,
1887,9,0.3,50.6,14.44,15.6,16.1,15.31,10.0,0.94,16.0,0.5,11.51,13.6,16.1,13.78,18.0,1.85,18.0,0.4,8.74,9.4,9.97,9.32,5.0,0.74,26.0,0.4,96.0,100.0,100.0,98.2,5.0,2.8,26.0,0.4,0.6,0.3,4.6,6.7,11.78,7.99,21.0,3.6,16.0,0.5,-3.25,5.6,9.76,3.61,21.0,6.97,16.0,0.5,-4.6,-1.84,3.43,-0.96,21.0,4.1,16.0,0.5,1003.62,1016.3,1033.23,1015.27,13.0,12.58,20.0,0.5,0.7,4.0,8.0,4.4,22.0,3.0,16.0,0.5,96.0,100.0,100.0,98.2,5.0,2.8,26.0,0.4,0.6,0.3,-15.0,41.3,116.1,40.8,21.0,84.0,16.0,0.5,-36.6,-8.6,36.7,-8.4,21.0,41.1,16.0,0.5,,,,,,,,,,,,,,,,,,,,,,,,,,,,,,,,,-118.2,11.3,96.6,6.4,12.0,95.5,20.0,0.4,-65.5,-22.7,53.3,-9.6,12.0,66.4,20.0,0.4,-84.0,-80.1,-8.7,-47.9,4.0,67.1,24.0,0.3,-39.2,-37.4,19.6,-11.0,4.0,53.9,24.0,0.3,,,,,,,,,,,,,,,,,,,,,,,,,,,,,,,,
1887,9,2.3,-41.4,,,,,,,,,,,,,,,,,,,,,,,,,,,,,,,,,,,5.5,10.8,14.07,9.86,10.0,5.55,16.0,0.4,-6.0,-2.69,12.53,1.47,10.0,9.46,16.0,0.4,-9.62,-4.94,0.0,-4.81,10.0,4.61,16.0,0.4,1011.32,1013.6,1016.64,1014.22,5.0,3.88,8.0,0.6,,,,,,,,,,,,,,,,,,,,,,,,,,,,,,,,,,,,,,,,,,,,,,,,,,,,,,,,,,,,,,,,,,,,,,,,,,,,,,,,,,,,,,,,,,,,,,,,,,,,,,,,,,,,,,,,,,,,,,,,,,,,,,,,,,
1887,9,2.3,-39.4,,,,,,,,,,,,,,,,,,,,,,,,,,,,,,,,,,,4.83,8.0,11.97,8.36,8.0,4.13,18.0,0.5,0.24,5.65,7.6,4.2,8.0,4.09,18.0,0.5,-11.32,-0.71,0.0,-3.39,8.0,6.86,18.0,0.5,1017.3,1018.4,1019.36,1018.48,8.0,1.23,18.0,0.5,,,,,,,,,,,,,,,,,,,,,,,,,,,,,,,,,,,,,,,,,,,,,,,,,,,,,,,,,,,,,,,,,,,,,,,,,,,,,,,,,,,,,,,,,,,,,,,,,,,,,,,,,,,,,,,,,,,,,,,,,,,,,,,,,,
1887,9,2.3,-37.4,,,,,,,,,,,,,,,,,,,,,,,,,,,,,,,,,,,14.27,15.4,15.4,14.78,5.0,1.39,10.0,1.0,10.09,10.89,14.28,11.81,5.0,2.43,10.0,1.0,5.77,8.7,10.89,8.4,5.0,2.57,10.0,1.0,1008.4,1008.4,1008.4,1008.4,5.0,0.0,10.0,1.0,,,,,,,,,,,,,,,,,,,,,,,,,,,,,,,,,,,,,,,,,,,,,,,,,,,,,,,,,,,,,,,,,,,,,,,,,,,,,,,,,,,,,,,,,,,,,,,,,,,,,,,,,,,,,,,,,,,,,,,,,,,,,,,,,,
1887,9,2.3,-27.4,,,,,,,,,,,,,,,,,,,,,,,,,,,,,,,,,,,9.78,10.8,11.82,10.8,2.0,2.12,28.0,0.0,-9.92,-9.06,-8.2,-9.06,2.0,1.78,28.0,0.0,5.32,5.88,6.44,5.88,2.0,1.16,28.0,0.0,1019.79,1020.2,1020.61,1020.2,2.0,0.85,28.0,0.0,,,,,,,,,,,,,,,,,,,,,,,,,,,,,,,,,,,,,,,,,,,,,,,,,,,,,,,,,,,,,,,,,,,,,,,,,,,,,,,,,,,,,,,,,,,,,,,,,,,,,,,,,,,,,,,,,,,,,,,,,,,,,,,,,,
1887,9,2.3,-25.4,,,,,,,,,,,,,,,,,,,,,,,,,,,,,,,,,,,6.7,6.7,9.3,7.14,13.0,1.36,18.0,0.7,-5.21,-4.37,-3.15,-4.31,13.0,0.8,18.0,0.7,4.16,5.21,8.21,5.49,13.0,1.92,18.0,0.7,1020.57,1027.05,1027.48,1025.38,12.0,3.32,18.0,0.8,,,,,,,,,,,,,,,,,,,,,,,,,,,,,,,,,,,,,,,,,,,,,,,,,,,,,,,,,,,,,,,,,,,,,,,,,,,,,,,,,,,,,,,,,,,,,,,,,,,,,,,,,,,,,,,,,,,,,,,,,,,,,,,,,,
1887,9,2.3,-23.4,15.6,16.2,17.2,16.44,9.0,0.91,18.0,0.6,16.04,16.55,17.83,16.89,10.0,1.17,14.0,0.4,9.56,10.04,10.96,10.25,6.0,0.83,4.0,0.5,87.0,89.1,89.3,88.1,6.0,2.3,4.0,0.5,0.5,0.2,0.0,1.0,4.82,2.41,7.0,3.41,22.0,0.4,-3.7,-0.93,0.03,-1.69,7.0,2.75,22.0,0.4,-0.37,0.0,3.1,1.27,7.0,2.38,22.0,0.4,1018.2,1019.6,1019.6,1019.07,16.0,0.94,12.0,0.4,3.0,3.0,5.3,3.7,15.0,1.9,12.0,0.5,87.0,89.1,89.3,88.1,6.0,2.3,4.0,0.5,0.5,0.2,-18.6,-0.9,0.0,-11.9,7.0,24.7,22.0,0.4,-0.4,0.0,15.6,9.9,7.0,20.8,22.0,0.4,,,,,,,,,,,,,,,,,,,,,,,,,,,,,,,,,,,,,,,,,,,,,,,,,,,,,,,,,,,,,,,,,,,,,,,,,,,,,,,,,,,,,,,,,,,,,,,,
1887,9,2.3,-3.4,,,,,,,,,,,,,,,,,,,,,,,,,,,,,,,,,,,2.6,2.6,2.6,2.6,6.0,0.0,8.0,0.3,1.02,1.84,2.41,1.76,6.0,0.63,8.0,0.3,0.97,1.84,2.39,1.74,6.0,0.64,8.0,0.3,1014.11,1014.8,1016.56,1015.09,8.0,1.14,8.0,0.4,,,,,,,,,,,,,,,,,,,,,,,,,,,,,,,,,,,,,,,,,,,,,,,,,,,,,,,,,,,,,,,,,,,,,,,,,,,,,,,,,,,,,,,,,,,,,,,,,,,,,,,,,,,,,,,,,,,,,,,,,,,,,,,,,,
1887,9,2.3,36.6,,,,,,,,,,,,,,,,,,,,,,,,,,,,,,,,,,,0.16,0.5,0.84,0.5,2.0,0.71,4.0,0.0,0.0,0.0,0.0,0.0,2.0,0.0,4.0,0.0,0.16,0.5,0.84,0.5,2.0,0.71,4.0,0.0,1013.5,1013.5,1013.5,1013.5,2.0,0.0,4.0,0.0,,,,,,,,,,,,,,,,,,,,,,,,,,,,,,,,,,,,,,,,,,,,,,,,,,,,,,,,,,,,,,,,,,,,,,,,,,,,,,,,,,,,,,,,,,,,,,,,,,,,,,,,,,,,,,,,,,,,,,,,,,,,,,,,,,
1887,9,2.3,38.6,24.93,25.0,25.0,24.97,3.0,0.06,10.0,0.7,25.39,25.8,25.87,25.63,3.0,0.38,10.0,0.7,16.25,16.25,16.25,16.25,1.0,0.0,2.0,1.0,78.1,78.1,78.1,78.1,1.0,0.0,2.0,1.0,0.1,1.0,2.6,2.6,5.4,3.97,3.0,2.37,10.0,0.7,-1.76,-1.6,2.05,0.1,3.0,3.16,10.0,0.7,-1.98,-1.84,3.21,0.56,3.0,4.33,10.0,0.7,1011.93,1013.7,1017.45,1014.67,3.0,4.14,10.0,0.7,3.0,5.0,5.7,4.3,3.0,2.1,10.0,0.7,78.1,78.1,78.1,78.1,1.0,0.0,2.0,1.0,0.1,1.0,-4.6,-4.2,15.8,5.4,3.0,17.1,10.0,0.7,-5.2,-4.8,23.9,9.0,3.0,24.4,10.0,0.7,-0.94,-0.8,-0.39,-0.67,3.0,0.42,10.0,0.7,-5.2,-2.1,-1.0,-3.1,3.0,3.2,10.0,0.7,3.39,3.39,3.39,3.39,1.0,0.0,2.0,1.0,22.7,22.7,22.7,22.7,1.0,0.0,2.0,1.0,-44.7,-41.3,53.1,3.1,3.0,81.4,10.0,0.7,-50.8,-46.3,83.5,14.9,3.0,111.7,10.0,0.7,60.9,60.9,60.9,60.9,1.0,0.0,2.0,1.0,90.3,90.3,90.3,90.3,1.0,0.0,2.0,1.0,12.7,12.7,12.7,12.7,1.0,0.0,2.0,1.0,18.8,18.8,18.8,18.8,1.0,0.0,2.0,1.0,17.5,17.5,211.0,112.0,3.0,163.5,10.0,0.7,20.0,20.0,210.0,110.0,3.0,165.0,10.0,0.7
1887,9,2.3,40.6,21.07,23.6,25.41,23.28,38.0,2.0,14.0,0.6,21.65,23.75,26.4,23.62,38.0,2.44,14.0,0.6,11.99,12.66,14.66,13.3,4.0,1.92,16.0,0.8,67.9,79.1,87.6,77.8,4.0,12.8,16.0,0.8,0.7,0.3,1.0,2.6,9.3,4.72,35.0,4.07,12.0,0.6,-4.68,-0.71,1.84,-0.48,35.0,4.41,12.0,0.6,-5.59,0.0,2.42,-1.0,35.0,4.33,12.0,0.6,1010.99,1013.95,1019.52,1014.2,32.0,3.87,14.0,0.6,0.9,2.0,6.1,3.3,38.0,2.5,14.0,0.6,67.9,79.1,87.6,77.8,4.0,12.8,16.0,0.8,0.7,0.3,-29.2,-0.7,4.8,-4.0,35.0,47.5,12.0,0.6,-49.5,0.0,6.3,-17.0,35.0,46.4,12.0,0.6,-2.3,-0.05,1.21,-0.34,38.0,1.55,14.0,0.6,-8.5,-0.2,1.7,-1.9,35.0,10.2,12.0,0.6,3.72,4.43,6.6,5.13,4.0,2.22,16.0,0.8,12.5,21.9,40.6,26.4,4.0,22.4,16.0,0.8,-98.8,-17.4,49.7,-13.1,35.0,96.9,12.0,0.6,-119.9,0.0,57.4,-18.9,35.0,100.9,12.0,0.6,2.4,44.9,99.6,50.7,4.0,60.8,16.0,0.8,-57.5,-15.6,19.4,-18.9,4.0,46.3,16.0,0.8,4.0,15.6,35.2,19.4,4.0,22.3,16.0,0.8,-20.3,-4.3,10.6,-4.8,4.0,19.9,16.0,0.8,1.0,17.5,804.5,395.5,35.0,781.5,12.0,0.6,0.0,20.0,805.0,395.0,35.0,780.0,12.0,0.6
1887,9,2.3,42.6,,,,,,,,,,,,,,,,,,,,,,,,,,,,,,,,,,,0.63,2.6,9.9,5.76,5.0,9.48,16.0,0.0,-1.84,-0.71,0.0,-0.88,5.0,0.92,16.0,0.0,-9.42,-0.71,0.67,-4.66,5.0,10.12,16.0,0.0,1010.94,1013.6,1018.17,1014.53,3.0,5.36,16.0,0.0,,,,,,,,,,,,,,,,,,,,,,,,,,,,,,,,,,,,,,,,,,,,,,,,,,,,,,,,,,,,,,,,,,,,,,,,,,,,,,,,,,,,,,,,,,,,,,,,,,,,,,,,,,,,,,,,,,,,,,,,,,,,,,,,,,
1887,9,2.3,50.6,14.69,14.9,15.62,15.03,6.0,0.73,20.0,0.7,12.6,12.8,13.3,12.94,16.0,0.97,24.0,0.6,7.91,8.41,9.29,8.45,13.0,0.95,24.0,0.6,88.9,93.6,100.0,92.6,13.0,7.0,24.0,0.6,0.4,0.5,4.6,9.3,9.3,7.96,18.0,3.07,22.0,0.7,-5.03,-0.65,5.6,0.16,18.0,5.88,22.0,0.7,-8.11,-4.76,3.7,-2.78,18.0,5.81,22.0,0.7,1016.27,1032.8,1033.45,1025.42,17.0,10.84,22.0,0.6,3.0,5.0,6.0,4.6,17.0,2.0,22.0,0.7,88.9,93.6,100.0,92.6,13.0,7.0,24.0,0.6,0.4,0.5,-46.8,-3.1,46.8,4.0,18.0,68.8,22.0,0.7,-75.4,-38.1,29.7,-24.1,18.0,52.7,22.0,0.7,2.05,2.4,3.22,2.45,6.0,0.79,20.0,0.7,4.7,11.0,16.7,11.2,6.0,6.7,20.0,0.7,2.64,3.3,3.67,3.16,3.0,0.76,24.0,0.7,15.3,15.7,22.5,18.9,3.0,5.9,24.0,0.7,-68.6,-12.0,64.5,-13.2,16.0,60.4,24.0,0.6,-109.6,-70.5,52.7,-38.1,16.0,79.3,24.0,0.6,-48.1,-26.8,43.9,-14.3,13.0,41.9,24.0,0.6,-73.7,-53.4,11.5,-35.3,13.0,53.0,24.0,0.6,-1.5,-1.4,17.0,7.5,3.0,15.6,24.0,0.7,-15.4,-15.1,-2.6,-9.2,3.0,10.7,24.0,0.7,97.5,804.5,804.5,716.0,18.0,800.0,22.0,0.7,95.0,805.0,805.0,715.0,18.0,800.0,22.0,0.7
1887,9,2.3,52.6,13.83,15.0,15.5,14.54,7.0,1.07,18.0,0.6,12.8,13.05,15.0,13.6,14.0,1.35,20.0,0.6,9.65,9.66,9.81,9.73,3.0,0.14,26.0,1.0,87.9,87.9,91.9,89.8,3.0,3.4,26.0,1.0,0.3,0.1,3.68,6.7,9.8,7.12,17.0,3.15,18.0,0.5,-0.97,3.75,6.91,3.1,17.0,4.63,18.0,0.5,-3.48,2.56,6.22,1.71,17.0,5.39,18.0,0.5,1010.09,1014.9,1024.8,1015.81,9.0,8.05,18.0,0.4,5.5,6.0,8.0,6.5,17.0,1.6,18.0,0.5,87.9,87.9,91.9,89.8,3.0,3.4,26.0,1.0,0.3,0.1,-2.5,21.2,64.3,26.8,17.0,47.8,18.0,0.5,-18.0,31.5,57.9,18.6,17.0,46.6,18.0,0.5,,,,,,,,,,,,,,,,,,,,,,,,,,,,,,,,,-14.6,32.1,100.8,29.0,14.0,59.1,20.0,0.6,-36.2,36.1,96.8,26.1,14.0,75.9,20.0,0.6,66.7,66.8,67.8,67.2,3.0,0.9,26.0,1.0,60.0,60.1,61.1,60.5,3.0,0.8,26.0,1.0,,,,,,,,,,,,,,,,,,,,,,,,,,,,,,,,
1887,9,4.3,-41.4,,,,,,,,,,,,,,,,,,,,,,,,,,,,,,,,,,,9.3,12.3,12.3,11.3,9.0,1.5,16.0,0.8,-4.61,-3.63,0.0,-2.49,9.0,2.95,16.0,0.8,-12.06,-11.4,-8.58,-10.65,9.0,1.6,16.0,0.8,1004.22,1007.75,1009.3,1006.15,6.0,4.82,12.0,0.8,,,,,,,,,,,,,,,,,,,,,,,,,,,,,,,,,,,,,,,,,,,,,,,,,,,,,,,,,,,,,,,,,,,,,,,,,,,,,,,,,,,,,,,,,,,,,,,,,,,,,,,,,,,,,,,,,,,,,,,,,,,,,,,,,,
1887,9,4.3,-39.4,,,,,,,,,,,,,,,,,,,,,,,,,,,,,,,,,,,9.3,12.3,19.0,13.36,7.0,4.08,18.0,0.6,-4.61,7.12,8.8,3.4,7.0,7.36,18.0,0.6,-17.67,-3.48,0.55,-6.18,7.0,10.61,18.0,0.6,1012.58,1016.2,1017.14,1014.36,7.0,4.7,18.0,0.6,,,,,,,,,,,,,,,,,,,,,,,,,,,,,,,,,,,,,,,,,,,,,,,,,,,,,,,,,,,,,,,,,,,,,,,,,,,,,,,,,,,,,,,,,,,,,,,,,,,,,,,,,,,,,,,,,,,,,,,,,,,,,,,,,,
1887,9,4.3,-37.4,,,,,,,,,,,,,,,,,,,,,,,,,,,,,,,,,,,22.6,22.6,22.6,22.6,1.0,0.0,10.0,0.0,20.95,20.95,20.95,20.95,1.0,0.0,10.0,0.0,8.47,8.47,8.47,8.47,1.0,0.0,10.0,0.0,1008.4,1009.05,1010.11,1009.38,6.0,1.24,10.0,0.0,,,,,,,,,,,,,,,,,,,,,,,,,,,,,,,,,,,,,,,,,,,,,,,,,,,,,,,,,,,,,,,,,,,,,,,,,,,,,,,,,,,,,,,,,,,,,,,,,,,,,,,,,,,,,,,,,,,,,,,,,,,,,,,,,,
1887,9,4.3,-29.4,,,,,,,,,,,,,,,,,,,,,,,,,,,,,,,,,,,6.7,6.7,6.7,6.7,1.0,0.0,26.0,0.0,-1.39,-1.39,-1.39,-1.39,1.0,0.0,26.0,0.0,6.55,6.55,6.55,6.55,1.0,0.0,26.0,0.0,1019.2,1019.2,1019.2,1019.2,1.0,0.0,26.0,0.0,,,,,,,,,,,,,,,,,,,,,,,,,,,,,,,,,,,,,,,,,,,,,,,,,,,,,,,,,,,,,,,,,,,,,,,,,,,,,,,,,,,,,,,,,,,,,,,,,,,,,,,,,,,,,,,,,,,,,,,,,,,,,,,,,,
1887,9,4.3,-27.4,,,,,,,,,,,,,,,,,,,,,,,,,,,,,,,,,,,6.7,9.3,9.3,8.7,8.0,1.94,20.0,0.9,-7.23,-5.18,-4.37,-5.95,8.0,2.2,20.0,0.9,4.83,5.85,8.04,6.1,8.0,1.58,20.0,0.9,1020.33,1024.15,1028.19,1024.31,8.0,4.12,20.0,0.9,,,,,,,,,,,,,,,,,,,,,,,,,,,,,,,,,,,,,,,,,,,,,,,,,,,,,,,,,,,,,,,,,,,,,,,,,,,,,,,,,,,,,,,,,,,,,,,,,,,,,,,,,,,,,,,,,,,,,,,,,,,,,,,,,,
1887,9,4.3,-25.4,15.6,16.6,16.7,16.34,16.0,0.73,16.0,0.5,15.48,15.75,16.63,15.88,18.0,0.68,14.0,0.4,9.02,9.46,9.63,9.38,6.0,0.34,2.0,0.5,83.4,87.9,88.5,86.6,6.0,2.7,2.0,0.5,0.8,0.2,4.0,6.7,12.3,7.99,18.0,3.91,12.0,0.5,-9.42,-5.56,-3.76,-6.37,18.0,2.86,12.0,0.5,0.0,4.22,7.91,4.31,18.0,3.48,12.0,0.5,1017.73,1019.6,1026.8,1021.32,22.0,4.1,12.0,0.5,2.0,6.0,7.0,5.0,22.0,2.1,12.0,0.5,83.4,87.9,88.5,86.6,6.0,2.7,2.0,0.5,0.8,0.2,-115.9,-37.3,-15.7,-61.3,18.0,46.3,12.0,0.5,0.0,28.3,97.2,46.3,18.0,43.5,12.0,0.5,-0.31,0.35,1.1,0.39,16.0,0.8,16.0,0.5,-0.3,2.3,7.5,2.8,13.0,6.9,18.0,0.5,1.02,1.24,1.46,1.24,4.0,0.28,2.0,0.8,14.9,16.8,18.6,16.8,2.0,3.8,2.0,1.0,-133.5,-84.1,-43.1,-86.7,14.0,40.2,16.0,0.4,0.0,65.8,111.2,51.6,14.0,51.3,16.0,0.4,-90.8,-87.9,-85.2,-88.0,3.0,4.1,2.0,0.7,71.5,73.8,76.2,73.9,3.0,3.5,2.0,0.7,-14.3,-12.8,-11.4,-12.8,2.0,2.9,2.0,1.0,9.6,10.8,12.0,10.8,2.0,2.5,2.0,1.0,73.0,301.0,1861.0,848.0,18.0,838.0,12.0,0.5,75.0,300.0,1860.0,850.0,18.0,840.0,12.0,0.5
1887,9,4.3,-3.4,,,,,,,,,,,,,,,,,,,,,,,,,,,,,,,,,,,2.6,3.6,4.6,3.6,8.0,1.07,8.0,0.6,2.41,2.83,4.15,3.08,8.0,0.82,8.0,0.6,0.97,1.35,3.08,1.73,8.0,0.99,8.0,0.6,1012.84,1014.05,1015.26,1014.05,8.0,1.02,8.0,0.6,,,,,,,,,,,,,,,,,,,,,,,,,,,,,,,,,,,,,,,,,,,,,,,,,,,,,,,,,,,,,,,,,,,,,,,,,,,,,,,,,,,,,,,,,,,,,,,,,,,,,,,,,,,,,,,,,,,,,,,,,,,,,,,,,,
1887,9,4.3,36.6,,,,,,,,,,,,,,,,,,,,,,,,,,,,,,,,,,,0.0,0.0,0.68,0.33,3.0,0.58,4.0,1.0,-0.68,0.0,0.0,-0.33,3.0,0.58,4.0,1.0,0.0,0.0,0.0,0.0,3.0,0.0,4.0,1.0,1014.3,1014.3,1014.78,1014.53,3.0,0.4,4.0,1.0,,,,,,,,,,,,,,,,,,,,,,,,,,,,,,,,,,,,,,,,,,,,,,,,,,,,,,,,,,,,,,,,,,,,,,,,,,,,,,,,,,,,,,,,,,,,,,,,,,,,,,,,,,,,,,,,,,,,,,,,,,,,,,,,,,
1887,9,4.3,40.6,22.47,23.5,24.71,23.44,7.0,1.11,12.0,0.4,22.12,23.8,23.9,22.69,7.0,1.97,12.0,0.4,16.42,16.62,16.83,16.62,2.0,0.42,4.0,0.0,90.4,94.3,98.2,94.3,2.0,8.1,4.0,0.0,0.4,0.8,0.0,2.6,4.82,3.1,7.0,3.18,12.0,0.4,-2.15,-0.76,0.0,-1.13,7.0,1.32,12.0,0.4,-2.91,0.0,2.51,-0.69,7.0,4.19,12.0,0.4,1013.35,1015.3,1019.78,1015.56,7.0,4.27,12.0,0.4,0.0,2.0,3.0,2.0,7.0,1.5,12.0,0.4,90.4,94.3,98.2,94.3,2.0,8.1,4.0,0.0,0.4,0.8,-12.2,-2.0,0.0,-5.2,7.0,6.6,12.0,0.4,-10.5,0.0,6.8,-9.8,7.0,34.0,12.0,0.4,-0.2,0.4,1.11,0.76,7.0,1.26,12.0,0.4,-0.8,0.0,4.0,4.9,7.0,11.8,12.0,0.4,0.87,1.85,2.83,1.85,2.0,2.02,4.0,0.0,1.4,4.3,7.2,4.3,2.0,6.0,4.0,0.0,-51.3,-18.2,0.0,-25.9,7.0,31.6,12.0,0.4,-66.9,0.0,59.9,-9.4,7.0,83.6,12.0,0.4,-28.5,-17.0,-5.4,-17.0,2.0,24.0,4.0,0.0,4.1,12.8,21.5,12.8,2.0,18.1,4.0,0.0,-5.7,-3.4,-1.1,-3.4,2.0,4.8,4.0,0.0,0.8,2.6,4.3,2.6,2.0,3.6,4.0,0.0,0.0,17.5,131.0,136.5,7.0,296.5,12.0,0.4,0.0,20.0,130.0,135.0,7.0,295.0,12.0,0.4
1887,9,4.3,42.6,18.61,21.0,22.39,20.7,28.0,1.8,18.0,0.3,17.56,21.2,23.36,20.81,28.0,2.83,18.0,0.3,16.27,16.37,16.47,16.37,2.0,0.21,4.0,0.0,92.6,94.1,95.7,94.1,2.0,3.2,4.0,0.0,0.9,0.1,1.0,4.6,6.7,4.59,28.0,3.06,18.0,0.3,-3.25,0.0,4.59,0.51,28.0,3.64,18.0,0.3,-6.05,0.0,2.49,-1.38,28.0,3.97,18.0,0.3,1008.25,1015.0,1017.71,1013.09,25.0,4.92,18.0,0.4,0.0,1.5,3.7,1.8,28.0,1.9,18.0,0.3,92.6,94.1,95.7,94.1,2.0,3.2,4.0,0.0,0.9,0.1,-15.0,0.0,31.7,6.9,28.0,28.6,18.0,0.3,-40.7,0.0,11.5,-13.7,28.0,33.6,18.0,0.3,-1.9,0.1,1.51,-0.12,28.0,2.03,18.0,0.3,-6.5,0.3,10.8,2.0,28.0,12.2,18.0,0.3,0.88,0.98,1.09,0.98,2.0,0.21,4.0,0.0,2.7,3.7,4.7,3.7,2.0,2.2,4.0,0.0,-65.9,0.0,87.9,7.0,28.0,73.4,18.0,0.3,-112.8,0.0,56.7,-23.6,28.0,78.5,18.0,0.3,-55.8,-47.6,-39.4,-47.6,2.0,17.0,4.0,0.0,27.3,34.5,41.6,34.5,2.0,14.8,4.0,0.0,-3.8,-3.0,-2.2,-3.0,2.0,1.7,4.0,0.0,1.5,2.2,2.8,2.2,2.0,1.4,4.0,0.0,1.0,97.5,301.0,237.5,28.0,401.5,18.0,0.3,0.0,95.0,300.0,235.0,28.0,400.0,18.0,0.3
1887,9,4.3,52.6,,,,,,,,,,,,,,,,,,,,,,,,,,,,,,,,,,,4.6,6.7,11.75,7.85,15.0,3.3,14.0,0.1,-2.31,3.25,5.39,2.08,15.0,4.01,14.0,0.1,-4.74,-3.25,6.5,-0.18,15.0,7.49,14.0,0.1,1001.81,1011.95,1026.17,1013.4,6.0,11.4,12.0,0.3,,,,,,,,,,,,,,,,,,,,,,,,,,,,,,,,,,,,,,,,,,,,,,,,,,,,,,,,,,,,,,,,,,,,,,,,,,,,,,,,,,,,,,,,,,,,,,,,,,,,,,,,,,,,,,,,,,,,,,,,,,,,,,,,,,
1887,9,6.3,-41.4,,,,,,,,,,,,,,,,,,,,,,,,,,,,,,,,,,,3.77,12.3,15.4,9.75,11.0,5.67,22.0,0.4,1.79,11.32,15.23,8.83,11.0,6.03,22.0,0.4,-3.89,-1.84,0.0,-1.78,11.0,3.32,22.0,0.4,999.95,1002.15,1011.27,1004.42,6.0,5.63,20.0,0.3,,,,,,,,,,,,,,,,,,,,,,,,,,,,,,,,,,,,,,,,,,,,,,,,,,,,,,,,,,,,,,,,,,,,,,,,,,,,,,,,,,,,,,,,,,,,,,,,,,,,,,,,,,,,,,,,,,,,,,,,,,,,,,,,,,
1887,9,6.3,-39.4,,,,,,,,,,,,,,,,,,,,,,,,,,,,,,,,,,,7.32,12.3,15.06,11.61,8.0,5.02,16.0,0.4,-1.82,4.61,8.34,3.64,8.0,4.61,16.0,0.4,-12.69,1.82,11.1,-1.04,8.0,11.9,16.0,0.4,1001.76,1009.3,1021.2,1010.41,8.0,9.55,16.0,0.4,,,,,,,,,,,,,,,,,,,,,,,,,,,,,,,,,,,,,,,,,,,,,,,,,,,,,,,,,,,,,,,,,,,,,,,,,,,,,,,,,,,,,,,,,,,,,,,,,,,,,,,,,,,,,,,,,,,,,,,,,,,,,,,,,,
1887,9,6.3,-37.4,,,,,,,,,,,,,,,,,,,,,,,,,,,,,,,,,,,15.4,19.0,19.0,17.56,5.0,1.97,10.0,1.0,14.28,17.62,17.62,16.28,5.0,1.83,10.0,1.0,5.77,7.12,7.12,6.58,5.0,0.74,10.0,1.0,1014.51,1017.65,1020.26,1017.37,6.0,2.89,10.0,1.0,,,,,,,,,,,,,,,,,,,,,,,,,,,,,,,,,,,,,,,,,,,,,,,,,,,,,,,,,,,,,,,,,,,,,,,,,,,,,,,,,,,,,,,,,,,,,,,,,,,,,,,,,,,,,,,,,,,,,,,,,,,,,,,,,,
1887,9,6.3,-29.4,,,,,,,,,,,,,,,,,,,,,,,,,,,,,,,,,,,2.6,4.6,6.7,4.47,10.0,1.94,26.0,0.6,-4.11,-1.76,-0.96,-2.27,10.0,1.55,26.0,0.6,1.51,4.5,5.13,3.59,10.0,1.89,26.0,0.6,1017.83,1019.5,1025.4,1020.67,10.0,3.43,26.0,0.6,,,,,,,,,,,,,,,,,,,,,,,,,,,,,,,,,,,,,,,,,,,,,,,,,,,,,,,,,,,,,,,,,,,,,,,,,,,,,,,,,,,,,,,,,,,,,,,,,,,,,,,,,,,,,,,,,,,,,,,,,,,,,,,,,,
1887,9,6.3,-27.4,15.6,16.15,16.7,16.08,28.0,0.62,20.0,0.4,15.27,15.6,16.91,15.99,29.0,1.13,20.0,0.4,9.6,9.69,9.78,9.69,2.0,0.18,2.0,0.0,93.9,94.3,94.8,94.3,2.0,0.8,2.0,0.0,0.7,0.7,4.6,6.7,9.3,6.67,27.0,1.83,22.0,0.4,-4.69,-1.72,-0.7,-2.35,27.0,2.03,22.0,0.4,3.86,5.13,8.21,5.86,27.0,2.03,22.0,0.4,1017.63,1026.8,1027.88,1024.11,25.0,4.56,16.0,0.4,0.8,3.0,5.2,3.1,31.0,2.2,18.0,0.4,93.9,94.3,94.8,94.3,2.0,0.8,2.0,0.0,0.7,0.7,-34.5,-9.0,-4.7,-16.4,27.0,16.0,22.0,0.4,17.8,34.4,76.4,42.3,27.0,25.1,22.0,0.4,,,,,,,,,,,,,,,,,,,,,,,,,,,,,,,,,,,,,,,,,,,,,,,,,,,,,,,,,,,,,,,,,,,,,,,,,,,,,,,,,,,,,,,,,,,,,,,,
1887,9,6.3,-5.4,,,,,,,,,,,,,,,,,,,,,,,,,,,,,,,,,,,0.0,1.0,2.6,1.2,6.0,1.17,8.0,0.3,0.0,1.0,2.6,1.2,6.0,1.17,8.0,0.3,0.0,0.0,0.0,0.0,6.0,0.0,8.0,0.3,1014.3,1015.4,1015.5,1015.07,6.0,0.6,8.0,0.3,,,,,,,,,,,,,,,,,,,,,,,,,,,,,,,,,,,,,,,,,,,,,,,,,,,,,,,,,,,,,,,,,,,,,,,,,,,,,,,,,,,,,,,,,,,,,,,,,,,,,,,,,,,,,,,,,,,,,,,,,,,,,,,,,,
1887,9,6.3,36.6,,,,,,,,,,,,,,,,,,,,,,,,,,,,,,,,,,,1.0,1.0,1.0,1.0,2.0,0.0,4.0,0.0,1.0,1.0,1.0,1.0,2.0,0.0,4.0,0.0,0.0,0.0,0.0,0.0,2.0,0.0,4.0,0.0,1016.36,1016.5,1016.64,1016.5,2.0,0.28,4.0,0.0,,,,,,,,,,,,,,,,,,,,,,,,,,,,,,,,,,,,,,,,,,,,,,,,,,,,,,,,,,,,,,,,,,,,,,,,,,,,,,,,,,,,,,,,,,,,,,,,,,,,,,,,,,,,,,,,,,,,,,,,,,,,,,,,,,
1887,9,6.3,38.6,,,,,,,,,,,,,,,,,,,,,,,,,,,,,,,,,,,4.93,5.65,6.37,5.65,2.0,1.48,24.0,0.5,-2.81,1.05,4.91,1.05,2.0,7.99,24.0,0.5,0.0,0.0,0.0,0.0,2.0,0.0,24.0,0.5,1012.88,1014.35,1015.82,1014.35,2.0,3.04,24.0,0.5,,,,,,,,,,,,,,,,,,,,,,,,,,,,,,,,,,,,,,,,,,,,,,,,,,,,,,,,,,,,,,,,,,,,,,,,,,,,,,,,,,,,,,,,,,,,,,,,,,,,,,,,,,,,,,,,,,,,,,,,,,,,,,,,,,
1887,9,6.3,40.6,,,,,,,,,,,,,,,,,,,,,,,,,,,,,,,,,,,2.19,4.6,5.8,4.28,12.0,2.71,20.0,0.7,-1.81,1.43,5.8,2.06,12.0,4.28,20.0,0.7,-2.17,0.0,1.84,-0.07,12.0,2.1,20.0,0.7,1009.48,1016.0,1017.62,1013.65,11.0,6.03,20.0,0.6,,,,,,,,,,,,,,,,,,,,,,,,,,,,,,,,,,,,,,,,,,,,,,,,,,,,,,,,,,,,,,,,,,,,,,,,,,,,,,,,,,,,,,,,,,,,,,,,,,,,,,,,,,,,,,,,,,,,,,,,,,,,,,,,,,
1887,9,6.3,42.6,21.12,22.7,23.99,22.51,33.0,1.61,12.0,0.4,20.3,23.4,24.89,22.78,33.0,2.66,12.0,0.4,15.6,16.62,17.77,16.68,4.0,1.26,4.0,0.8,92.1,94.4,98.3,95.2,4.0,3.8,4.0,0.8,0.6,0.6,2.6,2.6,6.7,3.66,32.0,2.46,12.0,0.4,-2.51,-0.23,2.65,0.31,32.0,2.98,12.0,0.4,-3.35,-1.3,1.89,-1.16,32.0,3.08,12.0,0.4,1013.33,1016.8,1018.97,1015.07,28.0,6.01,14.0,0.4,0.0,2.0,6.0,2.5,33.0,2.6,12.0,0.4,92.1,94.4,98.3,95.2,4.0,3.8,4.0,0.8,0.6,0.6,-6.7,-0.5,7.4,4.6,32.0,22.3,12.0,0.4,-15.4,-3.0,6.5,-7.3,32.0,21.1,12.0,0.4,-2.19,0.0,1.08,-0.27,33.0,1.63,12.0,0.4,-6.0,0.0,3.4,-0.2,32.0,8.8,12.0,0.4,0.08,0.99,1.2,0.66,4.0,0.89,4.0,0.8,-0.9,0.6,2.1,0.6,4.0,1.9,4.0,0.8,-60.4,-5.6,61.4,3.1,32.0,63.3,12.0,0.4,-77.1,-27.2,47.3,-25.7,32.0,69.1,12.0,0.4,-35.8,-17.0,-4.4,-20.0,4.0,20.1,4.0,0.8,-23.0,-10.2,-3.9,-13.3,4.0,13.9,4.0,0.8,-1.3,-0.4,0.9,-0.2,4.0,1.4,4.0,0.8,-1.7,-0.5,0.2,-0.8,4.0,1.2,4.0,0.8,17.5,17.5,301.0,128.0,32.0,237.0,12.0,0.4,20.0,20.0,300.0,130.0,32.0,235.0,12.0,0.4
1887,9,6.3,52.6,,,,,,,,,,,,,,,,,,,,,,,,,,,,,,,,,,,4.6,6.7,15.4,9.16,13.0,4.46,14.0,0.8,0.79,3.83,9.02,4.19,13.0,4.87,14.0,0.8,-4.74,0.0,9.51,2.27,13.0,7.91,14.0,0.8,1008.9,1016.6,1025.14,1017.0,4.0,9.46,14.0,0.8,,,,,,,,,,,,,,,,,,,,,,,,,,,,,,,,,,,,,,,,,,,,,,,,,,,,,,,,,,,,,,,,,,,,,,,,,,,,,,,,,,,,,,,,,,,,,,,,,,,,,,,,,,,,,,,,,,,,,,,,,,,,,,,,,,
1887,9,8.3,-41.4,,,,,,,,,,,,,,,,,,,,,,,,,,,,,,,,,,,10.11,15.4,15.4,14.1,9.0,3.2,16.0,0.7,4.73,14.18,15.32,10.93,9.0,7.02,16.0,0.7,-7.92,-2.94,2.34,-2.64,9.0,6.51,16.0,0.7,1008.88,1011.2,1014.0,1012.51,7.0,5.59,14.0,0.6,,,,,,,,,,,,,,,,,,,,,,,,,,,,,,,,,,,,,,,,,,,,,,,,,,,,,,,,,,,,,,,,,,,,,,,,,,,,,,,,,,,,,,,,,,,,,,,,,,,,,,,,,,,,,,,,,,,,,,,,,,,,,,,,,,
1887,9,8.3,-39.4,,,,,,,,,,,,,,,,,,,,,,,,,,,,,,,,,,,6.7,9.3,11.97,9.91,8.0,4.15,12.0,0.3,2.51,8.59,9.23,7.53,8.0,5.09,12.0,0.3,0.4,6.21,7.29,4.36,8.0,4.13,12.0,0.3,998.48,1001.35,1022.21,1007.48,6.0,12.02,16.0,0.3,,,,,,,,,,,,,,,,,,,,,,,,,,,,,,,,,,,,,,,,,,,,,,,,,,,,,,,,,,,,,,,,,,,,,,,,,,,,,,,,,,,,,,,,,,,,,,,,,,,,,,,,,,,,,,,,,,,,,,,,,,,,,,,,,,
1887,9,8.3,-37.4,,,,,,,,,,,,,,,,,,,,,,,,,,,,,,,,,,,12.3,15.4,22.6,16.77,6.0,4.73,10.0,0.0,4.81,7.42,9.96,7.93,6.0,3.61,10.0,0.0,10.18,12.75,20.8,14.03,6.0,5.91,10.0,0.0,1021.76,1022.25,1025.44,1023.15,6.0,2.0,10.0,0.0,,,,,,,,,,,,,,,,,,,,,,,,,,,,,,,,,,,,,,,,,,,,,,,,,,,,,,,,,,,,,,,,,,,,,,,,,,,,,,,,,,,,,,,,,,,,,,,,,,,,,,,,,,,,,,,,,,,,,,,,,,,,,,,,,,
1887,9,8.3,-31.4,,,,,,,,,,,,,,,,,,,,,,,,,,,,,,,,,,,4.6,4.6,4.6,4.6,3.0,0.0,24.0,0.0,-3.67,-3.25,-3.25,-3.45,3.0,0.35,24.0,0.0,2.74,3.25,3.25,3.0,3.0,0.43,24.0,0.0,1022.29,1024.0,1024.75,1023.53,3.0,1.84,24.0,0.0,,,,,,,,,,,,,,,,,,,,,,,,,,,,,,,,,,,,,,,,,,,,,,,,,,,,,,,,,,,,,,,,,,,,,,,,,,,,,,,,,,,,,,,,,,,,,,,,,,,,,,,,,,,,,,,,,,,,,,,,,,,,,,,,,,
1887,9,8.3,-29.4,,,,,,,,,,,,,,,,,,,,,,,,,,,,,,,,,,,2.6,4.6,6.7,4.92,37.0,1.73,24.0,0.6,-3.86,1.96,4.18,0.29,37.0,3.86,24.0,0.6,1.26,2.51,5.88,2.98,37.0,1.94,24.0,0.6,1020.23,1022.4,1028.37,1022.98,31.0,4.37,24.0,0.6,,,,,,,,,,,,,,,,,,,,,,,,,,,,,,,,,,,,,,,,,,,,,,,,,,,,,,,,,,,,,,,,,,,,,,,,,,,,,,,,,,,,,,,,,,,,,,,,,,,,,,,,,,,,,,,,,,,,,,,,,,,,,,,,,,
1887,9,8.3,-27.4,14.4,15.6,16.03,15.33,12.0,0.78,14.0,0.4,14.4,15.0,16.99,15.47,13.0,1.32,14.0,0.5,9.22,9.44,9.69,9.46,4.0,0.3,2.0,0.8,91.2,93.7,94.4,92.8,4.0,2.6,2.0,0.8,0.3,0.3,3.04,6.7,9.3,6.39,15.0,2.91,12.0,0.4,-8.89,-0.7,0.74,-3.17,15.0,5.14,12.0,0.4,2.47,2.72,4.57,3.42,15.0,1.59,12.0,0.4,1023.0,1023.0,1027.48,1023.85,11.0,4.01,8.0,0.4,2.0,3.0,6.0,3.8,11.0,2.2,18.0,0.4,91.2,93.7,94.4,92.8,4.0,2.6,2.0,0.8,0.3,0.3,-82.7,-4.7,2.0,-30.6,15.0,45.3,12.0,0.4,8.2,25.3,25.3,22.4,15.0,12.3,12.0,0.4,-0.75,-0.15,1.2,0.05,12.0,0.96,14.0,0.4,-5.5,0.0,8.0,1.1,11.0,6.4,14.0,0.4,0.38,0.64,1.07,0.72,4.0,0.46,2.0,0.8,3.2,4.8,10.0,6.6,3.0,5.3,2.0,0.7,-124.8,-8.8,26.2,-23.4,12.0,71.6,16.0,0.4,37.4,46.3,77.6,54.9,12.0,24.7,16.0,0.4,-86.6,-85.0,-82.4,-84.5,3.0,3.1,2.0,0.7,25.2,26.0,26.5,25.8,3.0,0.9,2.0,0.7,-9.6,-4.6,-3.0,-6.3,3.0,5.0,2.0,0.7,0.9,1.4,2.9,1.9,3.0,1.5,2.0,0.7,35.5,301.0,804.5,404.0,15.0,352.0,12.0,0.4,35.0,300.0,805.0,405.0,15.0,350.0,12.0,0.4
1887,9,8.3,-5.4,,,,,,,,,,,,,,,,,,,,,,,,,,,,,,,,,,,0.0,0.0,2.31,0.65,8.0,1.2,6.0,0.5,0.0,0.0,1.63,0.46,8.0,0.85,6.0,0.5,0.0,0.0,1.63,0.46,8.0,0.85,6.0,0.5,1014.12,1014.9,1015.58,1014.86,8.0,0.72,6.0,0.5,,,,,,,,,,,,,,,,,,,,,,,,,,,,,,,,,,,,,,,,,,,,,,,,,,,,,,,,,,,,,,,,,,,,,,,,,,,,,,,,,,,,,,,,,,,,,,,,,,,,,,,,,,,,,,,,,,,,,,,,,,,,,,,,,,
1887,9,8.3,36.6,,,,,,,,,,,,,,,,,,,,,,,,,,,,,,,,,,,0.0,0.5,1.84,0.9,4.0,1.23,8.0,0.5,0.0,0.0,1.25,0.6,4.0,1.2,8.0,0.5,-0.53,0.0,0.52,0.0,4.0,0.82,8.0,0.5,1015.89,1016.3,1016.56,1016.23,4.0,0.46,8.0,0.5,,,,,,,,,,,,,,,,,,,,,,,,,,,,,,,,,,,,,,,,,,,,,,,,,,,,,,,,,,,,,,,,,,,,,,,,,,,,,,,,,,,,,,,,,,,,,,,,,,,,,,,,,,,,,,,,,,,,,,,,,,,,,,,,,,
1887,9,8.3,38.6,,,,,,,,,,,,,,,,,,,,,,,,,,,,,,,,,,,1.0,1.0,2.09,1.53,3.0,0.92,20.0,0.3,-0.48,0.0,0.68,0.1,3.0,0.86,20.0,0.3,-2.0,-0.71,-0.22,-1.1,3.0,1.34,20.0,0.3,1015.86,1016.0,1016.14,1016.0,3.0,0.2,20.0,0.3,,,,,,,,,,,,,,,,,,,,,,,,,,,,,,,,,,,,,,,,,,,,,,,,,,,,,,,,,,,,,,,,,,,,,,,,,,,,,,,,,,,,,,,,,,,,,,,,,,,,,,,,,,,,,,,,,,,,,,,,,,,,,,,,,,
1887,9,8.3,40.6,,,,,,,,,,,,,,,,,,,,,,,,,,,,,,,,,,,0.0,2.6,6.7,3.46,18.0,2.9,14.0,0.4,-0.56,0.85,6.7,2.24,18.0,3.48,14.0,0.4,-2.81,0.0,0.0,-0.92,18.0,1.66,14.0,0.4,1002.09,1015.2,1018.96,1012.65,12.0,7.67,16.0,0.4,,,,,,,,,,,,,,,,,,,,,,,,,,,,,,,,,,,,,,,,,,,,,,,,,,,,,,,,,,,,,,,,,,,,,,,,,,,,,,,,,,,,,,,,,,,,,,,,,,,,,,,,,,,,,,,,,,,,,,,,,,,,,,,,,,
1887,9,8.3,42.6,20.95,23.4,24.3,23.0,13.0,1.55,12.0,0.4,21.14,23.9,25.2,23.31,13.0,2.24,12.0,0.4,12.83,14.63,15.76,14.31,4.0,2.31,10.0,0.5,78.9,84.2,86.5,82.8,4.0,6.2,10.0,0.5,0.7,0.7,0.9,4.6,6.7,3.88,13.0,2.95,12.0,0.4,-1.61,0.0,4.03,1.13,13.0,3.06,12.0,0.4,-1.99,0.0,5.35,1.15,13.0,3.59,12.0,0.4,1012.27,1014.1,1017.5,1014.31,13.0,3.11,12.0,0.4,2.0,2.0,6.0,3.5,14.0,2.5,10.0,0.4,78.9,84.2,86.5,82.8,4.0,6.2,10.0,0.5,0.7,0.7,-7.1,0.0,27.0,9.6,13.0,23.0,12.0,0.4,-5.8,0.0,35.9,6.7,13.0,23.9,12.0,0.4,-0.91,-0.2,0.73,-0.31,13.0,1.35,12.0,0.4,-1.7,0.0,4.1,1.1,12.0,6.7,12.0,0.4,1.87,3.1,3.65,2.78,4.0,1.23,10.0,0.5,8.1,17.1,22.4,15.3,4.0,10.4,10.0,0.5,-38.8,21.5,92.3,25.2,12.0,66.5,12.0,0.4,-51.1,7.3,122.5,32.1,12.0,79.9,12.0,0.4,9.4,46.7,59.0,34.8,4.0,34.1,10.0,0.5,-15.3,44.2,78.3,32.1,4.0,56.9,10.0,0.5,4.6,10.8,13.5,9.1,4.0,7.0,10.0,0.5,-5.8,7.7,17.9,6.1,4.0,14.5,10.0,0.5,1.0,97.5,301.0,156.5,13.0,229.0,12.0,0.4,0.0,95.0,300.0,155.0,13.0,230.0,12.0,0.4
1887,9,8.3,44.6,,,,,,,,,,,,,,,,,,,,,,,,,,,,,,,,,,,,,,,,,,,,,,,,,,,,,,,,,,,,,,,,,,,0.6,2.0,3.1,2.0,5.0,1.9,18.0,0.6,75.6,79.0,82.3,79.0,2.0,7.0,16.0,1.0,0.4,0.1,-4.9,0.4,5.1,-1.7,6.0,9.7,16.0,0.7,-0.9,2.3,7.8,3.9,6.0,9.0,16.0,0.7,,,,,,,,,,,,,,,,,,,,,,,,,,,,,,,,,,,,,,,,,,,,,,,,,,,,,,,,,,,,,,,,,,,,,,,,,,,,,,,,,,,,,,,,,,,,,,,,
1887,9,10.3,-43.4,,,,,,,,,,,,,,,,,,,,,,,,,,,,,,,,,,,4.6,5.65,6.7,5.65,8.0,1.12,24.0,0.5,4.27,4.67,6.48,5.03,8.0,1.05,24.0,0.5,-4.4,-1.72,0.0,-1.83,8.0,1.96,24.0,0.5,1004.95,1012.05,1012.91,1009.08,4.0,6.75,24.0,0.5,,,,,,,,,,,,,,,,,,,,,,,,,,,,,,,,,,,,,,,,,,,,,,,,,,,,,,,,,,,,,,,,,,,,,,,,,,,,,,,,,,,,,,,,,,,,,,,,,,,,,,,,,,,,,,,,,,,,,,,,,,,,,,,,,,
1887,9,10.3,-41.4,,,,,,,,,,,,,,,,,,,,,,,,,,,,,,,,,,,12.3,19.0,19.0,15.96,11.0,3.75,10.0,0.5,9.98,16.29,18.5,13.82,11.0,5.91,10.0,0.5,-4.6,3.95,9.15,1.73,11.0,6.79,10.0,0.5,1011.5,1014.3,1024.99,1015.4,10.0,8.22,12.0,0.4,,,,,,,,,,,,,,,,,,,,,,,,,,,,,,,,,,,,,,,,,,,,,,,,,,,,,,,,,,,,,,,,,,,,,,,,,,,,,,,,,,,,,,,,,,,,,,,,,,,,,,,,,,,,,,,,,,,,,,,,,,,,,,,,,,
1887,9,10.3,-39.4,,,,,,,,,,,,,,,,,,,,,,,,,,,,,,,,,,,11.2,19.0,20.31,16.44,5.0,5.46,6.0,0.8,11.2,17.49,18.78,15.5,5.0,4.62,6.0,0.8,0.0,7.12,7.94,4.67,5.0,4.32,6.0,0.8,1005.68,1007.8,1009.57,1007.63,3.0,2.85,10.0,0.7,,,,,,,,,,,,,,,,,,,,,,,,,,,,,,,,,,,,,,,,,,,,,,,,,,,,,,,,,,,,,,,,,,,,,,,,,,,,,,,,,,,,,,,,,,,,,,,,,,,,,,,,,,,,,,,,,,,,,,,,,,,,,,,,,,
1887,9,10.3,-37.4,,,,,,,,,,,,,,,,,,,,,,,,,,,,,,,,,,,2.6,6.7,9.3,6.65,11.0,3.43,12.0,0.5,2.58,4.81,6.63,5.11,11.0,2.05,12.0,0.5,-4.85,-0.5,2.72,-0.2,11.0,5.25,12.0,0.5,1025.81,1028.1,1028.8,1027.46,11.0,1.48,12.0,0.5,,,,,,,,,,,,,,,,,,,,,,,,,,,,,,,,,,,,,,,,,,,,,,,,,,,,,,,,,,,,,,,,,,,,,,,,,,,,,,,,,,,,,,,,,,,,,,,,,,,,,,,,,,,,,,,,,,,,,,,,,,,,,,,,,,
1887,9,10.3,-31.4,,,,,,,,,,,,,,,,,,,,,,,,,,,,,,,,,,,2.6,4.6,6.7,4.6,27.0,2.02,26.0,0.6,-5.28,-3.62,-0.8,-3.19,27.0,2.12,26.0,0.6,1.6,3.04,4.45,2.97,27.0,1.34,26.0,0.6,1018.66,1021.9,1024.4,1021.77,32.0,2.84,22.0,0.5,,,,,,,,,,,,,,,,,,,,,,,,,,,,,,,,,,,,,,,,,,,,,,,,,,,,,,,,,,,,,,,,,,,,,,,,,,,,,,,,,,,,,,,,,,,,,,,,,,,,,,,,,,,,,,,,,,,,,,,,,,,,,,,,,,
1887,9,10.3,-29.4,,,,,,,,,,,,,,,,,,,,,,,,,,,,,,,,,,,2.6,6.7,11.16,7.18,16.0,4.29,18.0,0.3,-4.18,1.96,8.15,2.31,16.0,5.67,18.0,0.3,2.05,5.03,7.55,5.06,16.0,2.88,18.0,0.3,1018.33,1025.7,1028.7,1024.07,16.0,4.83,16.0,0.4,,,,,,,,,,,,,,,,,,,,,,,,,,,,,,,,,,,,,,,,,,,,,,,,,,,,,,,,,,,,,,,,,,,,,,,,,,,,,,,,,,,,,,,,,,,,,,,,,,,,,,,,,,,,,,,,,,,,,,,,,,,,,,,,,,
1887,9,10.3,-5.4,,,,,,,,,,,,,,,,,,,,,,,,,,,,,,,,,,,0.29,2.6,4.38,2.45,8.0,1.75,6.0,0.6,0.2,2.12,3.16,1.88,8.0,1.28,6.0,0.6,0.11,1.41,3.1,1.52,8.0,1.28,6.0,0.6,1014.31,1014.95,1015.59,1014.95,8.0,0.64,6.0,0.6,,,,,,,,,,,,,,,,,,,,,,,,,,,,,,,,,,,,,,,,,,,,,,,,,,,,,,,,,,,,,,,,,,,,,,,,,,,,,,,,,,,,,,,,,,,,,,,,,,,,,,,,,,,,,,,,,,,,,,,,,,,,,,,,,,
1887,9,10.3,36.6,,,,,,,,,,,,,,,,,,,,,,,,,,,,,,,,,,,2.06,4.65,6.7,4.22,6.0,2.88,10.0,0.7,0.0,1.2,2.88,1.59,6.0,1.94,10.0,0.7,-6.7,-2.88,-0.81,-3.36,6.0,3.05,10.0,0.7,1015.46,1015.8,1017.17,1016.3,6.0,1.25,10.0,0.7,,,,,,,,,,,,,,,,,,,,,,,,,,,,,,,,,,,,,,,,,,,,,,,,,,,,,,,,,,,,,,,,,,,,,,,,,,,,,,,,,,,,,,,,,,,,,,,,,,,,,,,,,,,,,,,,,,,,,,,,,,,,,,,,,,
1887,9,10.3,40.6,22.9,24.0,25.1,24.05,29.0,1.56,16.0,0.6,21.54,24.0,26.72,24.2,29.0,2.33,16.0,0.6,13.59,14.88,16.45,15.06,5.0,1.7,14.0,0.4,79.9,88.5,89.8,85.4,5.0,6.5,14.0,0.4,0.6,0.8,1.0,2.6,6.7,3.08,28.0,2.62,16.0,0.6,0.0,0.92,4.31,1.19,28.0,2.79,16.0,0.6,-0.93,0.0,3.95,0.89,28.0,2.57,16.0,0.6,1007.0,1015.4,1018.8,1013.44,25.0,5.72,16.0,0.6,0.0,2.5,4.0,2.7,28.0,2.2,16.0,0.6,79.9,88.5,89.8,85.4,5.0,6.5,14.0,0.4,0.6,0.8,0.0,0.9,27.0,5.6,28.0,18.5,16.0,0.6,-2.1,0.0,26.5,6.8,28.0,18.3,16.0,0.6,-1.67,0.0,1.4,-0.15,29.0,1.58,16.0,0.6,-6.4,0.0,1.6,-2.1,28.0,6.6,16.0,0.6,1.94,2.63,4.1,3.0,5.0,1.31,14.0,0.4,6.0,9.4,23.2,14.4,4.0,13.0,16.0,0.5,0.0,24.6,95.3,25.7,28.0,69.8,16.0,0.6,-21.0,0.0,90.1,20.6,28.0,61.4,16.0,0.6,-4.4,53.5,67.4,32.5,4.0,53.5,16.0,0.5,4.4,32.6,60.7,32.5,4.0,32.5,16.0,0.5,0.5,7.8,17.2,8.8,4.0,12.4,16.0,0.5,0.6,4.5,15.5,7.9,4.0,10.2,16.0,0.5,1.0,17.5,301.0,103.0,28.0,183.0,16.0,0.6,0.0,20.0,300.0,105.0,28.0,185.0,16.0,0.6
1887,9,10.3,42.6,21.22,24.3,24.88,23.45,8.0,1.79,12.0,0.4,20.84,23.7,24.86,23.28,8.0,1.88,12.0,0.4,15.07,17.03,18.13,16.62,4.0,2.11,8.0,0.8,91.2,91.9,91.9,91.6,4.0,0.7,8.0,0.8,0.2,0.4,0.11,1.8,2.6,1.55,8.0,1.18,12.0,0.4,-2.17,-0.23,1.55,-0.3,8.0,1.67,12.0,0.4,-0.87,0.0,1.06,-0.09,8.0,1.11,12.0,0.4,1009.23,1015.9,1017.29,1013.85,8.0,4.25,12.0,0.4,0.2,2.0,3.0,2.3,8.0,1.9,12.0,0.4,91.2,91.9,91.9,91.6,4.0,0.7,8.0,0.8,0.2,0.4,-5.5,-0.2,4.0,-0.5,8.0,4.3,12.0,0.4,-1.7,0.0,2.7,-0.1,8.0,2.8,12.0,0.4,-0.18,0.3,0.4,0.18,8.0,0.43,12.0,0.4,0.0,0.2,0.5,0.1,8.0,0.8,12.0,0.4,1.36,1.88,1.98,1.68,4.0,0.51,8.0,0.8,2.0,2.2,3.6,2.8,4.0,1.3,8.0,0.8,-53.6,-5.3,31.9,-9.1,8.0,37.7,12.0,0.4,-20.3,0.0,27.0,-1.6,8.0,24.3,12.0,0.4,-31.0,-12.5,9.0,-11.1,4.0,27.8,8.0,0.8,-20.9,-6.7,12.1,-4.5,4.0,21.0,8.0,0.8,-2.1,-1.4,1.3,-0.5,4.0,2.5,8.0,0.8,-2.7,-0.8,0.6,-1.0,4.0,2.1,8.0,0.8,0.0,9.5,17.5,9.0,8.0,9.0,12.0,0.4,0.0,10.0,20.0,10.0,8.0,10.0,12.0,0.4
1887,9,12.3,-43.4,,,,,,,,,,,,,,,,,,,,,,,,,,,,,,,,,,,9.18,12.3,15.57,12.49,7.0,4.34,8.0,0.6,3.67,7.97,9.36,6.54,7.0,3.16,8.0,0.6,4.56,6.33,15.05,9.21,7.0,6.47,8.0,0.6,1014.2,1015.2,1016.16,1015.22,5.0,1.05,2.0,0.6,,,,,,,,,,,,,,,,,,,,,,,,,,,,,,,,,,,,,,,,,,,,,,,,,,,,,,,,,,,,,,,,,,,,,,,,,,,,,,,,,,,,,,,,,,,,,,,,,,,,,,,,,,,,,,,,,,,,,,,,,,,,,,,,,,
1887,9,12.3,-41.4,,,,,,,,,,,,,,,,,,,,,,,,,,,,,,,,,,,5.5,10.8,14.07,10.58,10.0,4.63,16.0,0.6,1.32,8.56,11.75,6.98,10.0,5.35,16.0,0.6,-4.14,-2.43,2.75,-1.27,10.0,7.82,16.0,0.6,1018.31,1020.6,1023.54,1020.88,8.0,2.44,20.0,0.8,,,,,,,,,,,,,,,,,,,,,,,,,,,,,,,,,,,,,,,,,,,,,,,,,,,,,,,,,,,,,,,,,,,,,,,,,,,,,,,,,,,,,,,,,,,,,,,,,,,,,,,,,,,,,,,,,,,,,,,,,,,,,,,,,,
1887,9,12.3,-39.4,,,,,,,,,,,,,,,,,,,,,,,,,,,,,,,,,,,13.78,15.4,17.29,15.53,4.0,2.74,12.0,0.5,9.59,13.47,15.0,12.35,4.0,3.96,12.0,0.5,0.95,9.46,10.48,5.88,4.0,7.98,12.0,0.5,1015.4,1016.8,1018.26,1016.83,4.0,2.09,12.0,0.5,,,,,,,,,,,,,,,,,,,,,,,,,,,,,,,,,,,,,,,,,,,,,,,,,,,,,,,,,,,,,,,,,,,,,,,,,,,,,,,,,,,,,,,,,,,,,,,,,,,,,,,,,,,,,,,,,,,,,,,,,,,,,,,,,,
1887,9,12.3,-37.4,,,,,,,,,,,,,,,,,,,,,,,,,,,,,,,,,,,12.3,12.3,15.4,13.33,6.0,1.6,12.0,0.7,8.7,8.7,11.57,9.98,6.0,2.24,12.0,0.7,-9.15,-8.7,-8.14,-8.62,6.0,1.55,12.0,0.7,1019.16,1019.8,1022.41,1020.58,6.0,2.05,12.0,0.7,,,,,,,,,,,,,,,,,,,,,,,,,,,,,,,,,,,,,,,,,,,,,,,,,,,,,,,,,,,,,,,,,,,,,,,,,,,,,,,,,,,,,,,,,,,,,,,,,,,,,,,,,,,,,,,,,,,,,,,,,,,,,,,,,,
1887,9,12.3,-33.4,,,,,,,,,,,,,,,,,,,,,,,,,,,,,,,,,,,4.6,6.7,12.3,7.68,22.0,3.07,18.0,0.6,-4.99,-2.65,11.76,0.68,22.0,6.92,18.0,0.6,-3.6,3.25,4.37,0.8,22.0,4.71,18.0,0.6,1020.2,1022.0,1025.39,1022.64,20.0,2.34,18.0,0.6,,,,,,,,,,,,,,,,,,,,,,,,,,,,,,,,,,,,,,,,,,,,,,,,,,,,,,,,,,,,,,,,,,,,,,,,,,,,,,,,,,,,,,,,,,,,,,,,,,,,,,,,,,,,,,,,,,,,,,,,,,,,,,,,,,
1887,9,12.3,-31.4,,,,,,,,,,,,,,,,,,,,,,,,,,,,,,,,,,,4.6,6.7,9.3,6.13,23.0,2.73,18.0,0.5,-5.28,0.0,4.22,-0.25,23.0,4.6,18.0,0.5,-4.78,3.65,4.25,1.11,23.0,4.92,18.0,0.5,1018.33,1021.0,1025.44,1021.18,19.0,2.97,18.0,0.5,,,,,,,,,,,,,,,,,,,,,,,,,,,,,,,,,,,,,,,,,,,,,,,,,,,,,,,,,,,,,,,,,,,,,,,,,,,,,,,,,,,,,,,,,,,,,,,,,,,,,,,,,,,,,,,,,,,,,,,,,,,,,,,,,,
1887,9,12.3,-7.4,,,,,,,,,,,,,,,,,,,,,,,,,,,,,,,,,,,4.6,4.6,4.6,4.6,2.0,0.0,6.0,0.5,1.8,1.8,1.8,1.8,2.0,0.0,6.0,0.5,4.23,4.23,4.23,4.23,2.0,0.0,6.0,0.5,1016.82,1016.85,1016.88,1016.85,2.0,0.07,6.0,0.5,,,,,,,,,,,,,,,,,,,,,,,,,,,,,,,,,,,,,,,,,,,,,,,,,,,,,,,,,,,,,,,,,,,,,,,,,,,,,,,,,,,,,,,,,,,,,,,,,,,,,,,,,,,,,,,,,,,,,,,,,,,,,,,,,,
1887,9,12.3,36.6,,,,,,,,,,,,,,,,,,,,,,,,,,,,,,,,,,,3.87,4.6,8.75,6.16,5.0,3.73,10.0,0.2,1.52,3.25,3.75,2.7,5.0,1.71,10.0,0.2,-8.42,-3.25,-2.44,-5.13,5.0,4.06,10.0,0.2,1013.76,1014.2,1015.62,1014.68,5.0,1.24,10.0,0.2,,,,,,,,,,,,,,,,,,,,,,,,,,,,,,,,,,,,,,,,,,,,,,,,,,,,,,,,,,,,,,,,,,,,,,,,,,,,,,,,,,,,,,,,,,,,,,,,,,,,,,,,,,,,,,,,,,,,,,,,,,,,,,,,,,
1887,9,12.3,38.6,,,,,,,,,,,,,,,,,,,,,,,,,,,,,,,,,,,0.38,2.6,3.84,2.22,16.0,1.88,16.0,0.2,-0.03,0.92,2.39,1.0,16.0,2.22,16.0,0.2,-1.02,-0.2,1.0,0.06,16.0,1.67,16.0,0.2,1008.43,1015.8,1019.7,1014.26,14.0,5.34,14.0,0.1,,,,,,,,,,,,,,,,,,,,,,,,,,,,,,,,,,,,,,,,,,,,,,,,,,,,,,,,,,,,,,,,,,,,,,,,,,,,,,,,,,,,,,,,,,,,,,,,,,,,,,,,,,,,,,,,,,,,,,,,,,,,,,,,,,
1887,9,12.3,40.6,22.9,24.9,26.48,24.61,17.0,1.77,16.0,0.7,23.15,25.2,26.63,25.05,17.0,1.75,16.0,0.7,14.85,16.01,16.59,15.85,5.0,1.13,14.0,0.6,74.9,76.0,83.9,79.4,5.0,7.2,14.0,0.6,0.4,0.3,0.0,1.0,6.7,3.02,17.0,3.24,16.0,0.7,-0.46,0.16,4.51,1.44,17.0,2.6,16.0,0.7,-0.06,0.17,5.35,1.72,17.0,2.85,16.0,0.7,1006.93,1015.2,1017.68,1013.16,17.0,4.85,16.0,0.7,0.0,2.0,2.5,1.9,17.0,1.9,16.0,0.7,74.9,76.0,83.9,79.4,5.0,7.2,14.0,0.6,0.4,0.3,-0.5,0.2,30.0,10.0,17.0,20.5,16.0,0.7,-0.1,0.2,31.5,12.9,17.0,23.3,16.0,0.7,-1.45,-0.3,0.45,-0.44,17.0,0.94,16.0,0.7,-7.3,-0.3,1.0,-2.5,17.0,5.8,16.0,0.7,1.9,2.89,4.03,2.99,5.0,1.26,14.0,0.6,3.8,9.3,16.9,10.2,5.0,7.2,14.0,0.6,-11.2,3.7,99.9,34.3,17.0,61.9,16.0,0.7,-1.7,4.3,136.8,40.6,17.0,66.9,16.0,0.7,-16.5,33.2,96.5,39.1,5.0,57.5,14.0,0.6,-10.6,1.5,55.3,20.2,5.0,45.7,14.0,0.6,-3.0,7.4,13.9,6.1,5.0,9.5,14.0,0.6,-2.5,0.2,8.0,2.2,5.0,6.3,14.0,0.6,0.0,1.0,301.0,144.0,17.0,267.5,16.0,0.7,0.0,0.0,300.0,145.0,17.0,265.0,16.0,0.7
1887,9,14.3,-43.4,,,,,,,,,,,,,,,,,,,,,,,,,,,,,,,,,,,10.11,12.3,12.3,11.98,9.0,1.83,10.0,0.2,9.4,11.98,12.3,11.5,9.0,2.15,10.0,0.2,-2.63,0.0,4.02,0.61,9.0,3.28,10.0,0.2,1011.2,1012.4,1014.87,1012.95,6.0,1.93,2.0,0.2,,,,,,,,,,,,,,,,,,,,,,,,,,,,,,,,,,,,,,,,,,,,,,,,,,,,,,,,,,,,,,,,,,,,,,,,,,,,,,,,,,,,,,,,,,,,,,,,,,,,,,,,,,,,,,,,,,,,,,,,,,,,,,,,,,
1887,9,14.3,-41.4,,,,,,,,,,,,,,,,,,,,,,,,,,,,,,,,,,,8.23,15.4,20.49,14.62,11.0,5.55,14.0,0.5,6.41,12.07,15.12,11.67,11.0,4.63,14.0,0.5,-14.0,-2.35,6.1,-2.68,11.0,9.32,14.0,0.5,999.58,1009.3,1019.69,1009.56,8.0,9.51,18.0,0.4,,,,,,,,,,,,,,,,,,,,,,,,,,,,,,,,,,,,,,,,,,,,,,,,,,,,,,,,,,,,,,,,,,,,,,,,,,,,,,,,,,,,,,,,,,,,,,,,,,,,,,,,,,,,,,,,,,,,,,,,,,,,,,,,,,
1887,9,14.3,-39.4,,,,,,,,,,,,,,,,,,,,,,,,,,,,,,,,,,,2.6,11.05,15.4,9.66,10.0,6.3,12.0,0.2,0.93,7.81,14.28,7.02,10.0,6.57,12.0,0.2,0.46,5.25,8.7,4.11,10.0,5.15,12.0,0.2,1018.6,1020.7,1022.01,1020.33,10.0,1.84,12.0,0.2,,,,,,,,,,,,,,,,,,,,,,,,,,,,,,,,,,,,,,,,,,,,,,,,,,,,,,,,,,,,,,,,,,,,,,,,,,,,,,,,,,,,,,,,,,,,,,,,,,,,,,,,,,,,,,,,,,,,,,,,,,,,,,,,,,
1887,9,14.3,-35.4,,,,,,,,,,,,,,,,,,,,,,,,,,,,,,,,,,,6.7,6.7,6.7,6.7,2.0,0.0,26.0,1.0,0.57,1.04,1.51,1.04,2.0,0.98,26.0,1.0,6.51,6.58,6.66,6.58,2.0,0.15,26.0,1.0,1019.52,1020.0,1020.48,1020.0,2.0,0.99,26.0,1.0,,,,,,,,,,,,,,,,,,,,,,,,,,,,,,,,,,,,,,,,,,,,,,,,,,,,,,,,,,,,,,,,,,,,,,,,,,,,,,,,,,,,,,,,,,,,,,,,,,,,,,,,,,,,,,,,,,,,,,,,,,,,,,,,,,
1887,9,14.3,-33.4,,,,,,,,,,,,,,,,,,,,,,,,,,,,,,,,,,,4.6,6.7,9.3,6.7,29.0,2.52,20.0,0.2,-3.86,-1.45,2.62,-0.59,29.0,4.26,20.0,0.2,-4.14,3.81,6.82,2.53,29.0,5.26,20.0,0.2,1020.22,1022.2,1025.03,1022.5,21.0,2.33,18.0,0.2,,,,,,,,,,,,,,,,,,,,,,,,,,,,,,,,,,,,,,,,,,,,,,,,,,,,,,,,,,,,,,,,,,,,,,,,,,,,,,,,,,,,,,,,,,,,,,,,,,,,,,,,,,,,,,,,,,,,,,,,,,,,,,,,,,
1887,9,14.3,-31.4,,,,,,,,,,,,,,,,,,,,,,,,,,,,,,,,,,,6.7,9.3,9.3,8.2,9.0,1.76,8.0,0.6,6.66,8.89,9.25,8.08,9.0,1.7,8.0,0.6,-2.25,-0.97,-0.7,-1.14,9.0,1.01,8.0,0.6,1022.4,1022.8,1023.17,1022.81,9.0,0.42,8.0,0.6,,,,,,,,,,,,,,,,,,,,,,,,,,,,,,,,,,,,,,,,,,,,,,,,,,,,,,,,,,,,,,,,,,,,,,,,,,,,,,,,,,,,,,,,,,,,,,,,,,,,,,,,,,,,,,,,,,,,,,,,,,,,,,,,,,
1887,9,14.3,34.6,,,,,,,,,,,,,,,,,,,,,,,,,,,,,,,,,,,1.25,1.8,2.35,1.8,2.0,1.13,12.0,0.5,-1.43,-0.57,0.3,-0.57,2.0,1.8,12.0,0.5,-1.66,-1.27,-0.89,-1.27,2.0,0.8,12.0,0.5,1012.66,1012.8,1012.94,1012.8,2.0,0.28,12.0,0.5,,,,,,,,,,,,,,,,,,,,,,,,,,,,,,,,,,,,,,,,,,,,,,,,,,,,,,,,,,,,,,,,,,,,,,,,,,,,,,,,,,,,,,,,,,,,,,,,,,,,,,,,,,,,,,,,,,,,,,,,,,,,,,,,,,
1887,9,14.3,36.6,24.53,25.9,26.32,25.61,9.0,0.95,14.0,0.7,23.17,27.0,27.37,25.7,9.0,2.38,14.0,0.7,14.15,14.15,14.15,14.15,1.0,0.0,8.0,1.0,62.8,62.8,62.8,62.8,1.0,0.0,8.0,1.0,0.8,1.0,1.0,2.6,4.06,2.4,9.0,1.56,14.0,0.7,0.0,1.84,2.46,1.45,9.0,1.24,14.0,0.7,-2.87,-1.02,0.56,-1.17,9.0,1.87,14.0,0.7,1011.13,1013.8,1015.13,1013.26,8.0,2.24,14.0,0.6,0.0,2.0,2.7,1.4,9.0,1.2,14.0,0.7,62.8,62.8,62.8,62.8,1.0,0.0,8.0,1.0,0.8,1.0,0.0,4.8,6.4,4.3,9.0,4.9,14.0,0.7,-12.2,-2.6,0.7,-5.0,9.0,7.9,14.0,0.7,-1.37,-0.9,1.73,-0.09,9.0,1.65,14.0,0.7,-4.8,-2.3,1.5,-1.9,9.0,3.1,14.0,0.7,6.68,6.68,6.68,6.68,1.0,0.0,8.0,1.0,17.4,17.4,17.4,17.4,1.0,0.0,8.0,1.0,0.0,53.1,63.7,38.5,9.0,33.1,14.0,0.7,-78.5,-27.7,13.3,-33.0,9.0,50.0,14.0,0.7,29.4,29.4,29.4,29.4,1.0,0.0,8.0,1.0,-22.1,-22.1,-22.1,-22.1,1.0,0.0,8.0,1.0,13.9,13.9,13.9,13.9,1.0,0.0,8.0,1.0,-10.4,-10.4,-10.4,-10.4,1.0,0.0,8.0,1.0,1.0,17.5,76.0,29.5,9.0,39.0,14.0,0.7,0.0,20.0,75.0,30.0,9.0,40.0,14.0,0.7
1887,9,14.3,38.6,23.99,25.2,26.7,25.33,38.0,1.17,16.0,0.6,24.22,25.8,27.2,25.81,38.0,1.78,16.0,0.6,14.63,14.93,16.46,15.33,6.0,0.95,18.0,0.3,76.0,79.1,86.0,80.9,6.0,5.7,18.0,0.3,0.5,0.5,0.0,2.6,4.6,2.51,38.0,2.21,16.0,0.6,-0.43,0.55,2.65,1.09,38.0,2.28,16.0,0.6,-1.91,0.0,1.65,-0.18,38.0,2.21,16.0,0.6,1008.61,1014.4,1017.67,1013.11,33.0,4.66,14.0,0.6,0.0,2.0,4.0,2.1,38.0,1.9,16.0,0.6,76.0,79.1,86.0,80.9,6.0,5.7,18.0,0.3,0.5,0.5,-0.4,0.5,8.0,6.0,38.0,14.4,16.0,0.6,-6.3,0.0,5.0,-1.1,38.0,13.8,16.0,0.6,-1.59,-0.55,1.0,-0.48,38.0,1.41,16.0,0.6,-5.1,-0.9,1.1,-2.0,38.0,3.8,16.0,0.6,3.19,4.09,5.7,4.22,6.0,1.35,18.0,0.3,1.8,5.0,11.5,6.4,6.0,5.8,18.0,0.3,-10.5,13.0,65.6,26.4,38.0,58.5,16.0,0.6,-51.0,0.0,40.4,-4.8,38.0,57.7,16.0,0.6,-12.2,7.2,25.1,11.3,6.0,28.4,18.0,0.3,5.1,9.0,25.7,13.8,6.0,13.0,18.0,0.3,-3.7,1.0,6.2,2.1,6.0,7.0,18.0,0.3,0.7,2.9,6.3,3.6,6.0,3.5,18.0,0.3,0.0,17.5,97.5,62.5,38.0,148.0,16.0,0.6,0.0,20.0,95.0,65.0,38.0,150.0,16.0,0.6
1887,9,16.3,-43.4,,,,,,,,,,,,,,,,,,,,,,,,,,,,,,,,,,,15.4,15.4,19.0,16.6,6.0,1.86,10.0,1.0,13.77,14.68,16.71,15.25,6.0,2.14,10.0,1.0,-6.51,0.0,8.55,0.87,6.0,7.04,10.0,1.0,1012.04,1012.35,1012.71,1012.38,4.0,0.43,2.0,1.0,,,,,,,,,,,,,,,,,,,,,,,,,,,,,,,,,,,,,,,,,,,,,,,,,,,,,,,,,,,,,,,,,,,,,,,,,,,,,,,,,,,,,,,,,,,,,,,,,,,,,,,,,,,,,,,,,,,,,,,,,,,,,,,,,,
1887,9,16.3,-41.4,,,,,,,,,,,,,,,,,,,,,,,,,,,,,,,,,,,5.83,12.3,24.33,13.7,11.0,8.26,14.0,0.6,-1.08,8.56,20.17,8.92,11.0,10.23,14.0,0.6,-2.88,5.77,12.44,4.14,11.0,7.98,14.0,0.6,1002.37,1014.8,1017.1,1011.29,7.0,6.87,20.0,0.9,,,,,,,,,,,,,,,,,,,,,,,,,,,,,,,,,,,,,,,,,,,,,,,,,,,,,,,,,,,,,,,,,,,,,,,,,,,,,,,,,,,,,,,,,,,,,,,,,,,,,,,,,,,,,,,,,,,,,,,,,,,,,,,,,,
1887,9,16.3,-39.4,,,,,,,,,,,,,,,,,,,,,,,,,,,,,,,,,,,11.2,12.3,13.43,12.32,5.0,2.16,12.0,0.8,-0.65,2.56,5.21,2.54,5.0,3.98,12.0,0.8,-13.31,-12.03,-2.62,-7.97,5.0,9.55,12.0,0.8,1016.41,1021.75,1024.54,1020.95,10.0,3.67,12.0,0.7,,,,,,,,,,,,,,,,,,,,,,,,,,,,,,,,,,,,,,,,,,,,,,,,,,,,,,,,,,,,,,,,,,,,,,,,,,,,,,,,,,,,,,,,,,,,,,,,,,,,,,,,,,,,,,,,,,,,,,,,,,,,,,,,,,
1887,9,16.3,-35.4,,,,,,,,,,,,,,,,,,,,,,,,,,,,,,,,,,,4.6,6.7,6.7,6.41,27.0,3.22,18.0,0.4,-3.73,-0.93,2.38,-0.38,27.0,4.23,18.0,0.4,-6.63,2.18,4.55,0.08,27.0,5.93,18.0,0.4,1016.6,1023.4,1026.8,1021.35,25.0,4.56,18.0,0.4,,,,,,,,,,,,,,,,,,,,,,,,,,,,,,,,,,,,,,,,,,,,,,,,,,,,,,,,,,,,,,,,,,,,,,,,,,,,,,,,,,,,,,,,,,,,,,,,,,,,,,,,,,,,,,,,,,,,,,,,,,,,,,,,,,
1887,9,16.3,-33.4,,,,,,,,,,,,,,,,,,,,,,,,,,,,,,,,,,,4.6,4.6,6.13,5.69,9.0,2.57,20.0,0.7,-5.95,-0.96,3.25,-1.56,9.0,4.33,20.0,0.7,1.4,3.25,4.16,1.57,9.0,4.33,20.0,0.7,1018.41,1023.4,1029.14,1023.4,7.0,5.55,18.0,0.6,,,,,,,,,,,,,,,,,,,,,,,,,,,,,,,,,,,,,,,,,,,,,,,,,,,,,,,,,,,,,,,,,,,,,,,,,,,,,,,,,,,,,,,,,,,,,,,,,,,,,,,,,,,,,,,,,,,,,,,,,,,,,,,,,,
1887,9,16.3,34.6,,,,,,,,,,,,,,,,,,,,,,,,,,,,,,,,,,,1.0,3.6,9.3,4.63,6.0,3.85,12.0,0.5,-4.74,-1.82,0.0,-2.41,6.0,2.82,12.0,0.5,-6.99,-2.16,-1.0,-3.58,6.0,3.21,12.0,0.5,1013.28,1013.6,1013.8,1013.55,6.0,0.45,12.0,0.5,,,,,,,,,,,,,,,,,,,,,,,,,,,,,,,,,,,,,,,,,,,,,,,,,,,,,,,,,,,,,,,,,,,,,,,,,,,,,,,,,,,,,,,,,,,,,,,,,,,,,,,,,,,,,,,,,,,,,,,,,,,,,,,,,,
1887,9,16.3,36.6,24.09,25.6,26.82,25.5,32.0,1.34,16.0,0.3,23.95,25.75,28.73,26.18,32.0,2.29,16.0,0.3,15.52,16.02,18.98,17.19,4.0,2.72,18.0,0.5,75.6,75.7,85.2,80.2,4.0,9.0,18.0,0.5,0.5,0.7,0.92,2.6,4.6,2.82,32.0,2.11,16.0,0.3,0.0,1.84,2.59,1.26,32.0,2.01,16.0,0.3,-1.02,0.0,1.88,-0.05,32.0,2.65,16.0,0.3,1009.49,1012.05,1016.51,1013.1,26.0,3.75,14.0,0.4,0.0,2.0,6.0,2.9,32.0,2.6,16.0,0.3,75.6,75.7,85.2,80.2,4.0,9.0,18.0,0.5,0.5,0.7,0.0,4.8,6.8,4.4,32.0,9.7,16.0,0.3,-2.7,0.0,4.9,-2.2,32.0,18.7,16.0,0.3,-2.14,-0.4,0.62,-0.68,32.0,1.5,16.0,0.3,-4.3,0.0,2.0,-1.3,32.0,3.8,16.0,0.3,2.68,3.14,3.75,3.21,4.0,0.83,18.0,0.5,3.9,8.2,14.2,9.0,4.0,8.1,18.0,0.5,0.0,47.1,66.7,31.4,32.0,51.6,16.0,0.3,-28.0,0.0,47.1,-1.2,32.0,67.0,16.0,0.3,-39.4,18.6,38.8,0.6,4.0,53.7,18.0,0.5,-5.5,0.0,8.3,1.3,4.0,10.9,18.0,0.5,-10.2,3.8,7.9,-1.0,4.0,12.9,18.0,0.5,-1.4,0.0,1.7,0.1,4.0,2.4,18.0,0.5,1.0,17.5,97.5,68.0,32.0,153.5,16.0,0.3,0.0,20.0,95.0,70.0,32.0,155.0,16.0,0.3
1887,9,18.3,-43.4,,,,,,,,,,,,,,,,,,,,,,,,,,,,,,,,,,,15.4,15.4,15.74,16.43,7.0,2.72,10.0,0.1,13.96,15.01,15.72,15.84,7.0,2.86,10.0,0.1,-6.51,-3.46,0.0,-3.47,7.0,2.68,10.0,0.1,1011.33,1011.9,1011.9,1011.6,5.0,0.62,4.0,0.2,,,,,,,,,,,,,,,,,,,,,,,,,,,,,,,,,,,,,,,,,,,,,,,,,,,,,,,,,,,,,,,,,,,,,,,,,,,,,,,,,,,,,,,,,,,,,,,,,,,,,,,,,,,,,,,,,,,,,,,,,,,,,,,,,,
1887,9,18.3,-41.4,,,,,,,,,,,,,,,,,,,,,,,,,,,,,,,,,,,4.6,9.3,14.92,10.71,12.0,6.42,14.0,0.4,-2.7,5.26,13.21,5.68,12.0,8.7,14.0,0.4,-8.98,-3.97,-0.45,-3.44,12.0,6.51,14.0,0.4,1010.33,1013.5,1020.32,1014.31,8.0,4.76,20.0,0.3,,,,,,,,,,,,,,,,,,,,,,,,,,,,,,,,,,,,,,,,,,,,,,,,,,,,,,,,,,,,,,,,,,,,,,,,,,,,,,,,,,,,,,,,,,,,,,,,,,,,,,,,,,,,,,,,,,,,,,,,,,,,,,,,,,
1887,9,18.3,-39.4,,,,,,,,,,,,,,,,,,,,,,,,,,,,,,,,,,,6.7,9.3,16.06,11.52,5.0,6.61,14.0,0.0,6.2,8.56,15.77,11.04,5.0,6.68,14.0,0.0,-3.88,-2.62,-0.57,-2.08,5.0,2.68,14.0,0.0,1013.76,1023.2,1024.82,1020.84,8.0,5.35,14.0,0.1,,,,,,,,,,,,,,,,,,,,,,,,,,,,,,,,,,,,,,,,,,,,,,,,,,,,,,,,,,,,,,,,,,,,,,,,,,,,,,,,,,,,,,,,,,,,,,,,,,,,,,,,,,,,,,,,,,,,,,,,,,,,,,,,,,
1887,9,18.3,-35.4,,,,,,,,,,,,,,,,,,,,,,,,,,,,,,,,,,,1.0,2.6,6.7,3.68,57.0,2.23,16.0,0.5,-5.77,-2.34,0.89,-2.07,57.0,3.28,16.0,0.5,-2.37,0.05,1.62,-0.06,57.0,1.92,16.0,0.5,1017.8,1020.8,1028.71,1022.51,49.0,4.66,16.0,0.4,,,,,,,,,,,,,,,,,,,,,,,,,,,,,,,,,,,,,,,,,,,,,,,,,,,,,,,,,,,,,,,,,,,,,,,,,,,,,,,,,,,,,,,,,,,,,,,,,,,,,,,,,,,,,,,,,,,,,,,,,,,,,,,,,,
1887,9,18.3,-33.4,,,,,,,,,,,,,,,,,,,,,,,,,,,,,,,,,,,4.6,4.6,4.6,4.6,1.0,0.0,22.0,0.0,3.25,3.25,3.25,3.25,1.0,0.0,22.0,0.0,3.25,3.25,3.25,3.25,1.0,0.0,22.0,0.0,1017.9,1017.9,1017.9,1017.9,1.0,0.0,22.0,0.0,,,,,,,,,,,,,,,,,,,,,,,,,,,,,,,,,,,,,,,,,,,,,,,,,,,,,,,,,,,,,,,,,,,,,,,,,,,,,,,,,,,,,,,,,,,,,,,,,,,,,,,,,,,,,,,,,,,,,,,,,,,,,,,,,,
1887,9,18.3,34.6,,,,,,,,,,,,,,,,,,,,,,,,,,,,,,,,,,,0.32,1.0,2.09,1.2,3.0,1.31,10.0,0.7,-1.25,0.0,0.0,-0.61,3.0,1.06,10.0,0.7,-0.68,0.0,1.25,0.28,3.0,1.44,10.0,0.7,1013.42,1014.15,1014.2,1013.83,4.0,0.68,12.0,0.5,,,,,,,,,,,,,,,,,,,,,,,,,,,,,,,,,,,,,,,,,,,,,,,,,,,,,,,,,,,,,,,,,,,,,,,,,,,,,,,,,,,,,,,,,,,,,,,,,,,,,,,,,,,,,,,,,,,,,,,,,,,,,,,,,,
1887,9,18.3,36.6,24.4,25.45,26.7,25.5,34.0,1.12,18.0,0.6,24.1,25.65,27.38,25.82,34.0,1.78,18.0,0.6,16.12,16.68,17.7,16.9,4.0,1.0,18.0,0.5,79.7,85.7,90.5,85.1,4.0,7.9,18.0,0.5,0.5,0.3,1.0,2.6,5.44,3.5,30.0,2.21,16.0,0.6,0.0,1.84,4.07,1.87,30.0,2.49,16.0,0.6,-2.05,0.0,2.41,-0.11,30.0,2.77,16.0,0.6,1008.38,1011.35,1016.7,1012.28,32.0,4.05,16.0,0.6,0.0,3.5,7.0,3.7,34.0,2.8,18.0,0.6,79.7,85.7,90.5,85.1,4.0,7.9,18.0,0.5,0.5,0.3,0.0,5.0,18.7,9.7,30.0,17.4,16.0,0.6,-7.2,0.0,7.0,0.2,30.0,16.6,16.0,0.6,-1.88,-0.2,0.8,-0.32,34.0,1.27,18.0,0.6,-6.8,-0.2,2.0,-1.4,30.0,6.0,16.0,0.6,1.68,3.35,5.65,3.65,4.0,2.89,18.0,0.5,0.6,2.4,5.9,3.2,4.0,3.5,18.0,0.5,0.0,48.7,108.0,48.7,30.0,63.4,16.0,0.6,-57.1,0.0,58.1,-3.4,30.0,70.6,16.0,0.6,-24.4,-8.4,10.5,-7.0,4.0,22.1,18.0,0.5,-16.3,-1.6,22.5,2.9,4.0,29.5,18.0,0.5,-4.8,-1.8,0.3,-2.2,4.0,3.0,18.0,0.5,-3.1,-0.4,0.6,-1.2,4.0,2.8,18.0,0.5,1.0,17.5,178.0,99.0,30.0,165.5,16.0,0.6,0.0,20.0,180.0,100.0,30.0,165.0,16.0,0.6
1887,9,20.3,-43.4,,,,,,,,,,,,,,,,,,,,,,,,,,,,,,,,,,,15.4,15.4,20.31,17.8,3.0,4.16,24.0,1.0,4.53,14.28,18.73,11.69,3.0,10.64,24.0,1.0,-13.31,-8.83,1.14,-6.15,3.0,10.84,24.0,1.0,1004.77,1007.5,1010.23,1007.5,2.0,5.66,22.0,1.0,,,,,,,,,,,,,,,,,,,,,,,,,,,,,,,,,,,,,,,,,,,,,,,,,,,,,,,,,,,,,,,,,,,,,,,,,,,,,,,,,,,,,,,,,,,,,,,,,,,,,,,,,,,,,,,,,,,,,,,,,,,,,,,,,,
1887,9,20.3,-41.4,,,,,,,,,,,,,,,,,,,,,,,,,,,,,,,,,,,13.6,22.6,22.6,18.75,6.0,6.57,14.0,1.0,5.44,11.32,15.98,9.48,6.0,8.42,14.0,1.0,-20.95,-15.98,-5.29,-13.73,6.0,7.74,14.0,1.0,1011.77,1016.5,1019.17,1015.78,6.0,3.84,14.0,1.0,,,,,,,,,,,,,,,,,,,,,,,,,,,,,,,,,,,,,,,,,,,,,,,,,,,,,,,,,,,,,,,,,,,,,,,,,,,,,,,,,,,,,,,,,,,,,,,,,,,,,,,,,,,,,,,,,,,,,,,,,,,,,,,,,,
1887,9,20.3,-39.4,,,,,,,,,,,,,,,,,,,,,,,,,,,,,,,,,,,15.4,15.4,15.4,15.4,1.0,0.0,14.0,1.0,10.89,10.89,10.89,10.89,1.0,0.0,14.0,1.0,10.89,10.89,10.89,10.89,1.0,0.0,14.0,1.0,1018.9,1018.9,1018.9,1018.9,1.0,0.0,14.0,1.0,,,,,,,,,,,,,,,,,,,,,,,,,,,,,,,,,,,,,,,,,,,,,,,,,,,,,,,,,,,,,,,,,,,,,,,,,,,,,,,,,,,,,,,,,,,,,,,,,,,,,,,,,,,,,,,,,,,,,,,,,,,,,,,,,,
1887,9,20.3,-35.4,,,,,,,,,,,,,,,,,,,,,,,,,,,,,,,,,,,2.6,4.6,6.91,4.88,32.0,3.23,18.0,0.6,-6.8,-2.27,2.77,-2.32,32.0,4.48,18.0,0.6,-2.69,0.67,2.7,0.12,32.0,3.07,18.0,0.6,1022.0,1023.6,1026.72,1024.72,31.0,3.79,18.0,0.5,,,,,,,,,,,,,,,,,,,,,,,,,,,,,,,,,,,,,,,,,,,,,,,,,,,,,,,,,,,,,,,,,,,,,,,,,,,,,,,,,,,,,,,,,,,,,,,,,,,,,,,,,,,,,,,,,,,,,,,,,,,,,,,,,,
1887,9,20.3,32.6,,,,,,,,,,,,,,,,,,,,,,,,,,,,,,,,,,,1.0,1.0,1.0,1.0,1.0,0.0,20.0,1.0,-0.71,-0.71,-0.71,-0.71,1.0,0.0,20.0,1.0,-0.71,-0.71,-0.71,-0.71,1.0,0.0,20.0,1.0,1012.3,1012.3,1012.3,1012.3,1.0,0.0,20.0,1.0,,,,,,,,,,,,,,,,,,,,,,,,,,,,,,,,,,,,,,,,,,,,,,,,,,,,,,,,,,,,,,,,,,,,,,,,,,,,,,,,,,,,,,,,,,,,,,,,,,,,,,,,,,,,,,,,,,,,,,,,,,,,,,,,,,
1887,9,20.3,34.6,24.18,25.3,26.0,25.25,29.0,0.97,16.0,0.3,24.04,25.2,28.21,25.7,29.0,1.74,16.0,0.3,16.56,17.15,17.15,16.86,3.0,0.5,14.0,0.3,81.3,85.0,85.0,83.2,3.0,3.2,14.0,0.3,0.7,0.8,1.0,4.6,6.7,3.89,28.0,2.24,14.0,0.3,-0.54,0.6,3.98,1.24,28.0,2.49,14.0,0.3,-4.74,-1.0,1.51,-1.36,28.0,3.32,14.0,0.3,1010.74,1013.4,1015.39,1013.36,27.0,2.41,14.0,0.3,0.0,2.0,5.6,2.3,29.0,2.3,16.0,0.3,81.3,85.0,85.0,83.2,3.0,3.2,14.0,0.3,0.7,0.8,-1.4,2.7,18.8,6.5,28.0,14.0,14.0,0.3,-31.7,-1.0,5.3,-7.6,28.0,20.6,14.0,0.3,-1.66,-0.1,0.76,-0.45,29.0,1.15,16.0,0.3,-5.1,-0.6,2.2,-2.1,28.0,6.2,14.0,0.3,3.21,3.52,3.63,3.42,3.0,0.32,14.0,0.3,9.3,9.6,12.6,10.9,3.0,2.7,14.0,0.3,-13.9,14.8,98.7,33.3,28.0,65.0,14.0,0.3,-131.6,-25.5,36.3,-36.3,28.0,84.3,14.0,0.3,-5.7,8.5,13.0,3.7,3.0,14.3,14.0,0.3,-66.8,-43.8,13.7,-26.9,3.0,60.8,14.0,0.3,-1.2,1.8,2.4,0.6,3.0,2.9,14.0,0.3,-12.4,-9.4,3.0,-4.8,3.0,12.0,14.0,0.3,1.0,97.5,301.0,115.0,28.0,125.0,14.0,0.3,0.0,95.0,300.0,115.0,28.0,125.0,14.0,0.3
1887,9,20.3,36.6,24.34,24.8,25.91,25.02,10.0,0.87,20.0,0.7,23.89,25.5,26.71,25.47,10.0,1.47,20.0,0.7,18.99,18.99,18.99,18.99,1.0,0.0,28.0,1.0,87.2,87.2,87.2,87.2,1.0,0.0,28.0,1.0,0.3,0.0,0.27,2.6,6.13,2.98,9.0,2.56,18.0,0.7,0.07,1.05,2.36,1.32,9.0,1.55,18.0,0.7,-3.81,0.0,1.68,-0.41,9.0,3.46,18.0,0.7,1010.19,1011.0,1013.91,1011.79,9.0,2.6,20.0,0.7,0.9,5.5,8.0,4.6,10.0,3.2,20.0,0.7,87.2,87.2,87.2,87.2,1.0,0.0,28.0,1.0,0.3,0.0,0.1,3.2,7.7,6.4,9.0,10.0,18.0,0.7,-16.1,0.0,4.4,-1.0,9.0,20.7,18.0,0.7,-1.66,-0.45,0.93,-0.45,10.0,1.2,20.0,0.7,-4.3,0.0,0.0,-1.7,9.0,2.8,18.0,0.7,0.82,0.82,0.82,0.82,1.0,0.0,28.0,1.0,2.1,2.1,2.1,2.1,1.0,0.0,28.0,1.0,1.7,25.6,65.1,35.0,9.0,42.0,18.0,0.7,-97.7,0.0,44.6,-11.6,9.0,87.8,18.0,0.7,23.2,23.2,23.2,23.2,1.0,0.0,28.0,1.0,43.6,43.6,43.6,43.6,1.0,0.0,28.0,1.0,1.0,1.0,1.0,1.0,1.0,0.0,28.0,1.0,1.9,1.9,1.9,1.9,1.0,0.0,28.0,1.0,0.5,17.5,246.0,83.5,9.0,126.5,18.0,0.7,0.0,20.0,245.0,85.0,9.0,125.0,18.0,0.7
1887,9,22.3,-41.4,,,,,,,,,,,,,,,,,,,,,,,,,,,,,,,,,,,5.85,12.3,13.68,10.87,6.0,5.62,12.0,0.3,-0.38,11.81,13.37,8.6,6.0,7.7,12.0,0.3,-6.85,-3.32,0.0,-3.46,6.0,3.3,12.0,0.3,1009.5,1012.2,1013.65,1012.04,7.0,2.58,14.0,0.1,,,,,,,,,,,,,,,,,,,,,,,,,,,,,,,,,,,,,,,,,,,,,,,,,,,,,,,,,,,,,,,,,,,,,,,,,,,,,,,,,,,,,,,,,,,,,,,,,,,,,,,,,,,,,,,,,,,,,,,,,,,,,,,,,,
1887,9,22.3,-35.4,,,,,,,,,,,,,,,,,,,,,,,,,,,,,,,,,,,2.6,6.7,12.3,7.18,30.0,5.26,18.0,0.6,-7.17,-0.46,5.24,-0.01,30.0,7.94,18.0,0.6,-5.62,-1.82,1.19,-1.69,30.0,3.87,18.0,0.6,1018.8,1022.0,1026.06,1022.8,31.0,6.16,18.0,0.6,,,,,,,,,,,,,,,,,,,,,,,,,,,,,,,,,,,,,,,,,,,,,,,,,,,,,,,,,,,,,,,,,,,,,,,,,,,,,,,,,,,,,,,,,,,,,,,,,,,,,,,,,,,,,,,,,,,,,,,,,,,,,,,,,,
1887,9,22.3,32.6,,,,,,,,,,,,,,,,,,,,,,,,,,,,,,,,,,,1.51,2.6,3.97,2.73,3.0,1.8,16.0,0.7,-1.45,-0.71,-0.22,-0.83,3.0,0.91,16.0,0.7,-3.72,-2.6,-1.31,-2.51,3.0,1.77,16.0,0.7,1010.8,1011.0,1012.3,1011.53,3.0,1.19,16.0,0.7,,,,,,,,,,,,,,,,,,,,,,,,,,,,,,,,,,,,,,,,,,,,,,,,,,,,,,,,,,,,,,,,,,,,,,,,,,,,,,,,,,,,,,,,,,,,,,,,,,,,,,,,,,,,,,,,,,,,,,,,,,,,,,,,,,
1887,9,22.3,34.6,23.58,24.3,25.0,24.33,35.0,0.7,16.0,0.6,23.84,25.3,26.22,25.09,35.0,1.32,16.0,0.6,15.5,16.35,16.55,16.04,4.0,0.84,18.0,0.5,75.2,80.5,84.1,79.7,4.0,6.3,18.0,0.5,0.6,0.4,1.63,4.6,5.87,3.82,35.0,2.41,16.0,0.6,-2.29,1.0,3.83,1.12,35.0,2.87,16.0,0.6,-3.25,0.0,3.45,-0.3,35.0,3.35,16.0,0.6,1011.84,1013.55,1015.7,1013.74,32.0,1.88,16.0,0.7,0.0,0.0,5.0,1.7,35.0,2.3,16.0,0.6,75.2,80.5,84.1,79.7,4.0,6.3,18.0,0.5,0.6,0.4,-9.6,4.0,17.8,6.7,35.0,22.0,16.0,0.6,-15.0,0.0,15.9,-2.2,35.0,24.7,16.0,0.6,-2.0,-0.5,0.4,-0.77,35.0,1.18,16.0,0.6,-7.2,-2.1,0.5,-3.3,35.0,6.2,16.0,0.6,1.98,2.77,3.9,2.93,4.0,1.13,18.0,0.5,7.1,12.7,17.9,12.5,4.0,6.5,18.0,0.5,-57.5,27.1,98.3,28.6,35.0,72.8,16.0,0.6,-83.8,0.0,87.0,-7.1,35.0,84.4,16.0,0.6,-45.2,-40.1,-10.1,-28.2,4.0,28.7,18.0,0.5,-36.7,30.8,57.6,11.4,4.0,62.3,18.0,0.5,-10.4,-7.6,-1.5,-6.0,4.0,5.8,18.0,0.5,-4.5,6.5,14.6,5.1,4.0,11.6,18.0,0.5,7.5,97.5,220.0,135.0,35.0,316.0,16.0,0.6,10.0,95.0,220.0,135.0,35.0,315.0,16.0,0.6
1887,9,24.3,-43.4,,,,,,,,,,,,,,,,,,,,,,,,,,,,,,,,,,,6.7,15.4,15.4,12.5,6.0,4.49,8.0,0.5,2.3,3.46,4.57,3.87,6.0,2.55,8.0,0.5,3.9,13.81,15.01,9.66,6.0,8.44,8.0,0.5,1020.79,1030.15,1032.23,1024.8,6.0,14.59,8.0,0.5,,,,,,,,,,,,,,,,,,,,,,,,,,,,,,,,,,,,,,,,,,,,,,,,,,,,,,,,,,,,,,,,,,,,,,,,,,,,,,,,,,,,,,,,,,,,,,,,,,,,,,,,,,,,,,,,,,,,,,,,,,,,,,,,,,
1887,9,24.3,-41.4,,,,,,,,,,,,,,,,,,,,,,,,,,,,,,,,,,,6.99,10.8,12.3,9.89,8.0,2.98,14.0,0.9,6.21,10.31,11.4,8.55,8.0,4.15,14.0,0.9,-4.78,-1.31,4.1,-0.71,8.0,4.39,14.0,0.9,1014.4,1015.6,1016.2,1014.04,9.0,4.92,14.0,0.9,,,,,,,,,,,,,,,,,,,,,,,,,,,,,,,,,,,,,,,,,,,,,,,,,,,,,,,,,,,,,,,,,,,,,,,,,,,,,,,,,,,,,,,,,,,,,,,,,,,,,,,,,,,,,,,,,,,,,,,,,,,,,,,,,,
1887,9,24.3,-39.4,,,,,,,,,,,,,,,,,,,,,,,,,,,,,,,,,,,15.63,22.6,26.95,21.35,4.0,8.94,4.0,0.5,7.84,12.64,19.44,13.59,4.0,9.1,4.0,0.5,-18.74,-13.68,4.95,-7.2,4.0,17.0,4.0,0.5,1011.88,1014.2,1016.67,1014.28,5.0,2.82,4.0,0.4,,,,,,,,,,,,,,,,,,,,,,,,,,,,,,,,,,,,,,,,,,,,,,,,,,,,,,,,,,,,,,,,,,,,,,,,,,,,,,,,,,,,,,,,,,,,,,,,,,,,,,,,,,,,,,,,,,,,,,,,,,,,,,,,,,
1887,9,24.3,-35.4,,,,,,,,,,,,,,,,,,,,,,,,,,,,,,,,,,,2.6,6.7,9.3,7.67,32.0,4.71,14.0,0.5,-3.93,0.0,6.91,1.13,32.0,6.92,14.0,0.5,-3.27,0.0,8.43,2.1,32.0,5.4,14.0,0.5,1015.2,1019.4,1023.95,1019.53,23.0,4.37,18.0,0.5,,,,,,,,,,,,,,,,,,,,,,,,,,,,,,,,,,,,,,,,,,,,,,,,,,,,,,,,,,,,,,,,,,,,,,,,,,,,,,,,,,,,,,,,,,,,,,,,,,,,,,,,,,,,,,,,,,,,,,,,,,,,,,,,,,
1887,9,24.3,32.6,23.97,25.0,26.0,25.06,12.0,0.85,14.0,0.4,25.09,26.4,28.23,26.72,12.0,2.07,14.0,0.4,14.15,14.15,14.15,14.15,1.0,0.0,8.0,0.0,76.9,76.9,76.9,76.9,1.0,0.0,8.0,0.0,0.9,0.9,0.75,1.8,3.11,1.97,12.0,1.57,14.0,0.4,-0.3,0.0,2.6,0.78,12.0,1.7,14.0,0.4,-1.21,0.0,1.17,-0.3,12.0,1.73,14.0,0.4,1012.05,1012.5,1014.03,1012.9,12.0,1.13,14.0,0.4,0.0,0.0,2.5,1.4,12.0,2.4,14.0,0.4,76.9,76.9,76.9,76.9,1.0,0.0,8.0,0.0,0.9,0.9,-0.6,0.0,6.8,2.4,12.0,6.8,14.0,0.4,-2.0,0.0,2.4,-1.0,12.0,6.7,14.0,0.4,-3.58,-1.65,0.13,-1.66,12.0,1.74,14.0,0.4,-4.8,-3.1,0.0,-2.6,12.0,2.7,14.0,0.4,4.31,4.31,4.31,4.31,1.0,0.0,8.0,0.0,4.3,4.3,4.3,4.3,1.0,0.0,8.0,0.0,-7.1,0.0,69.0,21.0,12.0,44.7,14.0,0.4,-35.2,0.0,29.0,-9.3,12.0,44.6,14.0,0.4,-2.7,-2.7,-2.7,-2.7,1.0,0.0,8.0,0.0,13.9,13.9,13.9,13.9,1.0,0.0,8.0,0.0,-0.8,-0.8,-0.8,-0.8,1.0,0.0,8.0,0.0,4.2,4.2,4.2,4.2,1.0,0.0,8.0,0.0,0.5,9.5,38.0,22.5,12.0,36.0,14.0,0.4,0.0,10.0,40.0,20.0,12.0,35.0,14.0,0.4
1887,9,24.3,34.6,23.71,24.3,24.99,24.31,27.0,0.59,18.0,0.4,22.96,24.3,26.57,24.71,27.0,1.69,18.0,0.4,16.27,16.55,18.72,17.47,3.0,1.97,20.0,0.7,79.1,84.9,89.0,84.1,3.0,7.3,20.0,0.7,0.5,0.1,2.6,2.6,4.6,3.04,27.0,1.61,18.0,0.4,-0.97,0.95,2.31,1.05,27.0,2.04,18.0,0.4,-2.6,-1.26,2.34,-0.7,27.0,2.53,18.0,0.4,1012.68,1014.0,1015.3,1013.98,25.0,1.14,18.0,0.3,0.0,0.0,2.0,1.0,27.0,1.4,18.0,0.4,79.1,84.9,89.0,84.1,3.0,7.3,20.0,0.7,0.5,0.1,-4.2,0.9,6.0,4.4,27.0,13.0,18.0,0.4,-6.8,-3.3,6.1,-3.8,27.0,14.1,18.0,0.4,-1.59,-0.2,0.97,-0.41,27.0,1.61,18.0,0.4,-4.1,-0.8,2.6,-1.7,27.0,7.4,18.0,0.4,0.74,2.33,3.76,2.25,3.0,2.22,20.0,0.7,1.9,6.1,9.8,5.9,3.0,5.8,20.0,0.7,-23.2,23.0,55.9,26.8,27.0,52.0,18.0,0.4,-61.0,-28.2,55.9,-17.2,27.0,64.0,18.0,0.4,4.8,5.4,29.7,17.0,3.0,20.9,20.0,0.7,7.6,42.8,48.4,28.4,3.0,32.4,20.0,0.7,0.4,1.2,4.4,2.4,3.0,3.1,20.0,0.7,-0.9,0.0,7.8,3.4,3.0,7.0,20.0,0.7,17.5,17.5,97.5,59.5,27.0,152.5,18.0,0.4,20.0,20.0,95.0,60.0,27.0,150.0,18.0,0.4
1887,9,26.3,-43.4,,,,,,,,,,,,,,,,,,,,,,,,,,,,,,,,,,,6.5,12.3,15.4,11.01,7.0,5.03,8.0,0.7,3.48,11.32,15.01,9.56,7.0,6.05,8.0,0.7,-3.53,-3.46,-1.03,-1.53,7.0,4.56,8.0,0.7,1027.75,1032.3,1033.47,1029.38,6.0,8.48,6.0,0.7,,,,,,,,,,,,,,,,,,,,,,,,,,,,,,,,,,,,,,,,,,,,,,,,,,,,,,,,,,,,,,,,,,,,,,,,,,,,,,,,,,,,,,,,,,,,,,,,,,,,,,,,,,,,,,,,,,,,,,,,,,,,,,,,,,
1887,9,26.3,-41.4,,,,,,,,,,,,,,,,,,,,,,,,,,,,,,,,,,,8.98,12.3,22.8,13.6,7.0,8.33,14.0,0.1,8.77,12.3,22.8,12.97,7.0,9.41,14.0,0.1,0.0,0.0,0.09,0.26,7.0,0.69,14.0,0.1,1003.8,1005.4,1009.5,1006.57,6.0,3.31,16.0,0.0,,,,,,,,,,,,,,,,,,,,,,,,,,,,,,,,,,,,,,,,,,,,,,,,,,,,,,,,,,,,,,,,,,,,,,,,,,,,,,,,,,,,,,,,,,,,,,,,,,,,,,,,,,,,,,,,,,,,,,,,,,,,,,,,,,
1887,9,26.3,-39.4,,,,,,,,,,,,,,,,,,,,,,,,,,,,,,,,,,,25.93,28.85,30.9,28.15,6.0,3.38,2.0,0.7,21.5,23.92,25.62,23.34,6.0,2.8,2.0,0.7,14.5,16.13,17.28,15.74,6.0,1.89,2.0,0.7,1011.67,1013.35,1015.34,1013.42,6.0,2.0,2.0,0.7,,,,,,,,,,,,,,,,,,,,,,,,,,,,,,,,,,,,,,,,,,,,,,,,,,,,,,,,,,,,,,,,,,,,,,,,,,,,,,,,,,,,,,,,,,,,,,,,,,,,,,,,,,,,,,,,,,,,,,,,,,,,,,,,,,
1887,9,26.3,-35.4,,,,,,,,,,,,,,,,,,,,,,,,,,,,,,,,,,,2.6,6.7,6.7,6.01,26.0,3.6,16.0,0.7,-5.82,-0.43,4.78,-0.64,26.0,5.37,16.0,0.7,-4.23,-1.04,3.7,-1.05,26.0,4.48,16.0,0.7,1010.2,1026.8,1030.2,1022.35,26.0,9.72,16.0,0.7,,,,,,,,,,,,,,,,,,,,,,,,,,,,,,,,,,,,,,,,,,,,,,,,,,,,,,,,,,,,,,,,,,,,,,,,,,,,,,,,,,,,,,,,,,,,,,,,,,,,,,,,,,,,,,,,,,,,,,,,,,,,,,,,,,
1887,9,26.3,-33.4,,,,,,,,,,,,,,,,,,,,,,,,,,,,,,,,,,,2.6,2.6,16.85,6.87,15.0,6.57,6.0,0.5,-10.33,1.56,2.55,-1.09,15.0,7.24,6.0,0.5,-5.68,1.57,2.08,-0.63,15.0,6.29,6.0,0.5,1020.18,1030.25,1031.8,1027.56,16.0,7.62,6.0,0.4,,,,,,,,,,,,,,,,,,,,,,,,,,,,,,,,,,,,,,,,,,,,,,,,,,,,,,,,,,,,,,,,,,,,,,,,,,,,,,,,,,,,,,,,,,,,,,,,,,,,,,,,,,,,,,,,,,,,,,,,,,,,,,,,,,
1887,9,26.3,32.6,24.0,25.0,25.3,24.91,38.0,0.71,18.0,0.6,23.4,25.8,27.33,25.3,38.0,1.91,18.0,0.6,15.3,15.55,16.54,15.9,4.0,0.98,18.0,0.5,79.4,85.6,88.4,84.0,4.0,6.8,18.0,0.5,0.6,0.7,1.0,2.6,4.87,3.51,38.0,2.55,18.0,0.6,-0.26,1.68,3.25,1.23,38.0,2.35,18.0,0.6,-4.28,-1.57,0.0,-1.97,38.0,2.84,18.0,0.6,1012.3,1014.1,1015.78,1014.11,35.0,1.58,18.0,0.6,0.0,0.0,3.0,1.2,38.0,1.7,18.0,0.6,79.4,85.6,88.4,84.0,4.0,6.8,18.0,0.5,0.6,0.7,-0.3,4.4,19.7,5.6,38.0,13.7,18.0,0.6,-19.7,-4.1,0.0,-12.4,38.0,23.2,18.0,0.6,-2.4,-0.4,1.24,-0.39,38.0,1.58,18.0,0.6,-6.1,0.0,4.8,-0.2,38.0,7.2,18.0,0.6,2.64,3.12,3.76,3.19,4.0,0.76,18.0,0.5,3.1,4.7,13.0,7.9,4.0,7.7,18.0,0.5,-6.4,40.6,85.9,31.8,38.0,61.2,18.0,0.6,-103.5,-38.2,0.0,-47.6,38.0,67.0,18.0,0.6,0.3,4.3,20.8,10.3,4.0,17.2,18.0,0.5,-39.5,-0.1,30.6,-4.2,4.0,45.4,18.0,0.5,0.0,0.7,5.4,2.6,4.0,4.7,18.0,0.5,-10.1,0.2,4.7,-2.5,4.0,10.1,18.0,0.5,1.0,17.5,123.5,120.5,38.0,218.5,18.0,0.6,0.0,20.0,125.0,120.0,38.0,220.0,18.0,0.6
1887,9,26.3,34.6,,,,,,,,,,,,,,,,,,,,,,,,,,,,,,,,,,,4.6,4.6,4.6,4.6,1.0,0.0,4.0,0.0,3.25,3.25,3.25,3.25,1.0,0.0,4.0,0.0,-3.25,-3.25,-3.25,-3.25,1.0,0.0,4.0,0.0,1014.0,1014.0,1014.0,1014.0,1.0,0.0,4.0,0.0,,,,,,,,,,,,,,,,,,,,,,,,,,,,,,,,,,,,,,,,,,,,,,,,,,,,,,,,,,,,,,,,,,,,,,,,,,,,,,,,,,,,,,,,,,,,,,,,,,,,,,,,,,,,,,,,,,,,,,,,,,,,,,,,,,
1887,9,28.3,-43.4,6.7,6.7,6.7,6.7,2.0,0.0,4.0,0.0,9.07,9.45,9.83,9.45,2.0,0.78,4.0,0.0,6.06,6.23,6.41,6.23,2.0,0.37,4.0,0.0,86.2,86.4,86.7,86.4,2.0,0.5,4.0,0.0,0.3,0.0,12.79,13.85,14.91,13.85,2.0,2.19,4.0,0.0,12.5,13.52,14.53,13.52,2.0,2.1,4.0,0.0,-3.32,-3.01,-2.7,-3.01,2.0,0.64,4.0,0.0,1029.01,1029.45,1029.89,1029.45,2.0,0.92,4.0,0.0,6.0,6.0,6.0,6.0,2.0,0.0,4.0,0.0,86.2,86.4,86.7,86.4,2.0,0.5,4.0,0.0,0.3,0.0,161.2,189.5,217.9,189.5,2.0,58.8,4.0,0.0,-49.9,-42.4,-34.9,-42.4,2.0,15.5,4.0,0.0,-3.13,-2.75,-2.37,-2.75,2.0,0.78,4.0,0.0,-39.5,-37.2,-34.9,-37.2,2.0,4.7,4.0,0.0,-0.43,-0.26,-0.08,-0.26,2.0,0.36,4.0,0.0,-5.3,-3.2,-1.0,-3.2,2.0,4.5,4.0,0.0,122.4,126.9,131.4,126.9,2.0,9.4,4.0,0.0,-30.0,-28.2,-26.4,-28.2,2.0,3.7,4.0,0.0,80.0,83.9,87.8,83.9,2.0,8.1,4.0,0.0,-20.0,-18.6,-17.3,-18.6,2.0,2.9,4.0,0.0,-5.2,-3.1,-1.0,-3.1,2.0,4.4,4.0,0.0,0.2,0.7,1.1,0.7,2.0,0.9,4.0,0.0,2145.0,2756.5,3368.0,2756.5,2.0,1266.5,4.0,0.0,2145.0,2755.0,3370.0,2755.0,2.0,1265.0,4.0,0.0
1887,9,28.3,-41.4,,,,,,,,,,,,,,,,,,,,,,,,,,,,,,,,,,,12.64,19.0,26.33,18.9,8.0,6.68,16.0,0.9,12.64,18.18,24.42,17.27,8.0,7.21,16.0,0.9,0.0,4.23,9.86,3.55,8.0,6.75,16.0,0.9,1001.19,1001.75,1018.39,1007.15,6.0,9.05,16.0,0.8,,,,,,,,,,,,,,,,,,,,,,,,,,,,,,,,,,,,,,,,,,,,,,,,,,,,,,,,,,,,,,,,,,,,,,,,,,,,,,,,,,,,,,,,,,,,,,,,,,,,,,,,,,,,,,,,,,,,,,,,,,,,,,,,,,
1887,9,28.3,-39.4,,,,,,,,,,,,,,,,,,,,,,,,,,,,,,,,,,,12.3,12.3,18.03,14.53,9.0,3.8,4.0,0.4,11.21,12.07,14.76,10.38,9.0,8.86,4.0,0.4,-2.35,-2.35,10.82,2.49,9.0,6.73,4.0,0.4,1017.79,1019.3,1019.3,1018.44,8.0,1.85,4.0,0.4,,,,,,,,,,,,,,,,,,,,,,,,,,,,,,,,,,,,,,,,,,,,,,,,,,,,,,,,,,,,,,,,,,,,,,,,,,,,,,,,,,,,,,,,,,,,,,,,,,,,,,,,,,,,,,,,,,,,,,,,,,,,,,,,,,
1887,9,28.3,-35.4,,,,,,,,,,,,,,,,,,,,,,,,,,,,,,,,,,,4.6,15.4,26.8,15.57,7.0,9.06,14.0,0.6,-4.58,13.47,25.63,8.92,7.0,14.68,14.0,0.6,-7.98,-4.23,4.89,-2.9,7.0,6.85,14.0,0.6,1015.53,1018.6,1022.77,1018.24,7.0,4.71,14.0,0.6,,,,,,,,,,,,,,,,,,,,,,,,,,,,,,,,,,,,,,,,,,,,,,,,,,,,,,,,,,,,,,,,,,,,,,,,,,,,,,,,,,,,,,,,,,,,,,,,,,,,,,,,,,,,,,,,,,,,,,,,,,,,,,,,,,
1887,9,28.3,-33.4,,,,,,,,,,,,,,,,,,,,,,,,,,,,,,,,,,,6.7,12.3,19.0,12.13,40.0,5.97,14.0,0.6,-7.74,4.61,13.18,2.6,40.0,9.81,14.0,0.6,-8.31,2.29,12.27,1.69,40.0,8.97,14.0,0.6,1015.9,1020.6,1027.9,1021.74,37.0,5.26,14.0,0.5,,,,,,,,,,,,,,,,,,,,,,,,,,,,,,,,,,,,,,,,,,,,,,,,,,,,,,,,,,,,,,,,,,,,,,,,,,,,,,,,,,,,,,,,,,,,,,,,,,,,,,,,,,,,,,,,,,,,,,,,,,,,,,,,,,
1887,9,28.3,32.6,24.8,25.1,25.51,25.17,44.0,0.59,18.0,0.5,23.8,25.4,27.1,25.66,43.0,1.87,18.0,0.5,15.33,15.64,17.3,16.28,4.0,1.7,18.0,0.5,77.2,86.4,89.9,83.7,4.0,10.4,18.0,0.5,0.6,0.3,1.0,2.6,6.7,3.58,44.0,2.37,18.0,0.5,0.0,1.63,4.74,1.86,44.0,2.23,18.0,0.5,-4.74,-2.54,0.0,-2.42,44.0,2.07,18.0,0.5,1012.4,1013.5,1015.87,1014.22,41.0,1.9,18.0,0.5,0.0,0.0,2.0,1.1,44.0,1.2,18.0,0.5,77.2,86.4,89.9,83.7,4.0,10.4,18.0,0.5,0.6,0.3,0.0,4.8,31.7,10.8,44.0,14.9,18.0,0.5,-31.7,-6.7,0.0,-12.7,44.0,14.5,18.0,0.5,-2.0,-0.5,1.0,-0.48,43.0,1.68,18.0,0.5,-7.3,0.0,4.0,-1.6,43.0,8.2,18.0,0.5,1.82,2.93,4.09,2.96,4.0,1.77,18.0,0.5,3.6,6.4,7.6,5.6,4.0,2.6,18.0,0.5,0.0,37.1,120.8,46.4,43.0,58.1,18.0,0.5,-122.5,-65.3,0.0,-61.3,43.0,53.4,18.0,0.5,6.3,15.7,24.8,15.5,4.0,10.7,18.0,0.5,-41.1,-32.2,-21.9,-31.5,4.0,14.6,18.0,0.5,1.3,3.5,4.7,3.0,4.0,2.1,18.0,0.5,-6.1,-5.2,-3.2,-4.7,4.0,1.9,18.0,0.5,1.0,17.5,301.0,108.0,44.0,156.0,18.0,0.5,0.0,20.0,300.0,110.0,44.0,155.0,18.0,0.5
1887,9,30.3,-43.4,,,,,,,,,,,,,,,,,,,,,,,,,,,,,,,,,,,7.59,9.5,11.41,9.5,2.0,3.96,22.0,1.0,-3.64,-1.15,1.35,-1.15,2.0,5.17,22.0,1.0,-10.51,-8.77,-7.02,-8.77,2.0,3.61,22.0,1.0,1016.7,1016.7,1016.7,1016.7,1.0,0.0,14.0,1.0,,,,,,,,,,,,,,,,,,,,,,,,,,,,,,,,,,,,,,,,,,,,,,,,,,,,,,,,,,,,,,,,,,,,,,,,,,,,,,,,,,,,,,,,,,,,,,,,,,,,,,,,,,,,,,,,,,,,,,,,,,,,,,,,,,
1887,9,30.3,-41.4,,,,,,,,,,,,,,,,,,,,,,,,,,,,,,,,,,,6.44,14.7,22.96,14.7,2.0,17.11,12.0,0.5,1.92,11.22,20.52,11.22,2.0,19.28,12.0,0.5,0.77,4.53,8.29,4.53,2.0,7.79,12.0,0.5,1003.84,1004.8,1005.21,1004.53,3.0,1.03,16.0,0.0,,,,,,,,,,,,,,,,,,,,,,,,,,,,,,,,,,,,,,,,,,,,,,,,,,,,,,,,,,,,,,,,,,,,,,,,,,,,,,,,,,,,,,,,,,,,,,,,,,,,,,,,,,,,,,,,,,,,,,,,,,,,,,,,,,
1887,9,30.3,-39.4,,,,,,,,,,,,,,,,,,,,,,,,,,,,,,,,,,,12.3,12.3,12.45,12.74,7.0,1.17,2.0,0.4,12.07,12.07,12.22,12.51,7.0,1.15,2.0,0.4,-2.38,-2.35,-2.35,-2.43,7.0,0.22,2.0,0.4,1019.3,1019.3,1019.3,1019.3,7.0,0.0,2.0,0.4,,,,,,,,,,,,,,,,,,,,,,,,,,,,,,,,,,,,,,,,,,,,,,,,,,,,,,,,,,,,,,,,,,,,,,,,,,,,,,,,,,,,,,,,,,,,,,,,,,,,,,,,,,,,,,,,,,,,,,,,,,,,,,,,,,
1887,9,30.3,-33.4,,,,,,,,,,,,,,,,,,,,,,,,,,,,,,,,,,,4.6,9.3,12.3,9.67,27.0,4.6,10.0,0.6,-7.59,-2.35,5.84,-0.8,27.0,6.78,10.0,0.6,-8.68,-4.74,1.72,-2.59,27.0,8.04,10.0,0.6,1021.94,1023.6,1024.16,1022.64,15.0,4.34,16.0,0.6,,,,,,,,,,,,,,,,,,,,,,,,,,,,,,,,,,,,,,,,,,,,,,,,,,,,,,,,,,,,,,,,,,,,,,,,,,,,,,,,,,,,,,,,,,,,,,,,,,,,,,,,,,,,,,,,,,,,,,,,,,,,,,,,,,
1887,9,30.3,-31.4,,,,,,,,,,,,,,,,,,,,,,,,,,,,,,,,,,,4.6,9.3,9.43,7.6,12.0,2.35,10.0,0.3,-7.23,-4.6,-3.72,-5.08,12.0,1.81,10.0,0.3,-6.54,-5.64,0.0,-3.6,12.0,4.79,10.0,0.3,1024.4,1025.0,1026.72,1025.54,5.0,1.44,16.0,0.0,,,,,,,,,,,,,,,,,,,,,,,,,,,,,,,,,,,,,,,,,,,,,,,,,,,,,,,,,,,,,,,,,,,,,,,,,,,,,,,,,,,,,,,,,,,,,,,,,,,,,,,,,,,,,,,,,,,,,,,,,,,,,,,,,,
1887,9,30.3,30.6,25.0,25.9,26.2,25.81,17.0,0.96,16.0,0.3,24.71,25.9,28.49,26.32,17.0,2.07,16.0,0.3,15.03,15.94,16.85,15.94,2.0,1.88,18.0,0.5,79.3,86.2,93.2,86.2,2.0,14.4,18.0,0.5,0.9,0.9,0.38,2.6,4.6,3.21,16.0,2.6,16.0,0.3,0.0,0.24,3.25,1.4,16.0,1.8,16.0,0.3,-4.46,-2.6,-0.38,-2.73,16.0,2.11,16.0,0.3,1012.24,1013.4,1014.83,1013.81,15.0,2.33,16.0,0.3,0.0,2.0,3.5,2.0,17.0,1.8,16.0,0.3,79.3,86.2,93.2,86.2,2.0,14.4,18.0,0.5,0.9,0.9,0.0,1.1,15.0,8.3,16.0,13.8,16.0,0.3,-20.5,-6.8,-0.4,-13.8,16.0,18.1,16.0,0.3,-1.68,-0.5,0.73,-0.52,17.0,1.79,16.0,0.3,-3.7,-0.5,2.3,-0.6,16.0,8.7,16.0,0.3,3.82,4.35,4.88,4.35,2.0,1.1,18.0,0.5,13.8,14.9,16.0,14.9,2.0,2.2,18.0,0.5,0.0,5.6,85.8,35.8,16.0,44.8,16.0,0.3,-110.0,-72.0,-9.9,-69.8,16.0,50.8,16.0,0.3,10.5,15.3,20.1,15.3,2.0,9.9,18.0,0.5,-71.3,-54.9,-38.4,-54.9,2.0,34.1,18.0,0.5,2.7,4.8,6.9,4.8,2.0,4.3,18.0,0.5,-15.5,-13.6,-11.7,-13.6,2.0,3.9,18.0,0.5,0.5,17.5,97.5,104.0,16.0,202.0,16.0,0.3,0.0,20.0,95.0,105.0,16.0,200.0,16.0,0.3
1887,9,30.3,32.6,24.9,25.3,26.0,25.41,21.0,0.86,18.0,0.5,23.55,25.8,26.75,25.53,21.0,1.64,18.0,0.5,15.94,15.94,15.94,15.94,1.0,0.0,26.0,1.0,82.9,82.9,82.9,82.9,1.0,0.0,26.0,1.0,0.4,0.0,1.0,4.6,6.67,3.75,20.0,2.49,16.0,0.6,0.0,1.23,4.63,1.58,20.0,2.06,16.0,0.6,-4.74,-3.41,-0.67,-2.98,20.0,2.2,16.0,0.6,1012.4,1013.2,1014.8,1013.75,20.0,2.19,18.0,0.6,0.0,0.0,2.0,1.1,21.0,1.7,18.0,0.5,82.9,82.9,82.9,82.9,1.0,0.0,26.0,1.0,0.4,0.0,0.0,4.2,31.5,9.6,20.0,13.9,16.0,0.6,-31.6,-15.7,-0.7,-16.1,20.0,17.9,16.0,0.6,-1.73,0.3,1.51,-0.11,21.0,1.52,18.0,0.5,-6.0,0.3,3.7,-0.9,20.0,5.7,16.0,0.6,3.8,3.8,3.8,3.8,1.0,0.0,26.0,1.0,17.5,17.5,17.5,17.5,1.0,0.0,26.0,1.0,0.0,30.3,106.1,40.1,20.0,52.0,16.0,0.6,-123.6,-86.3,-16.1,-75.7,20.0,54.3,16.0,0.6,46.2,46.2,46.2,46.2,1.0,0.0,26.0,1.0,-57.0,-57.0,-57.0,-57.0,1.0,0.0,26.0,1.0,11.0,11.0,11.0,11.0,1.0,0.0,26.0,1.0,-13.6,-13.6,-13.6,-13.6,1.0,0.0,26.0,1.0,1.0,97.5,297.5,123.0,20.0,189.5,16.0,0.6,0.0,95.0,300.0,125.0,20.0,190.0,16.0,0.6
1887,9,32.3,-43.4,,,,,,,,,,,,,,,,,,,,,,,,,,,,,,,,,,,26.8,26.8,26.8,26.8,1.0,0.0,18.0,1.0,24.85,24.85,24.85,24.85,1.0,0.0,18.0,1.0,10.04,10.04,10.04,10.04,1.0,0.0,18.0,1.0,1006.83,1008.2,1008.68,1007.77,3.0,1.4,18.0,0.3,,,,,,,,,,,,,,,,,,,,,,,,,,,,,,,,,,,,,,,,,,,,,,,,,,,,,,,,,,,,,,,,,,,,,,,,,,,,,,,,,,,,,,,,,,,,,,,,,,,,,,,,,,,,,,,,,,,,,,,,,,,,,,,,,,
1887,9,32.3,-41.4,,,,,,,,,,,,,,,,,,,,,,,,,,,,,,,,,,,9.3,20.8,22.6,16.84,8.0,7.11,16.0,1.0,3.76,19.21,22.05,13.61,8.0,10.36,16.0,1.0,-7.61,4.52,8.32,1.98,8.0,7.14,16.0,1.0,1010.98,1013.9,1021.15,1015.39,7.0,5.32,18.0,1.0,,,,,,,,,,,,,,,,,,,,,,,,,,,,,,,,,,,,,,,,,,,,,,,,,,,,,,,,,,,,,,,,,,,,,,,,,,,,,,,,,,,,,,,,,,,,,,,,,,,,,,,,,,,,,,,,,,,,,,,,,,,,,,,,,,
1887,9,32.3,-39.4,,,,,,,,,,,,,,,,,,,,,,,,,,,,,,,,,,,17.11,19.0,19.0,18.1,4.0,1.8,6.0,0.5,14.58,18.65,18.65,16.71,4.0,3.88,6.0,0.5,-3.98,3.63,3.63,0.0,4.0,7.26,6.0,0.5,1012.18,1019.3,1019.3,1015.9,4.0,6.8,6.0,0.5,,,,,,,,,,,,,,,,,,,,,,,,,,,,,,,,,,,,,,,,,,,,,,,,,,,,,,,,,,,,,,,,,,,,,,,,,,,,,,,,,,,,,,,,,,,,,,,,,,,,,,,,,,,,,,,,,,,,,,,,,,,,,,,,,,
1887,9,32.3,-33.4,,,,,,,,,,,,,,,,,,,,,,,,,,,,,,,,,,,6.6,12.3,12.79,11.44,7.0,5.78,16.0,0.6,-4.74,0.0,11.62,3.01,7.0,7.94,16.0,0.6,-12.48,-9.3,3.32,-6.54,7.0,7.92,16.0,0.6,1024.5,1025.3,1026.63,1025.55,4.0,1.31,20.0,0.5,,,,,,,,,,,,,,,,,,,,,,,,,,,,,,,,,,,,,,,,,,,,,,,,,,,,,,,,,,,,,,,,,,,,,,,,,,,,,,,,,,,,,,,,,,,,,,,,,,,,,,,,,,,,,,,,,,,,,,,,,,,,,,,,,,
1887,9,32.3,-31.4,,,,,,,,,,,,,,,,,,,,,,,,,,,,,,,,,,,4.6,6.7,9.3,6.46,34.0,2.81,12.0,0.5,-5.28,-3.63,-0.1,-2.99,34.0,2.86,12.0,0.5,-5.73,-2.09,6.42,-0.73,34.0,5.74,12.0,0.5,1025.84,1029.35,1031.8,1028.74,26.0,3.44,16.0,0.6,,,,,,,,,,,,,,,,,,,,,,,,,,,,,,,,,,,,,,,,,,,,,,,,,,,,,,,,,,,,,,,,,,,,,,,,,,,,,,,,,,,,,,,,,,,,,,,,,,,,,,,,,,,,,,,,,,,,,,,,,,,,,,,,,,
1887,9,32.3,26.6,25.5,26.5,26.9,26.28,10.0,0.75,18.0,0.3,26.69,28.4,30.47,28.65,10.0,2.23,18.0,0.3,18.32,18.51,18.7,18.51,2.0,0.4,18.0,0.5,82.8,83.2,83.5,83.2,2.0,0.7,18.0,0.5,0.9,0.9,5.17,6.7,11.49,8.06,9.0,2.93,16.0,0.2,0.58,4.74,6.25,3.91,9.0,2.94,16.0,0.2,-9.14,-4.74,-4.04,-6.43,9.0,3.03,16.0,0.2,1006.72,1008.7,1011.06,1008.87,9.0,2.98,18.0,0.3,0.0,0.0,0.0,0.1,10.0,0.3,18.0,0.3,82.8,83.2,83.5,83.2,2.0,0.7,18.0,0.5,0.9,0.9,2.7,31.7,54.3,32.4,9.0,34.3,16.0,0.2,-101.5,-31.7,-20.9,-58.9,9.0,46.9,16.0,0.2,-3.73,-2.15,-0.44,-2.37,10.0,2.31,18.0,0.3,-40.3,-23.4,-2.2,-25.4,9.0,29.1,16.0,0.2,1.91,2.53,3.16,2.53,2.0,1.3,18.0,0.5,8.8,11.7,14.5,11.7,2.0,6.0,18.0,0.5,15.9,128.5,180.7,112.1,9.0,88.3,16.0,0.2,-271.5,-143.5,-110.6,-190.8,9.0,104.5,16.0,0.2,42.0,44.9,47.9,44.9,2.0,6.1,18.0,0.5,-75.0,-72.1,-69.2,-72.1,2.0,6.0,18.0,0.5,4.9,5.9,7.0,5.9,2.0,2.2,18.0,0.5,-12.8,-10.0,-7.3,-10.0,2.0,5.7,18.0,0.5,152.0,301.0,1576.0,714.0,9.0,700.0,16.0,0.2,150.0,300.0,1575.0,715.0,9.0,700.0,16.0,0.2
1887,9,32.3,28.6,25.22,25.85,26.48,25.83,34.0,0.72,16.0,0.5,26.58,28.8,31.32,28.84,31.0,2.33,18.0,0.5,19.74,20.55,21.36,20.55,2.0,1.68,24.0,1.0,83.5,83.6,83.7,83.6,2.0,0.2,24.0,1.0,0.4,0.5,2.6,6.7,9.3,6.42,34.0,3.12,16.0,0.5,0.0,2.12,3.87,2.08,34.0,2.17,16.0,0.5,-8.62,-6.21,-2.6,-5.77,34.0,2.95,16.0,0.5,1007.19,1008.75,1013.82,1010.17,26.0,2.98,18.0,0.4,0.0,0.0,0.0,0.1,34.0,0.5,16.0,0.5,83.5,83.6,83.7,83.6,2.0,0.2,24.0,1.0,0.4,0.5,0.0,10.2,35.0,17.0,34.0,23.0,16.0,0.5,-80.2,-41.6,-6.8,-45.6,34.0,41.4,16.0,0.5,-5.17,-3.5,-0.23,-3.02,31.0,2.17,18.0,0.5,-34.8,-11.4,-2.1,-19.5,31.0,22.0,18.0,0.5,-0.27,0.53,1.33,0.53,2.0,1.66,24.0,1.0,0.7,3.6,6.5,3.6,2.0,6.0,24.0,1.0,0.0,49.6,109.5,57.2,31.0,66.3,18.0,0.5,-237.8,-170.2,-72.1,-163.7,31.0,91.9,18.0,0.5,19.1,32.6,46.1,32.6,2.0,28.0,24.0,1.0,-63.4,-44.8,-26.2,-44.8,2.0,38.5,24.0,1.0,0.4,2.1,3.8,2.1,2.0,3.5,24.0,1.0,-5.3,-2.9,-0.6,-2.9,2.0,4.9,24.0,1.0,17.5,301.0,804.5,457.5,34.0,578.0,16.0,0.5,20.0,300.0,805.0,460.0,34.0,580.0,16.0,0.5
1887,9,32.3,30.6,,,,,,,,,,,,,,,,,,,,,,,,,,,,,,,,,,,1.0,1.8,2.6,1.8,4.0,0.92,12.0,0.5,-0.37,0.35,1.7,0.65,4.0,1.42,12.0,0.5,-1.7,-0.71,-0.34,-1.0,4.0,1.12,12.0,0.5,1011.69,1013.0,1015.21,1013.52,5.0,2.72,14.0,0.6,,,,,,,,,,,,,,,,,,,,,,,,,,,,,,,,,,,,,,,,,,,,,,,,,,,,,,,,,,,,,,,,,,,,,,,,,,,,,,,,,,,,,,,,,,,,,,,,,,,,,,,,,,,,,,,,,,,,,,,,,,,,,,,,,,
1887,9,34.3,-45.4,,,,,,,,,,,,,,,,,,,,,,,,,,,,,,,,,,,6.7,6.7,7.24,7.13,6.0,1.06,6.0,0.8,5.49,5.49,5.93,5.84,6.0,0.87,6.0,0.8,-4.15,-3.84,-3.84,-4.09,6.0,0.61,6.0,0.8,1020.56,1023.35,1025.99,1023.37,6.0,2.88,6.0,0.8,,,,,,,,,,,,,,,,,,,,,,,,,,,,,,,,,,,,,,,,,,,,,,,,,,,,,,,,,,,,,,,,,,,,,,,,,,,,,,,,,,,,,,,,,,,,,,,,,,,,,,,,,,,,,,,,,,,,,,,,,,,,,,,,,,
1887,9,34.3,-43.4,,,,,,,,,,,,,,,,,,,,,,,,,,,,,,,,,,,1.9,3.85,5.8,3.85,2.0,4.03,22.0,1.0,1.06,3.35,5.64,3.35,2.0,4.74,22.0,1.0,0.16,0.5,0.84,0.5,2.0,0.71,22.0,1.0,1007.3,1007.3,1007.3,1007.3,1.0,0.0,16.0,1.0,,,,,,,,,,,,,,,,,,,,,,,,,,,,,,,,,,,,,,,,,,,,,,,,,,,,,,,,,,,,,,,,,,,,,,,,,,,,,,,,,,,,,,,,,,,,,,,,,,,,,,,,,,,,,,,,,,,,,,,,,,,,,,,,,,
1887,9,34.3,-41.4,,,,,,,,,,,,,,,,,,,,,,,,,,,,,,,,,,,17.62,22.6,22.6,20.28,6.0,4.17,16.0,0.3,12.99,20.95,20.95,16.1,6.0,10.33,16.0,0.3,3.31,8.47,8.47,4.94,6.0,7.99,16.0,0.3,1016.68,1016.9,1017.16,1016.92,5.0,0.46,18.0,0.2,,,,,,,,,,,,,,,,,,,,,,,,,,,,,,,,,,,,,,,,,,,,,,,,,,,,,,,,,,,,,,,,,,,,,,,,,,,,,,,,,,,,,,,,,,,,,,,,,,,,,,,,,,,,,,,,,,,,,,,,,,,,,,,,,,
1887,9,34.3,-39.4,,,,,,,,,,,,,,,,,,,,,,,,,,,,,,,,,,,19.0,19.0,19.0,19.0,6.0,0.0,4.0,0.8,9.18,13.19,16.35,12.5,6.0,5.38,4.0,0.8,9.18,13.19,16.35,12.5,6.0,5.38,4.0,0.8,1019.3,1020.15,1024.46,1022.13,6.0,4.65,4.0,0.8,,,,,,,,,,,,,,,,,,,,,,,,,,,,,,,,,,,,,,,,,,,,,,,,,,,,,,,,,,,,,,,,,,,,,,,,,,,,,,,,,,,,,,,,,,,,,,,,,,,,,,,,,,,,,,,,,,,,,,,,,,,,,,,,,,
1887,9,34.3,-31.4,,,,,,,,,,,,,,,,,,,,,,,,,,,,,,,,,,,4.6,5.65,9.3,6.47,30.0,3.04,14.0,0.5,-4.27,-0.49,4.22,0.0,30.0,3.98,14.0,0.5,-4.71,-1.72,8.0,0.49,30.0,6.03,14.0,0.5,1021.83,1027.6,1029.4,1026.17,29.0,3.64,14.0,0.4,,,,,,,,,,,,,,,,,,,,,,,,,,,,,,,,,,,,,,,,,,,,,,,,,,,,,,,,,,,,,,,,,,,,,,,,,,,,,,,,,,,,,,,,,,,,,,,,,,,,,,,,,,,,,,,,,,,,,,,,,,,,,,,,,,
1887,9,34.3,-29.4,,,,,,,,,,,,,,,,,,,,,,,,,,,,,,,,,,,4.6,4.6,4.6,4.6,1.0,0.0,24.0,1.0,-3.25,-3.25,-3.25,-3.25,1.0,0.0,24.0,1.0,-3.25,-3.25,-3.25,-3.25,1.0,0.0,24.0,1.0,1024.2,1024.2,1024.2,1024.2,1.0,0.0,24.0,1.0,,,,,,,,,,,,,,,,,,,,,,,,,,,,,,,,,,,,,,,,,,,,,,,,,,,,,,,,,,,,,,,,,,,,,,,,,,,,,,,,,,,,,,,,,,,,,,,,,,,,,,,,,,,,,,,,,,,,,,,,,,,,,,,,,,
1887,9,34.3,24.6,27.8,28.3,29.28,28.41,33.0,0.81,16.0,0.6,28.82,30.0,31.04,30.0,30.0,1.28,16.0,0.5,19.29,20.07,22.52,20.89,3.0,2.47,20.0,0.7,75.1,77.1,86.3,80.6,3.0,8.7,20.0,0.7,0.8,0.7,2.6,4.6,6.7,4.65,33.0,2.79,16.0,0.6,0.0,1.53,3.65,1.94,33.0,1.9,16.0,0.6,-6.66,-3.86,-0.03,-3.53,33.0,3.14,16.0,0.6,1004.63,1008.45,1010.57,1008.31,28.0,2.9,16.0,0.6,0.0,0.0,0.0,0.2,32.0,0.6,16.0,0.6,75.1,77.1,86.3,80.6,3.0,8.7,20.0,0.7,0.8,0.7,0.0,4.0,32.4,11.9,33.0,14.2,16.0,0.6,-44.6,-17.7,0.0,-23.3,33.0,27.2,16.0,0.6,-3.08,-1.55,-0.22,-1.59,30.0,1.37,16.0,0.5,-9.8,-5.2,-0.2,-5.8,30.0,6.3,16.0,0.5,1.3,3.48,3.5,2.42,3.0,1.86,20.0,0.7,3.8,9.0,9.1,6.5,3.0,4.5,20.0,0.7,0.0,37.1,113.1,55.8,30.0,55.7,16.0,0.5,-168.1,-77.0,0.0,-89.6,30.0,81.9,16.0,0.5,36.2,51.9,56.9,46.7,3.0,15.8,20.0,0.7,-75.0,-39.8,-8.9,-41.9,3.0,48.4,20.0,0.7,2.2,5.3,7.9,5.0,3.0,4.2,20.0,0.7,-5.3,-1.1,0.3,-2.5,3.0,4.3,20.0,0.7,17.5,97.5,301.0,208.5,33.0,257.0,16.0,0.6,20.0,95.0,300.0,210.0,33.0,255.0,16.0,0.6
1887,9,34.3,26.6,26.51,27.0,27.8,27.17,39.0,0.68,16.0,0.5,28.0,29.0,31.18,29.26,39.0,1.51,16.0,0.5,17.85,18.3,18.48,18.17,4.0,0.43,18.0,0.0,72.0,73.5,75.3,73.6,4.0,2.3,18.0,0.0,0.3,0.4,2.6,6.7,9.3,6.18,39.0,2.92,16.0,0.5,0.0,2.51,4.61,2.69,39.0,2.41,16.0,0.5,-6.7,-4.6,-2.41,-4.99,39.0,2.98,16.0,0.5,1007.3,1008.1,1011.99,1008.81,33.0,2.61,18.0,0.5,0.0,0.0,0.0,0.3,39.0,1.3,16.0,0.5,72.0,73.5,75.3,73.6,4.0,2.3,18.0,0.0,0.3,0.4,0.0,16.8,33.8,20.7,39.0,24.3,16.0,0.5,-44.9,-29.5,-6.3,-37.5,39.0,36.9,16.0,0.5,-3.5,-2.0,-0.7,-2.09,39.0,1.57,16.0,0.5,-23.4,-9.3,-2.2,-12.6,39.0,10.9,16.0,0.5,3.11,4.22,5.26,4.19,4.0,1.24,18.0,0.0,10.8,16.6,22.3,16.6,4.0,7.1,18.0,0.0,0.0,72.3,129.5,77.6,39.0,69.2,16.0,0.5,-211.0,-144.4,-68.5,-146.6,39.0,88.0,16.0,0.5,37.5,59.6,76.1,57.0,4.0,23.6,18.0,0.0,-70.0,-17.0,6.8,-30.9,4.0,49.8,18.0,0.0,8.2,12.5,19.2,13.6,4.0,8.1,18.0,0.0,-11.7,-2.7,2.0,-4.7,4.0,8.6,18.0,0.0,17.5,301.0,804.5,397.5,39.0,498.5,16.0,0.5,20.0,300.0,805.0,400.0,39.0,500.0,16.0,0.5
1887,9,36.3,-45.4,,,,,,,,,,,,,,,,,,,,,,,,,,,,,,,,,,,4.6,4.6,6.7,5.5,7.0,1.12,6.0,0.1,4.5,4.6,5.54,5.1,7.0,0.78,6.0,0.1,-3.84,-0.96,-0.08,-1.59,7.0,1.61,6.0,0.1,1015.58,1016.3,1017.97,1016.73,7.0,1.44,6.0,0.1,,,,,,,,,,,,,,,,,,,,,,,,,,,,,,,,,,,,,,,,,,,,,,,,,,,,,,,,,,,,,,,,,,,,,,,,,,,,,,,,,,,,,,,,,,,,,,,,,,,,,,,,,,,,,,,,,,,,,,,,,,,,,,,,,,
1887,9,36.3,-41.4,,,,,,,,,,,,,,,,,,,,,,,,,,,,,,,,,,,13.52,22.6,22.6,18.17,3.0,7.68,18.0,0.3,13.0,20.95,22.08,17.62,3.0,7.25,18.0,0.3,0.0,0.0,5.78,2.82,3.0,4.89,18.0,0.3,1006.27,1017.6,1018.08,1012.3,3.0,9.79,18.0,0.3,,,,,,,,,,,,,,,,,,,,,,,,,,,,,,,,,,,,,,,,,,,,,,,,,,,,,,,,,,,,,,,,,,,,,,,,,,,,,,,,,,,,,,,,,,,,,,,,,,,,,,,,,,,,,,,,,,,,,,,,,,,,,,,,,,
1887,9,36.3,-39.4,,,,,,,,,,,,,,,,,,,,,,,,,,,,,,,,,,,19.0,19.0,19.0,17.77,10.0,3.89,4.0,0.4,3.63,3.63,5.38,4.63,10.0,2.32,4.0,0.4,16.99,18.65,18.65,16.5,10.0,5.87,4.0,0.4,1025.21,1026.95,1028.69,1026.95,4.0,2.19,4.0,0.0,,,,,,,,,,,,,,,,,,,,,,,,,,,,,,,,,,,,,,,,,,,,,,,,,,,,,,,,,,,,,,,,,,,,,,,,,,,,,,,,,,,,,,,,,,,,,,,,,,,,,,,,,,,,,,,,,,,,,,,,,,,,,,,,,,
1887,9,36.3,-37.4,,,,,,,,,,,,,,,,,,,,,,,,,,,,,,,,,,,19.0,19.0,19.0,19.0,1.0,0.0,18.0,1.0,17.62,17.62,17.62,17.62,1.0,0.0,18.0,1.0,7.12,7.12,7.12,7.12,1.0,0.0,18.0,1.0,1016.0,1016.0,1016.0,1016.0,1.0,0.0,18.0,1.0,,,,,,,,,,,,,,,,,,,,,,,,,,,,,,,,,,,,,,,,,,,,,,,,,,,,,,,,,,,,,,,,,,,,,,,,,,,,,,,,,,,,,,,,,,,,,,,,,,,,,,,,,,,,,,,,,,,,,,,,,,,,,,,,,,
1887,9,36.3,-31.4,,,,,,,,,,,,,,,,,,,,,,,,,,,,,,,,,,,1.0,4.6,7.45,5.31,37.0,4.86,14.0,0.5,-2.41,-0.68,2.73,-0.01,37.0,3.51,14.0,0.5,-4.25,-0.37,5.68,0.34,37.0,6.33,14.0,0.5,1022.14,1024.4,1030.7,1025.22,37.0,4.18,14.0,0.5,,,,,,,,,,,,,,,,,,,,,,,,,,,,,,,,,,,,,,,,,,,,,,,,,,,,,,,,,,,,,,,,,,,,,,,,,,,,,,,,,,,,,,,,,,,,,,,,,,,,,,,,,,,,,,,,,,,,,,,,,,,,,,,,,,
1887,9,36.3,-29.4,,,,,,,,,,,,,,,,,,,,,,,,,,,,,,,,,,,2.92,3.6,4.28,3.6,2.0,1.41,6.0,1.0,-3.94,-3.31,-2.69,-3.31,2.0,1.3,6.0,1.0,1.14,1.41,1.67,1.41,2.0,0.55,6.0,1.0,1032.05,1032.6,1033.15,1032.6,2.0,1.13,6.0,1.0,,,,,,,,,,,,,,,,,,,,,,,,,,,,,,,,,,,,,,,,,,,,,,,,,,,,,,,,,,,,,,,,,,,,,,,,,,,,,,,,,,,,,,,,,,,,,,,,,,,,,,,,,,,,,,,,,,,,,,,,,,,,,,,,,,
1887,9,36.3,-25.4,,,,,,,,,,,,,,,,,,,,,,,,,,,,,,,,,,,6.7,6.7,6.7,6.7,1.0,0.0,22.0,1.0,-4.74,-4.74,-4.74,-4.74,1.0,0.0,22.0,1.0,4.74,4.74,4.74,4.74,1.0,0.0,22.0,1.0,1022.9,1022.9,1022.9,1022.9,1.0,0.0,22.0,1.0,,,,,,,,,,,,,,,,,,,,,,,,,,,,,,,,,,,,,,,,,,,,,,,,,,,,,,,,,,,,,,,,,,,,,,,,,,,,,,,,,,,,,,,,,,,,,,,,,,,,,,,,,,,,,,,,,,,,,,,,,,,,,,,,,,
1887,9,36.3,-23.4,,,,,,,,,,,,,,,,,,,,,,,,,,,,,,,,,,,2.13,6.7,8.47,5.33,3.0,4.8,20.0,1.0,-3.17,-2.51,-0.8,-2.0,3.0,1.8,20.0,1.0,1.97,6.21,7.86,4.94,3.0,4.45,20.0,1.0,1018.07,1019.3,1021.55,1019.8,3.0,2.59,20.0,1.0,,,,,,,,,,,,,,,,,,,,,,,,,,,,,,,,,,,,,,,,,,,,,,,,,,,,,,,,,,,,,,,,,,,,,,,,,,,,,,,,,,,,,,,,,,,,,,,,,,,,,,,,,,,,,,,,,,,,,,,,,,,,,,,,,,
1887,9,36.3,20.6,29.13,29.95,31.17,30.16,14.0,0.92,18.0,0.2,29.81,30.85,32.07,31.04,14.0,1.51,18.0,0.2,23.04,23.13,23.22,23.13,2.0,0.19,22.0,0.0,81.3,82.4,83.5,82.4,2.0,2.3,22.0,0.0,0.8,0.8,1.0,4.6,6.7,4.63,14.0,3.11,18.0,0.2,0.37,2.77,4.99,2.62,14.0,2.2,18.0,0.2,-5.96,-4.06,-0.93,-3.57,14.0,2.62,18.0,0.2,1005.95,1006.4,1009.63,1007.16,12.0,1.68,20.0,0.2,0.0,2.0,2.0,1.4,14.0,1.2,18.0,0.2,81.3,82.4,83.5,82.4,2.0,2.3,22.0,0.0,0.8,0.8,0.4,14.5,33.4,18.1,14.0,19.6,18.0,0.2,-39.9,-18.7,-0.9,-23.8,14.0,23.1,18.0,0.2,-1.99,-0.45,0.48,-0.88,14.0,1.6,18.0,0.2,-10.0,-0.9,3.1,-5.3,14.0,13.2,18.0,0.2,2.2,2.29,2.39,2.29,2.0,0.2,22.0,0.0,15.7,18.5,21.3,18.5,2.0,5.8,22.0,0.0,11.8,82.9,144.0,81.3,14.0,70.9,18.0,0.2,-177.4,-121.2,-29.3,-110.4,14.0,82.6,18.0,0.2,97.0,108.6,120.3,108.6,2.0,24.1,22.0,0.0,-165.6,-149.5,-133.5,-149.5,2.0,33.2,22.0,0.0,9.3,10.9,12.5,10.9,2.0,3.4,22.0,0.0,-17.3,-15.0,-12.7,-15.0,2.0,4.7,22.0,0.0,1.0,97.5,301.0,223.0,14.0,275.5,18.0,0.2,0.0,95.0,300.0,225.0,14.0,275.0,18.0,0.2
1887,9,36.3,22.6,29.0,29.7,30.2,29.64,51.0,0.74,16.0,0.5,29.56,30.9,32.04,30.94,49.0,1.43,16.0,0.6,21.81,22.16,23.04,22.37,5.0,0.88,18.0,0.4,81.9,86.4,88.3,84.9,5.0,6.4,18.0,0.4,0.5,0.5,2.6,4.6,6.7,4.89,47.0,2.79,16.0,0.5,0.37,2.51,3.65,2.29,47.0,1.77,16.0,0.5,-6.21,-4.22,-0.77,-3.9,47.0,2.86,16.0,0.5,1005.6,1006.85,1008.9,1007.24,42.0,1.77,18.0,0.5,0.0,0.0,3.1,1.4,51.0,1.9,16.0,0.5,81.9,86.4,88.3,84.9,5.0,6.4,18.0,0.4,0.5,0.5,0.4,15.0,24.4,15.1,47.0,16.0,16.0,0.5,-41.6,-19.6,-0.8,-26.2,47.0,27.2,16.0,0.5,-2.75,-1.0,0.24,-1.3,49.0,1.64,16.0,0.6,-20.1,-3.7,0.8,-7.3,45.0,12.4,16.0,0.5,1.82,4.45,4.79,3.45,5.0,2.02,18.0,0.4,8.4,20.5,26.5,17.7,5.0,11.2,18.0,0.4,11.6,74.8,113.4,71.6,45.0,58.4,16.0,0.5,-193.9,-119.1,-22.2,-118.0,45.0,90.6,16.0,0.5,10.5,61.4,82.7,52.3,5.0,43.9,18.0,0.4,-98.6,-93.4,-86.7,-92.8,5.0,6.8,18.0,0.4,1.6,2.6,13.1,7.2,5.0,9.3,18.0,0.4,-21.9,-18.8,-6.8,-15.0,5.0,9.4,18.0,0.4,17.5,97.5,301.0,232.0,47.0,329.5,16.0,0.5,20.0,95.0,300.0,230.0,47.0,330.0,16.0,0.5
1887,9,36.3,24.6,28.5,28.9,29.0,28.89,17.0,0.48,18.0,0.4,29.2,29.9,31.14,30.13,17.0,0.99,18.0,0.4,21.58,22.41,23.25,22.41,2.0,1.73,18.0,1.0,76.6,82.3,88.0,82.3,2.0,11.8,18.0,1.0,0.1,0.2,2.6,4.6,9.3,5.48,17.0,3.28,18.0,0.4,0.0,2.51,4.0,1.73,17.0,2.37,18.0,0.4,-7.8,-4.27,-0.5,-4.58,17.0,3.41,18.0,0.4,1006.83,1008.5,1009.84,1008.53,16.0,2.16,18.0,0.4,0.0,0.0,0.0,0.2,18.0,0.6,18.0,0.3,76.6,82.3,88.0,82.3,2.0,11.8,18.0,1.0,0.1,0.2,0.0,7.9,39.2,14.4,17.0,20.3,18.0,0.4,-72.5,-19.6,-0.5,-35.3,17.0,38.4,18.0,0.4,-2.25,-0.85,-0.4,-1.19,16.0,1.2,18.0,0.4,-9.1,-3.7,-0.9,-5.5,15.0,7.9,18.0,0.4,1.45,2.42,3.39,2.42,2.0,2.01,18.0,1.0,5.4,7.3,9.1,7.3,2.0,3.8,18.0,1.0,0.0,62.5,128.2,50.5,16.0,73.4,18.0,0.4,-232.7,-118.8,-11.3,-134.1,16.0,105.1,18.0,0.4,56.2,59.3,62.5,59.3,2.0,6.4,18.0,1.0,-73.1,-41.1,-9.1,-41.1,2.0,66.3,18.0,1.0,3.8,6.3,8.8,6.3,2.0,5.1,18.0,1.0,-3.0,-1.3,0.3,-1.3,2.0,3.4,18.0,1.0,17.5,97.5,804.5,343.5,17.0,486.5,18.0,0.4,20.0,95.0,805.0,345.0,17.0,485.0,18.0,0.4
1887,9,38.3,-45.4,,,,,,,,,,,,,,,,,,,,,,,,,,,,,,,,,,,2.6,15.4,19.0,11.72,5.0,8.45,8.0,1.0,2.6,15.17,16.95,11.0,5.0,7.78,8.0,1.0,-0.05,2.67,5.87,3.25,5.0,4.26,8.0,1.0,1014.2,1014.6,1015.2,1014.68,5.0,0.5,8.0,1.0,,,,,,,,,,,,,,,,,,,,,,,,,,,,,,,,,,,,,,,,,,,,,,,,,,,,,,,,,,,,,,,,,,,,,,,,,,,,,,,,,,,,,,,,,,,,,,,,,,,,,,,,,,,,,,,,,,,,,,,,,,,,,,,,,,
1887,9,38.3,-43.4,,,,,,,,,,,,,,,,,,,,,,,,,,,,,,,,,,,12.3,12.3,12.3,12.3,1.0,0.0,16.0,1.0,4.61,4.61,4.61,4.61,1.0,0.0,16.0,1.0,-11.4,-11.4,-11.4,-11.4,1.0,0.0,16.0,1.0,996.0,996.0,996.0,996.0,1.0,0.0,16.0,1.0,,,,,,,,,,,,,,,,,,,,,,,,,,,,,,,,,,,,,,,,,,,,,,,,,,,,,,,,,,,,,,,,,,,,,,,,,,,,,,,,,,,,,,,,,,,,,,,,,,,,,,,,,,,,,,,,,,,,,,,,,,,,,,,,,,
1887,9,38.3,-41.4,,,,,,,,,,,,,,,,,,,,,,,,,,,,,,,,,,,20.47,22.6,22.6,20.88,6.0,4.2,16.0,0.8,16.63,22.6,22.6,18.56,6.0,9.12,16.0,0.8,-2.54,0.0,1.75,-0.64,6.0,6.64,16.0,0.8,1015.98,1016.9,1017.16,1016.64,5.0,0.76,18.0,0.8,,,,,,,,,,,,,,,,,,,,,,,,,,,,,,,,,,,,,,,,,,,,,,,,,,,,,,,,,,,,,,,,,,,,,,,,,,,,,,,,,,,,,,,,,,,,,,,,,,,,,,,,,,,,,,,,,,,,,,,,,,,,,,,,,,
1887,9,38.3,-35.4,,,,,,,,,,,,,,,,,,,,,,,,,,,,,,,,,,,9.3,9.3,9.3,9.3,1.0,0.0,18.0,1.0,9.3,9.3,9.3,9.3,1.0,0.0,18.0,1.0,0.0,0.0,0.0,0.0,1.0,0.0,18.0,1.0,1025.6,1025.6,1025.6,1025.6,1.0,0.0,18.0,1.0,,,,,,,,,,,,,,,,,,,,,,,,,,,,,,,,,,,,,,,,,,,,,,,,,,,,,,,,,,,,,,,,,,,,,,,,,,,,,,,,,,,,,,,,,,,,,,,,,,,,,,,,,,,,,,,,,,,,,,,,,,,,,,,,,,
1887,9,38.3,-31.4,,,,,,,,,,,,,,,,,,,,,,,,,,,,,,,,,,,2.6,6.7,9.14,5.82,14.0,2.73,16.0,0.5,-4.16,1.36,3.55,0.33,14.0,4.02,16.0,0.5,-6.03,0.5,5.68,0.48,14.0,5.24,16.0,0.5,1021.97,1024.4,1028.43,1025.04,13.0,3.02,16.0,0.5,,,,,,,,,,,,,,,,,,,,,,,,,,,,,,,,,,,,,,,,,,,,,,,,,,,,,,,,,,,,,,,,,,,,,,,,,,,,,,,,,,,,,,,,,,,,,,,,,,,,,,,,,,,,,,,,,,,,,,,,,,,,,,,,,,
1887,9,38.3,-29.4,,,,,,,,,,,,,,,,,,,,,,,,,,,,,,,,,,,2.6,4.6,6.7,4.19,13.0,1.83,8.0,0.4,-4.28,-2.39,-0.66,-2.21,13.0,2.27,8.0,0.4,-4.23,1.8,2.63,0.57,13.0,3.4,8.0,0.4,1024.17,1032.25,1034.06,1030.29,10.0,4.58,8.0,0.4,,,,,,,,,,,,,,,,,,,,,,,,,,,,,,,,,,,,,,,,,,,,,,,,,,,,,,,,,,,,,,,,,,,,,,,,,,,,,,,,,,,,,,,,,,,,,,,,,,,,,,,,,,,,,,,,,,,,,,,,,,,,,,,,,,
1887,9,38.3,-27.4,22.8,22.8,22.8,22.8,3.0,0.0,2.0,1.0,22.96,23.3,23.3,23.13,3.0,0.29,2.0,1.0,13.12,13.23,13.64,13.38,3.0,0.4,2.0,1.0,75.0,77.2,77.9,76.5,3.0,2.2,2.0,1.0,1.0,0.6,2.14,4.6,4.6,3.4,3.0,2.08,2.0,1.0,-2.34,-0.39,2.77,0.2,3.0,3.78,2.0,1.0,-2.79,-1.8,-1.2,-1.99,3.0,1.18,2.0,1.0,1019.1,1019.3,1019.5,1019.3,3.0,0.3,2.0,1.0,,,,,,,,,,,,,,,,,,,,,,,,,,,,,,,,,,,-0.5,-0.5,-0.16,-0.33,3.0,0.29,2.0,1.0,-1.7,-0.5,-0.2,-0.9,3.0,1.2,2.0,1.0,3.55,3.95,4.07,3.81,3.0,0.4,2.0,1.0,7.7,15.4,17.3,12.6,3.0,7.5,2.0,1.0,-53.5,-9.1,64.5,5.1,3.0,87.3,2.0,1.0,-63.9,-41.9,-27.9,-45.8,3.0,26.6,2.0,1.0,-31.0,-5.1,38.4,3.5,3.0,51.3,2.0,1.0,-37.3,-24.9,-16.1,-26.6,3.0,15.6,2.0,1.0,-9.3,-1.6,9.2,-0.1,3.0,13.6,2.0,1.0,-10.7,-6.0,-4.5,-7.6,3.0,4.7,2.0,1.0,31.5,97.5,97.5,65.0,3.0,55.5,2.0,1.0,30.0,95.0,95.0,65.0,3.0,55.0,2.0,1.0
1887,9,38.3,-21.4,,,,,,,,,,,,,,,,,,,,,,,,,,,,,,,,,,,12.3,12.3,12.3,12.3,1.0,0.0,18.0,1.0,-4.61,-4.61,-4.61,-4.61,1.0,0.0,18.0,1.0,11.4,11.4,11.4,11.4,1.0,0.0,18.0,1.0,1021.7,1021.7,1021.7,1021.7,1.0,0.0,18.0,1.0,,,,,,,,,,,,,,,,,,,,,,,,,,,,,,,,,,,,,,,,,,,,,,,,,,,,,,,,,,,,,,,,,,,,,,,,,,,,,,,,,,,,,,,,,,,,,,,,,,,,,,,,,,,,,,,,,,,,,,,,,,,,,,,,,,
1887,9,38.3,-7.4,26.7,26.7,26.7,26.7,5.0,0.0,10.0,0.8,26.1,26.1,26.1,26.1,5.0,0.0,10.0,0.8,17.44,17.45,18.19,17.75,5.0,0.41,10.0,0.8,83.1,83.1,86.6,84.5,5.0,2.0,10.0,0.8,1.0,0.2,1.0,1.0,1.0,1.0,1.0,0.0,10.0,1.0,-0.83,-0.83,-0.83,-0.83,1.0,0.0,10.0,1.0,0.56,0.56,0.56,0.56,1.0,0.0,10.0,1.0,1016.68,1016.9,1017.27,1016.98,5.0,0.58,10.0,0.8,,,,,,,,,,,,,,,,,,,,,,,,,,,,,,,,,,,0.6,0.6,0.6,0.6,5.0,0.0,10.0,0.8,0.6,0.6,0.6,0.6,1.0,0.0,10.0,1.0,3.61,4.37,4.38,4.07,5.0,0.42,10.0,0.8,3.6,3.6,3.6,3.6,1.0,0.0,10.0,1.0,-21.6,-21.6,-21.6,-21.6,1.0,0.0,10.0,1.0,14.6,14.6,14.6,14.6,1.0,0.0,10.0,1.0,-15.1,-15.1,-15.1,-15.1,1.0,0.0,10.0,1.0,10.2,10.2,10.2,10.2,1.0,0.0,10.0,1.0,-3.0,-3.0,-3.0,-3.0,1.0,0.0,10.0,1.0,2.0,2.0,2.0,2.0,1.0,0.0,10.0,1.0,1.0,1.0,1.0,1.0,1.0,0.0,10.0,1.0,0.0,0.0,0.0,0.0,1.0,0.0,10.0,1.0
1887,9,38.3,16.6,,,,,,,,,,,,,,,,,,,,,,,,,,,,,,,,,,,1.0,1.0,2.09,1.53,3.0,0.92,12.0,1.0,0.31,0.97,1.27,0.8,3.0,0.72,12.0,1.0,-1.81,-1.0,-0.15,-0.98,3.0,1.21,12.0,1.0,1003.53,1003.6,1005.99,1004.73,3.0,2.05,12.0,1.0,,,,,,,,,,,,,,,,,,,,,,,,,,,,,,,,,,,,,,,,,,,,,,,,,,,,,,,,,,,,,,,,,,,,,,,,,,,,,,,,,,,,,,,,,,,,,,,,,,,,,,,,,,,,,,,,,,,,,,,,,,,,,,,,,,
1887,9,38.3,18.6,30.83,31.2,31.9,31.28,47.0,0.52,16.0,0.5,30.46,31.8,33.27,31.88,47.0,1.27,16.0,0.5,21.5,23.25,24.41,23.14,6.0,1.72,18.0,0.7,73.4,81.9,84.8,79.8,6.0,7.1,18.0,0.7,0.7,0.5,1.0,2.6,4.6,3.1,46.0,2.26,16.0,0.5,0.0,0.97,3.15,1.2,46.0,1.62,16.0,0.5,-4.23,-1.97,0.0,-1.85,46.0,2.71,16.0,0.5,1005.03,1006.3,1007.93,1006.51,41.0,1.44,16.0,0.4,0.0,2.0,3.0,1.7,47.0,1.8,16.0,0.5,73.4,81.9,84.8,79.8,6.0,7.1,18.0,0.7,0.7,0.5,0.0,2.5,16.2,6.1,46.0,9.3,16.0,0.5,-19.4,-5.5,0.0,-9.3,46.0,19.6,16.0,0.5,-2.2,-0.5,0.6,-0.6,47.0,1.36,16.0,0.5,-6.3,-0.9,1.5,-1.3,46.0,5.2,16.0,0.5,3.22,5.31,6.92,5.26,6.0,1.99,18.0,0.7,5.9,13.8,21.4,15.0,6.0,12.7,18.0,0.7,0.0,31.6,95.9,37.7,46.0,50.9,16.0,0.5,-135.4,-61.7,0.0,-58.8,46.0,86.8,16.0,0.5,-11.6,15.4,43.6,14.2,6.0,43.0,18.0,0.7,-61.4,-53.8,-4.7,-39.8,6.0,29.1,18.0,0.7,-3.5,2.6,12.5,4.2,6.0,15.0,18.0,0.7,-15.5,-9.2,-1.4,-9.5,6.0,8.7,18.0,0.7,1.0,17.5,97.5,85.0,46.0,172.5,16.0,0.5,0.0,20.0,95.0,85.0,46.0,175.0,16.0,0.5
1887,9,38.3,20.6,30.0,30.75,31.5,30.8,44.0,0.69,16.0,0.5,30.6,31.4,32.77,31.71,41.0,1.14,16.0,0.5,22.17,22.21,22.67,22.41,3.0,0.41,18.0,0.7,77.4,78.0,83.8,80.5,3.0,5.2,18.0,0.7,0.1,0.4,1.0,2.6,6.7,3.63,43.0,2.29,16.0,0.5,0.0,0.97,3.29,1.44,43.0,1.99,16.0,0.5,-4.6,-2.41,0.58,-2.13,43.0,2.84,16.0,0.5,1004.9,1006.4,1007.8,1006.6,35.0,1.71,16.0,0.5,0.0,1.0,3.0,1.5,44.0,1.9,16.0,0.5,77.4,78.0,83.8,80.5,3.0,5.2,18.0,0.7,0.1,0.4,0.0,2.5,18.0,8.0,43.0,13.9,16.0,0.5,-24.1,-6.3,0.6,-10.9,43.0,17.9,16.0,0.5,-2.03,-0.8,0.2,-0.93,41.0,1.23,16.0,0.5,-7.8,-2.1,0.0,-3.5,40.0,4.9,16.0,0.5,4.22,4.45,4.46,4.34,3.0,0.2,18.0,0.7,27.9,28.7,29.5,28.7,2.0,1.6,18.0,1.0,0.0,31.3,102.1,42.0,40.0,59.4,16.0,0.5,-144.0,-77.4,27.7,-63.0,40.0,89.4,16.0,0.5,93.3,100.2,107.1,100.2,2.0,14.2,18.0,1.0,-120.1,-111.7,-103.2,-111.7,2.0,17.5,18.0,1.0,17.1,19.2,21.2,19.2,2.0,4.2,18.0,1.0,-21.9,-21.1,-20.3,-21.1,2.0,1.6,18.0,1.0,1.0,17.5,301.0,107.0,43.0,154.0,16.0,0.5,0.0,20.0,300.0,105.0,43.0,155.0,16.0,0.5
1887,9,38.3,22.6,,,,,,,,,,,,,,,,,,,,,,,,,,,,,,,,,,,4.6,4.6,4.6,4.6,1.0,0.0,8.0,0.0,3.25,3.25,3.25,3.25,1.0,0.0,8.0,0.0,-3.25,-3.25,-3.25,-3.25,1.0,0.0,8.0,0.0,1006.6,1006.6,1006.6,1006.6,1.0,0.0,8.0,0.0,,,,,,,,,,,,,,,,,,,,,,,,,,,,,,,,,,,,,,,,,,,,,,,,,,,,,,,,,,,,,,,,,,,,,,,,,,,,,,,,,,,,,,,,,,,,,,,,,,,,,,,,,,,,,,,,,,,,,,,,,,,,,,,,,,
1887,9,40.3,-45.4,4.4,4.4,4.4,4.4,4.0,0.0,8.0,0.0,4.97,5.6,6.18,5.58,4.0,0.94,8.0,0.0,3.65,4.24,4.66,4.16,4.0,0.59,8.0,0.0,68.1,72.7,80.4,74.2,4.0,7.5,8.0,0.0,0.5,0.6,19.0,19.0,19.0,19.0,4.0,0.0,8.0,0.0,4.1,7.59,10.9,7.51,4.0,3.92,8.0,0.0,15.56,17.04,18.55,17.06,4.0,1.72,8.0,0.0,1017.22,1018.6,1019.67,1018.45,4.0,1.51,8.0,0.0,5.0,5.0,5.5,5.3,4.0,0.5,8.0,0.0,68.1,72.7,80.4,74.2,4.0,7.5,8.0,0.0,0.5,0.6,78.0,144.1,207.1,142.6,4.0,74.5,8.0,0.0,295.7,323.7,352.5,324.1,4.0,32.7,8.0,0.0,-1.78,-1.2,-0.57,-1.17,4.0,0.94,8.0,0.0,-33.7,-22.8,-10.9,-22.3,4.0,17.8,8.0,0.0,0.48,0.91,1.5,0.99,4.0,0.6,8.0,0.0,9.2,17.3,28.6,18.8,4.0,11.4,8.0,0.0,25.2,38.3,54.8,39.9,4.0,17.8,8.0,0.0,77.4,95.6,114.5,95.9,4.0,23.7,8.0,0.0,19.1,29.0,39.9,29.5,4.0,12.1,8.0,0.0,56.8,72.8,86.4,71.7,4.0,17.1,8.0,0.0,2.0,8.3,16.4,9.1,4.0,8.4,8.0,0.0,9.0,14.9,23.4,16.1,4.0,8.5,8.0,0.0,6859.0,6859.0,6859.0,6859.0,4.0,0.0,8.0,0.0,6860.0,6860.0,6860.0,6860.0,4.0,0.0,8.0,0.0
1887,9,40.3,-41.4,,,,,,,,,,,,,,,,,,,,,,,,,,,,,,,,,,,22.6,22.6,22.6,22.6,5.0,0.0,18.0,0.6,20.95,20.95,20.95,20.95,5.0,0.0,18.0,0.6,8.47,8.47,8.47,8.47,5.0,0.0,18.0,0.6,1010.89,1015.6,1016.71,1013.54,5.0,6.11,18.0,0.6,,,,,,,,,,,,,,,,,,,,,,,,,,,,,,,,,,,,,,,,,,,,,,,,,,,,,,,,,,,,,,,,,,,,,,,,,,,,,,,,,,,,,,,,,,,,,,,,,,,,,,,,,,,,,,,,,,,,,,,,,,,,,,,,,,
1887,9,40.3,-33.4,,,,,,,,,,,,,,,,,,,,,,,,,,,,,,,,,,,4.93,5.65,6.37,5.65,2.0,1.48,20.0,1.0,-1.47,0.99,3.45,0.99,2.0,5.1,20.0,1.0,-5.19,-3.08,-0.98,-3.08,2.0,4.36,20.0,1.0,1022.32,1024.95,1027.58,1024.95,2.0,5.44,20.0,1.0,,,,,,,,,,,,,,,,,,,,,,,,,,,,,,,,,,,,,,,,,,,,,,,,,,,,,,,,,,,,,,,,,,,,,,,,,,,,,,,,,,,,,,,,,,,,,,,,,,,,,,,,,,,,,,,,,,,,,,,,,,,,,,,,,,
1887,9,40.3,-31.4,,,,,,,,,,,,,,,,,,,,,,,,,,,,,,,,,,,0.79,6.95,12.3,6.58,6.0,5.5,18.0,0.7,0.79,3.44,5.61,3.56,6.0,3.07,18.0,0.7,-0.67,4.28,9.24,4.22,6.0,6.01,18.0,0.7,1021.8,1024.85,1030.35,1025.45,6.0,4.64,18.0,0.7,,,,,,,,,,,,,,,,,,,,,,,,,,,,,,,,,,,,,,,,,,,,,,,,,,,,,,,,,,,,,,,,,,,,,,,,,,,,,,,,,,,,,,,,,,,,,,,,,,,,,,,,,,,,,,,,,,,,,,,,,,,,,,,,,,
1887,9,40.3,-29.4,,,,,,,,,,,,,,,,,,,,,,,,,,,,,,,,,,,6.7,6.7,6.7,6.86,16.0,0.65,10.0,0.7,-5.93,-5.15,-4.74,-5.28,16.0,1.15,10.0,0.7,-4.74,-3.75,4.74,-1.05,16.0,4.3,10.0,0.7,1023.4,1026.1,1026.97,1025.61,10.0,1.8,12.0,0.6,,,,,,,,,,,,,,,,,,,,,,,,,,,,,,,,,,,,,,,,,,,,,,,,,,,,,,,,,,,,,,,,,,,,,,,,,,,,,,,,,,,,,,,,,,,,,,,,,,,,,,,,,,,,,,,,,,,,,,,,,,,,,,,,,,
1887,9,40.3,-27.4,21.82,22.8,22.8,22.45,8.0,0.67,2.0,0.4,21.17,21.7,22.2,21.81,8.0,0.8,2.0,0.4,12.28,12.73,13.42,12.84,8.0,0.56,2.0,0.4,76.6,79.4,81.6,79.6,8.0,3.0,2.0,0.4,0.0,0.6,2.6,4.6,6.7,4.64,8.0,1.9,2.0,0.4,-6.21,-1.12,2.26,-1.71,8.0,4.4,2.0,0.4,-2.51,0.49,2.32,-0.1,8.0,2.34,2.0,0.4,1019.68,1020.3,1020.92,1020.43,8.0,0.78,2.0,0.4,,,,,,,,,,,,,,,,,,,,,,,,,,,,,,,,,,,0.51,0.6,1.1,0.64,8.0,0.53,2.0,0.4,1.7,2.9,3.9,2.8,8.0,2.7,2.0,0.4,3.37,3.99,4.86,3.98,8.0,0.79,2.0,0.4,12.8,16.2,22.8,17.5,8.0,5.9,2.0,0.4,-134.4,-25.1,50.0,-34.9,8.0,95.3,2.0,0.4,-54.3,10.8,50.6,-1.7,8.0,51.3,2.0,0.4,-79.9,-15.7,28.7,-21.6,8.0,57.0,2.0,0.4,-32.3,6.2,28.7,-1.6,8.0,30.2,2.0,0.4,-21.2,-3.5,10.1,-5.4,8.0,16.0,2.0,0.4,-10.5,2.2,11.1,0.3,8.0,9.7,2.0,0.4,17.5,97.5,301.0,143.5,8.0,134.0,2.0,0.4,20.0,95.0,300.0,145.0,8.0,135.0,2.0,0.4
1887,9,40.3,-25.4,22.93,23.3,23.3,23.19,9.0,0.22,2.0,0.7,21.1,22.2,22.8,22.22,9.0,1.11,2.0,0.7,12.57,13.25,14.03,13.31,8.0,0.66,2.0,0.8,81.4,81.9,82.2,82.1,8.0,1.3,2.0,0.8,0.3,0.5,7.4,9.3,11.49,9.16,9.0,2.42,2.0,0.7,-8.13,-3.48,1.31,-3.29,9.0,4.51,2.0,0.7,6.28,8.62,9.14,7.57,9.0,1.76,2.0,0.7,1023.7,1023.7,1024.91,1024.04,9.0,0.77,2.0,0.7,,,,,,,,,,,,,,,,,,,,,,,,,,,,,,,,,,,0.5,1.1,1.7,0.97,9.0,1.0,2.0,0.7,5.1,7.8,13.9,7.9,9.0,8.4,2.0,0.7,3.61,4.38,4.59,4.2,8.0,0.51,2.0,0.8,31.1,40.7,44.4,37.5,8.0,8.5,2.0,0.8,-185.3,-75.6,27.7,-75.0,9.0,101.3,2.0,0.7,134.4,187.1,198.3,169.1,9.0,43.1,2.0,0.7,-118.7,-66.4,20.0,-51.7,8.0,63.5,2.0,0.8,78.5,101.5,122.0,98.4,8.0,25.2,2.0,0.8,-31.0,-20.2,7.3,-13.8,8.0,18.0,2.0,0.8,24.2,29.8,40.2,30.7,8.0,7.9,2.0,0.8,436.5,804.5,1576.0,904.5,9.0,601.5,2.0,0.7,435.0,805.0,1575.0,905.0,9.0,600.0,2.0,0.7
1887,9,40.3,-23.4,23.3,23.3,23.3,23.3,7.0,0.0,2.0,0.1,22.2,22.2,22.23,22.29,7.0,0.23,2.0,0.1,13.41,13.43,13.46,13.51,7.0,0.23,2.0,0.1,81.6,81.6,81.6,81.7,7.0,0.2,2.0,0.1,0.4,0.6,12.3,12.3,12.3,12.3,7.0,0.0,2.0,0.1,-4.8,-4.21,-4.21,-4.96,7.0,1.66,2.0,0.1,11.27,11.56,11.56,11.11,7.0,1.06,2.0,0.1,1023.7,1024.0,1025.11,1024.43,7.0,0.74,2.0,0.1,,,,,,,,,,,,,,,,,,,,,,,,,,,,,,,,,,,1.07,1.1,1.1,1.01,7.0,0.23,2.0,0.1,13.2,13.5,13.5,12.5,7.0,2.8,2.0,0.1,4.18,4.21,4.22,4.13,7.0,0.23,2.0,0.1,51.4,51.8,51.9,50.8,7.0,2.8,2.0,0.1,-106.6,-95.9,-93.4,-110.5,7.0,36.6,2.0,0.1,250.3,256.6,256.9,247.5,7.0,24.3,2.0,0.1,-64.4,-59.0,-56.5,-67.0,7.0,22.0,2.0,0.1,151.2,155.2,155.6,150.1,7.0,15.1,2.0,0.1,-20.2,-17.7,-17.6,-20.5,7.0,7.2,2.0,0.1,41.5,48.0,48.7,45.8,7.0,4.8,2.0,0.1,1861.0,1861.0,1861.0,1861.0,7.0,0.0,2.0,0.1,1860.0,1860.0,1860.0,1860.0,7.0,0.0,2.0,0.1
1887,9,40.3,-21.4,23.3,23.9,23.9,23.73,7.0,0.29,4.0,0.7,23.28,23.9,23.9,23.57,7.0,0.44,4.0,0.7,14.23,14.24,14.42,14.33,3.0,0.16,4.0,1.0,77.8,77.8,82.2,79.7,7.0,2.3,4.0,0.7,0.2,0.5,9.3,9.3,9.3,9.3,1.0,0.0,4.0,1.0,-3.18,-3.18,-3.18,-3.18,1.0,0.0,4.0,1.0,8.74,8.74,8.74,8.74,1.0,0.0,4.0,1.0,1021.7,1021.7,1022.18,1021.93,3.0,0.4,4.0,1.0,,,,,,,,,,,,,,,,,,,,,,,,,,,,,,,,,,,,,,,,,,,,,,,,,,,,,,,,,,,,,,,,,,,,,,,,,,,,,,,,,,,,,,,,,,,,,,,,,,,,,,,,,,,,,,,,,,,,,,,,,,,,,,,,,,
1887,9,40.3,-19.4,24.0,24.4,25.0,24.47,11.0,0.5,10.0,0.6,23.9,25.0,25.58,24.79,11.0,0.75,10.0,0.6,15.0,16.21,16.42,15.76,7.0,0.84,4.0,0.4,82.1,82.9,87.0,83.8,7.0,3.3,4.0,0.4,0.3,0.5,4.6,12.3,12.3,9.36,11.0,4.28,10.0,0.6,-0.74,1.29,1.29,0.43,11.0,1.38,10.0,0.6,3.11,12.23,12.23,8.47,11.0,5.8,10.0,0.6,1016.47,1021.7,1022.65,1020.24,11.0,3.27,10.0,0.6,,,,,,,,,,,,,,,,,,,,,,,,,,,,,,,,,,,-1.47,0.0,0.5,-0.32,11.0,0.91,10.0,0.6,-3.5,0.0,3.9,-0.6,11.0,5.4,10.0,0.6,2.48,3.38,3.85,3.25,7.0,0.62,4.0,0.4,30.5,41.6,47.4,39.9,7.0,7.6,4.0,0.4,-18.6,30.7,31.7,9.9,11.0,34.7,10.0,0.6,79.5,292.4,301.5,207.7,11.0,141.1,10.0,0.6,19.3,20.8,21.1,20.3,7.0,1.1,4.0,0.4,183.5,198.3,200.8,192.8,7.0,10.2,4.0,0.4,3.2,4.3,5.0,4.2,7.0,0.8,4.0,0.4,30.3,41.3,47.1,39.7,7.0,7.6,4.0,0.4,97.5,1861.0,1861.0,1229.5,11.0,879.0,10.0,0.6,95.0,1860.0,1860.0,1230.0,11.0,880.0,10.0,0.6
1887,9,40.3,-17.4,25.0,25.6,25.6,25.32,9.0,0.33,6.0,0.6,24.4,25.0,27.19,25.5,9.0,1.53,6.0,0.6,16.26,16.26,16.44,16.33,7.0,0.1,4.0,0.4,82.9,82.9,87.0,84.7,7.0,2.2,4.0,0.4,0.6,0.3,5.22,12.3,12.3,10.14,9.0,4.28,6.0,0.6,0.35,1.29,1.29,0.8,9.0,1.08,6.0,0.6,5.2,12.23,12.23,10.01,9.0,4.42,6.0,0.6,1018.72,1019.6,1021.0,1019.88,9.0,1.23,6.0,0.6,,,,,,,,,,,,,,,,,,,,,,,,,,,,,,,,,,,-2.26,0.6,1.2,-0.18,9.0,1.78,6.0,0.6,-5.9,7.4,14.8,4.7,9.0,9.4,6.0,0.6,3.39,3.9,4.11,3.82,7.0,0.31,4.0,0.4,41.7,48.0,50.6,46.9,7.0,3.8,4.0,0.4,8.5,31.4,32.1,19.0,9.0,28.5,6.0,0.6,134.2,298.5,305.8,249.3,9.0,106.1,6.0,0.6,20.9,20.9,21.1,21.0,7.0,0.1,4.0,0.4,198.9,198.9,201.1,199.8,7.0,1.2,4.0,0.4,4.4,5.0,5.3,4.9,7.0,0.4,4.0,0.4,41.4,47.8,50.3,46.7,7.0,3.8,4.0,0.4,514.5,1861.0,1861.0,1451.0,9.0,813.0,6.0,0.6,515.0,1860.0,1860.0,1450.0,9.0,815.0,6.0,0.6
1887,9,40.3,-15.4,24.74,25.5,26.1,25.43,4.0,0.79,8.0,0.5,25.0,25.45,26.21,25.6,4.0,0.73,8.0,0.5,17.0,17.0,17.0,17.0,2.0,0.0,6.0,0.0,86.5,86.5,86.5,86.5,2.0,0.0,6.0,0.0,1.0,0.9,4.6,6.95,9.3,6.95,4.0,2.71,8.0,0.5,-1.7,0.89,1.77,0.07,4.0,2.37,8.0,0.5,3.89,6.86,9.13,6.53,4.0,3.05,8.0,0.5,1016.9,1018.15,1018.3,1017.63,4.0,1.16,8.0,0.5,,,,,,,,,,,,,,,,,,,,,,,,,,,,,,,,,,,-1.47,0.05,1.1,-0.17,4.0,1.52,8.0,0.5,-6.8,2.8,10.2,1.8,4.0,9.9,8.0,0.5,4.02,4.02,4.02,4.02,2.0,0.0,6.0,0.0,37.4,37.4,37.4,37.4,2.0,0.0,6.0,0.0,-45.2,22.2,44.4,0.6,4.0,61.5,8.0,0.5,101.9,173.7,228.2,165.4,4.0,73.7,8.0,0.5,30.2,30.2,30.2,30.2,2.0,0.0,6.0,0.0,155.2,155.2,155.2,155.2,2.0,0.0,6.0,0.0,7.1,7.1,7.1,7.1,2.0,0.0,6.0,0.0,36.7,36.7,36.7,36.7,2.0,0.0,6.0,0.0,97.5,451.0,804.5,451.0,4.0,408.0,8.0,0.5,95.0,450.0,805.0,450.0,4.0,410.0,8.0,0.5
1887,9,40.3,-13.4,24.74,25.6,25.78,25.32,5.0,0.69,8.0,0.8,25.16,25.6,25.92,25.52,5.0,0.69,8.0,0.8,16.57,16.79,16.79,16.68,3.0,0.18,6.0,0.7,82.5,82.5,85.6,84.0,3.0,2.6,6.0,0.7,1.0,0.2,5.93,6.7,9.3,7.32,5.0,2.0,8.0,0.8,-2.01,0.0,0.0,-0.85,5.0,1.19,8.0,0.8,5.5,6.7,9.3,7.16,5.0,2.16,8.0,0.8,1018.3,1019.0,1019.94,1019.1,5.0,0.83,8.0,0.8,,,,,,,,,,,,,,,,,,,,,,,,,,,,,,,,,,,-1.34,0.0,0.62,-0.2,5.0,1.26,8.0,0.8,-7.2,0.0,4.2,-0.8,5.0,7.9,8.0,0.8,3.61,3.61,4.24,3.92,3.0,0.53,6.0,0.7,31.4,33.6,33.6,32.5,3.0,1.8,6.0,0.7,-52.3,0.0,0.0,-22.0,5.0,30.8,8.0,0.8,142.3,163.5,238.1,182.3,5.0,54.8,8.0,0.8,0.0,0.0,0.0,0.0,3.0,0.0,6.0,0.7,124.9,156.1,156.1,140.9,3.0,26.4,6.0,0.7,0.0,0.0,0.0,0.0,3.0,0.0,6.0,0.7,31.4,33.6,33.6,32.5,3.0,1.8,6.0,0.7,226.5,301.0,804.5,461.5,5.0,324.0,8.0,0.8,225.0,300.0,805.0,460.0,5.0,325.0,8.0,0.8
1887,9,40.3,-11.4,25.73,26.1,26.7,26.14,9.0,0.7,8.0,0.3,25.6,25.6,25.6,25.62,9.0,0.2,8.0,0.3,16.8,16.8,16.8,16.76,8.0,0.1,8.0,0.3,82.5,82.5,82.5,82.0,8.0,1.4,8.0,0.3,0.8,0.8,6.7,6.7,6.7,6.7,9.0,0.0,8.0,0.3,-3.75,-3.75,-1.94,-3.06,9.0,1.41,8.0,0.3,5.55,5.55,6.3,5.8,9.0,0.48,8.0,0.3,1017.6,1017.6,1017.9,1017.57,9.0,0.5,8.0,0.3,,,,,,,,,,,,,,,,,,,,,,,,,,,,,,,,,,,0.13,0.5,1.1,0.52,9.0,0.59,8.0,0.3,0.9,3.4,7.4,3.5,9.0,3.9,8.0,0.3,4.23,4.62,5.0,4.58,8.0,0.58,8.0,0.3,28.4,30.9,33.5,30.7,8.0,3.9,8.0,0.3,-95.9,-95.9,-50.2,-78.3,9.0,35.9,8.0,0.3,142.2,142.2,162.1,148.5,9.0,12.5,8.0,0.3,-62.9,-62.9,-62.9,-57.7,8.0,14.8,8.0,0.3,93.3,93.3,93.3,95.2,8.0,5.4,8.0,0.3,-18.7,-15.9,-13.8,-15.5,8.0,4.0,8.0,0.3,23.5,25.6,27.8,26.1,8.0,4.5,8.0,0.3,301.0,301.0,301.0,301.0,9.0,0.0,8.0,0.3,300.0,300.0,300.0,300.0,9.0,0.0,8.0,0.3
1887,9,40.3,-9.4,25.36,26.1,26.1,25.82,10.0,0.59,6.0,0.7,25.99,26.1,26.1,26.05,10.0,0.11,6.0,0.7,17.43,17.43,17.45,17.32,8.0,0.34,8.0,0.6,83.1,83.1,83.1,82.5,8.0,1.6,8.0,0.6,0.4,0.3,6.7,6.7,6.7,6.75,10.0,1.11,6.0,0.7,-6.7,-5.55,-3.75,-4.85,10.0,2.06,6.0,0.7,0.0,3.75,5.55,3.34,10.0,3.01,6.0,0.7,1016.3,1017.6,1017.9,1017.24,10.0,0.74,6.0,0.7,3.3,4.0,4.7,4.0,2.0,1.4,2.0,1.0,83.1,83.1,83.1,82.5,8.0,1.6,8.0,0.6,0.4,0.3,-44.9,-37.2,-21.9,-31.6,10.0,14.4,6.0,0.7,0.0,25.1,37.2,24.4,10.0,26.3,6.0,0.7,-0.57,0.0,0.0,-0.23,10.0,0.49,6.0,0.7,-2.6,0.0,0.0,-1.7,10.0,3.9,6.0,0.7,3.6,3.6,3.61,3.72,8.0,0.33,8.0,0.6,24.1,24.1,24.2,24.9,8.0,2.2,8.0,0.6,-174.9,-145.0,-97.8,-126.4,10.0,53.7,6.0,0.7,0.0,97.8,145.0,87.1,10.0,78.2,6.0,0.7,-116.8,-96.9,-68.8,-96.0,8.0,22.1,8.0,0.6,0.0,65.4,88.7,48.1,8.0,41.6,8.0,0.6,-24.1,-20.0,-17.3,-20.4,8.0,3.8,8.0,0.6,0.0,13.5,19.3,10.7,8.0,9.7,8.0,0.6,301.0,301.0,301.0,331.0,10.0,178.5,6.0,0.7,300.0,300.0,300.0,330.0,10.0,180.0,6.0,0.7
1887,9,40.3,-7.4,26.25,26.7,26.7,26.33,6.0,0.9,8.0,0.5,26.1,26.1,26.35,26.3,6.0,0.49,8.0,0.5,17.44,17.44,17.45,17.44,5.0,0.01,8.0,0.4,83.1,83.1,83.1,83.1,5.0,0.0,8.0,0.4,0.1,0.1,5.52,6.7,6.7,5.75,6.0,2.33,8.0,0.5,-6.58,-6.58,-5.01,-5.51,6.0,2.43,8.0,0.5,1.19,1.28,1.56,1.43,6.0,0.61,8.0,0.5,1016.41,1016.75,1017.04,1016.72,6.0,0.62,8.0,0.5,3.0,3.0,3.0,3.0,1.0,0.0,2.0,1.0,83.1,83.1,83.1,83.1,5.0,0.0,8.0,0.4,0.1,0.1,-44.1,-44.1,-32.9,-36.4,6.0,17.6,8.0,0.5,7.0,8.6,10.4,8.8,6.0,5.3,8.0,0.5,-0.1,0.6,0.6,0.03,6.0,1.39,8.0,0.5,-3.4,4.0,4.0,-0.3,6.0,9.1,8.0,0.5,4.37,4.37,4.38,4.37,5.0,0.0,8.0,0.4,20.2,29.3,29.3,24.3,5.0,11.2,8.0,0.4,-171.7,-171.7,-136.6,-144.9,6.0,63.9,8.0,0.5,30.9,33.4,41.2,37.8,6.0,17.2,8.0,0.5,-114.8,-114.7,-76.4,-93.7,5.0,47.0,8.0,0.4,19.4,22.3,22.3,20.7,5.0,3.5,8.0,0.4,-28.8,-28.8,-19.2,-23.5,5.0,11.8,8.0,0.4,4.9,5.6,5.6,5.2,5.0,0.9,8.0,0.4,239.0,301.0,301.0,251.0,6.0,122.5,8.0,0.5,240.0,300.0,300.0,250.0,6.0,120.0,8.0,0.5
1887,9,40.3,-5.4,26.1,26.1,26.1,26.1,1.0,0.0,24.0,0.0,26.7,26.7,26.7,26.7,1.0,0.0,24.0,0.0,18.02,18.02,18.02,18.02,1.0,0.0,24.0,0.0,82.6,82.6,82.6,82.6,1.0,0.0,24.0,0.0,0.1,1.0,9.3,9.3,9.3,9.3,1.0,0.0,24.0,0.0,-8.43,-8.43,-8.43,-8.43,1.0,0.0,24.0,0.0,3.93,3.93,3.93,3.93,1.0,0.0,24.0,0.0,1014.9,1014.9,1014.9,1014.9,1.0,0.0,24.0,0.0,,,,,,,,,,,,,,,,,,,,,,,,,,,,,,,,,,,-0.6,-0.6,-0.6,-0.6,1.0,0.0,24.0,0.0,-5.6,-5.6,-5.6,-5.6,1.0,0.0,24.0,0.0,3.07,3.07,3.07,3.07,1.0,0.0,24.0,0.0,28.5,28.5,28.5,28.5,1.0,0.0,24.0,0.0,-225.0,-225.0,-225.0,-225.0,1.0,0.0,24.0,0.0,104.9,104.9,104.9,104.9,1.0,0.0,24.0,0.0,-151.9,-151.9,-151.9,-151.9,1.0,0.0,24.0,0.0,70.8,70.8,70.8,70.8,1.0,0.0,24.0,0.0,-25.9,-25.9,-25.9,-25.9,1.0,0.0,24.0,0.0,12.1,12.1,12.1,12.1,1.0,0.0,24.0,0.0,804.5,804.5,804.5,804.5,1.0,0.0,24.0,0.0,805.0,805.0,805.0,805.0,1.0,0.0,24.0,0.0
1887,9,40.3,-3.4,26.1,26.1,26.1,26.1,11.0,0.0,26.0,0.5,26.7,26.7,26.91,26.74,11.0,0.29,26.0,0.5,18.81,19.07,19.1,18.95,11.0,0.34,26.0,0.5,83.7,87.2,87.2,86.5,11.0,2.4,26.0,0.5,0.5,0.1,6.7,9.3,11.02,9.12,10.0,2.05,26.0,0.6,-6.3,-3.83,-2.67,-4.25,10.0,1.86,26.0,0.6,5.66,7.13,10.35,7.81,10.0,2.32,26.0,0.6,1012.32,1012.9,1015.19,1013.55,11.0,1.61,26.0,0.5,,,,,,,,,,,,,,,,,,,,,,,,,,,,,,,,,,,-0.81,-0.6,-0.6,-0.64,11.0,0.29,26.0,0.5,-7.4,-5.6,-4.0,-5.5,10.0,2.7,26.0,0.6,2.05,2.06,2.28,2.17,11.0,0.32,26.0,0.5,14.5,19.1,22.0,18.9,10.0,3.7,26.0,0.6,-169.2,-101.8,-71.4,-113.5,10.0,49.6,26.0,0.6,152.3,192.5,272.4,208.5,10.0,60.5,26.0,0.6,-119.4,-72.5,-51.0,-80.8,10.0,35.3,26.0,0.6,107.1,135.1,197.6,148.9,10.0,45.0,26.0,0.6,-13.4,-7.8,-5.5,-8.8,10.0,3.9,26.0,0.6,12.1,15.6,19.9,16.1,10.0,4.3,26.0,0.6,301.0,804.5,1408.5,864.5,10.0,573.0,26.0,0.6,300.0,805.0,1410.0,865.0,10.0,575.0,26.0,0.6
1887,9,40.3,14.6,31.63,32.3,33.26,32.38,29.0,0.91,16.0,0.5,32.23,33.3,34.0,33.14,29.0,0.98,16.0,0.5,21.37,22.17,25.64,23.48,3.0,3.33,18.0,1.0,69.5,71.0,82.4,75.9,3.0,10.3,18.0,1.0,0.9,0.7,0.0,2.6,2.6,2.02,27.0,1.52,16.0,0.5,0.0,0.0,1.36,0.49,27.0,0.92,16.0,0.5,-2.41,0.0,1.0,-0.52,27.0,2.28,16.0,0.5,1004.6,1006.3,1008.0,1006.16,25.0,1.57,18.0,0.4,0.0,1.0,3.0,1.4,29.0,1.9,16.0,0.5,69.5,71.0,82.4,75.9,3.0,10.3,18.0,1.0,0.9,0.7,0.0,0.0,3.5,1.5,27.0,2.9,16.0,0.5,-6.3,0.0,1.0,-1.4,27.0,8.8,16.0,0.5,-1.91,-0.5,0.1,-0.76,29.0,1.04,16.0,0.5,-4.7,-0.4,0.1,-1.5,27.0,2.8,16.0,0.5,5.95,8.05,8.93,7.45,3.0,2.24,18.0,1.0,9.6,12.9,20.7,15.1,3.0,8.3,18.0,1.0,0.0,0.0,44.5,16.2,27.0,30.3,16.0,0.5,-82.4,0.0,33.5,-17.2,27.0,76.1,16.0,0.5,26.5,38.6,42.8,34.8,3.0,12.4,18.0,1.0,-52.1,-36.3,-10.0,-31.2,3.0,31.1,18.0,1.0,7.4,8.0,15.4,11.3,3.0,6.6,18.0,1.0,-13.9,-10.9,-2.9,-8.4,3.0,8.3,18.0,1.0,0.0,17.5,17.5,22.5,27.0,33.0,16.0,0.5,0.0,20.0,20.0,20.0,27.0,35.0,16.0,0.5
1887,9,40.3,16.6,31.4,32.0,32.59,31.92,52.0,0.6,16.0,0.5,31.03,32.5,34.0,32.51,53.0,1.36,16.0,0.5,22.25,25.29,25.48,24.12,5.0,1.86,18.0,0.2,80.8,81.4,84.7,82.6,5.0,3.0,18.0,0.2,0.4,0.4,1.0,2.6,4.6,2.58,53.0,2.04,16.0,0.5,-0.05,0.37,2.29,0.59,53.0,1.82,16.0,0.5,-2.6,-0.93,1.54,-1.0,53.0,2.5,16.0,0.5,1005.0,1006.1,1009.19,1006.66,46.0,2.03,18.0,0.5,0.0,0.0,2.0,1.2,53.0,2.0,16.0,0.5,80.8,81.4,84.7,82.6,5.0,3.0,18.0,0.2,0.4,0.4,-0.1,0.4,12.3,3.0,53.0,9.5,16.0,0.5,-6.8,-0.9,4.1,-5.4,53.0,17.2,16.0,0.5,-2.18,-0.35,0.7,-0.56,52.0,1.43,16.0,0.5,-4.1,0.0,1.8,-0.9,52.0,3.7,16.0,0.5,4.84,5.02,6.31,5.53,5.0,1.13,18.0,0.2,10.2,13.0,17.8,14.3,5.0,7.0,18.0,0.2,-1.6,12.4,73.5,19.0,53.0,58.2,16.0,0.5,-86.2,-31.2,49.5,-32.8,53.0,81.9,16.0,0.5,30.6,41.4,64.5,48.8,5.0,31.6,18.0,0.2,-53.2,-51.1,5.4,-29.0,5.0,32.7,18.0,0.2,7.3,7.5,14.7,11.2,5.0,8.2,18.0,0.2,-10.4,-9.2,1.5,-5.4,5.0,6.5,18.0,0.2,1.0,17.5,97.5,60.0,53.0,157.0,16.0,0.5,0.0,20.0,95.0,60.0,53.0,155.0,16.0,0.5
1887,9,40.3,18.6,,,,,,,,,,,,,,,,,,,,,,,,,,,,,,,,,,,1.76,2.6,3.65,2.7,4.0,1.47,18.0,0.8,0.0,0.19,1.88,0.91,4.0,1.57,18.0,0.8,-2.94,-2.6,-1.72,-2.34,4.0,0.99,18.0,0.8,1004.2,1005.0,1006.43,1005.3,4.0,1.4,18.0,0.8,,,,,,,,,,,,,,,,,,,,,,,,,,,,,,,,,,,,,,,,,,,,,,,,,,,,,,,,,,,,,,,,,,,,,,,,,,,,,,,,,,,,,,,,,,,,,,,,,,,,,,,,,,,,,,,,,,,,,,,,,,,,,,,,,,
1887,9,42.3,-45.4,3.9,4.15,4.4,4.15,4.0,0.29,8.0,0.5,3.82,4.7,5.89,4.85,4.0,1.42,8.0,0.5,3.54,3.63,3.94,3.74,4.0,0.31,8.0,0.5,68.2,69.0,72.6,70.4,4.0,3.5,8.0,0.5,0.5,0.8,19.0,19.0,19.0,19.0,4.0,0.0,8.0,0.5,10.9,10.9,13.63,12.2,4.0,2.61,8.0,0.5,12.68,15.56,15.56,14.19,4.0,2.75,8.0,0.5,1019.44,1019.6,1019.81,1019.63,4.0,0.29,8.0,0.5,5.0,5.5,6.0,5.5,4.0,0.6,8.0,0.5,68.2,69.0,72.6,70.4,4.0,3.5,8.0,0.5,0.5,0.8,207.1,207.1,259.0,231.8,4.0,49.5,8.0,0.5,241.0,295.7,295.7,269.6,4.0,52.2,8.0,0.5,-1.75,-0.55,0.34,-0.7,4.0,1.6,8.0,0.5,-33.3,-10.4,6.4,-13.3,4.0,30.4,8.0,0.5,1.11,1.47,1.51,1.32,4.0,0.36,8.0,0.5,21.0,27.9,28.7,25.0,4.0,6.8,8.0,0.5,41.7,51.2,82.5,61.6,4.0,31.8,8.0,0.5,59.0,68.0,73.4,66.3,4.0,11.0,8.0,0.5,38.6,39.6,54.4,46.2,4.0,14.2,8.0,0.5,47.9,55.1,56.6,52.4,4.0,6.9,8.0,0.5,14.2,16.0,16.5,15.4,4.0,1.9,8.0,0.5,15.0,22.9,23.5,19.4,4.0,7.7,8.0,0.5,6859.0,6859.0,6859.0,6859.0,4.0,0.0,8.0,0.5,6860.0,6860.0,6860.0,6860.0,4.0,0.0,8.0,0.5
1887,9,42.3,-43.4,,,,,,,,,,,,,,,,,,,,,,,,,,,,,,,,,,,15.4,15.4,15.4,15.4,1.0,0.0,18.0,1.0,15.4,15.4,15.4,15.4,1.0,0.0,18.0,1.0,0.0,0.0,0.0,0.0,1.0,0.0,18.0,1.0,995.5,995.5,995.5,995.5,1.0,0.0,18.0,1.0,,,,,,,,,,,,,,,,,,,,,,,,,,,,,,,,,,,,,,,,,,,,,,,,,,,,,,,,,,,,,,,,,,,,,,,,,,,,,,,,,,,,,,,,,,,,,,,,,,,,,,,,,,,,,,,,,,,,,,,,,,,,,,,,,,
1887,9,42.3,-41.4,11.1,13.6,16.1,13.72,12.0,2.02,2.0,0.5,9.57,13.05,13.45,12.23,12.0,2.36,2.0,0.5,6.47,7.23,7.8,7.31,10.0,0.96,2.0,0.5,77.1,83.1,93.4,85.4,11.0,7.8,2.0,0.5,0.6,0.7,16.23,19.0,22.6,18.91,11.0,5.11,10.0,0.4,2.75,13.44,16.18,10.84,11.0,6.91,10.0,0.4,-15.96,9.5,15.98,1.49,11.0,15.49,10.0,0.4,1003.86,1017.6,1019.84,1013.33,15.0,8.2,6.0,0.4,5.0,6.0,8.0,6.4,12.0,1.2,2.0,0.5,77.1,83.1,93.4,85.4,11.0,7.8,2.0,0.5,0.6,0.7,59.9,255.3,361.2,221.2,11.0,146.2,10.0,0.4,-291.7,180.5,361.2,43.8,11.0,328.3,10.0,0.4,-0.81,2.8,3.45,1.48,12.0,2.44,2.0,0.5,-8.6,37.7,55.3,25.0,6.0,40.4,2.0,0.5,1.88,2.55,4.1,2.73,10.0,1.49,2.0,0.5,29.6,35.7,66.1,46.8,5.0,28.0,2.0,0.4,28.1,56.9,139.8,72.5,6.0,61.5,2.0,0.5,-301.1,-126.9,-16.1,-137.7,6.0,154.8,2.0,0.5,11.5,21.0,109.7,52.1,5.0,55.1,2.0,0.4,-165.7,-43.8,2.1,-69.7,5.0,97.5,2.0,0.4,3.5,11.3,32.2,16.3,5.0,15.7,2.0,0.4,-65.6,-19.1,0.6,-30.6,5.0,42.1,2.0,0.4,4795.0,6859.0,11543.0,7937.5,11.0,4061.0,10.0,0.4,4795.0,6860.0,11545.0,7940.0,11.0,4060.0,10.0,0.4
1887,9,42.3,-39.4,,,,,,,,,,,,,,,,,,,,,,,,,,,,,,,,,,,22.6,22.6,22.6,22.6,5.0,0.0,6.0,0.8,18.74,18.74,18.74,18.74,5.0,0.0,6.0,0.8,12.64,12.64,12.64,12.64,5.0,0.0,6.0,0.8,1034.53,1035.25,1035.91,1035.23,4.0,0.87,6.0,0.8,,,,,,,,,,,,,,,,,,,,,,,,,,,,,,,,,,,,,,,,,,,,,,,,,,,,,,,,,,,,,,,,,,,,,,,,,,,,,,,,,,,,,,,,,,,,,,,,,,,,,,,,,,,,,,,,,,,,,,,,,,,,,,,,,,
1887,9,42.3,-31.4,,,,,,,,,,,,,,,,,,,,,,,,,,,,,,,,,,,4.19,6.7,9.3,6.53,6.0,2.63,14.0,0.5,1.16,3.13,5.54,3.39,6.0,3.23,14.0,0.5,-2.78,4.11,6.66,2.72,6.0,5.01,14.0,0.5,1018.09,1019.8,1020.61,1019.17,7.0,1.74,16.0,0.6,,,,,,,,,,,,,,,,,,,,,,,,,,,,,,,,,,,,,,,,,,,,,,,,,,,,,,,,,,,,,,,,,,,,,,,,,,,,,,,,,,,,,,,,,,,,,,,,,,,,,,,,,,,,,,,,,,,,,,,,,,,,,,,,,,
1887,9,42.3,-29.4,,,,,,,,,,,,,,,,,,,,,,,,,,,,,,,,,,,6.7,6.7,9.3,7.28,16.0,1.92,10.0,0.6,-6.44,-6.21,-4.27,-5.38,16.0,1.74,10.0,0.6,-2.51,-1.72,6.58,1.2,16.0,4.96,10.0,0.6,1028.88,1029.5,1029.54,1028.77,7.0,1.97,12.0,0.7,,,,,,,,,,,,,,,,,,,,,,,,,,,,,,,,,,,,,,,,,,,,,,,,,,,,,,,,,,,,,,,,,,,,,,,,,,,,,,,,,,,,,,,,,,,,,,,,,,,,,,,,,,,,,,,,,,,,,,,,,,,,,,,,,,
1887,9,42.3,-25.4,,,,,,,,,,,,,,,,,,,,,,,,,,,,,,,,,,,12.3,12.3,12.3,12.3,1.0,0.0,24.0,1.0,-8.7,-8.7,-8.7,-8.7,1.0,0.0,24.0,1.0,8.7,8.7,8.7,8.7,1.0,0.0,24.0,1.0,1022.0,1022.0,1022.0,1022.0,1.0,0.0,24.0,1.0,,,,,,,,,,,,,,,,,,,,,,,,,,,,,,,,,,,,,,,,,,,,,,,,,,,,,,,,,,,,,,,,,,,,,,,,,,,,,,,,,,,,,,,,,,,,,,,,,,,,,,,,,,,,,,,,,,,,,,,,,,,,,,,,,,
1887,9,42.3,-23.4,,,,,,,,,,,,,,,,,,,,,,,,,,,,,,,,,,,6.7,6.7,6.7,6.7,1.0,0.0,24.0,1.0,-4.74,-4.74,-4.74,-4.74,1.0,0.0,24.0,1.0,4.74,4.74,4.74,4.74,1.0,0.0,24.0,1.0,1017.2,1017.2,1017.2,1017.2,1.0,0.0,24.0,1.0,,,,,,,,,,,,,,,,,,,,,,,,,,,,,,,,,,,,,,,,,,,,,,,,,,,,,,,,,,,,,,,,,,,,,,,,,,,,,,,,,,,,,,,,,,,,,,,,,,,,,,,,,,,,,,,,,,,,,,,,,,,,,,,,,,
1887,9,42.3,-21.4,,,,,,,,,,,,,,,,,,,,,,,,,,,,,,,,,,,2.6,2.6,2.6,2.6,1.0,0.0,26.0,1.0,-1.02,-1.02,-1.02,-1.02,1.0,0.0,26.0,1.0,-2.39,-2.39,-2.39,-2.39,1.0,0.0,26.0,1.0,1014.97,1016.2,1017.43,1016.2,2.0,2.55,26.0,1.0,,,,,,,,,,,,,,,,,,,,,,,,,,,,,,,,,,,,,,,,,,,,,,,,,,,,,,,,,,,,,,,,,,,,,,,,,,,,,,,,,,,,,,,,,,,,,,,,,,,,,,,,,,,,,,,,,,,,,,,,,,,,,,,,,,
1887,9,42.3,-17.4,25.35,26.1,26.1,25.73,3.0,0.64,12.0,0.3,25.13,25.4,25.54,25.33,3.0,0.31,12.0,0.3,16.01,16.11,16.21,16.11,2.0,0.21,6.0,0.0,79.3,80.7,82.2,80.7,2.0,3.1,6.0,0.0,0.0,0.9,7.04,12.3,12.3,9.73,3.0,4.45,12.0,0.3,-2.48,1.29,1.29,-0.55,3.0,3.19,12.0,0.3,5.11,12.23,12.23,8.75,3.0,6.02,12.0,0.3,1018.23,1019.6,1019.6,1018.93,3.0,1.15,12.0,0.3,,,,,,,,,,,,,,,,,,,,,,,,,,,,,,,,,,,-0.11,0.5,0.91,0.4,3.0,0.75,12.0,0.3,0.7,6.2,11.2,5.9,3.0,7.7,12.0,0.3,4.78,4.88,4.98,4.88,2.0,0.21,6.0,0.0,58.8,60.1,61.3,60.1,2.0,2.6,6.0,0.0,-63.2,32.1,32.7,-14.2,3.0,80.9,12.0,0.3,128.2,305.8,310.8,221.5,3.0,152.4,12.0,0.3,20.6,20.7,20.8,20.7,2.0,0.3,6.0,0.0,195.8,197.1,198.3,197.1,2.0,2.6,6.0,0.0,6.1,6.3,6.4,6.3,2.0,0.3,6.0,0.0,58.5,59.7,61.0,59.7,2.0,2.6,6.0,0.0,657.0,1861.0,1861.0,1273.0,3.0,1018.0,12.0,0.3,655.0,1860.0,1860.0,1275.0,3.0,1020.0,12.0,0.3
1887,9,42.3,-15.4,26.06,26.7,26.7,26.34,11.0,0.49,10.0,0.7,25.52,26.1,26.74,26.17,11.0,0.7,10.0,0.7,16.58,17.62,17.97,17.45,9.0,0.87,6.0,0.7,79.7,82.6,85.8,82.8,9.0,2.8,6.0,0.7,0.1,0.3,2.6,6.7,10.79,6.34,9.0,3.81,10.0,0.9,-2.52,0.0,2.08,-0.34,9.0,3.03,10.0,0.9,-0.63,3.94,10.74,4.47,9.0,5.29,10.0,0.9,1017.3,1019.0,1019.89,1018.76,11.0,1.27,10.0,0.7,,,,,,,,,,,,,,,,,,,,,,,,,,,,,,,,,,,-0.32,0.0,0.81,0.16,11.0,0.61,10.0,0.7,-1.3,0.0,4.5,1.7,9.0,5.0,10.0,0.9,3.83,4.01,4.48,4.07,9.0,0.55,6.0,0.7,9.8,25.6,49.9,29.0,7.0,20.2,6.0,0.9,-68.3,0.0,55.1,-9.2,9.0,79.9,10.0,0.9,-17.0,105.3,269.2,114.7,9.0,134.5,10.0,0.9,-50.1,20.5,43.5,-7.3,7.0,60.0,6.0,0.9,-12.8,70.9,195.8,74.5,7.0,99.4,6.0,0.9,-10.6,5.2,9.3,-1.8,7.0,14.7,6.0,0.9,-2.7,15.1,49.7,19.2,7.0,27.1,6.0,0.9,17.5,301.0,1440.5,530.5,9.0,764.5,10.0,0.9,20.0,300.0,1440.0,530.0,9.0,765.0,10.0,0.9
1887,9,42.3,-13.4,26.1,26.1,26.1,26.1,7.0,0.0,6.0,0.6,25.6,25.6,26.7,25.99,7.0,0.52,6.0,0.6,16.79,16.79,19.94,17.78,7.0,1.49,6.0,0.6,82.5,82.5,91.5,85.1,7.0,4.3,6.0,0.6,0.1,0.6,6.7,8.0,9.3,8.0,6.0,1.42,6.0,0.5,-7.71,-6.63,-5.55,-6.63,6.0,1.18,6.0,0.5,3.75,4.47,5.2,4.47,6.0,0.8,6.0,0.5,1016.9,1018.3,1018.33,1017.8,7.0,0.88,6.0,0.6,,,,,,,,,,,,,,,,,,,,,,,,,,,,,,,,,,,-0.6,0.5,0.5,0.11,7.0,0.52,6.0,0.6,-5.6,1.7,3.4,-0.2,6.0,4.4,6.0,0.5,1.11,4.23,4.23,3.25,7.0,1.48,6.0,0.6,10.3,28.3,29.4,23.2,6.0,10.2,6.0,0.5,-205.9,-171.7,-142.2,-173.3,6.0,34.1,6.0,0.5,95.9,115.8,138.9,116.9,6.0,23.0,6.0,0.5,-153.7,-113.9,-93.3,-120.3,6.0,30.4,6.0,0.5,62.9,76.8,103.7,81.1,6.0,20.5,6.0,0.5,-24.4,-23.5,-8.6,-19.2,6.0,8.4,6.0,0.5,5.8,15.8,16.4,13.0,6.0,5.7,6.0,0.5,301.0,552.5,804.5,552.5,6.0,276.0,6.0,0.5,300.0,555.0,805.0,555.0,6.0,275.0,6.0,0.5
1887,9,42.3,-11.4,26.1,26.1,26.7,26.17,9.0,0.56,6.0,0.7,25.6,25.6,26.54,26.0,9.0,0.71,6.0,0.7,16.8,16.8,16.81,16.82,8.0,0.2,6.0,0.6,79.6,82.5,82.5,81.6,8.0,1.7,6.0,0.6,0.2,0.4,5.17,6.7,8.6,6.81,9.0,1.67,6.0,0.7,-5.46,-3.75,0.18,-3.25,9.0,2.95,6.0,0.7,4.33,5.55,6.3,5.41,9.0,1.21,6.0,0.7,1016.46,1017.6,1017.6,1017.17,9.0,0.58,6.0,0.7,,,,,,,,,,,,,,,,,,,,,,,,,,,,,,,,,,,0.13,0.5,0.57,0.17,9.0,1.11,6.0,0.7,0.7,3.4,4.7,1.9,9.0,5.7,6.0,0.7,4.23,4.24,4.96,4.51,8.0,0.43,6.0,0.6,28.4,29.6,38.7,31.6,8.0,5.4,6.0,0.6,-139.8,-95.9,3.9,-83.4,9.0,75.7,6.0,0.7,117.8,142.2,166.6,140.5,9.0,30.7,6.0,0.7,-92.7,-62.9,5.9,-57.8,8.0,52.1,6.0,0.6,76.0,93.3,111.2,93.5,8.0,20.8,6.0,0.6,-23.4,-17.3,2.4,-14.8,8.0,13.5,6.0,0.6,22.2,23.8,29.9,24.9,8.0,5.2,6.0,0.6,152.0,301.0,668.5,367.5,9.0,262.0,6.0,0.7,150.0,300.0,670.0,365.0,9.0,260.0,6.0,0.7
1887,9,42.3,-9.4,,,,,,,,,,,,,,,,,,,,,,,,,,,,,,,,,,,3.9,6.7,6.7,5.33,3.0,2.37,6.0,1.0,-2.51,-2.51,-0.8,-1.67,3.0,1.45,6.0,1.0,3.75,6.21,6.21,5.01,3.0,2.09,6.0,1.0,1016.9,1017.1,1017.78,1017.33,3.0,0.68,6.0,1.0,,,,,,,,,,,,,,,,,,,,,,,,,,,,,,,,,,,,,,,,,,,,,,,,,,,,,,,,,,,,,,,,,,,,,,,,,,,,,,,,,,,,,,,,,,,,,,,,,,,,,,,,,,,,,,,,,,,,,,,,,,,,,,,,,,
1887,9,42.3,-3.4,26.26,26.7,26.7,26.57,9.0,0.26,26.0,0.7,26.7,26.7,27.2,26.92,9.0,0.26,26.0,0.7,18.92,19.07,19.84,19.31,9.0,0.48,26.0,0.7,84.6,87.2,87.8,87.0,9.0,2.3,26.0,0.7,0.6,0.5,7.4,9.3,12.3,9.72,9.0,2.21,26.0,0.7,-4.21,-3.45,-3.18,-3.76,9.0,0.6,26.0,0.7,6.34,8.74,11.56,8.93,9.0,2.29,26.0,0.7,1009.5,1012.9,1012.9,1011.61,9.0,1.65,26.0,0.7,,,,,,,,,,,,,,,,,,,,,,,,,,,,,,,,,,,-0.57,-0.5,0.0,-0.36,9.0,0.27,26.0,0.7,-6.6,-3.3,0.0,-3.4,9.0,2.9,26.0,0.7,2.06,2.13,3.0,2.45,9.0,0.48,26.0,0.7,15.2,25.3,28.5,23.9,9.0,7.0,26.0,0.7,-112.3,-93.9,-86.5,-101.2,9.0,15.4,26.0,0.7,171.5,237.7,308.6,240.0,9.0,60.2,26.0,0.7,-80.2,-68.5,-60.2,-72.7,9.0,12.4,26.0,0.7,126.4,164.9,220.4,171.7,9.0,41.9,26.0,0.7,-9.8,-9.0,-7.7,-9.1,9.0,1.4,26.0,0.7,13.0,23.8,26.8,22.0,9.0,7.2,26.0,0.7,436.5,804.5,1861.0,1044.5,9.0,646.0,26.0,0.7,435.0,805.0,1860.0,1045.0,9.0,645.0,26.0,0.7
1887,9,42.3,12.6,30.3,31.4,32.5,31.38,45.0,0.96,16.0,0.5,31.18,32.2,33.12,32.15,44.0,1.26,16.0,0.5,23.34,24.22,25.0,24.15,6.0,0.88,18.0,0.0,80.1,85.4,86.7,83.8,6.0,3.8,18.0,0.0,0.6,0.5,1.0,2.6,4.6,3.04,43.0,2.02,16.0,0.5,-1.84,0.0,1.72,0.02,43.0,2.09,16.0,0.5,-2.41,0.0,4.32,0.48,43.0,3.0,16.0,0.5,1005.04,1005.9,1007.82,1006.49,40.0,2.11,18.0,0.5,0.0,1.0,4.0,1.6,45.0,1.8,16.0,0.5,80.1,85.4,86.7,83.8,6.0,3.8,18.0,0.0,0.6,0.5,-5.4,0.0,6.9,-0.2,43.0,11.5,16.0,0.5,-6.3,0.0,19.9,3.6,43.0,17.1,16.0,0.5,-2.12,-0.6,0.42,-0.79,44.0,1.21,16.0,0.5,-5.4,-1.9,1.0,-2.1,42.0,4.1,16.0,0.5,3.5,4.74,6.63,4.97,6.0,1.6,18.0,0.0,3.8,13.8,30.5,16.2,6.0,13.4,18.0,0.0,-58.1,0.0,55.1,-0.3,42.0,66.3,16.0,0.5,-77.4,0.0,137.2,16.6,42.0,95.4,16.0,0.5,0.9,8.4,101.7,43.3,6.0,69.4,18.0,0.0,-78.1,-23.6,-11.5,-38.6,6.0,46.1,18.0,0.0,-0.1,1.9,22.5,8.0,6.0,12.1,18.0,0.0,-22.2,-4.2,-2.3,-10.0,6.0,12.3,18.0,0.0,1.0,17.5,97.5,70.0,43.0,134.0,16.0,0.5,0.0,20.0,95.0,70.0,43.0,135.0,16.0,0.5
1887,9,42.3,14.6,30.64,32.0,32.8,31.87,30.0,0.88,16.0,0.5,31.3,32.35,33.81,32.42,32.0,1.11,16.0,0.5,24.56,25.39,26.23,25.39,2.0,1.73,18.0,1.0,77.2,82.7,88.2,82.7,2.0,11.3,18.0,1.0,0.2,0.2,0.6,2.6,4.6,2.16,30.0,1.74,16.0,0.5,-0.25,0.41,1.75,0.53,30.0,1.08,16.0,0.5,-2.56,0.0,2.39,-0.35,30.0,2.5,16.0,0.5,1004.01,1006.45,1009.87,1006.69,28.0,2.62,18.0,0.6,0.0,1.5,3.1,1.7,32.0,1.9,16.0,0.5,77.2,82.7,88.2,82.7,2.0,11.3,18.0,1.0,0.2,0.2,-0.3,0.5,6.3,1.9,30.0,4.6,16.0,0.5,-6.6,0.0,6.2,-2.0,30.0,11.5,16.0,0.5,-1.5,-0.45,0.7,-0.45,30.0,1.09,16.0,0.5,-3.4,-0.3,0.6,-1.0,28.0,2.8,14.0,0.5,1.44,3.87,6.31,3.87,2.0,5.04,18.0,1.0,1.9,4.1,6.4,4.1,2.0,4.7,18.0,1.0,-8.2,13.4,58.7,17.4,30.0,35.2,16.0,0.5,-79.4,0.0,81.0,-11.2,30.0,81.7,16.0,0.5,14.8,18.2,21.5,18.2,2.0,7.0,18.0,1.0,-58.3,-37.5,-16.7,-37.5,2.0,43.0,18.0,1.0,1.3,3.6,6.0,3.6,2.0,4.9,18.0,1.0,-2.0,-1.5,-1.0,-1.5,2.0,1.0,18.0,1.0,0.5,17.5,97.5,32.5,30.0,61.5,16.0,0.5,0.0,20.0,95.0,30.0,30.0,60.0,16.0,0.5
1887,9,44.3,-45.4,3.9,3.9,4.4,4.07,6.0,0.26,6.0,0.5,4.3,6.7,7.2,6.02,6.0,1.47,6.0,0.5,4.34,4.59,4.83,4.59,4.0,0.32,8.0,0.8,70.4,74.4,78.2,74.3,4.0,4.5,8.0,0.8,0.4,0.7,9.3,19.0,19.0,15.77,6.0,5.01,6.0,0.5,6.84,17.41,18.71,13.91,6.0,6.65,6.0,0.5,-5.91,3.3,4.7,1.02,6.0,6.77,6.0,0.5,1011.85,1015.6,1017.66,1014.9,6.0,3.15,6.0,0.5,3.6,4.0,5.0,4.0,6.0,1.1,6.0,0.5,70.4,74.4,78.2,74.3,4.0,4.5,8.0,0.8,0.4,0.7,63.6,330.8,355.5,246.1,6.0,152.1,6.0,0.5,-54.9,62.7,89.2,41.8,6.0,96.6,6.0,0.5,-2.9,-2.55,-0.4,-1.95,6.0,1.36,6.0,0.5,-55.2,-48.4,-3.7,-36.2,6.0,27.0,6.0,0.5,0.26,0.41,0.74,0.5,4.0,0.33,8.0,0.8,4.9,7.7,14.1,9.4,4.0,6.3,8.0,0.8,29.7,120.7,127.3,91.5,6.0,53.2,6.0,0.5,-25.1,22.1,33.8,14.0,6.0,38.1,6.0,0.5,75.3,83.4,90.5,82.9,4.0,9.2,8.0,0.8,14.7,15.9,31.4,22.7,4.0,14.9,8.0,0.8,4.8,6.9,13.3,9.0,4.0,6.3,8.0,0.8,0.9,2.1,4.2,2.5,4.0,2.0,8.0,0.8,804.5,6859.0,6859.0,4841.0,6.0,3126.5,6.0,0.5,805.0,6860.0,6860.0,4840.0,6.0,3125.0,6.0,0.5
1887,9,44.3,-43.4,,,,,,,,,,,,,,,,,,,,,,,,,,,,,,,,,,,19.0,19.0,19.0,19.0,1.0,0.0,2.0,1.0,-13.44,-13.44,-13.44,-13.44,1.0,0.0,2.0,1.0,-13.44,-13.44,-13.44,-13.44,1.0,0.0,2.0,1.0,1010.4,1010.4,1010.4,1010.4,1.0,0.0,2.0,1.0,,,,,,,,,,,,,,,,,,,,,,,,,,,,,,,,,,,,,,,,,,,,,,,,,,,,,,,,,,,,,,,,,,,,,,,,,,,,,,,,,,,,,,,,,,,,,,,,,,,,,,,,,,,,,,,,,,,,,,,,,,,,,,,,,,
1887,9,44.3,-41.4,,,,,,,,,,,,,,,,,,,,,,,,,,,,,,,,,,,12.16,12.3,12.45,12.31,7.0,1.76,18.0,0.6,4.75,8.7,12.39,8.55,7.0,4.22,18.0,0.6,-0.23,8.56,11.32,5.84,7.0,6.1,18.0,0.6,1024.03,1025.7,1026.21,1023.9,9.0,4.77,18.0,0.6,,,,,,,,,,,,,,,,,,,,,,,,,,,,,,,,,,,,,,,,,,,,,,,,,,,,,,,,,,,,,,,,,,,,,,,,,,,,,,,,,,,,,,,,,,,,,,,,,,,,,,,,,,,,,,,,,,,,,,,,,,,,,,,,,,
1887,9,44.3,-39.4,,,,,,,,,,,,,,,,,,,,,,,,,,,,,,,,,,,12.3,12.3,21.06,15.7,10.0,4.55,8.0,0.4,12.07,12.07,15.75,12.27,10.0,4.91,8.0,0.4,-2.35,2.35,10.62,1.13,10.0,10.09,8.0,0.4,1028.4,1030.65,1032.8,1027.92,10.0,9.87,8.0,0.4,,,,,,,,,,,,,,,,,,,,,,,,,,,,,,,,,,,,,,,,,,,,,,,,,,,,,,,,,,,,,,,,,,,,,,,,,,,,,,,,,,,,,,,,,,,,,,,,,,,,,,,,,,,,,,,,,,,,,,,,,,,,,,,,,,
1887,9,44.3,-37.4,,,,,,,,,,,,,,,,,,,,,,,,,,,,,,,,,,,9.3,9.3,9.3,9.3,1.0,0.0,22.0,1.0,6.58,6.58,6.58,6.58,1.0,0.0,22.0,1.0,6.58,6.58,6.58,6.58,1.0,0.0,22.0,1.0,1011.63,1017.3,1022.97,1017.3,2.0,11.74,22.0,1.0,,,,,,,,,,,,,,,,,,,,,,,,,,,,,,,,,,,,,,,,,,,,,,,,,,,,,,,,,,,,,,,,,,,,,,,,,,,,,,,,,,,,,,,,,,,,,,,,,,,,,,,,,,,,,,,,,,,,,,,,,,,,,,,,,,
1887,9,44.3,-31.4,,,,,,,,,,,,,,,,,,,,,,,,,,,,,,,,,,,4.6,4.6,4.6,4.6,1.0,0.0,14.0,1.0,3.25,3.25,3.25,3.25,1.0,0.0,14.0,1.0,-3.25,-3.25,-3.25,-3.25,1.0,0.0,14.0,1.0,1019.8,1019.8,1019.8,1019.8,1.0,0.0,14.0,1.0,,,,,,,,,,,,,,,,,,,,,,,,,,,,,,,,,,,,,,,,,,,,,,,,,,,,,,,,,,,,,,,,,,,,,,,,,,,,,,,,,,,,,,,,,,,,,,,,,,,,,,,,,,,,,,,,,,,,,,,,,,,,,,,,,,
1887,9,44.3,-29.4,,,,,,,,,,,,,,,,,,,,,,,,,,,,,,,,,,,6.7,6.7,9.3,7.32,16.0,2.11,10.0,0.4,-8.62,-6.63,-2.51,-6.07,16.0,3.13,10.0,0.4,-3.48,-0.93,3.85,-0.29,16.0,3.53,10.0,0.4,1021.7,1023.6,1028.52,1024.91,11.0,3.61,10.0,0.5,,,,,,,,,,,,,,,,,,,,,,,,,,,,,,,,,,,,,,,,,,,,,,,,,,,,,,,,,,,,,,,,,,,,,,,,,,,,,,,,,,,,,,,,,,,,,,,,,,,,,,,,,,,,,,,,,,,,,,,,,,,,,,,,,,
1887,9,44.3,-27.4,,,,,,,,,,,,,,,,,,,,,,,,,,,,,,,,,,,5.27,6.7,6.7,6.0,3.0,1.21,8.0,0.7,-6.63,-6.63,-3.28,-5.0,3.0,2.84,8.0,0.7,-0.93,-0.93,2.62,0.8,3.0,3.0,8.0,0.7,1029.0,1029.0,1029.0,1029.0,1.0,0.0,4.0,0.0,,,,,,,,,,,,,,,,,,,,,,,,,,,,,,,,,,,,,,,,,,,,,,,,,,,,,,,,,,,,,,,,,,,,,,,,,,,,,,,,,,,,,,,,,,,,,,,,,,,,,,,,,,,,,,,,,,,,,,,,,,,,,,,,,,
1887,9,44.3,-7.4,,,,,,,,,,,,,,,,,,,,,,,,,,,,,,,,,,,7.53,9.3,9.3,8.43,3.0,1.5,30.0,1.0,-7.43,-7.43,-6.5,-6.98,3.0,0.78,30.0,1.0,3.71,5.6,5.6,4.68,3.0,1.6,30.0,1.0,1013.5,1013.5,1013.5,1013.5,3.0,0.0,30.0,1.0,,,,,,,,,,,,,,,,,,,,,,,,,,,,,,,,,,,,,,,,,,,,,,,,,,,,,,,,,,,,,,,,,,,-202.0,-202.0,-176.9,-189.7,3.0,21.3,30.0,1.0,100.9,152.2,152.2,127.2,3.0,43.4,30.0,1.0,-146.8,-146.8,-132.1,-139.6,3.0,12.5,30.0,1.0,75.0,110.6,110.6,93.2,3.0,30.2,30.0,1.0,,,,,,,,,,,,,,,,,,,,,,,,,,,,,,,,
1887,9,44.3,-3.4,26.1,26.7,26.7,26.5,12.0,0.3,26.0,0.5,26.7,26.7,27.8,27.06,12.0,0.49,26.0,0.5,19.11,19.63,20.06,19.6,12.0,0.4,26.0,0.5,83.8,87.2,91.5,87.5,12.0,2.9,26.0,0.5,0.5,0.6,6.7,8.0,9.3,7.83,12.0,1.65,26.0,0.5,-4.79,-4.12,-0.93,-3.35,12.0,1.76,26.0,0.5,5.74,7.33,7.97,6.93,12.0,1.3,26.0,0.5,1008.1,1010.8,1010.8,1010.13,12.0,1.26,26.0,0.5,,,,,,,,,,,,,,,,,,,,,,,,,,,,,,,,,,,-1.1,-0.6,0.0,-0.56,12.0,0.41,26.0,0.5,-6.0,-4.5,0.0,-3.9,12.0,2.7,26.0,0.5,1.89,2.06,2.37,2.11,12.0,0.18,26.0,0.5,14.2,16.8,19.2,16.3,12.0,2.6,26.0,0.5,-127.9,-110.9,-25.9,-90.0,12.0,46.6,26.0,0.5,155.5,198.6,212.8,187.3,12.0,33.2,26.0,0.5,-96.1,-80.0,-18.3,-65.6,12.0,34.5,26.0,0.5,112.8,142.7,159.9,135.9,12.0,25.6,26.0,0.5,-9.9,-8.2,-2.2,-6.8,12.0,3.4,26.0,0.5,12.1,15.1,16.5,14.5,12.0,2.2,26.0,0.5,301.0,552.5,804.5,535.5,12.0,286.0,26.0,0.5,300.0,555.0,805.0,535.0,12.0,285.0,26.0,0.5
1887,9,44.3,12.6,28.5,29.5,30.87,29.51,41.0,1.0,16.0,0.4,29.53,30.5,31.77,30.71,41.0,1.2,16.0,0.4,21.86,22.72,23.65,22.79,5.0,1.02,18.0,0.6,74.8,83.0,84.6,80.5,5.0,5.4,18.0,0.6,0.6,0.3,1.0,2.6,4.6,2.85,39.0,2.02,16.0,0.4,-2.59,-0.5,1.82,-0.39,39.0,2.67,16.0,0.4,-0.97,0.0,2.55,0.72,39.0,2.15,16.0,0.4,1005.4,1006.65,1008.53,1006.89,34.0,1.69,18.0,0.4,0.0,0.0,3.0,1.3,41.0,1.5,16.0,0.4,74.8,83.0,84.6,80.5,5.0,5.4,18.0,0.6,0.6,0.3,-6.7,-0.7,4.7,-0.3,39.0,14.8,16.0,0.4,-2.5,0.0,6.7,3.0,39.0,11.3,16.0,0.4,-2.37,-1.0,0.0,-1.19,41.0,1.13,16.0,0.4,-8.8,-2.9,0.0,-4.3,39.0,5.0,16.0,0.4,3.86,4.72,5.76,4.81,5.0,1.05,18.0,0.6,7.0,11.9,15.2,11.1,4.0,5.1,20.0,0.5,-81.6,-14.7,57.1,-11.9,39.0,83.3,16.0,0.4,-29.8,0.0,75.5,22.7,39.0,66.8,16.0,0.4,-38.7,-24.6,-13.4,-26.0,4.0,15.2,20.0,0.5,26.5,45.2,53.3,40.1,4.0,18.3,20.0,0.5,-9.7,-6.1,-2.6,-6.2,4.0,4.2,20.0,0.5,6.1,9.4,11.6,8.9,4.0,4.2,20.0,0.5,1.0,17.5,97.5,61.5,39.0,98.5,16.0,0.4,0.0,20.0,95.0,60.0,39.0,100.0,16.0,0.4
1887,9,46.3,-45.4,3.1,3.9,3.9,3.67,9.0,0.49,4.0,0.7,4.4,4.4,5.6,4.87,9.0,0.74,4.0,0.7,3.93,4.1,4.25,4.09,3.0,0.24,8.0,0.0,68.9,70.3,74.5,71.7,3.0,4.3,8.0,0.0,0.2,0.7,12.3,15.4,19.0,15.97,9.0,3.12,4.0,0.7,-2.78,4.61,18.71,7.4,9.0,10.48,4.0,0.7,-14.3,-11.4,3.3,-5.46,9.0,9.58,4.0,0.7,1009.8,1017.4,1019.57,1015.34,8.0,4.68,4.0,0.6,2.5,5.0,6.0,4.6,9.0,1.6,4.0,0.7,68.9,70.3,74.5,71.7,3.0,4.3,8.0,0.0,0.2,0.7,-40.8,56.7,355.5,143.0,9.0,194.3,4.0,0.7,-210.1,-140.3,62.7,-65.1,9.0,149.4,4.0,0.7,-1.7,-1.6,-0.5,-1.2,9.0,0.73,4.0,0.7,-32.3,-24.6,-6.1,-20.8,9.0,14.1,4.0,0.7,0.76,0.91,1.08,0.92,3.0,0.24,8.0,0.0,14.5,17.2,20.6,17.5,3.0,4.5,8.0,0.0,-12.2,18.0,102.1,41.7,9.0,57.4,4.0,0.7,-62.9,-44.5,19.7,-21.0,9.0,45.3,4.0,0.7,66.7,76.8,79.5,73.2,3.0,9.9,8.0,0.0,13.8,14.2,31.0,22.2,3.0,14.3,8.0,0.0,14.3,17.0,18.2,16.3,3.0,3.0,8.0,0.0,2.5,3.0,9.0,5.7,3.0,5.3,8.0,0.0,1861.0,3652.5,6859.0,4480.5,9.0,2361.0,4.0,0.7,1860.0,3650.0,6860.0,4480.0,9.0,2360.0,4.0,0.7
1887,9,46.3,-43.4,3.9,3.9,3.9,3.9,3.0,0.0,8.0,0.0,5.0,5.0,6.16,5.57,3.0,0.98,8.0,0.0,3.85,4.1,4.84,4.34,3.0,0.75,8.0,0.0,71.2,75.9,82.3,76.7,3.0,8.1,8.0,0.0,0.7,0.1,9.3,19.0,19.0,15.12,5.0,5.31,14.0,0.4,5.45,16.29,16.29,11.78,5.0,6.26,14.0,0.4,-7.32,9.79,9.79,2.83,5.0,9.55,14.0,0.4,1009.8,1017.3,1022.48,1016.23,7.0,6.01,16.0,0.4,6.0,6.0,6.0,6.0,3.0,0.0,8.0,0.0,71.2,75.9,82.3,76.7,3.0,8.1,8.0,0.0,0.7,0.1,50.7,309.4,309.4,204.4,5.0,144.2,14.0,0.4,-68.1,185.9,185.9,83.3,5.0,140.7,14.0,0.4,-2.26,-1.1,-1.1,-1.67,3.0,0.98,8.0,0.0,-42.9,-20.9,-20.9,-31.7,3.0,18.6,8.0,0.0,0.17,0.91,1.16,0.67,3.0,0.76,8.0,0.0,3.1,17.2,22.0,12.7,3.0,14.4,8.0,0.0,81.4,81.4,100.3,90.7,3.0,16.0,8.0,0.0,48.9,48.9,60.3,54.5,3.0,9.6,8.0,0.0,62.7,66.9,78.8,70.7,3.0,12.3,8.0,0.0,37.7,40.2,47.4,42.5,3.0,7.4,8.0,0.0,2.7,14.8,18.9,10.9,3.0,12.3,8.0,0.0,1.6,8.9,11.3,6.5,3.0,7.4,8.0,0.0,804.5,6859.0,6859.0,4437.0,5.0,3316.5,14.0,0.4,805.0,6860.0,6860.0,4435.0,5.0,3315.0,14.0,0.4
1887,9,46.3,-41.4,10.38,12.2,12.8,11.61,13.0,1.68,2.0,0.5,8.84,9.4,12.2,10.07,13.0,1.81,2.0,0.5,5.63,6.08,6.97,6.26,12.0,0.7,2.0,0.4,79.6,84.2,86.9,83.5,12.0,5.3,2.0,0.4,0.3,0.7,12.03,15.4,19.0,14.3,7.0,4.33,8.0,0.3,9.55,12.3,16.62,12.15,7.0,4.92,8.0,0.3,-6.48,0.0,9.21,-0.55,7.0,7.78,8.0,0.3,1008.13,1010.5,1014.2,1012.56,14.0,6.54,4.0,0.4,2.8,6.0,6.0,4.8,13.0,2.0,2.0,0.5,79.6,84.2,86.9,83.5,12.0,5.3,2.0,0.4,0.3,0.7,144.9,152.4,315.7,190.2,7.0,106.0,8.0,0.3,-70.9,0.0,175.0,8.8,7.0,128.9,8.0,0.3,-1.1,1.7,3.9,1.54,13.0,2.14,2.0,0.5,-16.9,-16.1,53.6,13.2,5.0,42.4,4.0,0.4,1.2,2.33,3.46,2.26,12.0,1.24,2.0,0.4,2.5,29.5,54.7,28.7,4.0,30.2,2.0,0.3,72.3,137.9,149.0,114.5,5.0,51.1,4.0,0.4,-97.3,-39.9,82.2,-14.3,5.0,93.8,4.0,0.4,80.1,95.6,99.5,90.1,4.0,15.1,2.0,0.3,-55.2,13.6,55.1,0.6,4.0,66.7,2.0,0.3,2.7,26.1,47.8,25.3,4.0,26.2,2.0,0.3,-0.5,13.2,26.5,13.0,4.0,15.6,2.0,0.3,1786.5,3652.5,6859.0,3578.0,7.0,2522.5,8.0,0.3,1785.0,3650.0,6860.0,3580.0,7.0,2525.0,8.0,0.3
1887,9,46.3,-39.4,,,,,,,,,,,,,,,,,,,,,,,,,,,,,,,,,,,12.3,12.3,12.3,12.3,6.0,0.0,6.0,0.3,12.07,12.07,12.07,12.07,6.0,0.0,6.0,0.3,-2.35,-2.35,-2.35,-2.35,6.0,0.0,6.0,0.3,1024.05,1025.75,1026.92,1025.47,6.0,1.72,6.0,0.3,,,,,,,,,,,,,,,,,,,,,,,,,,,,,,,,,,,,,,,,,,,,,,,,,,,,,,,,,,,,,,,,,,,,,,,,,,,,,,,,,,,,,,,,,,,,,,,,,,,,,,,,,,,,,,,,,,,,,,,,,,,,,,,,,,
1887,9,46.3,-29.4,,,,,,,,,,,,,,,,,,,,,,,,,,,,,,,,,,,8.35,9.3,9.3,8.78,5.0,1.16,12.0,0.4,-9.3,-9.3,-7.73,-8.54,5.0,1.36,12.0,0.4,-1.27,0.0,0.96,-0.17,5.0,2.17,12.0,0.4,1028.32,1029.3,1030.18,1029.22,5.0,1.58,12.0,0.4,,,,,,,,,,,,,,,,,,,,,,,,,,,,,,,,,,,,,,,,,,,,,,,,,,,,,,,,,,,,,,,,,,,,,,,,,,,,,,,,,,,,,,,,,,,,,,,,,,,,,,,,,,,,,,,,,,,,,,,,,,,,,,,,,,
1887,9,46.3,-27.4,,,,,,,,,,,,,,,,,,,,,,,,,,,,,,,,,,,4.6,6.7,6.7,6.18,21.0,1.87,14.0,0.5,-6.7,-6.5,-1.72,-5.27,21.0,2.74,14.0,0.5,0.0,0.35,4.27,1.51,21.0,2.14,14.0,0.5,1019.9,1028.15,1030.57,1026.38,10.0,5.09,12.0,0.5,,,,,,,,,,,,,,,,,,,,,,,,,,,,,,,,,,,,,,,,,,,,,,,,,,,,,,,,,,,,,,,,,,,,,,,,,,,,,,,,,,,,,,,,,,,,,,,,,,,,,,,,,,,,,,,,,,,,,,,,,,,,,,,,,,
1887,9,46.3,-7.4,,,,,,,,,,,,,,,,,,,,,,,,,,,,,,,,,,,6.7,6.7,6.7,6.7,1.0,0.0,30.0,1.0,-6.07,-6.07,-6.07,-6.07,1.0,0.0,30.0,1.0,2.83,2.83,2.83,2.83,1.0,0.0,30.0,1.0,1012.9,1012.9,1012.9,1012.9,1.0,0.0,30.0,1.0,,,,,,,,,,,,,,,,,,,,,,,,,,,,,,,,,,,,,,,,,,,,,,,,,,,,,,,,,,,,,,,,,,,,,,,,,,,,,,,,,,,,,,,,,,,,,,,,,,,,,,,,,,,,,,,,,,,,,,,,,,,,,,,,,,
1887,9,46.3,-5.4,26.7,26.7,26.7,26.7,17.0,0.0,30.0,0.4,26.7,27.2,27.85,27.44,13.0,0.57,30.0,0.2,20.02,20.51,21.0,20.53,10.0,0.47,30.0,0.1,88.3,91.5,91.5,90.4,13.0,1.8,30.0,0.2,0.3,0.3,6.7,9.3,9.3,8.23,17.0,1.32,30.0,0.4,-7.89,-7.43,-5.74,-6.99,17.0,1.2,30.0,0.4,2.83,4.03,5.6,4.18,17.0,1.34,30.0,0.4,1012.2,1012.5,1013.5,1012.71,11.0,0.57,30.0,0.2,,,,,,,,,,,,,,,,,,,,,,,,,,,,,,,,,,,-1.15,-0.5,0.0,-0.74,13.0,0.57,30.0,0.2,-10.7,-4.6,0.0,-6.3,13.0,5.1,30.0,0.2,0.92,1.4,1.89,1.38,10.0,0.46,30.0,0.1,7.1,11.0,12.6,10.7,10.0,3.4,30.0,0.1,-206.8,-202.0,-145.3,-188.6,13.0,32.9,30.0,0.2,78.7,149.4,155.6,124.8,13.0,35.0,30.0,0.2,-156.0,-136.2,-108.6,-137.7,10.0,27.8,30.0,0.1,57.7,82.0,115.5,87.0,10.0,27.1,30.0,0.1,-10.1,-9.4,-6.3,-8.9,10.0,2.6,30.0,0.1,3.9,6.1,7.6,5.9,10.0,2.6,30.0,0.1,301.0,804.5,804.5,597.0,17.0,255.5,30.0,0.4,300.0,805.0,805.0,595.0,17.0,255.0,30.0,0.4
1887,9,46.3,-3.4,26.1,26.7,27.2,26.76,19.0,0.42,28.0,0.4,26.7,26.7,27.29,27.03,19.0,0.41,28.0,0.4,19.13,19.83,20.42,19.84,19.0,0.52,28.0,0.4,87.2,87.8,91.5,88.7,19.0,1.9,28.0,0.4,0.2,0.5,1.43,4.6,6.7,4.29,9.0,2.52,28.0,0.4,-1.44,-0.52,-0.36,-0.77,9.0,0.52,28.0,0.4,1.32,4.56,6.6,4.19,9.0,2.51,28.0,0.4,1009.5,1010.2,1012.5,1010.58,19.0,1.23,28.0,0.4,,,,,,,,,,,,,,,,,,,,,,,,,,,,,,,,,,,-0.6,-0.5,0.07,-0.27,19.0,0.41,28.0,0.4,-3.3,-2.8,-0.9,-2.3,9.0,1.3,28.0,0.4,1.12,2.13,2.83,2.2,19.0,0.73,28.0,0.4,2.4,5.1,14.3,7.3,9.0,5.5,28.0,0.4,-38.9,-14.3,-9.7,-20.8,9.0,14.0,28.0,0.4,35.9,121.6,177.1,113.2,9.0,68.0,28.0,0.4,-28.5,-10.5,-7.3,-15.3,9.0,10.2,28.0,0.4,26.7,91.5,131.7,83.7,9.0,49.8,28.0,0.4,-2.8,-1.0,-0.5,-1.4,9.0,1.2,28.0,0.4,2.1,5.1,13.9,7.1,9.0,5.5,28.0,0.4,5.5,97.5,301.0,148.5,9.0,147.0,28.0,0.4,5.0,95.0,300.0,150.0,9.0,145.0,28.0,0.4
1887,9,46.3,12.6,28.61,29.15,29.99,29.23,46.0,0.7,16.0,0.5,28.68,30.1,31.4,30.09,44.0,1.26,16.0,0.5,21.44,22.03,22.77,22.1,4.0,0.88,18.0,0.0,83.4,86.5,91.5,87.4,4.0,4.8,18.0,0.0,0.5,0.3,1.0,2.6,4.64,3.33,45.0,2.14,16.0,0.5,-4.24,-0.71,1.8,-1.0,45.0,3.07,16.0,0.5,-1.84,0.0,2.51,0.62,45.0,2.25,16.0,0.5,1005.4,1006.8,1009.5,1007.26,39.0,1.96,16.0,0.5,0.0,0.0,2.0,1.1,46.0,1.6,16.0,0.5,83.4,86.5,91.5,87.4,4.0,4.8,18.0,0.0,0.5,0.3,-19.5,-0.7,4.8,-4.8,45.0,20.0,16.0,0.5,-4.8,0.0,8.4,2.4,45.0,11.8,16.0,0.5,-2.62,-1.0,0.52,-0.91,44.0,1.29,16.0,0.5,-8.2,-2.6,0.6,-3.9,44.0,6.3,16.0,0.5,2.31,3.17,3.59,2.96,4.0,0.82,18.0,0.0,4.2,7.0,11.1,7.6,4.0,4.2,18.0,0.0,-132.1,-21.1,56.4,-29.1,44.0,95.6,16.0,0.5,-52.6,0.0,82.2,19.4,44.0,69.2,16.0,0.5,-82.3,-45.5,-16.8,-49.4,4.0,42.1,18.0,0.0,-26.4,-4.3,9.7,-8.2,4.0,27.7,18.0,0.0,-9.2,-5.0,-2.7,-5.9,4.0,5.1,18.0,0.0,-4.3,-0.5,1.7,-1.2,4.0,4.7,18.0,0.0,1.0,17.5,101.0,87.0,45.0,147.0,16.0,0.5,0.0,20.0,100.0,85.0,45.0,145.0,16.0,0.5
1887,9,48.3,-45.4,,,,,,,,,,,,,,,,,,,,,,,,,,,,,,,,,,,19.0,22.6,22.6,21.57,7.0,1.76,2.0,0.1,-4.31,-4.31,-3.25,-2.88,7.0,3.19,2.0,0.1,-22.18,-22.18,-18.65,-21.18,7.0,1.72,2.0,0.1,1010.79,1012.05,1013.31,1012.05,2.0,2.62,2.0,0.0,,,,,,,,,,,,,,,,,,,,,,,,,,,,,,,,,,,,,,,,,,,,,,,,,,,,,,,,,,,,,,,,,,,,,,,,,,,,,,,,,,,,,,,,,,,,,,,,,,,,,,,,,,,,,,,,,,,,,,,,,,,,,,,,,,
1887,9,48.3,-43.4,3.3,3.3,3.44,3.42,6.0,0.29,10.0,1.0,3.3,5.3,5.99,4.95,6.0,1.39,10.0,1.0,3.51,3.64,3.99,3.73,5.0,0.35,10.0,1.0,65.4,69.4,75.6,69.9,5.0,6.2,10.0,1.0,0.5,0.3,12.3,19.0,19.34,17.58,13.0,4.8,16.0,0.6,-10.75,-6.58,12.68,0.17,13.0,11.93,16.0,0.6,-14.14,-6.58,15.17,-2.15,13.0,14.52,16.0,0.6,999.01,1006.8,1010.51,1004.51,14.0,7.23,16.0,0.6,5.8,6.0,6.2,6.0,6.0,0.6,10.0,1.0,65.4,69.4,75.6,69.9,5.0,6.2,10.0,1.0,0.5,0.3,-255.3,-61.2,226.1,2.0,13.0,222.1,16.0,0.6,-275.8,-61.2,288.3,-47.6,13.0,308.7,16.0,0.6,-2.53,-1.75,0.0,-1.53,6.0,1.33,10.0,1.0,-48.0,-27.2,0.0,-27.1,6.0,25.3,10.0,1.0,0.82,1.18,1.31,1.09,5.0,0.35,10.0,1.0,15.6,22.4,24.9,20.6,5.0,6.6,10.0,1.0,33.1,74.0,83.4,62.2,6.0,29.4,10.0,1.0,38.8,52.4,69.3,52.7,6.0,32.5,10.0,1.0,32.5,48.3,56.8,44.6,5.0,17.4,10.0,1.0,35.7,55.2,65.2,51.3,5.0,15.7,10.0,1.0,6.2,13.5,19.0,13.2,5.0,7.9,10.0,1.0,9.2,15.0,19.3,14.6,5.0,5.5,10.0,1.0,1861.0,6859.0,7307.0,6553.0,13.0,4880.5,16.0,0.6,1860.0,6860.0,7305.0,6555.0,13.0,4880.0,16.0,0.6
1887,9,48.3,-39.4,,,,,,,,,,,,,,,,,,,,,,,,,,,,,,,,,,,12.3,12.3,12.3,12.3,5.0,0.0,10.0,0.6,11.83,12.07,12.07,11.94,5.0,0.3,10.0,0.6,-2.35,-2.35,0.19,-0.96,5.0,3.11,10.0,0.6,1015.46,1017.6,1019.92,1017.7,5.0,2.53,10.0,0.6,,,,,,,,,,,,,,,,,,,,,,,,,,,,,,,,,,,,,,,,,,,,,,,,,,,,,,,,,,,,,,,,,,,,,,,,,,,,,,,,,,,,,,,,,,,,,,,,,,,,,,,,,,,,,,,,,,,,,,,,,,,,,,,,,,
1887,9,48.3,-37.4,,,,,,,,,,,,,,,,,,,,,,,,,,,,,,,,,,,9.3,9.3,9.3,9.3,1.0,0.0,24.0,1.0,3.48,3.48,3.48,3.48,1.0,0.0,24.0,1.0,-8.62,-8.62,-8.62,-8.62,1.0,0.0,24.0,1.0,1028.7,1028.7,1028.7,1028.7,1.0,0.0,24.0,1.0,,,,,,,,,,,,,,,,,,,,,,,,,,,,,,,,,,,,,,,,,,,,,,,,,,,,,,,,,,,,,,,,,,,,,,,,,,,,,,,,,,,,,,,,,,,,,,,,,,,,,,,,,,,,,,,,,,,,,,,,,,,,,,,,,,
1887,9,48.3,-29.4,,,,,,,,,,,,,,,,,,,,,,,,,,,,,,,,,,,6.7,9.3,9.3,8.26,5.0,1.42,12.0,0.4,-8.83,-8.56,-5.65,-7.47,5.0,1.93,12.0,0.4,1.66,3.63,4.04,2.92,5.0,1.8,12.0,0.4,1031.53,1031.6,1032.08,1031.8,3.0,0.44,12.0,0.7,,,,,,,,,,,,,,,,,,,,,,,,,,,,,,,,,,,,,,,,,,,,,,,,,,,,,,,,,,,,,,,,,,,,,,,,,,,,,,,,,,,,,,,,,,,,,,,,,,,,,,,,,,,,,,,,,,,,,,,,,,,,,,,,,,
1887,9,48.3,-27.4,,,,,,,,,,,,,,,,,,,,,,,,,,,,,,,,,,,4.6,6.7,8.43,6.6,22.0,1.71,16.0,0.5,-7.71,-6.17,-1.98,-5.32,22.0,2.59,16.0,0.5,-1.15,2.62,4.37,1.9,22.0,2.92,16.0,0.5,1019.04,1022.6,1032.5,1024.32,14.0,6.57,12.0,0.6,,,,,,,,,,,,,,,,,,,,,,,,,,,,,,,,,,,,,,,,,,,,,,,,,,,,,,,,,,,,,,,,,,,,,,,,,,,,,,,,,,,,,,,,,,,,,,,,,,,,,,,,,,,,,,,,,,,,,,,,,,,,,,,,,,
1887,9,48.3,12.6,29.0,29.7,30.19,29.55,46.0,0.62,16.0,0.5,29.1,30.2,31.44,30.27,47.0,1.11,16.0,0.5,21.41,22.39,22.76,22.1,4.0,0.91,20.0,1.0,83.1,86.5,86.7,85.0,4.0,3.3,20.0,1.0,0.4,0.4,0.0,2.6,4.6,2.26,46.0,2.11,16.0,0.5,-2.6,0.0,0.74,-0.86,46.0,2.18,16.0,0.5,-1.82,0.0,1.02,0.04,46.0,2.04,16.0,0.5,1004.5,1006.8,1010.39,1007.41,39.0,2.71,16.0,0.5,0.0,0.0,2.0,0.9,47.0,1.7,16.0,0.5,83.1,86.5,86.7,85.0,4.0,3.3,20.0,1.0,0.4,0.4,-6.8,0.0,0.7,-4.4,46.0,14.3,16.0,0.5,-5.5,0.0,2.6,0.0,46.0,10.8,16.0,0.5,-1.97,-0.85,0.69,-0.73,46.0,1.18,16.0,0.5,-6.8,-0.8,0.0,-2.1,45.0,4.4,16.0,0.5,3.75,4.73,5.1,4.44,4.0,1.0,20.0,1.0,9.7,12.3,13.3,11.5,4.0,2.6,20.0,1.0,-77.4,0.0,21.3,-25.6,46.0,67.2,16.0,0.5,-53.0,0.0,31.1,2.4,46.0,61.7,16.0,0.5,-59.1,-52.3,-38.4,-48.9,4.0,13.0,20.0,1.0,-38.9,-16.3,-3.1,-20.8,4.0,21.7,20.0,1.0,-11.7,-9.7,-7.5,-9.6,4.0,2.4,20.0,1.0,-9.1,-4.0,-0.5,-4.8,4.0,5.1,20.0,1.0,0.0,17.5,97.5,51.5,46.0,131.5,16.0,0.5,0.0,20.0,95.0,50.0,46.0,130.0,16.0,0.5
1887,9,50.3,-43.4,3.3,3.3,3.36,3.47,7.0,0.45,8.0,0.1,3.28,3.3,4.42,3.76,7.0,0.76,8.0,0.1,3.21,3.72,3.94,3.62,6.0,0.34,10.0,0.0,66.7,76.0,77.6,74.0,6.0,6.2,10.0,0.0,0.5,0.7,19.0,19.0,24.7,20.33,9.0,3.85,12.0,0.2,4.6,5.24,22.0,10.53,9.0,9.22,12.0,0.2,6.92,18.26,18.44,14.01,9.0,7.02,12.0,0.2,1007.61,1011.5,1013.29,1008.46,8.0,8.61,10.0,0.1,4.6,5.5,6.0,5.2,6.0,1.2,10.0,0.0,66.7,76.0,77.6,74.0,6.0,6.2,10.0,0.0,0.5,0.7,87.3,99.5,545.7,239.2,9.0,260.6,12.0,0.2,137.4,347.0,350.3,272.6,9.0,133.8,12.0,0.2,-1.1,0.0,0.02,-0.29,7.0,0.6,8.0,0.1,-20.9,0.0,0.5,-5.3,7.0,11.5,8.0,0.1,0.84,1.08,1.6,1.17,6.0,0.35,10.0,0.0,16.0,20.5,30.5,22.3,6.0,6.7,10.0,0.0,15.1,15.2,25.2,24.7,7.0,19.7,8.0,0.1,50.5,60.8,80.4,60.4,7.0,18.0,8.0,0.1,14.7,17.1,20.6,17.5,6.0,2.7,10.0,0.0,59.1,68.5,72.0,66.6,6.0,6.1,10.0,0.0,4.4,5.0,7.4,5.6,6.0,1.4,10.0,0.0,15.4,19.9,29.6,21.6,6.0,6.6,10.0,0.0,6859.0,6859.0,15908.5,9256.0,9.0,5762.0,12.0,0.2,6860.0,6860.0,15910.0,9255.0,9.0,5760.0,12.0,0.2
1887,9,50.3,-41.4,8.3,9.4,11.7,9.92,13.0,1.59,4.0,0.5,7.2,7.8,9.51,8.69,13.0,2.18,4.0,0.5,4.92,5.45,6.97,5.82,12.0,0.97,2.0,0.5,79.0,85.5,95.6,86.4,12.0,8.3,2.0,0.5,0.4,0.8,12.03,12.3,15.4,12.39,7.0,2.9,4.0,0.9,-1.5,3.6,10.08,3.35,7.0,6.78,4.0,0.9,-5.08,10.86,12.23,5.4,7.0,9.71,4.0,0.9,1014.24,1020.15,1024.28,1019.58,12.0,4.59,2.0,0.5,3.5,5.0,5.5,4.8,12.0,1.7,2.0,0.5,79.0,85.5,95.6,86.4,12.0,8.3,2.0,0.5,0.4,0.8,-18.5,31.7,155.2,47.9,7.0,99.6,4.0,0.9,-38.9,133.6,150.5,68.2,7.0,127.8,4.0,0.9,-1.21,0.5,4.5,1.22,13.0,2.83,4.0,0.5,-17.3,0.0,19.7,0.9,7.0,16.8,4.0,0.9,0.0,1.61,3.22,1.67,12.0,1.5,2.0,0.5,-0.3,12.8,26.9,13.6,6.0,13.4,2.0,0.8,-12.3,28.1,94.7,36.3,7.0,62.9,4.0,0.9,-72.1,84.7,92.2,36.1,7.0,87.9,4.0,0.9,-12.6,5.2,74.4,23.0,6.0,50.4,2.0,0.8,25.1,57.5,62.8,36.4,6.0,57.9,2.0,0.8,-3.5,-1.1,1.9,-0.3,6.0,5.3,2.0,0.8,0.9,12.0,26.5,13.5,6.0,12.4,2.0,0.8,1786.5,1861.0,3652.5,2150.0,7.0,1174.0,4.0,0.9,1785.0,1860.0,3650.0,2150.0,7.0,1175.0,4.0,0.9
1887,9,50.3,-39.4,,,,,,,,,,,,,,,,,,,,,,,,,,,,,,,,,,,15.4,15.4,19.74,17.2,6.0,3.01,8.0,0.7,14.77,15.12,15.3,14.98,6.0,0.83,8.0,0.7,-2.94,-2.94,13.96,2.94,6.0,9.15,8.0,0.7,1015.9,1015.9,1016.25,1016.18,6.0,0.69,8.0,0.7,,,,,,,,,,,,,,,,,,,,,,,,,,,,,,,,,,,,,,,,,,,,,,,,,,,,,,,,,,,,,,,,,,,,,,,,,,,,,,,,,,,,,,,,,,,,,,,,,,,,,,,,,,,,,,,,,,,,,,,,,,,,,,,,,,
1887,9,50.3,-29.4,,,,,,,,,,,,,,,,,,,,,,,,,,,,,,,,,,,9.3,9.3,9.3,9.3,1.0,0.0,12.0,1.0,-6.58,-6.58,-6.58,-6.58,1.0,0.0,12.0,1.0,6.58,6.58,6.58,6.58,1.0,0.0,12.0,1.0,1033.6,1033.6,1033.6,1033.6,1.0,0.0,12.0,1.0,,,,,,,,,,,,,,,,,,,,,,,,,,,,,,,,,,,,,,,,,,,,,,,,,,,,,,,,,,,,,,,,,,,,,,,,,,,,,,,,,,,,,,,,,,,,,,,,,,,,,,,,,,,,,,,,,,,,,,,,,,,,,,,,,,
1887,9,50.3,-27.4,,,,,,,,,,,,,,,,,,,,,,,,,,,,,,,,,,,6.7,6.7,9.3,7.65,17.0,1.51,20.0,0.5,-4.74,-3.48,-2.17,-3.83,17.0,1.54,20.0,0.5,4.52,4.74,8.62,4.93,17.0,4.54,20.0,0.5,1019.35,1021.1,1033.11,1024.72,11.0,6.61,18.0,0.5,,,,,,,,,,,,,,,,,,,,,,,,,,,,,,,,,,,,,,,,,,,,,,,,,,,,,,,,,,,,,,,,,,,,,,,,,,,,,,,,,,,,,,,,,,,,,,,,,,,,,,,,,,,,,,,,,,,,,,,,,,,,,,,,,,
1887,9,50.3,-25.4,,,,,,,,,,,,,,,,,,,,,,,,,,,,,,,,,,,4.09,9.3,9.3,7.18,12.0,2.81,10.0,0.4,-8.21,-4.84,0.65,-3.92,12.0,4.51,10.0,0.4,-2.44,4.37,6.88,2.99,12.0,4.17,10.0,0.4,1022.4,1030.5,1031.09,1027.56,9.0,5.38,10.0,0.3,,,,,,,,,,,,,,,,,,,,,,,,,,,,,,,,,,,,,,,,,,,,,,,,,,,,,,,,,,,,,,,,,,,,,,,,,,,,,,,,,,,,,,,,,,,,,,,,,,,,,,,,,,,,,,,,,,,,,,,,,,,,,,,,,,
1887,9,50.3,8.6,,,,,,,,,,,,,,,,,,,,,,,,,,,,,,,,,,,7.59,9.5,11.41,9.5,2.0,3.96,20.0,0.5,3.58,5.66,7.73,5.66,2.0,4.3,20.0,0.5,6.57,7.43,8.3,7.43,2.0,1.79,20.0,0.5,1013.15,1013.25,1013.35,1013.25,2.0,0.21,20.0,0.5,,,,,,,,,,,,,,,,,,,,,,,,,,,,,,,,,,,,,,,,,,,,,,,,,,,,,,,,,,,,,,,,,,,,,,,,,,,,,,,,,,,,,,,,,,,,,,,,,,,,,,,,,,,,,,,,,,,,,,,,,,,,,,,,,,
1887,9,50.3,10.6,,,,,,,,,,,,,,,,,,,,,,,,,,,,,,,,,,,4.73,9.5,12.3,9.05,14.0,3.46,16.0,0.6,0.0,2.94,6.15,3.11,14.0,3.67,16.0,0.6,4.68,7.7,11.28,7.9,14.0,3.01,16.0,0.6,1004.62,1006.9,1010.88,1007.38,11.0,3.13,18.0,0.5,,,,,,,,,,,,,,,,,,,,,,,,,,,,,,,,,,,,,,,,,,,,,,,,,,,,,,,,,,,,,,,,,,,,,,,,,,,,,,,,,,,,,,,,,,,,,,,,,,,,,,,,,,,,,,,,,,,,,,,,,,,,,,,,,,
1887,9,50.3,12.6,24.71,28.9,29.85,27.63,42.0,2.5,16.0,0.5,25.4,28.4,29.73,27.84,43.0,2.19,16.0,0.5,19.54,20.78,21.58,20.57,4.0,1.48,20.0,0.5,85.1,88.4,93.9,89.4,4.0,5.8,20.0,0.5,0.3,0.4,1.0,4.6,6.7,4.16,39.0,3.06,16.0,0.5,-2.51,0.0,1.0,-0.47,39.0,2.53,16.0,0.5,-0.77,1.45,6.7,2.51,39.0,3.74,16.0,0.5,1004.74,1007.1,1009.1,1006.9,37.0,2.84,16.0,0.6,0.0,0.0,2.0,0.7,43.0,1.2,16.0,0.5,85.1,88.4,93.9,89.4,4.0,5.8,20.0,0.5,0.3,0.4,-16.6,0.0,2.6,-0.8,39.0,19.9,16.0,0.5,-0.8,3.8,44.9,19.8,39.0,30.1,16.0,0.5,-1.75,-0.15,1.0,-0.29,42.0,1.34,16.0,0.5,-9.3,0.0,2.7,-2.2,39.0,7.5,16.0,0.5,1.88,3.48,4.62,3.26,4.0,1.64,20.0,0.5,11.8,12.4,15.4,13.6,3.0,2.8,20.0,0.7,-65.5,0.0,28.7,-14.2,39.0,69.1,16.0,0.5,-22.0,41.6,172.8,64.8,39.0,99.1,16.0,0.5,-56.6,-44.4,-12.0,-34.5,3.0,33.7,20.0,0.7,-29.7,29.9,83.1,26.8,3.0,82.7,20.0,0.7,-9.7,-8.4,-2.3,-6.0,3.0,5.8,20.0,0.7,-5.7,6.9,12.2,3.3,3.0,13.4,20.0,0.7,1.0,97.5,301.0,198.0,39.0,339.0,16.0,0.5,0.0,95.0,300.0,200.0,39.0,340.0,16.0,0.5
1887,9,52.3,-45.4,,,,,,,,,,,,,,,,,,,,,,,,,,,,,,,,,,,12.3,12.3,12.3,12.3,5.0,0.0,2.0,0.0,10.2,12.07,12.07,11.32,5.0,1.03,2.0,0.0,-6.88,-2.35,-2.35,-4.16,5.0,2.48,2.0,0.0,1001.44,1004.7,1006.21,1003.98,5.0,2.5,2.0,0.0,,,,,,,,,,,,,,,,,,,,,,,,,,,,,,,,,,,,,,,,,,,,,,,,,,,,,,,,,,,,,,,,,,,,,,,,,,,,,,,,,,,,,,,,,,,,,,,,,,,,,,,,,,,,,,,,,,,,,,,,,,,,,,,,,,
1887,9,52.3,-43.4,4.47,6.1,6.1,5.49,7.0,0.91,12.0,0.9,2.2,2.8,2.82,2.61,7.0,0.43,12.0,0.9,3.12,3.28,3.66,3.36,6.0,0.29,10.0,0.8,66.1,74.3,82.3,74.2,6.0,7.4,10.0,0.8,0.5,0.9,15.4,19.0,26.8,20.7,13.0,6.04,16.0,0.5,4.24,6.99,24.85,14.3,13.0,10.21,16.0,0.5,10.04,11.32,14.8,12.44,13.0,2.74,16.0,0.5,995.08,1008.6,1017.97,1006.91,13.0,10.98,16.0,0.5,3.0,5.0,5.0,4.3,6.0,1.0,10.0,0.8,66.1,74.3,82.3,74.2,6.0,7.4,10.0,0.8,0.5,0.9,65.4,107.7,665.9,351.2,13.0,303.7,16.0,0.5,211.3,269.1,269.1,246.7,13.0,48.4,16.0,0.5,1.7,3.3,3.42,2.87,7.0,0.86,12.0,0.9,31.8,50.8,52.7,44.3,7.0,13.5,12.0,0.9,1.95,2.25,2.67,2.27,6.0,0.4,10.0,0.8,32.1,34.7,41.2,36.1,6.0,4.8,10.0,0.8,9.3,11.9,19.7,14.0,7.0,5.3,12.0,0.9,32.5,38.4,41.6,37.5,7.0,5.3,12.0,0.9,15.1,16.6,21.3,17.6,6.0,3.2,10.0,0.8,42.8,51.1,56.9,50.5,6.0,7.3,10.0,0.8,8.8,9.6,18.7,12.4,6.0,5.1,10.0,0.8,30.8,33.4,36.7,33.7,6.0,3.2,10.0,0.8,3652.5,6859.0,19249.0,10959.5,13.0,8056.5,16.0,0.5,3650.0,6860.0,19250.0,10960.0,13.0,8055.0,16.0,0.5
1887,9,52.3,-39.4,,,,,,,,,,,,,,,,,,,,,,,,,,,,,,,,,,,13.74,19.0,22.6,17.56,5.0,7.47,10.0,0.2,11.19,15.75,15.98,13.34,5.0,5.64,10.0,0.2,7.93,10.62,15.98,11.29,5.0,5.23,10.0,0.2,1019.3,1020.7,1021.0,1020.26,5.0,0.88,10.0,0.2,,,,,,,,,,,,,,,,,,,,,,,,,,,,,,,,,,,,,,,,,,,,,,,,,,,,,,,,,,,,,,,,,,,,,,,,,,,,,,,,,,,,,,,,,,,,,,,,,,,,,,,,,,,,,,,,,,,,,,,,,,,,,,,,,,
1887,9,52.3,-37.4,,,,,,,,,,,,,,,,,,,,,,,,,,,,,,,,,,,12.3,12.3,12.3,12.3,1.0,0.0,24.0,1.0,8.7,8.7,8.7,8.7,1.0,0.0,24.0,1.0,8.7,8.7,8.7,8.7,1.0,0.0,24.0,1.0,1022.0,1022.0,1022.0,1022.0,1.0,0.0,24.0,1.0,,,,,,,,,,,,,,,,,,,,,,,,,,,,,,,,,,,,,,,,,,,,,,,,,,,,,,,,,,,,,,,,,,,,,,,,,,,,,,,,,,,,,,,,,,,,,,,,,,,,,,,,,,,,,,,,,,,,,,,,,,,,,,,,,,
1887,9,52.3,-27.4,,,,,,,,,,,,,,,,,,,,,,,,,,,,,,,,,,,4.6,9.3,12.3,8.62,5.0,3.87,6.0,0.6,-5.33,-4.61,-1.8,-3.88,5.0,2.06,6.0,0.6,-4.23,6.58,11.4,4.18,5.0,7.93,6.0,0.6,1021.43,1028.7,1032.0,1027.06,5.0,5.44,6.0,0.6,,,,,,,,,,,,,,,,,,,,,,,,,,,,,,,,,,,,,,,,,,,,,,,,,,,,,,,,,,,,,,,,,,,,,,,,,,,,,,,,,,,,,,,,,,,,,,,,,,,,,,,,,,,,,,,,,,,,,,,,,,,,,,,,,,
1887,9,52.3,-25.4,,,,,,,,,,,,,,,,,,,,,,,,,,,,,,,,,,,1.0,4.6,7.45,4.8,37.0,3.67,10.0,0.5,-2.71,-1.02,0.14,-1.38,37.0,2.31,10.0,0.5,-2.92,2.51,5.14,1.51,37.0,5.24,10.0,0.5,1027.03,1028.4,1028.87,1027.83,31.0,1.95,8.0,0.5,,,,,,,,,,,,,,,,,,,,,,,,,,,,,,,,,,,,,,,,,,,,,,,,,,,,,,,,,,,,,,,,,,,,,,,,,,,,,,,,,,,,,,,,,,,,,,,,,,,,,,,,,,,,,,,,,,,,,,,,,,,,,,,,,,
1887,9,52.3,4.6,,,,,,,,,,,,,,,,,,,,,,,,,,,,,,,,,,,9.3,9.3,9.3,9.3,1.0,0.0,20.0,1.0,6.58,6.58,6.58,6.58,1.0,0.0,20.0,1.0,6.58,6.58,6.58,6.58,1.0,0.0,20.0,1.0,1012.6,1012.6,1012.6,1012.6,1.0,0.0,20.0,1.0,,,,,,,,,,,,,,,,,,,,,,,,,,,,,,,,,,,,,,,,,,,,,,,,,,,,,,,,,,,,,,,,,,,,,,,,,,,,,,,,,,,,,,,,,,,,,,,,,,,,,,,,,,,,,,,,,,,,,,,,,,,,,,,,,,
1887,9,52.3,6.6,,,,,,,,,,,,,,,,,,,,,,,,,,,,,,,,,,,9.3,12.3,12.3,10.68,9.0,2.08,22.0,0.6,6.58,8.7,8.7,7.55,9.0,1.47,22.0,0.6,6.58,8.7,8.7,7.55,9.0,1.47,22.0,0.6,1011.62,1013.5,1013.77,1012.62,9.0,1.76,22.0,0.6,,,,,,,,,,,,,,,,,,,,,,,,,,,,,,,,,,,,,,,,,,,,,,,,,,,,,,,,,,,,,,,,,,,,,,,,,,,,,,,,,,,,,,,,,,,,,,,,,,,,,,,,,,,,,,,,,,,,,,,,,,,,,,,,,,
1887,9,52.3,8.6,,,,,,,,,,,,,,,,,,,,,,,,,,,,,,,,,,,6.5,9.3,12.6,8.9,13.0,4.17,14.0,0.3,3.6,4.74,9.17,5.55,13.0,2.96,14.0,0.3,3.17,4.74,10.93,6.59,13.0,3.74,14.0,0.3,1008.03,1010.25,1012.83,1010.41,10.0,2.23,16.0,0.2,,,,,,,,,,,,,,,,,,,,,,,,,,,,,,,,,,,,,,,,,,,,,,,,,,,,,,,,,,,,,,,,,,,,,,,,,,,,,,,,,,,,,,,,,,,,,,,,,,,,,,,,,,,,,,,,,,,,,,,,,,,,,,,,,,
1887,9,52.3,10.6,,,,,,,,,,,,,,,,,,,,,,,,,,,,,,,,,,,6.61,12.3,12.3,10.41,10.0,4.34,16.0,0.7,-1.29,4.81,6.46,3.13,10.0,4.2,16.0,0.7,6.13,10.48,11.88,9.24,10.0,4.0,16.0,0.7,1006.68,1010.4,1011.16,1009.4,7.0,2.4,18.0,0.9,,,,,,,,,,,,,,,,,,,,,,,,,,,,,,,,,,,,,,,,,,,,,,,,,,,,,,,,,,,,,,,,,,,,,,,,,,,,,,,,,,,,,,,,,,,,,,,,,,,,,,,,,,,,,,,,,,,,,,,,,,,,,,,,,,
1887,9,52.3,12.6,22.9,23.0,24.82,23.48,25.0,1.33,16.0,0.4,24.22,25.1,27.0,25.34,25.0,1.56,16.0,0.4,16.66,17.07,17.39,17.05,6.0,0.52,18.0,0.3,86.2,86.6,96.4,89.6,6.0,5.3,18.0,0.3,0.5,0.4,4.6,6.7,12.3,8.15,25.0,4.07,16.0,0.4,-2.65,0.0,3.38,-0.02,25.0,3.02,16.0,0.4,4.1,6.7,12.3,7.53,25.0,4.21,16.0,0.4,1005.07,1007.8,1009.15,1007.34,21.0,2.85,18.0,0.4,0.0,0.0,2.0,1.0,25.0,2.2,16.0,0.4,86.2,86.6,96.4,89.6,6.0,5.3,18.0,0.3,0.5,0.4,-18.3,0.0,28.5,1.3,25.0,29.3,16.0,0.4,18.9,44.9,151.3,77.6,25.0,65.6,16.0,0.4,-3.54,-1.6,-0.4,-1.86,25.0,1.43,16.0,0.4,-24.6,-13.8,0.0,-14.8,25.0,15.3,16.0,0.4,0.57,0.99,2.15,1.25,6.0,0.85,18.0,0.3,2.3,5.4,10.8,6.0,6.0,4.7,18.0,0.3,-70.4,0.0,82.9,-2.0,25.0,77.1,16.0,0.4,101.9,171.5,303.3,188.6,25.0,103.9,16.0,0.4,-19.3,26.0,62.1,20.0,6.0,60.9,18.0,0.3,46.9,102.9,136.5,90.4,6.0,55.6,18.0,0.3,-0.9,0.9,4.5,1.5,6.0,3.9,18.0,0.3,1.9,4.8,8.8,5.1,6.0,3.9,18.0,0.3,97.5,301.0,1861.0,921.5,25.0,963.0,16.0,0.4,95.0,300.0,1860.0,920.0,25.0,965.0,16.0,0.4
1887,9,54.3,-45.4,,,,,,,,,,,,,,,,,,,,,,,,,,,,,,,,,,,12.3,15.4,15.4,14.37,6.0,1.6,4.0,0.8,11.69,15.12,15.12,13.79,6.0,2.14,4.0,0.8,0.44,2.94,2.94,1.2,6.0,3.97,4.0,0.8,1004.81,1008.5,1010.68,1007.75,6.0,4.12,4.0,0.8,,,,,,,,,,,,,,,,,,,,,,,,,,,,,,,,,,,,,,,,,,,,,,,,,,,,,,,,,,,,,,,,,,,,,,,,,,,,,,,,,,,,,,,,,,,,,,,,,,,,,,,,,,,,,,,,,,,,,,,,,,,,,,,,,,
1887,9,54.3,-43.4,5.88,7.2,7.2,6.64,5.0,0.8,8.0,0.4,3.12,3.3,4.44,3.66,5.0,0.75,8.0,0.4,3.92,3.94,3.95,3.94,3.0,0.02,10.0,0.0,78.5,83.1,83.1,80.8,3.0,3.9,10.0,0.0,0.3,0.9,15.4,15.4,26.8,18.84,11.0,5.22,16.0,0.7,8.45,10.89,18.95,13.3,11.0,5.67,16.0,0.7,10.54,12.14,15.88,12.26,11.0,5.04,16.0,0.7,1010.32,1017.3,1020.18,1015.54,11.0,4.93,16.0,0.7,4.3,5.0,5.7,5.0,5.0,1.4,8.0,0.4,78.5,83.1,83.1,80.8,3.0,3.9,10.0,0.0,0.3,0.9,130.2,167.7,507.9,274.3,11.0,193.8,16.0,0.7,167.7,211.3,367.7,242.9,11.0,148.3,16.0,0.7,2.14,3.3,3.9,2.98,5.0,1.2,8.0,0.4,33.0,50.8,60.1,45.9,5.0,18.5,8.0,0.4,2.29,2.3,2.31,2.3,3.0,0.02,10.0,0.0,35.3,35.4,35.6,35.5,3.0,0.2,10.0,0.0,21.8,31.3,51.8,37.0,5.0,20.0,8.0,0.4,24.4,40.0,48.2,35.4,5.0,20.6,8.0,0.4,30.6,37.1,37.3,34.0,3.0,5.6,10.0,0.0,47.6,47.9,52.2,49.9,3.0,3.8,10.0,0.0,17.9,21.7,21.9,19.9,3.0,3.4,10.0,0.0,27.9,28.2,30.4,29.2,3.0,2.0,10.0,0.0,3652.5,3652.5,19249.0,8197.5,11.0,7161.0,16.0,0.7,3650.0,3650.0,19250.0,8195.0,11.0,7160.0,16.0,0.7
1887,9,54.3,-41.4,8.9,8.9,9.65,9.27,3.0,0.64,10.0,0.0,5.35,6.1,6.51,5.93,3.0,0.86,10.0,0.0,4.07,4.17,4.34,4.2,3.0,0.2,10.0,0.0,71.3,75.3,76.2,73.8,3.0,3.8,10.0,0.0,0.7,0.1,12.3,12.3,12.3,12.3,3.0,0.0,10.0,0.0,7.74,7.74,7.74,7.74,3.0,0.0,10.0,0.0,9.56,9.56,9.56,9.56,3.0,0.0,10.0,0.0,1022.5,1022.7,1022.7,1022.6,3.0,0.17,10.0,0.0,5.0,5.0,5.0,5.0,3.0,0.0,10.0,0.0,71.3,75.3,76.2,73.8,3.0,3.8,10.0,0.0,0.7,0.1,95.2,95.2,95.2,95.2,3.0,0.0,10.0,0.0,117.6,117.6,117.6,117.6,3.0,0.0,10.0,0.0,2.96,3.3,3.71,3.33,3.0,0.55,10.0,0.0,36.4,40.6,45.6,41.0,3.0,6.8,10.0,0.0,2.7,2.97,3.24,2.97,3.0,0.39,10.0,0.0,33.2,36.5,39.8,36.5,3.0,4.8,10.0,0.0,41.4,47.2,50.4,45.9,3.0,6.7,10.0,0.0,51.1,58.3,62.2,56.7,3.0,8.2,10.0,0.0,31.5,32.3,33.6,32.5,3.0,1.5,10.0,0.0,38.9,39.9,41.5,40.2,3.0,1.9,10.0,0.0,20.9,23.0,25.1,23.0,3.0,3.0,10.0,0.0,25.8,28.4,30.9,28.4,3.0,3.8,10.0,0.0,1861.0,1861.0,1861.0,1861.0,3.0,0.0,10.0,0.0,1860.0,1860.0,1860.0,1860.0,3.0,0.0,10.0,0.0
1887,9,54.3,-39.4,,,,,,,,,,,,,,,,,,,,,,,,,,,,,,,,,,,19.0,22.6,23.47,22.1,6.0,2.9,10.0,0.8,15.75,18.74,18.78,17.78,6.0,1.57,10.0,0.8,10.62,12.64,13.94,13.02,6.0,3.07,10.0,0.8,1013.84,1015.9,1016.25,1014.52,6.0,4.28,10.0,0.8,,,,,,,,,,,,,,,,,,,,,,,,,,,,,,,,,,,,,,,,,,,,,,,,,,,,,,,,,,,,,,,,,,,,,,,,,,,,,,,,,,,,,,,,,,,,,,,,,,,,,,,,,,,,,,,,,,,,,,,,,,,,,,,,,,
1887,9,54.3,-25.4,,,,,,,,,,,,,,,,,,,,,,,,,,,,,,,,,,,3.68,6.7,6.7,5.79,17.0,2.05,14.0,0.8,-6.21,-2.83,0.83,-3.27,17.0,3.36,14.0,0.8,-2.51,0.0,5.28,0.66,17.0,4.08,14.0,0.8,1015.6,1026.6,1027.57,1023.97,11.0,5.42,12.0,0.8,,,,,,,,,,,,,,,,,,,,,,,,,,,,,,,,,,,,,,,,,,,,,,,,,,,,,,,,,,,,,,,,,,,,,,,,,,,,,,,,,,,,,,,,,,,,,,,,,,,,,,,,,,,,,,,,,,,,,,,,,,,,,,,,,,
1887,9,54.3,-23.4,,,,,,,,,,,,,,,,,,,,,,,,,,,,,,,,,,,6.7,6.7,6.7,6.7,6.0,0.0,6.0,0.2,-3.94,-3.94,-3.84,-3.91,6.0,0.05,6.0,0.2,5.42,5.42,5.49,5.44,6.0,0.04,6.0,0.2,1027.54,1027.8,1028.55,1027.98,5.0,0.65,6.0,0.2,,,,,,,,,,,,,,,,,,,,,,,,,,,,,,,,,,,,,,,,,,,,,,,,,,,,,,,,,,,,,,,,,,,,,,,,,,,,,,,,,,,,,,,,,,,,,,,,,,,,,,,,,,,,,,,,,,,,,,,,,,,,,,,,,,
1887,9,54.3,4.6,,,,,,,,,,,,,,,,,,,,,,,,,,,,,,,,,,,4.6,4.6,6.7,5.79,11.0,1.55,20.0,0.4,3.25,4.27,6.21,4.79,11.0,1.85,20.0,0.4,1.72,3.25,3.87,2.81,11.0,1.37,20.0,0.4,1010.66,1012.2,1012.9,1011.79,11.0,1.09,20.0,0.4,,,,,,,,,,,,,,,,,,,,,,,,,,,,,,,,,,,,,,,,,,,,,,,,,,,,,,,,,,,,,,,,,,,,,,,,,,,,,,,,,,,,,,,,,,,,,,,,,,,,,,,,,,,,,,,,,,,,,,,,,,,,,,,,,,
1887,9,54.3,6.6,,,,,,,,,,,,,,,,,,,,,,,,,,,,,,,,,,,4.6,9.3,12.3,8.44,7.0,3.26,10.0,0.7,3.25,4.81,7.64,6.11,7.0,3.07,10.0,0.7,3.25,4.74,5.87,5.28,7.0,2.88,10.0,0.7,1010.01,1012.2,1013.29,1011.83,6.0,2.19,10.0,0.8,,,,,,,,,,,,,,,,,,,,,,,,,,,,,,,,,,,,,,,,,,,,,,,,,,,,,,,,,,,,,,,,,,,,,,,,,,,,,,,,,,,,,,,,,,,,,,,,,,,,,,,,,,,,,,,,,,,,,,,,,,,,,,,,,,
1887,9,54.3,8.6,,,,,,,,,,,,,,,,,,,,,,,,,,,,,,,,,,,12.79,13.85,14.91,13.85,2.0,2.19,10.0,0.5,12.36,13.38,14.4,13.38,2.0,2.12,10.0,0.5,3.31,3.58,3.86,3.58,2.0,0.57,10.0,0.5,1011.76,1012.1,1012.44,1012.1,2.0,0.71,10.0,0.5,,,,,,,,,,,,,,,,,,,,,,,,,,,,,,,,,,,,,,,,,,,,,,,,,,,,,,,,,,,,,,,,,,,,,,,,,,,,,,,,,,,,,,,,,,,,,,,,,,,,,,,,,,,,,,,,,,,,,,,,,,,,,,,,,,
1887,9,54.3,10.6,,,,,,,,,,,,,,,,,,,,,,,,,,,,,,,,,,,6.5,6.7,12.3,8.51,7.0,3.83,10.0,0.1,2.45,2.62,3.79,3.12,7.0,2.56,10.0,0.1,5.99,6.17,11.76,7.71,7.0,3.45,10.0,0.1,1009.7,1010.4,1011.31,1010.5,4.0,0.94,12.0,0.0,,,,,,,,,,,,,,,,,,,,,,,,,,,,,,,,,,,,,,,,,,,,,,,,,,,,,,,,,,,,,,,,,,,,,,,,,,,,,,,,,,,,,,,,,,,,,,,,,,,,,,,,,,,,,,,,,,,,,,,,,,,,,,,,,,
1887,9,54.3,12.6,23.0,24.0,24.98,24.2,21.0,1.22,18.0,0.7,24.4,25.2,26.2,25.35,20.0,1.06,18.0,0.7,17.38,18.07,19.1,18.23,4.0,1.16,20.0,1.0,84.7,90.4,95.7,90.2,4.0,6.5,20.0,1.0,0.6,0.4,2.95,9.3,12.3,8.57,21.0,4.83,18.0,0.7,0.0,2.62,7.79,3.41,21.0,4.4,18.0,0.7,0.45,6.58,11.32,6.68,21.0,4.68,18.0,0.7,1005.21,1009.0,1011.19,1008.35,19.0,3.63,18.0,0.7,0.0,2.0,5.8,3.0,21.0,2.6,18.0,0.7,84.7,90.4,95.7,90.2,4.0,6.5,20.0,1.0,0.6,0.4,0.0,17.5,94.8,44.3,21.0,60.2,18.0,0.7,1.2,47.1,139.3,77.2,21.0,76.3,18.0,0.7,-2.6,-1.05,-0.5,-1.34,20.0,1.15,18.0,0.7,-24.1,-8.3,0.0,-11.0,20.0,12.7,18.0,0.7,-0.36,0.96,1.74,0.7,4.0,1.39,20.0,1.0,-5.1,8.9,19.4,7.2,4.0,16.6,20.0,1.0,0.0,83.9,199.5,86.7,20.0,113.3,18.0,0.7,65.1,167.2,310.0,177.6,20.0,115.3,18.0,0.7,126.5,147.7,173.4,149.9,4.0,28.3,20.0,1.0,101.8,119.9,152.1,126.7,4.0,39.3,20.0,1.0,-3.0,6.6,15.4,6.2,4.0,12.7,20.0,1.0,-4.3,5.9,11.6,3.7,4.0,10.6,20.0,1.0,31.5,804.5,1861.0,1216.0,21.0,1619.0,18.0,0.7,30.0,805.0,1860.0,1215.0,21.0,1620.0,18.0,0.7
1887,9,56.3,-45.4,,,,,,,,,,,,,,,,,,,,,,,,,,,,,,,,,,,15.4,15.4,15.4,15.4,4.0,0.0,4.0,0.3,15.12,15.12,15.12,15.12,4.0,0.0,4.0,0.3,2.94,2.94,2.94,2.94,4.0,0.0,4.0,0.3,1013.5,1013.85,1014.2,1013.85,4.0,0.4,4.0,0.3,,,,,,,,,,,,,,,,,,,,,,,,,,,,,,,,,,,,,,,,,,,,,,,,,,,,,,,,,,,,,,,,,,,,,,,,,,,,,,,,,,,,,,,,,,,,,,,,,,,,,,,,,,,,,,,,,,,,,,,,,,,,,,,,,,
1887,9,56.3,-43.4,8.61,10.0,10.6,9.48,5.0,1.86,12.0,0.6,8.12,8.3,9.27,8.64,5.0,0.8,12.0,0.6,5.2,5.36,5.46,5.33,4.0,0.2,12.0,0.5,78.6,79.5,79.7,79.2,4.0,0.8,12.0,0.5,0.7,0.9,12.3,12.3,12.3,11.93,8.0,1.06,16.0,0.4,9.57,10.76,11.4,10.65,8.0,0.85,16.0,0.4,4.61,5.29,5.96,4.95,8.0,2.29,16.0,0.4,1019.6,1020.7,1022.24,1020.0,8.0,2.8,16.0,0.4,6.0,6.0,6.4,6.2,5.0,0.4,12.0,0.6,78.6,79.5,79.7,79.2,4.0,0.8,12.0,0.5,0.7,0.9,117.7,132.3,140.3,127.5,8.0,18.4,16.0,0.4,56.7,65.0,73.3,60.9,8.0,28.2,16.0,0.4,-0.27,1.7,2.1,0.84,5.0,2.58,12.0,0.6,0.7,20.9,25.9,12.6,5.0,26.9,12.0,0.6,2.19,2.25,2.56,2.37,4.0,0.29,12.0,0.5,27.0,27.7,31.5,29.2,4.0,3.5,12.0,0.5,83.5,89.3,93.4,88.0,5.0,8.5,12.0,0.6,31.4,49.5,56.2,42.7,5.0,24.4,12.0,0.6,52.4,57.7,58.8,55.7,4.0,5.4,12.0,0.5,32.0,32.5,36.7,34.3,4.0,3.9,12.0,0.5,23.6,24.2,25.6,24.6,4.0,1.3,12.0,0.5,13.1,13.4,18.1,15.5,4.0,4.4,12.0,0.5,1861.0,1861.0,1861.0,1729.0,8.0,373.5,16.0,0.4,1860.0,1860.0,1860.0,1730.0,8.0,375.0,16.0,0.4
1887,9,56.3,-41.4,12.26,15.0,15.0,13.93,17.0,2.0,6.0,0.6,7.79,8.3,9.91,8.94,17.0,2.04,6.0,0.6,4.84,5.34,6.07,5.4,14.0,0.69,6.0,0.6,72.5,79.7,86.1,80.1,14.0,6.1,6.0,0.6,0.1,0.6,12.3,12.3,22.6,15.26,11.0,6.06,10.0,0.5,7.11,9.42,17.47,11.47,11.0,5.44,10.0,0.5,-10.99,2.51,8.59,0.02,11.0,10.89,10.0,0.5,1013.93,1022.55,1024.4,1019.2,20.0,8.2,10.0,0.6,6.0,6.0,8.0,6.6,17.0,0.9,6.0,0.6,72.5,79.7,86.1,80.1,14.0,6.1,6.0,0.6,0.1,0.6,85.2,115.9,340.2,197.5,11.0,168.4,10.0,0.5,-278.3,16.8,105.6,-50.0,11.0,222.1,10.0,0.5,2.75,5.5,6.7,4.99,17.0,2.04,6.0,0.6,25.9,65.2,92.2,66.2,10.0,46.5,8.0,0.6,3.16,4.09,5.59,4.36,14.0,1.11,6.0,0.6,32.2,58.8,75.0,56.4,7.0,22.9,6.0,0.6,59.9,76.8,158.9,104.9,10.0,62.8,8.0,0.6,-119.1,41.4,69.7,-15.6,10.0,119.4,8.0,0.6,37.0,43.8,98.5,62.3,7.0,41.8,6.0,0.6,-11.7,36.7,46.5,22.2,7.0,35.4,6.0,0.6,24.7,32.5,59.8,43.2,7.0,22.8,6.0,0.6,-7.1,20.7,57.9,21.7,7.0,31.5,6.0,0.6,1861.0,1861.0,11543.0,5223.0,11.0,6092.0,10.0,0.5,1860.0,1860.0,11545.0,5225.0,11.0,6090.0,10.0,0.5
1887,9,56.3,-39.4,,,,,,,,,,,,,,,,,,,,,,,,,,,,,,,,,,,26.8,26.8,26.8,26.8,5.0,0.0,8.0,0.4,22.22,22.22,22.22,22.22,5.0,0.0,8.0,0.4,14.99,14.99,14.99,14.99,5.0,0.0,8.0,0.4,1012.5,1013.2,1014.82,1013.66,5.0,1.43,8.0,0.4,,,,,,,,,,,,,,,,,,,,,,,,,,,,,,,,,,,,,,,,,,,,,,,,,,,,,,,,,,,,,,,,,,,,,,,,,,,,,,,,,,,,,,,,,,,,,,,,,,,,,,,,,,,,,,,,,,,,,,,,,,,,,,,,,,
1887,9,56.3,-25.4,,,,,,,,,,,,,,,,,,,,,,,,,,,,,,,,,,,4.6,6.7,9.3,6.68,18.0,2.65,18.0,0.6,-4.98,-4.16,-3.15,-3.94,18.0,1.46,18.0,0.6,-0.88,4.01,8.62,3.98,18.0,4.36,18.0,0.6,1019.2,1025.6,1027.5,1023.43,13.0,4.18,16.0,0.6,,,,,,,,,,,,,,,,,,,,,,,,,,,,,,,,,,,,,,,,,,,,,,,,,,,,,,,,,,,,,,,,,,,,,,,,,,,,,,,,,,,,,,,,,,,,,,,,,,,,,,,,,,,,,,,,,,,,,,,,,,,,,,,,,,
1887,9,56.3,-23.4,,,,,,,,,,,,,,,,,,,,,,,,,,,,,,,,,,,6.7,6.7,6.7,6.44,8.0,0.74,6.0,0.9,-4.82,-4.54,-3.84,-4.38,8.0,0.49,6.0,0.9,4.65,4.65,5.49,4.17,8.0,2.42,6.0,0.9,1027.1,1027.95,1028.48,1027.88,6.0,0.69,6.0,0.8,,,,,,,,,,,,,,,,,,,,,,,,,,,,,,,,,,,,,,,,,,,,,,,,,,,,,,,,,,,,,,,,,,,,,,,,,,,,,,,,,,,,,,,,,,,,,,,,,,,,,,,,,,,,,,,,,,,,,,,,,,,,,,,,,,
1887,9,56.3,0.6,,,,,,,,,,,,,,,,,,,,,,,,,,,,,,,,,,,3.23,4.6,4.6,3.93,3.0,1.15,22.0,0.7,2.61,4.27,4.27,3.46,3.0,1.4,22.0,0.7,1.72,1.72,1.8,1.76,3.0,0.07,22.0,0.7,1012.4,1012.4,1012.54,1012.47,3.0,0.12,22.0,0.7,,,,,,,,,,,,,,,,,,,,,,,,,,,,,,,,,,,,,,,,,,,,,,,,,,,,,,,,,,,,,,,,,,,,,,,,,,,,,,,,,,,,,,,,,,,,,,,,,,,,,,,,,,,,,,,,,,,,,,,,,,,,,,,,,,
1887,9,56.3,2.6,,,,,,,,,,,,,,,,,,,,,,,,,,,,,,,,,,,4.6,4.6,6.13,4.84,9.0,1.24,18.0,0.6,3.53,4.27,4.7,4.19,9.0,1.17,18.0,0.6,1.72,1.72,3.05,2.14,9.0,1.3,18.0,0.6,1011.7,1011.7,1013.51,1012.44,9.0,1.03,18.0,0.6,,,,,,,,,,,,,,,,,,,,,,,,,,,,,,,,,,,,,,,,,,,,,,,,,,,,,,,,,,,,,,,,,,,,,,,,,,,,,,,,,,,,,,,,,,,,,,,,,,,,,,,,,,,,,,,,,,,,,,,,,,,,,,,,,,
1887,9,56.3,4.6,,,,,,,,,,,,,,,,,,,,,,,,,,,,,,,,,,,4.6,4.6,7.81,6.17,3.0,2.71,8.0,0.7,3.57,4.27,5.84,4.7,3.0,1.7,8.0,0.7,2.21,3.25,5.52,3.85,3.0,2.48,8.0,0.7,1010.53,1010.6,1010.67,1010.6,2.0,0.14,10.0,0.5,,,,,,,,,,,,,,,,,,,,,,,,,,,,,,,,,,,,,,,,,,,,,,,,,,,,,,,,,,,,,,,,,,,,,,,,,,,,,,,,,,,,,,,,,,,,,,,,,,,,,,,,,,,,,,,,,,,,,,,,,,,,,,,,,,
1887,9,56.3,6.6,,,,,,,,,,,,,,,,,,,,,,,,,,,,,,,,,,,6.7,9.3,12.3,9.04,7.0,2.51,6.0,0.7,6.5,8.7,8.98,7.83,7.0,1.26,6.0,0.7,1.62,2.41,8.7,3.88,7.0,3.31,6.0,0.7,1012.22,1012.9,1014.8,1013.42,5.0,1.49,8.0,0.6,,,,,,,,,,,,,,,,,,,,,,,,,,,,,,,,,,,,,,,,,,,,,,,,,,,,,,,,,,,,,,,,,,,,,,,,,,,,,,,,,,,,,,,,,,,,,,,,,,,,,,,,,,,,,,,,,,,,,,,,,,,,,,,,,,
1887,9,56.3,10.6,,,,,,,,,,,,,,,,,,,,,,,,,,,,,,,,,,,7.58,9.3,12.3,9.56,5.0,3.15,8.0,0.8,2.96,3.63,8.09,5.1,5.0,2.96,8.0,0.8,6.98,8.56,9.01,7.92,5.0,2.1,8.0,0.8,1014.1,1014.1,1014.1,1014.1,2.0,0.0,6.0,1.0,,,,,,,,,,,,,,,,,,,,,,,,,,,,,,,,,,,,,,,,,,,,,,,,,,,,,,,,,,,,,,,,,,,,,,,,,,,,,,,,,,,,,,,,,,,,,,,,,,,,,,,,,,,,,,,,,,,,,,,,,,,,,,,,,,
1887,9,56.3,12.6,23.93,24.5,25.0,24.47,22.0,0.55,16.0,0.4,24.83,25.6,26.4,25.65,22.0,0.79,16.0,0.4,17.36,17.75,18.15,17.75,4.0,0.59,18.0,0.0,84.7,89.5,94.6,89.6,4.0,6.0,18.0,0.0,0.5,0.2,5.3,12.3,15.4,11.25,22.0,4.41,16.0,0.4,1.8,9.19,10.89,7.19,22.0,4.11,16.0,0.4,4.28,9.0,10.89,8.26,22.0,3.1,16.0,0.4,1004.83,1008.55,1011.07,1008.01,22.0,3.05,16.0,0.4,2.0,3.0,6.0,3.6,22.0,2.2,16.0,0.4,84.7,89.5,94.6,89.6,4.0,6.0,18.0,0.0,0.5,0.2,8.3,116.9,167.7,96.5,22.0,69.7,16.0,0.4,26.5,96.7,167.7,105.1,22.0,67.0,16.0,0.4,-2.0,-1.3,-0.17,-1.18,22.0,0.89,16.0,0.4,-27.2,-10.7,-1.5,-12.2,22.0,12.0,16.0,0.4,1.37,1.55,1.85,1.61,4.0,0.33,18.0,0.0,15.4,16.9,25.1,20.1,4.0,7.7,18.0,0.0,47.1,226.8,284.2,184.2,22.0,105.8,16.0,0.4,110.9,221.4,294.0,211.5,22.0,79.3,16.0,0.4,146.1,172.1,188.4,167.5,4.0,26.8,18.0,0.0,102.0,139.9,177.5,139.8,4.0,46.7,18.0,0.0,11.9,13.9,18.9,15.3,4.0,4.9,18.0,0.0,9.0,10.5,17.0,12.9,4.0,6.4,18.0,0.0,165.0,1861.0,3652.5,2020.5,22.0,1593.0,16.0,0.4,165.0,1860.0,3650.0,2020.0,22.0,1595.0,16.0,0.4
1887,9,58.3,-43.4,10.0,10.0,10.31,10.15,4.0,0.3,12.0,0.0,8.9,8.9,9.16,9.03,4.0,0.25,12.0,0.0,5.75,6.03,6.16,5.96,4.0,0.33,12.0,0.0,82.2,86.1,86.4,84.4,4.0,3.8,12.0,0.0,0.6,0.9,12.3,13.85,15.4,13.85,8.0,1.66,18.0,0.3,10.86,13.55,15.4,13.31,8.0,2.26,18.0,0.3,0.0,1.9,5.72,2.44,8.0,2.73,18.0,0.3,1019.26,1020.3,1021.81,1020.24,9.0,2.09,18.0,0.3,6.0,6.0,6.5,6.3,4.0,0.5,12.0,0.0,82.2,86.1,86.4,84.4,4.0,3.8,12.0,0.0,0.6,0.9,133.6,190.5,237.2,187.6,8.0,53.1,18.0,0.3,0.0,23.4,70.4,30.0,8.0,33.6,18.0,0.3,0.84,1.1,1.41,1.13,4.0,0.45,12.0,0.0,10.3,13.5,17.4,13.8,4.0,5.5,12.0,0.0,1.39,1.52,1.95,1.66,4.0,0.47,12.0,0.0,17.0,18.7,24.0,20.4,4.0,5.8,12.0,0.0,95.7,99.9,107.2,101.4,4.0,6.9,12.0,0.0,34.7,44.4,53.1,43.9,4.0,10.6,12.0,0.0,64.6,64.9,69.4,66.9,4.0,4.4,12.0,0.0,22.3,29.9,36.0,29.2,4.0,7.9,12.0,0.0,15.5,16.4,22.2,18.7,4.0,5.9,12.0,0.0,6.8,9.0,9.1,8.0,4.0,2.1,12.0,0.0,1861.0,2756.5,3652.5,2756.5,8.0,957.5,18.0,0.3,1860.0,2755.0,3650.0,2755.0,8.0,960.0,18.0,0.3
1887,9,58.3,-39.4,,,,,,,,,,,,,,,,,,,,,,,,,,,,,,,,,,,12.3,12.3,12.3,12.3,1.0,0.0,26.0,1.0,8.7,8.7,8.7,8.7,1.0,0.0,26.0,1.0,8.7,8.7,8.7,8.7,1.0,0.0,26.0,1.0,1016.4,1016.4,1016.4,1016.4,1.0,0.0,26.0,1.0,,,,,,,,,,,,,,,,,,,,,,,,,,,,,,,,,,,,,,,,,,,,,,,,,,,,,,,,,,,,,,,,,,,,,,,,,,,,,,,,,,,,,,,,,,,,,,,,,,,,,,,,,,,,,,,,,,,,,,,,,,,,,,,,,,
1887,9,58.3,-25.4,,,,,,,,,,,,,,,,,,,,,,,,,,,,,,,,,,,6.7,9.3,12.3,9.43,6.0,2.51,8.0,0.5,-3.58,0.0,0.0,-1.7,6.0,3.11,8.0,0.5,6.0,8.0,12.3,8.67,6.0,3.12,8.0,0.5,1023.79,1025.25,1025.98,1024.62,6.0,2.21,8.0,0.5,,,,,,,,,,,,,,,,,,,,,,,,,,,,,,,,,,,,,,,,,,,,,,,,,,,,,,,,,,,,,,,,,,,,,,,,,,,,,,,,,,,,,,,,,,,,,,,,,,,,,,,,,,,,,,,,,,,,,,,,,,,,,,,,,,
1887,9,58.3,-23.4,,,,,,,,,,,,,,,,,,,,,,,,,,,,,,,,,,,6.7,6.7,6.7,6.7,12.0,0.0,16.0,0.3,-6.27,-3.28,-2.2,-3.78,12.0,1.98,16.0,0.3,1.63,5.8,6.3,4.39,12.0,2.9,16.0,0.3,1020.3,1025.75,1027.1,1024.02,12.0,3.32,14.0,0.3,,,,,,,,,,,,,,,,,,,,,,,,,,,,,,,,,,,,,,,,,,,,,,,,,,,,,,,,,,,,,,,,,,,,,,,,,,,,,,,,,,,,,,,,,,,,,,,,,,,,,,,,,,,,,,,,,,,,,,,,,,,,,,,,,,
1887,9,58.3,-1.4,,,,,,,,,,,,,,,,,,,,,,,,,,,,,,,,,,,2.6,2.6,2.6,2.6,1.0,0.0,18.0,1.0,1.84,1.84,1.84,1.84,1.0,0.0,18.0,1.0,1.84,1.84,1.84,1.84,1.0,0.0,18.0,1.0,1011.9,1011.9,1011.9,1011.9,1.0,0.0,18.0,1.0,,,,,,,,,,,,,,,,,,,,,,,,,,,,,,,,,,,,,,,,,,,,,,,,,,,,,,,,,,,,,,,,,,,,,,,,,,,,,,,,,,,,,,,,,,,,,,,,,,,,,,,,,,,,,,,,,,,,,,,,,,,,,,,,,,
1887,9,58.3,0.6,,,,,,,,,,,,,,,,,,,,,,,,,,,,,,,,,,,2.6,3.6,4.6,3.99,8.0,2.51,20.0,0.5,2.41,2.83,4.27,3.54,8.0,2.34,20.0,0.5,0.74,0.97,1.72,0.84,8.0,1.98,20.0,0.5,1010.74,1011.5,1012.16,1011.56,8.0,0.82,20.0,0.5,,,,,,,,,,,,,,,,,,,,,,,,,,,,,,,,,,,,,,,,,,,,,,,,,,,,,,,,,,,,,,,,,,,,,,,,,,,,,,,,,,,,,,,,,,,,,,,,,,,,,,,,,,,,,,,,,,,,,,,,,,,,,,,,,,
1887,9,58.3,2.6,,,,,,,,,,,,,,,,,,,,,,,,,,,,,,,,,,,2.6,2.6,3.97,3.27,3.0,1.15,10.0,0.3,2.47,2.6,3.97,3.2,3.0,1.21,10.0,0.3,0.0,0.0,0.66,0.32,3.0,0.56,10.0,0.3,1011.0,1011.0,1011.48,1011.23,3.0,0.4,10.0,0.3,,,,,,,,,,,,,,,,,,,,,,,,,,,,,,,,,,,,,,,,,,,,,,,,,,,,,,,,,,,,,,,,,,,,,,,,,,,,,,,,,,,,,,,,,,,,,,,,,,,,,,,,,,,,,,,,,,,,,,,,,,,,,,,,,,
1887,9,58.3,4.6,,,,,,,,,,,,,,,,,,,,,,,,,,,,,,,,,,,4.6,4.6,6.7,5.82,9.0,1.65,6.0,0.3,4.32,4.32,6.21,5.2,9.0,1.05,6.0,0.3,1.57,1.57,2.51,2.44,9.0,1.62,6.0,0.3,1011.74,1012.5,1013.37,1012.56,5.0,1.02,8.0,0.4,,,,,,,,,,,,,,,,,,,,,,,,,,,,,,,,,,,,,,,,,,,,,,,,,,,,,,,,,,,,,,,,,,,,,,,,,,,,,,,,,,,,,,,,,,,,,,,,,,,,,,,,,,,,,,,,,,,,,,,,,,,,,,,,,,
1887,9,58.3,10.6,23.43,23.95,24.36,23.94,8.0,0.54,14.0,0.5,24.43,24.9,25.75,24.93,9.0,0.8,14.0,0.4,18.57,18.78,19.0,18.78,2.0,0.45,22.0,0.5,96.6,96.8,97.0,96.8,2.0,0.4,22.0,0.5,0.4,0.9,7.4,9.3,12.3,9.72,9.0,2.21,14.0,0.4,2.62,6.58,8.7,5.35,9.0,3.22,14.0,0.4,6.28,8.56,8.7,7.72,9.0,1.3,14.0,0.4,1010.99,1011.6,1013.43,1011.89,7.0,1.77,14.0,0.6,2.0,3.0,6.0,4.0,9.0,2.2,14.0,0.4,96.6,96.8,97.0,96.8,2.0,0.4,22.0,0.5,0.4,0.9,17.5,61.2,107.0,56.9,9.0,42.5,14.0,0.4,46.7,79.6,107.0,76.9,9.0,27.0,14.0,0.4,-1.78,-1.25,-0.82,-1.17,8.0,0.81,14.0,0.5,-16.2,-10.3,-8.2,-10.1,8.0,7.8,14.0,0.5,-0.28,0.35,0.98,0.35,2.0,1.31,22.0,0.5,-2.0,5.2,12.3,5.2,2.0,14.8,22.0,0.5,66.5,161.1,210.1,131.4,9.0,77.0,14.0,0.4,160.6,204.4,218.8,192.1,9.0,31.7,14.0,0.4,131.1,143.1,155.0,143.1,2.0,24.8,22.0,0.5,131.1,143.1,155.0,143.1,2.0,24.8,22.0,0.5,-1.4,3.7,8.7,3.7,2.0,10.5,22.0,0.5,-1.4,3.7,8.7,3.7,2.0,10.5,22.0,0.5,436.5,804.5,1861.0,1044.5,9.0,646.0,14.0,0.4,435.0,805.0,1860.0,1045.0,9.0,645.0,14.0,0.4
1887,9,58.3,12.6,24.0,25.0,25.0,24.74,16.0,0.51,16.0,0.3,24.78,25.5,26.29,25.48,16.0,0.73,16.0,0.3,17.29,17.79,18.08,17.69,3.0,0.59,18.0,0.7,83.2,83.6,85.7,84.4,3.0,1.9,18.0,0.7,0.5,0.2,4.6,9.3,12.3,8.77,16.0,3.44,16.0,0.3,2.35,6.58,10.86,6.6,16.0,3.33,16.0,0.3,4.05,5.07,6.58,5.5,16.0,2.01,16.0,0.3,1005.78,1007.8,1011.01,1008.46,16.0,2.79,16.0,0.3,1.4,4.5,6.0,3.9,16.0,2.3,16.0,0.3,83.2,83.6,85.7,84.4,3.0,1.9,18.0,0.7,0.5,0.2,10.8,61.2,133.6,68.1,16.0,52.4,16.0,0.3,19.5,47.1,71.0,53.6,16.0,40.2,16.0,0.3,-1.41,-0.6,0.0,-0.74,16.0,0.85,16.0,0.3,-9.9,-3.8,0.0,-5.6,16.0,8.0,16.0,0.3,1.76,2.06,2.57,2.16,3.0,0.6,18.0,0.7,13.5,19.1,23.9,18.7,3.0,7.6,18.0,0.7,60.3,174.3,268.4,167.3,16.0,82.3,16.0,0.3,105.2,129.7,174.4,139.8,16.0,49.9,16.0,0.3,109.6,133.0,136.9,123.5,3.0,21.7,18.0,0.7,76.4,86.4,88.9,82.7,3.0,9.7,18.0,0.7,11.1,16.0,20.0,15.6,3.0,6.6,18.0,0.7,7.7,10.4,13.0,10.3,3.0,3.9,18.0,0.7,97.5,804.5,1861.0,975.5,16.0,995.5,16.0,0.3,95.0,805.0,1860.0,975.0,16.0,995.0,16.0,0.3
1887,9,60.3,-43.4,11.47,11.7,12.07,11.82,6.0,0.93,14.0,0.8,8.9,9.15,10.62,9.85,6.0,1.6,14.0,0.8,5.09,5.3,5.68,5.39,5.0,0.38,12.0,0.8,72.9,73.5,79.1,75.6,5.0,3.5,12.0,0.8,0.4,0.8,12.3,13.85,19.0,15.65,8.0,4.07,16.0,0.6,3.95,10.96,13.3,10.23,8.0,5.24,16.0,0.6,-11.95,1.29,11.82,0.47,8.0,12.21,16.0,0.6,1009.28,1023.0,1024.36,1016.8,8.0,11.0,16.0,0.6,6.8,7.0,7.0,6.8,6.0,0.4,14.0,0.8,72.9,73.5,79.1,75.6,5.0,3.5,12.0,0.8,0.4,0.8,53.6,150.5,248.2,167.6,8.0,105.7,16.0,0.6,-227.0,15.8,145.4,-27.8,8.0,226.8,16.0,0.6,1.45,2.0,2.8,1.97,6.0,0.87,14.0,0.8,18.9,27.2,34.4,25.9,6.0,8.8,14.0,0.8,2.63,2.94,3.21,2.92,5.0,0.35,12.0,0.8,35.3,37.3,39.4,37.4,5.0,2.7,12.0,0.8,31.5,102.9,109.1,81.1,6.0,39.1,14.0,0.8,-47.2,58.3,112.9,14.4,6.0,149.0,14.0,0.8,18.4,58.2,62.2,43.9,5.0,23.4,12.0,0.8,6.5,62.6,67.5,42.5,5.0,33.0,12.0,0.8,10.4,23.4,36.3,23.7,5.0,13.8,12.0,0.8,4.0,29.0,35.5,21.7,5.0,16.5,12.0,0.8,1861.0,2756.5,6859.0,4544.5,8.0,3571.5,16.0,0.6,1860.0,2755.0,6860.0,4545.0,8.0,3570.0,16.0,0.6
1887,9,60.3,-41.4,10.0,13.9,14.4,12.78,15.0,1.88,6.0,0.5,5.11,7.8,8.77,7.49,15.0,2.73,6.0,0.5,4.94,5.57,5.94,5.53,12.0,0.42,4.0,0.4,86.0,88.7,93.3,89.2,12.0,3.4,4.0,0.4,0.3,0.9,19.4,24.7,26.8,23.35,8.0,4.32,8.0,0.5,7.45,15.92,26.57,16.48,8.0,9.83,8.0,0.5,-2.18,7.03,21.16,9.25,8.0,11.71,8.0,0.5,1004.42,1005.1,1008.97,1005.83,14.0,2.68,6.0,0.5,6.0,6.0,7.0,6.2,15.0,0.6,6.0,0.5,86.0,88.7,93.3,89.2,12.0,3.4,4.0,0.4,0.3,0.9,157.0,328.1,712.0,393.3,8.0,280.3,8.0,0.5,-58.4,160.6,478.3,229.0,8.0,284.1,8.0,0.5,4.61,5.0,6.49,5.29,15.0,2.15,6.0,0.5,80.1,127.3,160.2,113.8,8.0,62.9,8.0,0.5,2.69,4.03,4.48,3.81,12.0,0.78,4.0,0.4,86.9,102.0,111.4,98.0,5.0,21.8,4.0,0.2,39.0,182.0,229.8,147.1,8.0,96.4,8.0,0.5,-19.6,59.7,108.0,48.1,8.0,79.1,8.0,0.5,61.4,156.6,160.2,117.8,5.0,59.3,4.0,0.2,4.2,42.5,100.1,49.0,5.0,52.6,4.0,0.2,49.6,98.6,107.0,80.5,5.0,39.3,4.0,0.2,3.9,26.4,67.5,34.0,5.0,37.4,4.0,0.2,7378.5,15396.0,19249.0,13824.0,8.0,6325.5,8.0,0.5,7380.0,15395.0,19250.0,13825.0,8.0,6325.0,8.0,0.5
1887,9,60.3,-23.4,,,,,,,,,,,,,,,,,,,,,,,,,,,,,,,,,,,6.7,6.7,6.7,7.05,22.0,0.91,14.0,0.5,-6.17,-4.74,-2.01,-4.2,22.0,1.68,14.0,0.5,2.62,4.74,6.58,5.16,22.0,1.95,14.0,0.5,1019.98,1024.7,1025.72,1023.58,17.0,2.6,10.0,0.6,,,,,,,,,,,,,,,,,,,,,,,,,,,,,,,,,,,,,,,,,,,,,,,,,,,,,,,,,,,,,,,,,,,,,,,,,,,,,,,,,,,,,,,,,,,,,,,,,,,,,,,,,,,,,,,,,,,,,,,,,,,,,,,,,,
1887,9,60.3,-1.4,,,,,,,,,,,,,,,,,,,,,,,,,,,,,,,,,,,3.87,4.6,4.6,4.2,5.0,0.89,18.0,0.2,2.42,3.25,3.25,2.8,5.0,1.02,18.0,0.2,1.18,3.25,3.25,2.12,5.0,2.53,18.0,0.2,1011.1,1011.1,1012.42,1011.66,5.0,0.8,18.0,0.2,,,,,,,,,,,,,,,,,,,,,,,,,,,,,,,,,,,,,,,,,,,,,,,,,,,,,,,,,,,,,,,,,,,,,,,,,,,,,,,,,,,,,,,,,,,,,,,,,,,,,,,,,,,,,,,,,,,,,,,,,,,,,,,,,,
1887,9,60.3,0.6,,,,,,,,,,,,,,,,,,,,,,,,,,,,,,,,,,,2.6,4.6,4.7,4.33,7.0,1.41,14.0,0.4,2.59,4.23,4.36,4.03,7.0,1.25,14.0,0.4,-1.84,0.0,1.72,-0.26,7.0,1.81,14.0,0.4,1010.89,1011.0,1011.8,1011.24,7.0,0.46,14.0,0.4,,,,,,,,,,,,,,,,,,,,,,,,,,,,,,,,,,,,,,,,,,,,,,,,,,,,,,,,,,,,,,,,,,,,,,,,,,,,,,,,,,,,,,,,,,,,,,,,,,,,,,,,,,,,,,,,,,,,,,,,,,,,,,,,,,
1887,9,60.3,2.6,,,,,,,,,,,,,,,,,,,,,,,,,,,,,,,,,,,5.27,6.7,6.7,6.0,3.0,1.21,6.0,0.3,4.22,6.3,6.52,5.39,3.0,1.86,6.0,0.3,1.44,2.29,2.95,2.2,3.0,1.11,6.0,0.3,1013.09,1013.5,1013.91,1013.5,2.0,0.85,6.0,0.5,,,,,,,,,,,,,,,,,,,,,,,,,,,,,,,,,,,,,,,,,,,,,,,,,,,,,,,,,,,,,,,,,,,,,,,,,,,,,,,,,,,,,,,,,,,,,,,,,,,,,,,,,,,,,,,,,,,,,,,,,,,,,,,,,,
1887,9,60.3,4.6,,,,,,,,,,,,,,,,,,,,,,,,,,,,,,,,,,,3.87,4.6,6.7,5.04,5.0,1.72,6.0,0.6,3.6,4.32,6.24,4.71,5.0,1.6,6.0,0.6,1.32,1.72,2.37,1.8,5.0,0.64,6.0,0.6,1012.53,1014.1,1014.71,1013.63,3.0,1.65,6.0,0.3,,,,,,,,,,,,,,,,,,,,,,,,,,,,,,,,,,,,,,,,,,,,,,,,,,,,,,,,,,,,,,,,,,,,,,,,,,,,,,,,,,,,,,,,,,,,,,,,,,,,,,,,,,,,,,,,,,,,,,,,,,,,,,,,,,
1887,9,60.3,10.6,24.51,25.5,25.9,25.27,15.0,0.74,16.0,0.6,25.4,25.85,26.59,25.89,14.0,0.73,16.0,0.6,18.53,18.92,19.43,18.98,4.0,0.67,20.0,0.5,87.1,92.0,94.9,91.0,4.0,5.4,20.0,0.5,0.6,0.7,4.6,6.7,9.3,6.95,14.0,2.66,18.0,0.6,1.89,3.44,6.57,4.09,14.0,1.92,18.0,0.6,3.25,5.2,6.58,5.31,14.0,2.65,18.0,0.6,1010.37,1011.55,1012.8,1011.78,12.0,1.85,18.0,0.5,2.0,4.0,6.0,3.9,15.0,1.9,16.0,0.6,87.1,92.0,94.9,91.0,4.0,5.4,20.0,0.5,0.6,0.7,8.7,25.7,61.0,31.6,14.0,22.0,18.0,0.6,15.0,33.9,61.2,42.6,14.0,36.2,18.0,0.6,-1.48,-0.7,0.2,-0.66,14.0,0.85,16.0,0.6,-7.8,-5.4,1.4,-4.8,13.0,5.5,16.0,0.5,0.62,1.67,2.46,1.55,4.0,1.21,20.0,0.5,1.6,11.2,19.0,10.4,4.0,10.1,20.0,0.5,47.4,93.8,167.1,107.5,13.0,50.7,16.0,0.5,84.4,158.5,172.8,141.4,13.0,69.3,16.0,0.5,65.3,111.4,126.7,96.7,4.0,43.3,20.0,0.5,33.5,53.3,99.2,65.7,4.0,42.9,20.0,0.5,1.1,7.9,14.5,7.8,4.0,7.7,20.0,0.5,1.1,6.8,12.4,6.8,4.0,6.6,20.0,0.5,97.5,301.0,804.5,477.5,14.0,500.5,18.0,0.6,95.0,300.0,805.0,480.0,14.0,500.0,18.0,0.6
1887,9,60.3,12.6,,,,,,,,,,,,,,,,,,,,,,,,,,,,,,,,,,,5.83,9.3,12.3,9.15,11.0,3.54,14.0,0.8,4.75,8.62,11.4,7.73,11.0,3.25,14.0,0.8,3.31,4.61,6.32,4.65,11.0,2.18,14.0,0.8,1006.03,1008.4,1012.24,1009.22,11.0,3.3,14.0,0.8,,,,,,,,,,,,,,,,,,,,,,,,,,,,,,,,,,,,,,,,,,,,,,,,,,,,,,,,,,,,,,,,,,,,,,,,,,,,,,,,,,,,,,,,,,,,,,,,,,,,,,,,,,,,,,,,,,,,,,,,,,,,,,,,,,
1887,9,62.3,-43.4,11.7,11.7,11.89,11.85,6.0,0.37,14.0,0.3,10.02,11.1,11.1,10.47,6.0,1.32,14.0,0.3,6.78,7.08,7.09,6.92,5.0,0.37,12.0,0.2,84.8,87.5,87.5,86.0,5.0,3.3,12.0,0.2,0.4,0.6,15.4,19.0,22.6,19.0,10.0,3.39,18.0,0.4,9.69,13.83,19.52,14.36,10.0,4.86,18.0,0.4,-7.68,10.22,11.97,5.16,10.0,11.42,18.0,0.4,1001.19,1015.45,1023.4,1012.61,10.0,11.71,18.0,0.4,6.6,7.5,8.0,7.2,6.0,1.2,14.0,0.3,84.8,87.5,87.5,86.0,5.0,3.3,12.0,0.2,0.4,0.6,149.2,288.3,425.4,285.4,10.0,137.7,18.0,0.4,-145.9,184.3,188.3,84.4,10.0,229.2,18.0,0.4,0.6,0.6,1.86,1.38,6.0,1.69,14.0,0.3,9.2,11.4,32.3,24.9,6.0,32.6,14.0,0.3,1.35,1.35,1.65,1.51,5.0,0.37,12.0,0.2,20.8,20.8,31.5,25.2,5.0,6.2,12.0,0.2,106.6,107.6,141.6,120.1,6.0,22.4,14.0,0.3,112.1,132.8,145.7,129.3,6.0,44.3,14.0,0.3,65.7,68.7,80.4,73.5,5.0,15.6,12.0,0.2,81.2,84.8,99.3,90.8,5.0,19.3,12.0,0.2,13.1,13.1,19.9,15.9,5.0,3.9,12.0,0.2,16.2,16.2,24.5,19.6,5.0,4.8,12.0,0.2,3652.5,6859.0,11543.0,7450.0,10.0,3733.0,18.0,0.4,3650.0,6860.0,11545.0,7450.0,10.0,3735.0,18.0,0.4
1887,9,62.3,-41.4,,,,,,,,,,,,,,,,,,,,,,,,,,,,,,,,,,,12.3,12.3,12.3,12.3,1.0,0.0,6.0,1.0,11.32,11.32,11.32,11.32,1.0,0.0,6.0,1.0,-4.81,-4.81,-4.81,-4.81,1.0,0.0,6.0,1.0,1008.6,1008.6,1008.6,1008.6,1.0,0.0,6.0,1.0,,,,,,,,,,,,,,,,,,,,,,,,,,,,,,,,,,,,,,,,,,,,,,,,,,,,,,,,,,,,,,,,,,,,,,,,,,,,,,,,,,,,,,,,,,,,,,,,,,,,,,,,,,,,,,,,,,,,,,,,,,,,,,,,,,
1887,9,62.3,-39.4,,,,,,,,,,,,,,,,,,,,,,,,,,,,,,,,,,,17.21,21.1,24.99,21.1,2.0,8.06,22.0,1.0,9.11,16.28,23.46,16.28,2.0,14.87,22.0,1.0,-12.01,-7.14,-2.27,-7.14,2.0,10.1,22.0,1.0,1007.1,1007.1,1007.1,1007.1,1.0,0.0,28.0,1.0,,,,,,,,,,,,,,,,,,,,,,,,,,,,,,,,,,,,,,,,,,,,,,,,,,,,,,,,,,,,,,,,,,,,,,,,,,,,,,,,,,,,,,,,,,,,,,,,,,,,,,,,,,,,,,,,,,,,,,,,,,,,,,,,,,
1887,9,62.3,-23.4,,,,,,,,,,,,,,,,,,,,,,,,,,,,,,,,,,,6.7,6.7,9.3,7.63,14.0,1.29,10.0,0.4,-6.58,-5.49,-4.74,-5.81,14.0,1.07,10.0,0.4,3.84,4.74,6.58,4.86,14.0,1.2,10.0,0.4,1023.58,1024.7,1025.56,1024.17,13.0,2.26,6.0,0.3,,,,,,,,,,,,,,,,,,,,,,,,,,,,,,,,,,,,,,,,,,,,,,,,,,,,,,,,,,,,,,,,,,,,,,,,,,,,,,,,,,,,,,,,,,,,,,,,,,,,,,,,,,,,,,,,,,,,,,,,,,,,,,,,,,
1887,9,62.3,-3.4,,,,,,,,,,,,,,,,,,,,,,,,,,,,,,,,,,,3.55,5.65,6.7,5.15,4.0,1.97,16.0,0.5,2.99,4.5,4.74,3.89,4.0,1.39,16.0,0.5,1.78,3.29,4.74,3.26,4.0,1.71,16.0,0.5,1009.83,1010.5,1010.7,1010.28,4.0,0.61,16.0,0.5,,,,,,,,,,,,,,,,,,,,,,,,,,,,,,,,,,,,,,,,,,,,,,,,,,,,,,,,,,,,,,,,,,,,,,,,,,,,,,,,,,,,,,,,,,,,,,,,,,,,,,,,,,,,,,,,,,,,,,,,,,,,,,,,,,
1887,9,62.3,-1.4,,,,,,,,,,,,,,,,,,,,,,,,,,,,,,,,,,,0.0,1.8,2.6,1.68,8.0,1.69,16.0,0.8,0.0,0.0,1.75,0.28,8.0,1.36,16.0,0.8,-1.84,-0.49,0.0,-1.16,8.0,1.61,16.0,0.8,1009.94,1011.0,1011.5,1010.84,8.0,0.75,16.0,0.8,,,,,,,,,,,,,,,,,,,,,,,,,,,,,,,,,,,,,,,,,,,,,,,,,,,,,,,,,,,,,,,,,,,,,,,,,,,,,,,,,,,,,,,,,,,,,,,,,,,,,,,,,,,,,,,,,,,,,,,,,,,,,,,,,,
1887,9,62.3,2.6,,,,,,,,,,,,,,,,,,,,,,,,,,,,,,,,,,,4.6,6.7,6.7,6.24,8.0,1.62,4.0,0.5,4.3,6.69,6.7,6.02,8.0,1.9,4.0,0.5,-0.35,-0.12,1.53,0.44,8.0,1.34,4.0,0.5,1012.6,1013.3,1014.97,1013.7,5.0,1.22,6.0,0.4,,,,,,,,,,,,,,,,,,,,,,,,,,,,,,,,,,,,,,,,,,,,,,,,,,,,,,,,,,,,,,,,,,,,,,,,,,,,,,,,,,,,,,,,,,,,,,,,,,,,,,,,,,,,,,,,,,,,,,,,,,,,,,,,,,
1887,9,62.3,8.6,,,,,,,,,,,,,,,,,,,,,,,,,,,,,,,,,,,5.27,6.7,8.47,6.87,3.0,2.35,10.0,0.0,5.04,6.7,8.01,6.53,3.0,2.18,10.0,0.0,0.55,1.72,2.93,1.74,3.0,1.74,10.0,0.0,1016.1,1016.1,1016.1,1016.1,1.0,0.0,8.0,0.0,,,,,,,,,,,,,,,,,,,,,,,,,,,,,,,,,,,,,,,,,,,,,,,,,,,,,,,,,,,,,,,,,,,,,,,,,,,,,,,,,,,,,,,,,,,,,,,,,,,,,,,,,,,,,,,,,,,,,,,,,,,,,,,,,,
1887,9,62.3,10.6,25.0,25.9,26.13,25.73,24.0,0.55,18.0,0.4,25.5,26.65,27.67,26.68,24.0,1.07,18.0,0.4,18.58,19.83,20.3,19.54,5.0,1.14,18.0,0.2,90.3,90.9,91.8,91.0,5.0,1.4,18.0,0.2,0.5,0.4,2.04,6.7,9.3,5.44,24.0,3.34,18.0,0.4,1.31,3.44,7.09,4.06,24.0,3.03,18.0,0.4,1.16,2.55,5.24,3.13,24.0,2.32,18.0,0.4,1008.7,1010.85,1013.07,1010.96,22.0,2.26,18.0,0.4,2.0,2.0,5.0,3.1,24.0,1.8,18.0,0.4,90.3,90.9,91.8,91.0,5.0,1.4,18.0,0.2,0.5,0.4,3.2,24.6,66.0,30.8,24.0,29.6,18.0,0.4,3.4,13.5,42.0,22.2,24.0,22.1,18.0,0.4,-1.8,-0.7,0.07,-0.95,24.0,1.15,18.0,0.4,-11.5,-4.0,0.5,-5.7,24.0,9.3,18.0,0.4,0.0,1.23,2.33,1.22,5.0,1.25,18.0,0.2,0.0,5.3,10.0,5.3,5.0,5.6,18.0,0.2,33.7,92.5,187.6,107.6,24.0,79.2,18.0,0.4,30.4,66.9,142.5,83.5,24.0,62.9,18.0,0.4,50.0,128.9,132.0,97.7,5.0,47.4,18.0,0.2,32.2,34.2,43.5,38.4,5.0,11.5,18.0,0.2,0.0,3.8,8.4,4.2,5.0,4.3,18.0,0.2,0.0,2.0,5.7,3.0,5.0,3.8,18.0,0.2,12.0,301.0,804.5,325.0,24.0,334.0,18.0,0.4,10.0,300.0,805.0,325.0,24.0,335.0,18.0,0.4
1887,9,62.3,12.6,,,,,,,,,,,,,,,,,,,,,,,,,,,,,,,,,,,7.59,9.5,11.41,9.5,2.0,3.96,8.0,0.0,6.69,8.6,10.52,8.6,2.0,3.96,8.0,0.0,3.55,3.98,4.41,3.98,2.0,0.89,8.0,0.0,1007.94,1008.25,1008.56,1008.25,2.0,0.64,8.0,0.0,,,,,,,,,,,,,,,,,,,,,,,,,,,,,,,,,,,,,,,,,,,,,,,,,,,,,,,,,,,,,,,,,,,,,,,,,,,,,,,,,,,,,,,,,,,,,,,,,,,,,,,,,,,,,,,,,,,,,,,,,,,,,,,,,,
1887,9,64.3,-43.4,11.7,11.7,11.7,11.7,5.0,0.0,12.0,0.6,10.48,11.1,11.88,11.1,5.0,1.06,12.0,0.6,6.46,7.1,7.28,6.91,5.0,0.47,12.0,0.6,81.8,86.7,87.5,85.0,5.0,3.2,12.0,0.6,0.5,0.7,19.0,19.0,22.6,20.44,10.0,1.86,18.0,0.7,13.07,16.78,21.9,17.37,10.0,4.29,18.0,0.7,0.0,10.34,13.67,8.31,10.0,6.11,18.0,0.7,1001.4,1011.05,1019.83,1010.8,10.0,9.63,18.0,0.7,8.0,8.0,8.0,8.0,5.0,0.0,12.0,0.6,81.8,86.7,87.5,85.0,5.0,3.2,12.0,0.6,0.5,0.7,248.3,318.8,494.8,361.4,10.0,119.0,18.0,0.7,0.0,211.7,259.8,164.0,10.0,117.0,18.0,0.7,-0.18,0.6,1.22,0.6,5.0,1.06,12.0,0.6,-3.5,11.4,23.2,11.4,5.0,20.1,12.0,0.6,1.19,1.35,2.01,1.55,5.0,0.47,12.0,0.6,22.5,25.7,38.2,29.5,5.0,8.9,12.0,0.6,135.3,139.9,167.4,149.7,5.0,19.2,12.0,0.6,128.0,149.0,167.1,147.2,5.0,23.0,12.0,0.6,87.2,91.5,98.9,93.0,5.0,7.7,12.0,0.6,78.9,88.0,106.5,91.8,5.0,14.6,12.0,0.6,14.9,18.3,29.2,21.3,5.0,8.1,12.0,0.6,15.5,20.0,24.5,20.2,5.0,4.9,12.0,0.6,6859.0,6859.0,11543.0,8732.5,10.0,2419.0,18.0,0.7,6860.0,6860.0,11545.0,8735.0,10.0,2420.0,18.0,0.7
1887,9,64.3,-39.4,12.2,13.3,13.3,12.9,13.0,0.52,8.0,0.5,7.35,10.0,11.91,9.64,11.0,2.16,8.0,0.6,5.24,6.09,7.14,6.13,9.0,0.94,6.0,0.7,80.2,86.0,92.9,85.7,10.0,6.6,6.0,0.6,0.7,0.1,12.3,19.0,20.31,17.04,5.0,4.57,10.0,0.4,7.55,12.18,17.14,12.59,5.0,6.38,10.0,0.4,-6.64,-1.71,12.16,1.86,5.0,11.86,10.0,0.4,1005.97,1011.15,1013.5,1010.89,12.0,5.57,8.0,0.6,5.0,6.0,6.1,5.8,13.0,1.0,8.0,0.5,80.2,86.0,92.9,85.7,10.0,6.6,6.0,0.6,0.7,0.1,106.5,149.8,355.0,227.3,5.0,169.2,10.0,0.4,-133.3,-21.1,194.0,23.7,5.0,218.9,10.0,0.4,1.39,3.3,5.21,3.39,11.0,1.75,8.0,0.6,23.7,43.7,52.8,38.5,4.0,19.1,10.0,0.5,2.4,3.4,3.6,3.16,9.0,0.73,6.0,0.7,40.8,41.2,41.6,41.2,2.0,0.9,6.0,0.5,108.6,129.2,208.4,157.2,4.0,72.4,10.0,0.5,-88.1,-26.0,49.7,-19.5,4.0,100.1,10.0,0.5,79.0,89.4,99.8,89.4,2.0,21.6,6.0,0.5,-80.9,-52.3,-23.7,-52.3,2.0,59.3,6.0,0.5,31.9,35.8,39.6,35.8,2.0,8.0,6.0,0.5,-23.7,-16.5,-9.2,-16.5,2.0,15.1,6.0,0.5,1861.0,6859.0,8569.5,5796.5,5.0,4070.0,10.0,0.4,1860.0,6860.0,8570.0,5795.0,5.0,4070.0,10.0,0.4
1887,9,64.3,-23.4,,,,,,,,,,,,,,,,,,,,,,,,,,,,,,,,,,,6.7,6.7,6.7,6.85,17.0,0.63,14.0,0.8,-5.49,-4.74,-4.16,-4.77,17.0,1.09,14.0,0.8,3.84,4.74,5.42,4.61,17.0,1.54,14.0,0.8,1019.0,1024.9,1026.83,1023.25,13.0,3.5,12.0,0.8,,,,,,,,,,,,,,,,,,,,,,,,,,,,,,,,,,,,,,,,,,,,,,,,,,,,,,,,,,,,,,,,,,,,,,,,,,,,,,,,,,,,,,,,,,,,,,,,,,,,,,,,,,,,,,,,,,,,,,,,,,,,,,,,,,
1887,9,64.3,-21.4,,,,,,,,,,,,,,,,,,,,,,,,,,,,,,,,,,,6.7,6.7,7.24,7.13,6.0,1.06,6.0,0.2,-6.6,-5.65,-4.28,-5.3,6.0,1.65,6.0,0.2,1.15,4.74,6.29,3.98,6.0,2.59,6.0,0.2,1021.43,1024.7,1025.4,1023.48,4.0,3.05,8.0,0.3,,,,,,,,,,,,,,,,,,,,,,,,,,,,,,,,,,,,,,,,,,,,,,,,,,,,,,,,,,,,,,,,,,,,,,,,,,,,,,,,,,,,,,,,,,,,,,,,,,,,,,,,,,,,,,,,,,,,,,,,,,,,,,,,,,
1887,9,64.3,-5.4,,,,,,,,,,,,,,,,,,,,,,,,,,,,,,,,,,,2.6,2.6,2.6,2.6,3.0,0.0,16.0,0.7,1.28,1.84,1.84,1.56,3.0,0.47,16.0,0.7,-1.84,-1.84,1.05,-0.43,3.0,2.44,16.0,0.7,1011.15,1011.3,1011.61,1011.38,4.0,0.31,16.0,0.8,,,,,,,,,,,,,,,,,,,,,,,,,,,,,,,,,,,,,,,,,,,,,,,,,,,,,,,,,,,,,,,,,,,,,,,,,,,,,,,,,,,,,,,,,,,,,,,,,,,,,,,,,,,,,,,,,,,,,,,,,,,,,,,,,,
1887,9,64.3,-1.4,,,,,,,,,,,,,,,,,,,,,,,,,,,,,,,,,,,0.79,1.8,5.03,2.65,6.0,2.56,14.0,0.2,0.79,1.42,4.63,2.2,6.0,2.0,14.0,0.2,-2.44,0.0,0.0,-1.1,6.0,1.93,14.0,0.2,1009.89,1010.6,1010.9,1010.47,7.0,0.52,16.0,0.3,,,,,,,,,,,,,,,,,,,,,,,,,,,,,,,,,,,,,,,,,,,,,,,,,,,,,,,,,,,,,,,,,,,,,,,,,,,,,,,,,,,,,,,,,,,,,,,,,,,,,,,,,,,,,,,,,,,,,,,,,,,,,,,,,,
1887,9,64.3,2.6,,,,,,,,,,,,,,,,,,,,,,,,,,,,,,,,,,,4.6,6.7,6.7,5.8,7.0,1.12,4.0,0.6,4.59,6.68,6.7,5.79,7.0,1.12,4.0,0.6,-0.47,-0.24,0.0,-0.21,7.0,0.22,4.0,0.6,1011.19,1012.2,1013.0,1012.1,4.0,1.07,6.0,0.8,,,,,,,,,,,,,,,,,,,,,,,,,,,,,,,,,,,,,,,,,,,,,,,,,,,,,,,,,,,,,,,,,,,,,,,,,,,,,,,,,,,,,,,,,,,,,,,,,,,,,,,,,,,,,,,,,,,,,,,,,,,,,,,,,,
1887,9,64.3,8.6,25.75,26.4,26.57,26.17,9.0,0.53,14.0,0.4,26.61,27.3,28.09,27.46,9.0,1.25,14.0,0.4,18.62,18.62,18.62,18.62,1.0,0.0,22.0,1.0,79.8,79.8,79.8,79.8,1.0,0.0,22.0,1.0,0.7,0.9,2.6,4.6,6.7,4.23,9.0,2.15,14.0,0.4,0.95,1.84,6.21,3.17,9.0,2.72,14.0,0.4,0.1,2.39,2.51,1.85,9.0,1.5,14.0,0.4,1010.42,1010.7,1013.43,1011.76,5.0,1.92,18.0,0.2,2.0,3.0,4.7,3.3,9.0,1.9,14.0,0.4,79.8,79.8,79.8,79.8,1.0,0.0,22.0,1.0,0.7,0.9,1.4,4.8,41.6,17.8,9.0,19.7,14.0,0.4,0.1,6.2,16.8,8.0,9.0,8.2,14.0,0.4,-1.74,-1.0,-0.73,-1.29,9.0,0.91,14.0,0.4,-8.0,-3.7,-1.5,-5.9,9.0,6.8,14.0,0.4,2.27,2.27,2.27,2.27,1.0,0.0,22.0,1.0,5.9,5.9,5.9,5.9,1.0,0.0,22.0,1.0,26.5,51.1,180.2,88.4,9.0,76.9,14.0,0.4,2.8,64.4,73.8,50.4,9.0,39.6,14.0,0.4,34.2,34.2,34.2,34.2,1.0,0.0,22.0,1.0,34.2,34.2,34.2,34.2,1.0,0.0,22.0,1.0,4.2,4.2,4.2,4.2,1.0,0.0,22.0,1.0,4.2,4.2,4.2,4.2,1.0,0.0,22.0,1.0,17.5,97.5,301.0,128.0,9.0,134.0,14.0,0.4,20.0,95.0,300.0,130.0,9.0,135.0,14.0,0.4
1887,9,64.3,10.6,26.0,26.4,27.57,26.66,21.0,0.84,18.0,0.7,25.99,27.2,28.68,27.23,21.0,1.16,18.0,0.7,18.84,19.83,20.51,19.68,3.0,1.23,18.0,1.0,86.2,87.3,89.8,88.0,3.0,2.7,18.0,1.0,0.4,0.2,2.6,6.7,9.3,5.43,21.0,3.47,18.0,0.7,1.84,4.74,8.79,4.8,21.0,3.36,18.0,0.7,-1.2,1.29,3.21,1.37,21.0,2.35,18.0,0.7,1008.72,1010.4,1013.31,1010.84,21.0,2.36,18.0,0.7,2.0,3.0,5.8,3.7,21.0,1.7,18.0,0.7,86.2,87.3,89.8,88.0,3.0,2.7,18.0,1.0,0.4,0.2,4.8,31.7,81.8,37.0,21.0,34.4,18.0,0.7,-3.9,10.9,28.2,11.3,21.0,17.9,18.0,0.7,-1.95,-0.2,0.5,-0.57,21.0,1.12,18.0,0.7,-10.4,0.0,4.2,-3.3,21.0,8.1,18.0,0.7,0.56,1.23,2.09,1.32,3.0,1.12,18.0,1.0,4.8,11.4,11.4,8.2,3.0,5.6,18.0,1.0,50.4,138.3,231.4,128.9,21.0,87.6,18.0,0.7,-32.0,33.5,84.8,37.3,21.0,65.4,18.0,0.7,83.8,135.4,167.3,125.8,3.0,61.7,18.0,1.0,-9.0,33.8,51.5,21.6,3.0,45.6,18.0,1.0,3.7,8.1,10.3,7.0,3.0,4.9,18.0,1.0,-1.1,0.4,5.7,2.2,3.0,5.2,18.0,1.0,17.5,301.0,804.5,339.0,21.0,353.5,18.0,0.7,20.0,300.0,805.0,340.0,21.0,355.0,18.0,0.7
1887,9,66.3,-45.4,,,,,,,,,,,,,,,,,,,,,,,,,,,,,,,,,,,22.6,22.6,22.6,22.6,2.0,0.0,6.0,0.0,13.17,14.31,15.45,14.31,2.0,2.36,6.0,0.0,16.42,17.36,18.3,17.36,2.0,1.95,6.0,0.0,1006.46,1006.6,1006.74,1006.6,2.0,0.28,6.0,0.0,,,,,,,,,,,,,,,,,,,,,,,,,,,,,,,,,,,,,,,,,,,,,,,,,,,,,,,,,,,,,,,,,,,,,,,,,,,,,,,,,,,,,,,,,,,,,,,,,,,,,,,,,,,,,,,,,,,,,,,,,,,,,,,,,,
1887,9,66.3,-43.4,11.1,11.1,11.1,11.1,7.0,0.0,14.0,0.4,7.2,7.2,8.92,7.91,7.0,0.95,14.0,0.4,5.31,5.8,6.04,5.76,7.0,0.36,14.0,0.4,85.3,86.1,93.4,88.0,7.0,3.7,14.0,0.4,0.5,0.5,6.7,9.3,15.4,11.13,11.0,4.12,18.0,0.3,1.85,8.13,15.4,8.99,11.0,6.26,18.0,0.3,0.0,4.51,6.53,3.73,11.0,3.13,18.0,0.3,1004.2,1020.7,1023.29,1015.53,11.0,9.2,18.0,0.3,6.0,7.0,7.0,6.6,7.0,0.5,14.0,0.4,85.3,86.1,93.4,88.0,7.0,3.7,14.0,0.4,0.5,0.5,12.4,75.6,237.2,122.7,11.0,114.5,18.0,0.3,0.0,41.9,43.8,32.2,11.0,30.1,18.0,0.3,2.18,3.9,3.9,3.19,7.0,0.95,14.0,0.4,20.9,26.1,26.6,26.0,7.0,5.2,14.0,0.4,2.08,2.29,2.8,2.35,7.0,0.35,14.0,0.4,15.4,19.5,22.8,19.9,7.0,3.9,14.0,0.4,12.4,58.6,73.2,44.1,7.0,36.2,14.0,0.4,37.2,46.4,49.2,46.4,7.0,13.5,14.0,0.4,9.1,43.2,49.5,30.7,7.0,24.6,14.0,0.4,26.0,34.2,39.2,33.9,7.0,9.0,14.0,0.4,4.0,17.1,19.2,12.0,7.0,9.2,14.0,0.4,10.5,14.6,15.4,13.6,7.0,2.9,14.0,0.4,301.0,804.5,3652.5,1927.5,11.0,2049.5,18.0,0.3,300.0,805.0,3650.0,1925.0,11.0,2050.0,18.0,0.3
1887,9,66.3,-41.4,,,,,,,,,,,,,,,,,,,,,,,,,,,,,,,,,,,10.27,12.35,14.43,12.35,2.0,4.31,16.0,1.0,9.7,12.01,14.32,12.01,2.0,4.79,16.0,1.0,0.55,1.74,2.93,1.74,2.0,2.46,16.0,1.0,1019.0,1019.0,1019.0,1019.0,1.0,0.0,24.0,1.0,,,,,,,,,,,,,,,,,,,,,,,,,,,,,,,,,,,,,,,,,,,,,,,,,,,,,,,,,,,,,,,,,,,,,,,,,,,,,,,,,,,,,,,,,,,,,,,,,,,,,,,,,,,,,,,,,,,,,,,,,,,,,,,,,,
1887,9,66.3,-21.4,,,,,,,,,,,,,,,,,,,,,,,,,,,,,,,,,,,4.6,6.7,6.7,6.62,27.0,1.43,14.0,0.6,-6.7,-4.74,-3.75,-5.23,27.0,1.29,14.0,0.6,0.23,3.25,5.55,3.36,27.0,2.38,14.0,0.6,1016.9,1018.3,1024.11,1020.06,13.0,3.41,14.0,0.6,,,,,,,,,,,,,,,,,,,,,,,,,,,,,,,,,,,,,,,,,,,,,,,,,,,,,,,,,,,,,,,,,,,,,,,,,,,,,,,,,,,,,,,,,,,,,,,,,,,,,,,,,,,,,,,,,,,,,,,,,,,,,,,,,,
1887,9,66.3,-7.4,,,,,,,,,,,,,,,,,,,,,,,,,,,,,,,,,,,9.3,9.3,11.35,10.3,3.0,1.73,14.0,0.3,-8.65,-8.56,-7.21,-7.94,3.0,1.19,14.0,0.3,4.57,6.58,8.02,6.3,3.0,2.54,14.0,0.3,1012.38,1013.2,1013.47,1012.93,3.0,0.83,14.0,0.3,,,,,,,,,,,,,,,,,,,,,,,,,,,,,,,,,,,,,,,,,,,,,,,,,,,,,,,,,,,,,,,,,,,,,,,,,,,,,,,,,,,,,,,,,,,,,,,,,,,,,,,,,,,,,,,,,,,,,,,,,,,,,,,,,,
1887,9,66.3,-5.4,,,,,,,,,,,,,,,,,,,,,,,,,,,,,,,,,,,9.3,9.3,9.3,9.3,1.0,0.0,16.0,0.0,-8.56,-8.56,-8.56,-8.56,1.0,0.0,16.0,0.0,3.63,3.63,3.63,3.63,1.0,0.0,16.0,0.0,1012.1,1012.1,1012.1,1012.1,1.0,0.0,16.0,0.0,,,,,,,,,,,,,,,,,,,,,,,,,,,,,,,,,,,,,,,,,,,,,,,,,,,,,,,,,,,,,,,,,,,,,,,,,,,,,,,,,,,,,,,,,,,,,,,,,,,,,,,,,,,,,,,,,,,,,,,,,,,,,,,,,,
1887,9,66.3,-3.4,,,,,,,,,,,,,,,,,,,,,,,,,,,,,,,,,,,0.95,2.6,2.6,2.0,7.0,1.06,12.0,0.4,0.95,1.84,2.4,1.72,7.0,0.93,12.0,0.4,-1.06,0.0,0.09,-0.29,7.0,1.17,12.0,0.4,1010.2,1010.9,1011.51,1010.91,7.0,0.64,12.0,0.4,,,,,,,,,,,,,,,,,,,,,,,,,,,,,,,,,,,,,,,,,,,,,,,,,,,,,,,,,,,,,,,,,,,,,,,,,,,,,,,,,,,,,,,,,,,,,,,,,,,,,,,,,,,,,,,,,,,,,,,,,,,,,,,,,,
1887,9,66.3,2.6,,,,,,,,,,,,,,,,,,,,,,,,,,,,,,,,,,,4.6,4.6,4.7,4.9,7.0,0.79,2.0,0.6,4.52,4.59,4.61,4.42,7.0,0.52,2.0,0.6,-0.53,-0.32,0.16,-0.36,7.0,2.32,2.0,0.6,1011.05,1012.5,1013.11,1012.1,4.0,1.42,4.0,0.5,,,,,,,,,,,,,,,,,,,,,,,,,,,,,,,,,,,,,,,,,,,,,,,,,,,,,,,,,,,,,,,,,,,,,,,,,,,,,,,,,,,,,,,,,,,,,,,,,,,,,,,,,,,,,,,,,,,,,,,,,,,,,,,,,,
1887,9,66.3,8.6,26.41,26.65,26.9,26.65,14.0,0.34,16.0,0.6,26.12,27.45,29.37,27.61,14.0,1.35,16.0,0.6,18.0,18.55,18.93,18.47,4.0,0.67,18.0,0.3,81.4,85.1,88.3,84.8,4.0,4.2,18.0,0.3,0.5,0.8,2.6,5.65,6.7,5.45,14.0,2.36,16.0,0.6,0.0,4.67,6.7,4.27,14.0,3.59,16.0,0.6,-2.53,0.0,0.0,-0.72,14.0,2.11,16.0,0.6,1009.13,1011.25,1014.09,1011.68,10.0,2.48,18.0,0.7,2.0,2.0,3.0,2.6,14.0,1.2,16.0,0.6,81.4,85.1,88.3,84.8,4.0,4.2,18.0,0.3,0.5,0.8,0.0,26.5,44.9,30.5,14.0,30.0,16.0,0.6,-13.1,0.0,0.0,-5.2,14.0,10.6,16.0,0.6,-2.47,-0.65,0.37,-0.96,14.0,1.27,16.0,0.6,-6.5,-4.4,2.1,-4.0,14.0,6.4,16.0,0.6,3.12,3.39,3.53,3.33,4.0,0.26,18.0,0.3,15.0,19.1,27.5,21.1,4.0,8.4,18.0,0.3,0.0,128.8,198.7,116.3,14.0,97.5,16.0,0.6,-68.2,0.0,0.0,-18.1,14.0,57.2,16.0,0.6,40.8,104.0,142.7,92.3,4.0,68.9,18.0,0.3,-58.4,-22.5,-9.2,-33.3,4.0,38.2,18.0,0.3,7.8,19.0,27.2,17.5,4.0,13.4,18.0,0.3,-9.6,-4.3,-1.6,-5.6,4.0,5.8,18.0,0.3,17.5,199.0,301.0,248.0,14.0,265.0,16.0,0.6,20.0,200.0,300.0,250.0,14.0,265.0,16.0,0.6
1887,9,66.3,10.6,26.0,26.6,27.0,26.63,17.0,0.69,18.0,0.3,26.81,27.6,29.33,28.04,17.0,1.13,18.0,0.3,19.87,19.87,19.87,19.87,1.0,0.0,16.0,0.0,90.9,90.9,90.9,90.9,1.0,0.0,16.0,0.0,0.0,0.1,1.0,2.6,6.7,3.67,17.0,3.18,18.0,0.3,0.0,2.39,6.7,3.17,17.0,3.44,18.0,0.3,-1.03,0.0,1.14,-0.08,17.0,1.38,18.0,0.3,1008.81,1011.2,1013.43,1011.23,15.0,2.36,20.0,0.3,2.0,2.0,4.0,2.6,17.0,1.5,18.0,0.3,90.9,90.9,90.9,90.9,1.0,0.0,16.0,0.0,0.0,0.1,0.0,6.2,44.9,21.8,17.0,29.4,18.0,0.3,-3.6,0.0,2.7,0.5,17.0,9.2,18.0,0.3,-2.75,-1.0,-0.2,-1.41,17.0,1.3,18.0,0.3,-8.3,-3.6,-0.1,-4.1,17.0,4.8,18.0,0.3,1.23,1.23,1.23,1.23,1.0,0.0,16.0,0.0,8.3,8.3,8.3,8.3,1.0,0.0,16.0,0.0,0.0,68.4,187.6,87.1,17.0,92.5,18.0,0.3,-29.8,0.0,31.5,-2.3,17.0,37.7,18.0,0.3,131.5,131.5,131.5,131.5,1.0,0.0,16.0,0.0,-20.8,-20.8,-20.8,-20.8,1.0,0.0,16.0,0.0,8.2,8.2,8.2,8.2,1.0,0.0,16.0,0.0,-1.3,-1.3,-1.3,-1.3,1.0,0.0,16.0,0.0,1.0,17.5,301.0,171.0,17.0,269.5,18.0,0.3,0.0,20.0,300.0,170.0,17.0,270.0,18.0,0.3
1887,9,68.3,-43.4,10.26,10.6,11.1,10.63,10.0,0.4,12.0,0.7,5.6,8.85,11.44,8.66,10.0,2.83,12.0,0.7,5.77,6.17,6.8,6.25,8.0,0.51,14.0,0.6,80.7,83.2,86.0,84.2,8.0,4.5,14.0,0.6,0.5,0.5,6.7,9.3,18.9,11.27,20.0,6.36,16.0,0.7,6.44,6.78,10.2,8.36,20.0,4.28,16.0,0.7,-4.69,-1.85,6.82,-1.73,20.0,8.89,16.0,0.7,1002.2,1008.15,1023.7,1012.45,18.0,10.26,14.0,0.7,5.0,6.0,8.0,6.3,13.0,1.4,10.0,0.7,80.7,83.2,86.0,84.2,8.0,4.5,14.0,0.6,0.5,0.5,43.2,64.8,135.1,110.2,20.0,145.0,16.0,0.7,-31.4,-12.4,83.7,-45.4,20.0,198.9,16.0,0.7,-0.84,1.7,5.21,1.97,10.0,2.98,12.0,0.7,-5.6,11.4,54.8,20.4,10.0,33.4,12.0,0.7,1.05,1.51,2.33,1.61,8.0,0.65,14.0,0.6,7.0,10.1,15.6,10.8,8.0,4.4,14.0,0.6,43.3,57.0,73.7,58.5,10.0,13.7,12.0,0.7,-21.1,-16.3,25.4,-5.1,10.0,22.2,12.0,0.7,37.1,39.7,43.8,39.8,8.0,3.8,14.0,0.6,-12.6,-11.4,-10.6,-7.8,8.0,10.8,14.0,0.6,6.7,9.8,14.9,10.2,8.0,4.0,14.0,0.6,-4.2,-2.2,-1.4,-1.5,8.0,3.8,14.0,0.6,301.0,804.5,6782.5,3132.0,20.0,6617.5,16.0,0.7,300.0,805.0,6785.0,3130.0,20.0,6615.0,16.0,0.7
1887,9,68.3,-39.4,,,,,,,,,,,,,,,,,,,,,,,,,,,,,,,,,,,15.4,19.0,22.6,19.0,5.0,3.6,10.0,0.6,13.18,18.82,21.65,17.61,5.0,4.67,10.0,0.6,-8.67,-6.02,-1.03,-4.91,5.0,4.96,10.0,0.6,1013.3,1013.3,1013.3,1013.3,1.0,0.0,24.0,1.0,6.0,6.0,7.0,6.4,7.0,0.5,6.0,0.6,87.6,88.3,93.0,89.3,7.0,2.5,6.0,0.6,0.8,0.1,202.9,357.5,489.4,347.6,5.0,148.9,10.0,0.6,-164.5,-92.7,-26.8,-89.4,5.0,89.3,10.0,0.6,,,,,,,,,,,,,,,,,,,,,,,,,,,,,,,,,,,,,,,,,,,,,,,,,,,,,,,,,,,,,,,,,,,,,,,,,,,,,,,,,,,,,,,,,,,,,,,,
1887,9,68.3,-37.4,,,,,,,,,,,,,,,,,,,,,,,,,,,,,,,,,,,19.0,19.0,19.0,19.0,3.0,0.0,12.0,0.0,7.42,7.42,7.42,7.42,3.0,0.0,12.0,0.0,17.49,17.49,17.49,17.49,3.0,0.0,12.0,0.0,1022.7,1022.7,1022.7,1022.7,6.0,0.0,12.0,0.0,,,,,,,,,,,,,,,,,,,,,,,,,,,,,,,,,,,,,,,,,,,,,,,,,,,,,,,,,,,,,,,,,,,,,,,,,,,,,,,,,,,,,,,,,,,,,,,,,,,,,,,,,,,,,,,,,,,,,,,,,,,,,,,,,,
1887,9,68.3,-21.4,,,,,,,,,,,,,,,,,,,,,,,,,,,,,,,,,,,6.7,8.0,9.3,8.0,18.0,1.34,8.0,0.4,-6.69,-6.54,-3.75,-5.64,18.0,1.26,8.0,0.4,0.23,6.07,7.71,4.49,18.0,3.58,8.0,0.4,1017.79,1021.2,1022.97,1020.84,9.0,2.9,8.0,0.4,,,,,,,,,,,,,,,,,,,,,,,,,,,,,,,,,,,,,,,,,,,,,,,,,,,,,,,,,,,,,,,,,,,,,,,,,,,,,,,,,,,,,,,,,,,,,,,,,,,,,,,,,,,,,,,,,,,,,,,,,,,,,,,,,,
1887,9,68.3,-7.4,,,,,,,,,,,,,,,,,,,,,,,,,,,,,,,,,,,7.59,9.5,11.41,9.5,2.0,3.96,14.0,1.0,-8.07,-6.72,-5.37,-6.72,2.0,2.8,14.0,1.0,5.37,6.72,8.07,6.72,2.0,2.8,14.0,1.0,1011.43,1011.7,1011.97,1011.7,2.0,0.57,14.0,1.0,,,,,,,,,,,,,,,,,,,,,,,,,,,,,,,,,,,,,,,,,,,,,,,,,,,,,,,,,,,,,,,,,,,,,,,,,,,,,,,,,,,,,,,,,,,,,,,,,,,,,,,,,,,,,,,,,,,,,,,,,,,,,,,,,,
1887,9,68.3,-5.4,,,,,,,,,,,,,,,,,,,,,,,,,,,,,,,,,,,6.7,6.7,6.7,6.7,1.0,0.0,20.0,1.0,4.74,4.74,4.74,4.74,1.0,0.0,20.0,1.0,-4.74,-4.74,-4.74,-4.74,1.0,0.0,20.0,1.0,1011.4,1011.4,1011.4,1011.4,1.0,0.0,20.0,1.0,,,,,,,,,,,,,,,,,,,,,,,,,,,,,,,,,,,,,,,,,,,,,,,,,,,,,,,,,,,,,,,,,,,,,,,,,,,,,,,,,,,,,,,,,,,,,,,,,,,,,,,,,,,,,,,,,,,,,,,,,,,,,,,,,,
1887,9,68.3,-3.4,,,,,,,,,,,,,,,,,,,,,,,,,,,,,,,,,,,3.87,4.6,5.37,4.62,5.0,1.45,12.0,0.6,2.74,3.25,4.65,3.54,5.0,1.19,12.0,0.6,-1.73,1.84,3.25,0.72,5.0,3.33,12.0,0.6,1010.14,1010.25,1011.06,1010.48,6.0,0.54,14.0,0.7,,,,,,,,,,,,,,,,,,,,,,,,,,,,,,,,,,,,,,,,,,,,,,,,,,,,,,,,,,,,,,,,,,,,,,,,,,,,,,,,,,,,,,,,,,,,,,,,,,,,,,,,,,,,,,,,,,,,,,,,,,,,,,,,,,
1887,9,68.3,0.6,,,,,,,,,,,,,,,,,,,,,,,,,,,,,,,,,,,6.7,6.7,10.52,8.57,3.0,3.23,4.0,0.3,6.37,6.7,9.91,8.11,3.0,2.87,4.0,0.3,0.72,2.51,3.94,2.33,3.0,2.37,4.0,0.3,1007.79,1011.0,1012.91,1010.37,3.0,3.79,4.0,0.3,,,,,,,,,,,,,,,,,,,,,,,,,,,,,,,,,,,,,,,,,,,,,,,,,,,,,,,,,,,,,,,,,,,,,,,,,,,,,,,,,,,,,,,,,,,,,,,,,,,,,,,,,,,,,,,,,,,,,,,,,,,,,,,,,,
1887,9,68.3,2.6,,,,,,,,,,,,,,,,,,,,,,,,,,,,,,,,,,,3.55,5.65,6.7,5.15,4.0,1.97,2.0,0.5,3.15,4.67,5.77,4.47,4.0,2.0,2.0,0.5,-3.36,-0.98,-0.1,-1.69,4.0,2.19,2.0,0.5,1011.72,1012.4,1013.08,1012.4,2.0,1.41,4.0,0.5,,,,,,,,,,,,,,,,,,,,,,,,,,,,,,,,,,,,,,,,,,,,,,,,,,,,,,,,,,,,,,,,,,,,,,,,,,,,,,,,,,,,,,,,,,,,,,,,,,,,,,,,,,,,,,,,,,,,,,,,,,,,,,,,,,
1887,9,68.3,8.6,26.5,26.9,27.17,26.83,27.0,0.45,16.0,0.6,26.5,27.4,28.82,27.81,25.0,1.36,16.0,0.6,19.03,19.89,20.71,19.87,3.0,1.23,18.0,0.7,89.8,90.9,91.0,90.4,3.0,1.0,18.0,0.7,0.3,0.7,2.6,4.6,6.7,5.18,27.0,2.91,16.0,0.6,0.0,3.25,6.62,4.0,27.0,3.62,16.0,0.6,-3.25,-1.8,-0.49,-2.0,27.0,1.56,16.0,0.6,1008.3,1010.9,1013.5,1010.97,22.0,2.58,18.0,0.5,2.0,3.0,6.0,3.7,27.0,1.9,16.0,0.6,89.8,90.9,91.0,90.4,3.0,1.0,18.0,0.7,0.3,0.7,0.0,15.0,44.3,30.1,27.0,42.0,16.0,0.6,-17.2,-7.9,-1.4,-10.0,27.0,8.8,16.0,0.6,-1.98,-0.9,0.4,-0.98,25.0,1.31,16.0,0.6,-9.5,-4.6,1.4,-4.5,25.0,6.1,16.0,0.6,1.16,2.27,2.45,1.82,3.0,1.03,18.0,0.7,6.2,10.4,14.9,10.6,3.0,6.4,18.0,0.7,41.5,94.0,194.6,119.5,25.0,96.3,16.0,0.6,-98.8,-51.3,-10.4,-55.5,25.0,43.3,16.0,0.6,41.8,131.6,137.0,90.4,3.0,78.4,18.0,0.7,-65.5,-22.1,-21.2,-42.9,3.0,37.1,18.0,0.7,1.3,4.2,12.8,7.0,3.0,8.7,18.0,0.7,-8.0,-2.7,-1.3,-4.6,3.0,5.2,18.0,0.7,17.5,97.5,301.0,291.0,27.0,499.0,16.0,0.6,20.0,95.0,300.0,290.0,27.0,500.0,16.0,0.6
1887,9,68.3,10.6,,,,,,,,,,,,,,,,,,,,,,,,,,,,,,,,,,,3.87,4.6,5.37,4.62,5.0,1.45,24.0,0.2,2.94,3.25,4.32,3.66,5.0,1.45,24.0,0.2,-3.25,-3.25,-2.03,-2.68,5.0,0.97,24.0,0.2,1010.63,1011.6,1013.15,1011.74,5.0,1.61,24.0,0.2,,,,,,,,,,,,,,,,,,,,,,,,,,,,,,,,,,,,,,,,,,,,,,,,,,,,,,,,,,,,,,,,,,,,,,,,,,,,,,,,,,,,,,,,,,,,,,,,,,,,,,,,,,,,,,,,,,,,,,,,,,,,,,,,,,
1887,9,70.3,-43.4,10.0,10.0,10.12,10.1,6.0,0.24,12.0,0.2,10.29,11.4,12.2,10.92,6.0,1.89,12.0,0.2,7.02,7.12,7.24,7.11,5.0,0.15,14.0,0.2,81.8,82.4,87.5,84.1,5.0,3.1,14.0,0.2,0.5,0.3,9.3,15.4,19.0,15.39,13.0,6.46,10.0,0.2,8.58,10.62,18.68,12.84,13.0,6.88,10.0,0.2,-8.48,-3.39,-1.6,-4.22,13.0,7.28,10.0,0.2,995.68,1007.45,1017.14,1007.1,10.0,10.5,10.0,0.3,5.0,7.0,7.7,6.1,9.0,1.9,10.0,0.2,81.8,82.4,87.5,84.1,5.0,3.1,14.0,0.2,0.5,0.3,81.8,145.4,355.0,229.4,13.0,229.2,10.0,0.2,-93.5,-41.7,-14.9,-53.9,13.0,165.3,10.0,0.2,-2.2,-1.4,-0.17,-0.82,6.0,2.12,12.0,0.2,-26.4,-15.3,5.2,-4.9,6.0,34.9,12.0,0.2,0.35,0.44,0.55,0.46,5.0,0.16,14.0,0.2,3.8,4.1,6.9,5.4,5.0,3.3,14.0,0.2,99.2,121.7,150.2,126.5,6.0,29.5,12.0,0.2,-43.1,-29.9,-28.0,-34.2,6.0,9.3,12.0,0.2,63.6,64.7,91.5,75.8,5.0,17.3,14.0,0.2,-26.2,-18.6,-18.2,-21.7,5.0,4.9,14.0,0.2,3.7,4.0,6.6,5.2,5.0,3.2,14.0,0.2,-1.9,-1.1,-1.1,-1.5,5.0,0.9,14.0,0.2,804.5,3652.5,6859.0,5641.0,13.0,7703.0,10.0,0.2,805.0,3650.0,6860.0,5640.0,13.0,7705.0,10.0,0.2
1887,9,70.3,-41.4,,,,,,,,,,,,,,,,,,,,,,,,,,,,,,,,,,,19.0,19.0,19.0,19.0,1.0,0.0,24.0,1.0,13.44,13.44,13.44,13.44,1.0,0.0,24.0,1.0,-13.44,-13.44,-13.44,-13.44,1.0,0.0,24.0,1.0,1009.1,1009.1,1009.1,1009.1,1.0,0.0,24.0,1.0,,,,,,,,,,,,,,,,,,,,,,,,,,,,,,,,,,,,,,,,,,,,,,,,,,,,,,,,,,,,,,,,,,,,,,,,,,,,,,,,,,,,,,,,,,,,,,,,,,,,,,,,,,,,,,,,,,,,,,,,,,,,,,,,,,
1887,9,70.3,-39.4,,,,,,,,,,,,,,,,,,,,,,,,,,,,,,,,,,,22.6,22.6,25.47,24.0,3.0,2.42,18.0,1.0,19.54,20.8,22.01,20.77,3.0,1.81,18.0,1.0,-15.74,-8.83,-2.0,-8.87,3.0,10.07,18.0,1.0,1004.8,1004.8,1004.8,1004.8,1.0,0.0,30.0,1.0,5.8,7.0,8.0,6.3,7.0,2.1,12.0,0.6,80.8,86.9,92.9,86.9,4.0,7.0,8.0,0.5,0.1,0.1,482.1,507.9,509.4,496.0,3.0,22.4,18.0,1.0,-410.0,-199.6,-45.1,-226.9,3.0,268.3,18.0,1.0,,,,,,,,,,,,,,,,,,,,,,,,,,,,,,,,,,,,,,,,,,,,,,,,,,,,,,,,,,,,,,,,,,,,,,,,,,,,,,,,,,,,,,,,,,,,,,,,
1887,9,70.3,-37.4,,,,,,,,,,,,,,,,,,,,,,,,,,,,,,,,,,,15.4,15.4,19.0,16.94,7.0,1.92,12.0,0.9,6.02,6.02,7.42,6.62,7.0,0.75,12.0,0.9,14.18,14.18,17.49,15.6,7.0,1.77,12.0,0.9,1022.7,1022.7,1023.4,1022.9,7.0,0.34,12.0,0.9,,,,,,,,,,,,,,,,,,,,,,,,,,,,,,,,,,,,,,,,,,,,,,,,,,,,,,,,,,,,,,,,,,,,,,,,,,,,,,,,,,,,,,,,,,,,,,,,,,,,,,,,,,,,,,,,,,,,,,,,,,,,,,,,,,
1887,9,70.3,-21.4,,,,,,,,,,,,,,,,,,,,,,,,,,,,,,,,,,,4.6,6.7,9.3,6.66,20.0,2.29,14.0,0.6,-6.57,-5.85,-2.41,-4.76,20.0,2.41,14.0,0.6,1.03,1.73,7.69,3.48,20.0,3.07,14.0,0.6,1019.11,1021.7,1025.7,1022.27,17.0,3.18,12.0,0.6,,,,,,,,,,,,,,,,,,,,,,,,,,,,,,,,,,,,,,,,,,,,,,,,,,,,,,,,,,,,,,,,,,,,,,,,,,,,,,,,,,,,,,,,,,,,,,,,,,,,,,,,,,,,,,,,,,,,,,,,,,,,,,,,,,
1887,9,70.3,-3.4,,,,,,,,,,,,,,,,,,,,,,,,,,,,,,,,,,,4.6,4.6,5.03,4.95,6.0,0.86,10.0,0.2,4.03,4.43,4.63,4.28,6.0,0.54,10.0,0.2,-3.56,-0.9,0.36,-1.34,6.0,2.38,10.0,0.2,1009.3,1010.5,1012.21,1010.63,7.0,1.4,12.0,0.1,,,,,,,,,,,,,,,,,,,,,,,,,,,,,,,,,,,,,,,,,,,,,,,,,,,,,,,,,,,,,,,,,,,,,,,,,,,,,,,,,,,,,,,,,,,,,,,,,,,,,,,,,,,,,,,,,,,,,,,,,,,,,,,,,,
1887,9,70.3,0.6,,,,,,,,,,,,,,,,,,,,,,,,,,,,,,,,,,,9.3,9.3,9.3,9.3,3.0,0.0,2.0,0.0,8.87,8.94,9.16,9.02,3.0,0.22,2.0,0.0,-2.01,-0.81,1.7,-0.17,3.0,2.78,2.0,0.0,1011.83,1012.2,1013.42,1012.56,5.0,0.9,2.0,0.4,,,,,,,,,,,,,,,,,,,,,,,,,,,,,,,,,,,,,,,,,,,,,,,,,,,,,,,,,,,,,,,,,,,,,,,,,,,,,,,,,,,,,,,,,,,,,,,,,,,,,,,,,,,,,,,,,,,,,,,,,,,,,,,,,,
1887,9,70.3,8.6,26.46,26.9,27.0,26.79,30.0,0.48,18.0,0.5,26.18,27.4,28.4,27.27,29.0,1.25,18.0,0.5,19.28,20.73,21.17,20.25,4.0,1.39,18.0,0.8,92.3,93.9,96.0,94.1,4.0,2.7,18.0,0.8,0.5,0.4,2.6,4.6,6.7,4.89,28.0,1.89,18.0,0.5,1.84,3.25,5.76,3.53,28.0,2.54,18.0,0.5,-3.53,-2.94,-1.03,-2.62,28.0,1.34,18.0,0.5,1008.3,1010.3,1014.22,1011.2,30.0,2.88,18.0,0.5,2.0,4.0,6.0,4.0,30.0,2.2,18.0,0.5,92.3,93.9,96.0,94.1,4.0,2.7,18.0,0.8,0.5,0.4,4.8,15.0,38.6,21.4,28.0,21.8,18.0,0.5,-20.1,-15.0,-4.6,-13.5,28.0,9.6,18.0,0.5,-1.76,-0.5,0.7,-0.46,29.0,1.15,18.0,0.5,-9.1,-1.8,5.0,-1.9,27.0,6.1,20.0,0.5,0.76,1.04,2.05,1.39,4.0,1.0,18.0,0.8,2.9,3.6,8.9,5.8,4.0,4.9,18.0,0.8,50.8,92.4,133.7,92.5,27.0,66.3,20.0,0.5,-95.2,-86.2,-30.8,-73.3,27.0,36.0,20.0,0.5,33.0,76.1,88.1,61.3,4.0,42.0,18.0,0.8,-62.3,-34.7,-13.9,-37.9,4.0,28.4,18.0,0.8,1.3,2.9,8.2,4.7,4.0,5.7,18.0,0.8,-3.0,-2.5,-1.2,-2.1,4.0,1.2,18.0,0.8,17.5,97.5,301.0,171.5,28.0,205.5,18.0,0.5,20.0,95.0,300.0,170.0,28.0,205.0,18.0,0.5
1887,9,70.3,10.6,,,,,,,,,,,,,,,,,,,,,,,,,,,,,,,,,,,2.6,2.6,2.6,2.6,1.0,0.0,30.0,1.0,1.84,1.84,1.84,1.84,1.0,0.0,30.0,1.0,-1.84,-1.84,-1.84,-1.84,1.0,0.0,30.0,1.0,1015.0,1015.0,1015.0,1015.0,1.0,0.0,30.0,1.0,,,,,,,,,,,,,,,,,,,,,,,,,,,,,,,,,,,,,,,,,,,,,,,,,,,,,,,,,,,,,,,,,,,,,,,,,,,,,,,,,,,,,,,,,,,,,,,,,,,,,,,,,,,,,,,,,,,,,,,,,,,,,,,,,,
1887,9,72.3,-43.4,10.0,10.0,10.53,10.15,8.0,0.28,10.0,0.5,5.66,8.65,11.7,8.64,8.0,3.04,10.0,0.5,6.64,6.92,7.24,6.94,4.0,0.44,14.0,0.5,80.6,81.0,84.6,82.5,4.0,3.3,14.0,0.5,0.5,0.2,4.6,15.4,26.42,15.66,17.0,9.54,12.0,0.6,4.19,14.8,25.16,14.29,17.0,9.64,12.0,0.6,-4.28,-0.88,9.49,1.65,17.0,6.22,12.0,0.6,992.2,1005.8,1008.6,1001.27,7.0,8.4,12.0,0.7,5.1,8.0,8.0,6.8,14.0,1.6,10.0,0.5,80.6,81.0,84.6,82.5,4.0,3.3,14.0,0.5,0.5,0.2,19.3,228.0,678.3,309.5,17.0,317.2,12.0,0.6,-67.0,-4.0,212.7,49.8,17.0,157.6,12.0,0.6,-1.7,1.65,4.49,1.51,8.0,3.17,10.0,0.5,-26.2,4.4,70.8,15.9,8.0,48.8,10.0,0.5,0.41,0.71,1.0,0.7,4.0,0.44,14.0,0.5,6.3,11.0,15.4,10.9,4.0,6.8,14.0,0.5,34.8,139.7,173.2,112.6,8.0,69.8,10.0,0.5,-49.7,-26.1,25.0,-16.0,8.0,38.1,10.0,0.5,97.8,102.5,107.1,102.5,4.0,6.9,14.0,0.5,-30.7,-29.4,2.1,-15.0,4.0,30.4,14.0,0.5,6.1,10.6,14.7,10.4,4.0,6.5,14.0,0.5,-3.0,-1.8,2.8,-0.2,4.0,4.2,14.0,0.5,97.5,3652.5,19819.5,8118.0,17.0,10816.5,12.0,0.6,95.0,3650.0,19820.0,8120.0,17.0,10815.0,12.0,0.6
1887,9,72.3,-39.4,11.37,12.2,12.65,12.1,9.0,0.62,12.0,0.7,6.83,8.3,12.09,9.02,9.0,2.72,12.0,0.7,5.92,6.43,6.44,6.18,3.0,0.43,8.0,0.7,89.8,93.4,93.4,91.6,5.0,3.2,8.0,0.4,0.9,0.2,7.94,12.35,19.17,13.5,4.0,7.08,20.0,0.8,7.94,10.09,17.01,12.36,4.0,7.02,20.0,0.8,0.0,0.59,6.27,3.02,4.0,5.28,20.0,0.8,995.84,997.3,1005.74,999.62,6.0,4.84,14.0,0.8,4.0,6.0,6.0,5.2,9.0,1.2,12.0,0.7,89.8,93.4,93.4,91.6,5.0,3.2,8.0,0.4,0.9,0.2,64.7,127.1,347.1,202.3,4.0,211.4,20.0,0.8,0.0,13.4,100.6,48.6,4.0,80.4,20.0,0.8,,,,,,,,,,,,,,,,,,,,,,,,,,,,,,,,,,,,,,,,,,,,,,,,,,,,,,,,,,,,,,,,,,,,,,,,,,,,,,,,,,,,,,,,,,,,,,,,
1887,9,72.3,-37.4,,,,,,,,,,,,,,,,,,,,,,,,,,,,,,,,,,,13.04,19.0,19.0,17.33,8.0,3.1,12.0,0.4,5.1,7.42,13.44,9.02,8.0,3.81,12.0,0.4,11.56,13.44,17.49,14.43,8.0,2.68,12.0,0.4,1023.04,1023.7,1025.29,1024.09,8.0,1.15,12.0,0.4,,,,,,,,,,,,,,,,,,,,,,,,,,,,,,,,,,,,,,,,,,,,,,,,,,,,,,,,,,,,,,,,,,,,,,,,,,,,,,,,,,,,,,,,,,,,,,,,,,,,,,,,,,,,,,,,,,,,,,,,,,,,,,,,,,
1887,9,72.3,-21.4,,,,,,,,,,,,,,,,,,,,,,,,,,,,,,,,,,,4.6,6.7,6.7,6.12,19.0,1.85,20.0,0.5,-5.33,-4.6,0.0,-3.97,19.0,2.78,20.0,0.5,0.0,4.31,6.28,3.13,19.0,2.87,20.0,0.5,1019.42,1020.2,1024.18,1021.37,17.0,2.3,16.0,0.5,,,,,,,,,,,,,,,,,,,,,,,,,,,,,,,,,,,,,,,,,,,,,,,,,,,,,,,,,,,,,,,,,,,,,,,,,,,,,,,,,,,,,,,,,,,,,,,,,,,,,,,,,,,,,,,,,,,,,,,,,,,,,,,,,,
1887,9,72.3,-7.4,,,,,,,,,,,,,,,,,,,,,,,,,,,,,,,,,,,9.3,9.3,9.3,9.3,2.0,0.0,14.0,1.0,-8.25,-7.57,-6.89,-7.57,2.0,1.4,14.0,1.0,4.1,5.1,6.11,5.1,2.0,2.08,14.0,1.0,1012.29,1012.7,1013.59,1012.93,3.0,0.97,14.0,1.0,,,,,,,,,,,,,,,,,,,,,,,,,,,,,,,,,,,,,,,,,,,,,,,,,,,,,,,,,,,,,,,,,,,,,,,,,,,,,,,,,,,,,,,,,,,,,,,,,,,,,,,,,,,,,,,,,,,,,,,,,,,,,,,,,,
1887,9,72.3,-5.4,,,,,,,,,,,,,,,,,,,,,,,,,,,,,,,,,,,3.71,6.7,6.7,5.28,4.0,2.85,18.0,0.5,2.46,4.74,4.74,3.65,4.0,2.17,18.0,0.5,-4.74,-1.91,2.92,-0.95,4.0,4.64,18.0,0.5,1012.32,1013.05,1013.26,1012.8,4.0,0.75,18.0,0.5,,,,,,,,,,,,,,,,,,,,,,,,,,,,,,,,,,,,,,,,,,,,,,,,,,,,,,,,,,,,,,,,,,,,,,,,,,,,,,,,,,,,,,,,,,,,,,,,,,,,,,,,,,,,,,,,,,,,,,,,,,,,,,,,,,
1887,9,72.3,-3.4,,,,,,,,,,,,,,,,,,,,,,,,,,,,,,,,,,,6.7,6.7,6.7,6.7,3.0,0.0,6.0,1.0,6.7,6.7,6.7,6.7,3.0,0.0,6.0,1.0,0.0,0.0,0.0,0.0,3.0,0.0,6.0,1.0,1008.98,1009.8,1009.8,1009.4,3.0,0.69,6.0,1.0,,,,,,,,,,,,,,,,,,,,,,,,,,,,,,,,,,,,,,,,,,,,,,,,,,,,,,,,,,,,,,,,,,,,,,,,,,,,,,,,,,,,,,,,,,,,,,,,,,,,,,,,,,,,,,,,,,,,,,,,,,,,,,,,,,
1887,9,72.3,0.6,,,,,,,,,,,,,,,,,,,,,,,,,,,,,,,,,,,2.6,4.65,6.7,4.65,4.0,2.37,2.0,0.8,2.56,4.09,5.8,4.18,4.0,1.87,2.0,0.8,-3.36,-1.77,0.0,-1.68,4.0,1.97,2.0,0.8,1010.25,1011.25,1012.88,1011.55,4.0,1.59,2.0,0.8,,,,,,,,,,,,,,,,,,,,,,,,,,,,,,,,,,,,,,,,,,,,,,,,,,,,,,,,,,,,,,,,,,,,,,,,,,,,,,,,,,,,,,,,,,,,,,,,,,,,,,,,,,,,,,,,,,,,,,,,,,,,,,,,,,
1887,9,72.3,6.6,26.5,26.5,27.22,26.82,5.0,0.49,16.0,1.0,27.42,29.2,29.31,28.52,5.0,1.09,16.0,1.0,19.65,19.65,19.65,19.65,1.0,0.0,14.0,1.0,87.3,87.3,87.3,87.3,1.0,0.0,14.0,1.0,0.6,1.0,3.87,4.6,6.7,5.04,5.0,1.72,16.0,1.0,3.01,4.27,5.42,4.29,5.0,1.55,16.0,1.0,-3.79,-1.05,0.63,-1.46,5.0,2.57,16.0,1.0,1008.34,1010.35,1012.36,1010.35,2.0,4.17,16.0,1.0,2.0,5.0,6.4,4.4,5.0,2.3,16.0,1.0,87.3,87.3,87.3,87.3,1.0,0.0,14.0,1.0,0.6,1.0,12.0,19.6,36.3,23.5,5.0,14.8,16.0,1.0,-21.1,-7.0,2.9,-9.2,5.0,15.2,16.0,1.0,-2.81,-2.2,-0.52,-1.7,5.0,1.43,16.0,1.0,-11.0,-7.8,-3.5,-6.9,5.0,6.1,16.0,1.0,3.59,3.59,3.59,3.59,1.0,0.0,14.0,1.0,24.1,24.1,24.1,24.1,1.0,0.0,14.0,1.0,88.3,124.5,148.5,121.3,5.0,39.2,16.0,1.0,-108.0,-28.4,18.4,-40.8,5.0,72.7,16.0,1.0,130.0,130.0,130.0,130.0,1.0,0.0,14.0,1.0,-20.6,-20.6,-20.6,-20.6,1.0,0.0,14.0,1.0,23.8,23.8,23.8,23.8,1.0,0.0,14.0,1.0,-3.8,-3.8,-3.8,-3.8,1.0,0.0,14.0,1.0,68.0,97.5,301.0,163.0,5.0,130.0,16.0,1.0,70.0,95.0,300.0,165.0,5.0,130.0,16.0,1.0
1887,9,72.3,8.6,26.5,26.9,27.92,27.04,25.0,0.68,18.0,0.5,26.4,27.6,28.32,27.28,25.0,1.15,18.0,0.5,19.82,19.85,19.98,19.9,3.0,0.13,20.0,0.0,90.2,90.9,92.4,91.3,3.0,1.7,20.0,0.0,0.4,0.2,2.6,5.65,6.7,5.39,22.0,2.54,20.0,0.5,1.26,4.0,6.47,3.84,22.0,3.16,20.0,0.5,-4.74,-2.62,-1.84,-2.97,22.0,1.47,20.0,0.5,1008.2,1010.8,1013.38,1010.79,24.0,2.57,18.0,0.5,2.0,5.0,6.0,4.2,25.0,1.7,18.0,0.5,90.2,90.9,92.4,91.3,3.0,1.7,20.0,0.0,0.4,0.2,3.3,23.4,43.3,27.7,22.0,31.6,20.0,0.5,-31.7,-15.0,-4.8,-17.9,22.0,16.5,20.0,0.5,-1.1,0.0,0.42,-0.24,25.0,0.89,18.0,0.5,-3.7,0.1,3.1,-0.2,22.0,5.3,20.0,0.5,2.23,2.39,2.49,2.36,3.0,0.19,20.0,0.0,14.9,16.0,16.7,15.8,3.0,1.3,20.0,0.0,35.3,107.6,169.3,102.0,22.0,82.4,20.0,0.5,-130.8,-69.4,-51.6,-80.9,22.0,40.0,20.0,0.5,94.2,95.0,119.8,106.7,3.0,21.4,20.0,0.0,-94.6,-93.8,-44.0,-69.9,3.0,42.5,20.0,0.0,10.6,11.3,15.0,12.8,3.0,3.5,20.0,0.0,-11.0,-10.2,-5.0,-8.1,3.0,4.7,20.0,0.0,17.5,199.0,301.0,267.5,22.0,402.0,20.0,0.5,20.0,200.0,300.0,265.0,22.0,400.0,20.0,0.5
1887,9,74.3,-45.4,8.9,8.9,8.9,8.9,2.0,0.0,16.0,0.0,6.78,6.95,7.12,6.95,2.0,0.35,16.0,0.0,4.78,4.87,4.97,4.87,2.0,0.2,16.0,0.0,77.5,78.1,78.7,78.1,2.0,1.2,16.0,0.0,0.8,0.9,19.0,19.0,19.0,19.0,2.0,0.0,16.0,0.0,18.07,18.07,18.07,18.07,2.0,0.0,16.0,0.0,5.87,5.87,5.87,5.87,2.0,0.0,16.0,0.0,1002.7,1002.7,1002.7,1002.7,2.0,0.0,16.0,0.0,6.2,6.5,6.8,6.5,2.0,0.7,16.0,0.0,77.5,78.1,78.7,78.1,2.0,1.2,16.0,0.0,0.8,0.9,343.3,343.3,343.3,343.3,2.0,0.0,16.0,0.0,111.6,111.6,111.6,111.6,2.0,0.0,16.0,0.0,1.78,1.95,2.12,1.95,2.0,0.35,16.0,0.0,33.8,37.1,40.3,37.1,2.0,6.7,16.0,0.0,2.16,2.26,2.35,2.26,2.0,0.2,16.0,0.0,41.1,42.9,44.7,42.9,2.0,3.7,16.0,0.0,122.5,125.6,128.7,125.6,2.0,6.4,16.0,0.0,39.8,40.8,41.8,40.8,2.0,2.1,16.0,0.0,86.4,88.1,89.8,88.1,2.0,3.5,16.0,0.0,28.1,28.6,29.2,28.6,2.0,1.1,16.0,0.0,39.1,40.8,42.5,40.8,2.0,3.5,16.0,0.0,12.7,13.3,13.8,13.3,2.0,1.1,16.0,0.0,6859.0,6859.0,6859.0,6859.0,2.0,0.0,16.0,0.0,6860.0,6860.0,6860.0,6860.0,2.0,0.0,16.0,0.0
1887,9,74.3,-43.4,9.4,9.45,9.76,9.58,4.0,0.29,12.0,1.0,8.82,10.0,11.07,9.95,4.0,1.4,12.0,1.0,5.11,5.41,5.73,5.42,3.0,0.45,16.0,1.0,73.0,73.5,73.6,73.3,3.0,0.5,16.0,1.0,0.2,0.0,13.78,17.2,19.0,16.43,4.0,3.23,12.0,1.0,9.39,16.36,18.07,13.85,4.0,6.37,12.0,1.0,-3.71,5.32,5.87,1.27,4.0,8.47,12.0,1.0,1003.19,1003.9,1015.24,1008.98,4.0,10.77,12.0,1.0,3.4,6.0,6.5,5.0,4.0,2.7,12.0,1.0,73.0,73.5,73.6,73.3,3.0,0.5,16.0,1.0,0.2,0.0,137.1,284.4,343.3,242.2,4.0,135.6,12.0,1.0,-38.6,92.4,111.6,39.0,4.0,120.9,12.0,1.0,-1.33,-0.3,0.58,-0.37,4.0,1.29,12.0,1.0,-17.3,-4.6,10.9,-3.2,4.0,19.0,12.0,1.0,1.85,1.96,2.26,2.05,3.0,0.31,16.0,1.0,30.7,37.3,43.0,36.8,3.0,9.0,16.0,1.0,99.2,152.6,162.9,132.0,4.0,53.4,12.0,1.0,-45.5,49.6,52.9,5.8,4.0,91.3,12.0,1.0,87.3,89.9,95.3,91.2,3.0,6.0,16.0,1.0,28.4,29.2,31.0,29.6,3.0,1.9,16.0,1.0,29.2,35.5,40.9,35.0,3.0,8.6,16.0,1.0,9.5,11.5,13.3,11.4,3.0,2.8,16.0,1.0,2714.0,5255.5,6859.0,4808.0,4.0,2479.0,12.0,1.0,2715.0,5255.0,6860.0,4810.0,4.0,2480.0,12.0,1.0
1887,9,74.3,-39.4,12.2,12.55,12.8,12.49,8.0,0.34,14.0,0.5,10.0,10.3,11.1,10.53,8.0,1.07,14.0,0.5,7.18,7.18,7.18,7.18,2.0,0.0,8.0,0.0,86.1,90.2,92.9,89.0,6.0,4.9,8.0,0.3,0.1,0.2,22.6,22.6,25.47,24.0,3.0,2.42,14.0,0.7,18.63,22.57,24.13,21.4,3.0,4.15,14.0,0.7,-9.95,1.18,7.23,-1.3,3.0,12.76,14.0,0.7,995.96,996.1,996.24,996.1,2.0,0.28,8.0,0.0,5.0,6.0,6.0,5.5,8.0,0.8,14.0,0.5,86.1,90.2,92.9,89.0,6.0,4.9,8.0,0.3,0.1,0.2,421.0,510.1,616.5,518.5,3.0,143.4,14.0,0.7,-224.8,26.7,192.1,-15.3,3.0,307.6,14.0,0.7,,,,,,,,,,,,,,,,,,,,,,,,,,,,,,,,,,,,,,,,,,,,,,,,,,,,,,,,,,,,,,,,,,,,,,,,,,,,,,,,,,,,,,,,,,,,,,,,
1887,9,74.3,-37.4,,,,,,,,,,,,,,,,,,,,,,,,,,,,,,,,,,,1.0,2.6,12.3,5.02,18.0,4.48,14.0,0.4,-4.61,-0.19,2.41,-0.25,18.0,3.22,14.0,0.4,0.97,0.98,11.4,4.0,18.0,4.39,14.0,0.4,1024.0,1026.1,1026.1,1025.4,17.0,0.93,14.0,0.4,,,,,,,,,,,,,,,,,,,,,,,,,,,,,,,,,,,,,,,,,,,,,,,,,,,,,,,,,,,,,,,,,,,,,,,,,,,,,,,,,,,,,,,,,,,,,,,,,,,,,,,,,,,,,,,,,,,,,,,,,,,,,,,,,,
1887,9,74.3,-21.4,,,,,,,,,,,,,,,,,,,,,,,,,,,,,,,,,,,6.07,6.7,7.49,6.78,18.0,1.4,16.0,0.6,-6.7,-5.38,-4.7,-5.88,18.0,1.42,16.0,0.6,-0.28,2.28,4.74,2.22,18.0,2.62,16.0,0.6,1019.59,1021.6,1024.43,1021.65,13.0,2.08,18.0,0.6,,,,,,,,,,,,,,,,,,,,,,,,,,,,,,,,,,,,,,,,,,,,,,,,,,,,,,,,,,,,,,,,,,,,,,,,,,,,,,,,,,,,,,,,,,,,,,,,,,,,,,,,,,,,,,,,,,,,,,,,,,,,,,,,,,
1887,9,74.3,-19.4,,,,,,,,,,,,,,,,,,,,,,,,,,,,,,,,,,,9.3,9.3,9.3,9.3,2.0,0.0,18.0,0.0,-6.58,-6.58,-6.58,-6.58,2.0,0.0,18.0,0.0,6.58,6.58,6.58,6.58,2.0,0.0,18.0,0.0,1018.3,1018.3,1018.3,1018.3,1.0,0.0,18.0,0.0,,,,,,,,,,,,,,,,,,,,,,,,,,,,,,,,,,,,,,,,,,,,,,,,,,,,,,,,,,,,,,,,,,,,,,,,,,,,,,,,,,,,,,,,,,,,,,,,,,,,,,,,,,,,,,,,,,,,,,,,,,,,,,,,,,
1887,9,74.3,-7.4,,,,,,,,,,,,,,,,,,,,,,,,,,,,,,,,,,,4.6,6.7,7.65,6.38,5.0,1.94,14.0,0.4,-5.26,-4.6,-3.4,-4.45,5.0,1.16,14.0,0.4,1.66,3.25,6.16,3.85,5.0,3.17,14.0,0.4,1010.86,1011.9,1013.93,1012.34,5.0,1.65,14.0,0.4,,,,,,,,,,,,,,,,,,,,,,,,,,,,,,,,,,,,,,,,,,,,,,,,,,,,,,,,,,,,,,,,,,,,,,,,,,,,,,,,,,,,,,,,,,,,,,,,,,,,,,,,,,,,,,,,,,,,,,,,,,,,,,,,,,
1887,9,74.3,-5.4,,,,,,,,,,,,,,,,,,,,,,,,,,,,,,,,,,,2.6,2.6,2.6,2.6,2.0,0.0,18.0,0.5,-1.55,-0.92,-0.29,-0.92,2.0,1.3,18.0,0.5,1.96,2.22,2.48,2.22,2.0,0.54,18.0,0.5,1012.27,1012.85,1013.43,1012.85,2.0,1.2,18.0,0.5,,,,,,,,,,,,,,,,,,,,,,,,,,,,,,,,,,,,,,,,,,,,,,,,,,,,,,,,,,,,,,,,,,,,,,,,,,,,,,,,,,,,,,,,,,,,,,,,,,,,,,,,,,,,,,,,,,,,,,,,,,,,,,,,,,
1887,9,74.3,-3.4,,,,,,,,,,,,,,,,,,,,,,,,,,,,,,,,,,,4.6,4.6,7.06,5.78,4.0,2.35,4.0,0.3,4.27,4.43,6.68,5.42,4.0,2.1,4.0,0.3,-1.9,0.86,1.72,-0.05,4.0,2.53,4.0,0.3,1008.04,1008.45,1008.8,1008.43,4.0,0.46,4.0,0.3,,,,,,,,,,,,,,,,,,,,,,,,,,,,,,,,,,,,,,,,,,,,,,,,,,,,,,,,,,,,,,,,,,,,,,,,,,,,,,,,,,,,,,,,,,,,,,,,,,,,,,,,,,,,,,,,,,,,,,,,,,,,,,,,,,
1887,9,74.3,0.6,,,,,,,,,,,,,,,,,,,,,,,,,,,,,,,,,,,2.6,2.6,3.97,3.27,3.0,1.15,2.0,0.3,2.53,2.53,3.86,3.18,3.0,1.13,2.0,0.3,0.58,0.58,0.89,0.73,3.0,0.26,2.0,0.3,1009.45,1011.5,1011.98,1010.73,3.0,1.97,2.0,0.3,,,,,,,,,,,,,,,,,,,,,,,,,,,,,,,,,,,,,,,,,,,,,,,,,,,,,,,,,,,,,,,,,,,,,,,,,,,,,,,,,,,,,,,,,,,,,,,,,,,,,,,,,,,,,,,,,,,,,,,,,,,,,,,,,,
1887,9,74.3,6.6,26.0,26.5,26.95,26.39,23.0,0.57,16.0,0.3,26.15,27.6,29.25,27.63,23.0,1.53,16.0,0.3,19.0,19.83,20.67,19.84,3.0,1.22,14.0,0.7,90.5,90.9,91.0,90.8,3.0,0.4,14.0,0.7,0.5,0.8,4.6,4.6,6.7,5.66,23.0,1.73,16.0,0.3,0.97,4.6,6.7,4.15,23.0,2.85,16.0,0.3,-4.25,-3.25,-0.88,-2.78,23.0,1.52,16.0,0.3,1008.7,1011.3,1013.58,1011.07,20.0,2.35,18.0,0.4,2.0,4.0,5.5,3.7,23.0,2.3,16.0,0.3,90.5,90.9,91.0,90.8,3.0,0.4,14.0,0.7,0.5,0.8,2.5,21.2,44.9,27.4,23.0,24.2,16.0,0.3,-25.1,-17.5,-3.1,-15.4,23.0,9.6,16.0,0.3,-3.0,-1.1,0.3,-1.24,23.0,1.58,16.0,0.3,-18.7,-5.1,2.0,-6.2,23.0,10.1,16.0,0.3,1.03,1.87,2.31,1.68,3.0,0.95,14.0,0.7,6.9,12.5,15.5,11.2,3.0,6.4,14.0,0.7,28.2,124.6,190.4,113.2,23.0,77.4,16.0,0.3,-120.3,-87.8,-22.6,-76.1,23.0,41.7,16.0,0.3,105.6,110.1,114.8,110.2,3.0,6.8,14.0,0.7,-77.4,-74.3,-71.2,-74.3,3.0,4.6,14.0,0.7,5.7,10.4,12.9,9.3,3.0,5.3,14.0,0.7,-8.7,-7.0,-3.9,-6.3,3.0,3.6,14.0,0.7,97.5,97.5,301.0,231.5,23.0,210.0,16.0,0.3,95.0,95.0,300.0,230.0,23.0,210.0,16.0,0.3
1887,9,74.3,8.6,26.9,27.0,27.4,26.99,9.0,0.54,22.0,0.4,26.62,27.3,28.27,27.43,9.0,1.17,22.0,0.4,19.3,19.46,19.62,19.46,2.0,0.33,24.0,0.5,87.2,88.0,88.9,88.0,2.0,1.8,24.0,0.5,0.4,0.1,2.6,4.6,6.13,4.8,9.0,3.15,22.0,0.4,1.75,1.84,5.77,3.69,9.0,3.47,22.0,0.4,-3.5,-2.41,-1.84,-2.48,9.0,1.28,22.0,0.4,1009.13,1011.2,1013.82,1011.32,9.0,2.27,22.0,0.4,2.0,3.0,5.7,3.4,9.0,1.7,22.0,0.4,87.2,88.0,88.9,88.0,2.0,1.8,24.0,0.5,0.4,0.1,4.8,7.9,36.8,27.1,9.0,46.0,22.0,0.4,-18.4,-6.3,-4.8,-12.7,9.0,13.4,22.0,0.4,-1.26,-0.4,0.37,-0.44,9.0,0.97,22.0,0.4,-5.3,-1.0,1.4,-2.6,9.0,6.5,22.0,0.4,2.59,2.75,2.91,2.75,2.0,0.33,24.0,0.5,6.7,7.1,7.6,7.1,2.0,0.9,24.0,0.5,48.1,51.3,147.7,100.8,9.0,96.9,22.0,0.4,-98.4,-70.9,-49.0,-68.7,9.0,35.6,22.0,0.4,35.5,35.8,36.1,35.8,2.0,0.6,24.0,0.5,-36.1,-35.8,-35.5,-35.8,2.0,0.6,24.0,0.5,4.8,5.1,5.4,5.1,2.0,0.6,24.0,0.5,-5.4,-5.1,-4.8,-5.1,2.0,0.6,24.0,0.5,17.5,97.5,246.0,280.5,9.0,599.5,22.0,0.4,20.0,95.0,245.0,280.0,9.0,600.0,22.0,0.4
1887,9,76.3,-45.4,8.9,8.9,8.9,8.9,2.0,0.0,16.0,0.0,7.2,7.2,7.2,7.2,2.0,0.0,16.0,0.0,4.07,4.07,4.07,4.07,2.0,0.0,16.0,0.0,64.2,64.2,64.2,64.2,2.0,0.0,16.0,0.0,0.3,0.8,19.0,19.0,19.0,19.0,2.0,0.0,16.0,0.0,18.07,18.07,18.07,18.07,2.0,0.0,16.0,0.0,5.87,5.87,5.87,5.87,2.0,0.0,16.0,0.0,1002.75,1002.85,1002.95,1002.85,2.0,0.21,16.0,0.0,7.0,7.0,7.0,7.0,2.0,0.0,16.0,0.0,64.2,64.2,64.2,64.2,2.0,0.0,16.0,0.0,0.3,0.8,343.3,343.3,343.3,343.3,2.0,0.0,16.0,0.0,111.6,111.6,111.6,111.6,2.0,0.0,16.0,0.0,1.7,1.7,1.7,1.7,2.0,0.0,16.0,0.0,32.3,32.3,32.3,32.3,2.0,0.0,16.0,0.0,3.06,3.06,3.06,3.06,2.0,0.0,16.0,0.0,58.1,58.1,58.1,58.1,2.0,0.0,16.0,0.0,130.1,130.1,130.1,130.1,2.0,0.0,16.0,0.0,42.3,42.3,42.3,42.3,2.0,0.0,16.0,0.0,73.6,73.6,73.6,73.6,2.0,0.0,16.0,0.0,23.9,23.9,23.9,23.9,2.0,0.0,16.0,0.0,55.2,55.2,55.2,55.2,2.0,0.0,16.0,0.0,17.9,17.9,18.0,17.9,2.0,0.0,16.0,0.0,6859.0,6859.0,6859.0,6859.0,2.0,0.0,16.0,0.0,6860.0,6860.0,6860.0,6860.0,2.0,0.0,16.0,0.0
1887,9,76.3,-43.4,7.8,8.3,8.9,8.28,11.0,0.46,10.0,0.4,3.3,3.3,7.2,4.78,11.0,1.79,10.0,0.4,3.8,4.07,4.07,3.94,3.0,0.23,16.0,0.0,60.0,64.2,64.2,62.2,3.0,3.6,16.0,0.0,0.7,0.0,6.7,9.3,19.0,11.14,12.0,5.16,10.0,0.4,3.67,8.2,14.92,8.47,12.0,5.21,10.0,0.4,-5.97,-2.72,9.21,0.28,12.0,7.52,10.0,0.4,993.5,993.9,1003.0,995.95,12.0,4.28,10.0,0.4,5.2,6.5,8.0,6.2,12.0,1.9,10.0,0.4,60.0,64.2,64.2,62.2,3.0,3.6,16.0,0.0,0.7,0.0,24.6,76.5,283.5,117.9,12.0,116.6,10.0,0.4,-45.4,-19.4,175.0,32.2,12.0,109.9,10.0,0.4,1.7,4.5,4.71,3.5,11.0,1.4,10.0,0.4,31.4,33.2,41.9,34.9,11.0,9.2,10.0,0.4,3.06,3.06,3.33,3.19,3.0,0.23,16.0,0.0,58.1,58.1,63.2,60.6,3.0,4.3,16.0,0.0,16.4,28.8,110.0,48.8,11.0,43.8,10.0,0.4,-26.1,-0.8,66.3,10.6,11.0,45.6,10.0,0.4,57.5,67.7,67.7,62.7,3.0,8.6,16.0,0.0,37.5,37.5,43.2,40.3,3.0,4.8,16.0,0.0,49.9,50.8,50.8,50.4,3.0,0.8,16.0,0.0,28.2,28.2,38.3,33.1,3.0,8.6,16.0,0.0,301.0,804.5,6859.0,2284.5,12.0,2815.5,10.0,0.4,300.0,805.0,6860.0,2285.0,12.0,2815.0,10.0,0.4
1887,9,76.3,-41.4,,,,,,,,,,,,,,,,,,,,,,,,,,,,,,,,,,,15.25,19.0,30.9,20.41,7.0,7.53,24.0,0.7,12.23,14.18,22.17,17.19,7.0,6.37,24.0,0.7,-11.01,0.0,12.07,0.44,7.0,12.55,24.0,0.7,993.24,996.05,998.41,995.78,8.0,2.47,24.0,0.6,,,,,,,,,,,,,,,,,,,,,,,,,,,,,,,,,,,,,,,,,,,,,,,,,,,,,,,,,,,,,,,,,,,,,,,,,,,,,,,,,,,,,,,,,,,,,,,,,,,,,,,,,,,,,,,,,,,,,,,,,,,,,,,,,,
1887,9,76.3,-39.4,,,,,,,,,,,,,,,,,,,,,,,,,,,,,,,,,,,10.25,12.3,19.33,14.73,3.0,6.98,24.0,1.0,10.25,12.3,18.21,14.18,3.0,6.05,24.0,1.0,0.0,0.0,5.78,2.82,3.0,4.89,24.0,1.0,1007.7,1007.7,1007.7,1007.7,1.0,0.0,28.0,1.0,,,,,,,,,,,,,,,,,,,,,,,,,,,,,,,,,,,,,,,,,,,,,,,,,,,,,,,,,,,,,,,,,,,,,,,,,,,,,,,,,,,,,,,,,,,,,,,,,,,,,,,,,,,,,,,,,,,,,,,,,,,,,,,,,,
1887,9,76.3,-37.4,,,,,,,,,,,,,,,,,,,,,,,,,,,,,,,,,,,6.7,9.3,9.3,8.56,7.0,1.27,14.0,0.6,6.58,9.13,9.14,8.42,7.0,1.26,14.0,0.6,-1.77,-1.77,-1.22,-1.38,7.0,0.65,14.0,0.6,1021.0,1022.0,1023.43,1022.26,7.0,1.16,14.0,0.6,,,,,,,,,,,,,,,,,,,,,,,,,,,,,,,,,,,,,,,,,,,,,,,,,,,,,,,,,,,,,,,,,,,,,,,,,,,,,,,,,,,,,,,,,,,,,,,,,,,,,,,,,,,,,,,,,,,,,,,,,,,,,,,,,,
1887,9,76.3,-21.4,,,,,,,,,,,,,,,,,,,,,,,,,,,,,,,,,,,5.27,6.7,6.7,6.0,3.0,1.21,28.0,0.3,-6.7,-6.7,-5.02,-5.88,3.0,1.42,28.0,0.3,0.0,0.0,1.23,0.6,3.0,1.04,28.0,0.3,1020.25,1020.8,1021.35,1020.8,3.0,0.8,28.0,0.3,,,,,,,,,,,,,,,,,,,,,,,,,,,,,,,,,,,,,,,,,,,,,,,,,,,,,,,,,,,,,,,,,,,,,,,,,,,,,,,,,,,,,,,,,,,,,,,,,,,,,,,,,,,,,,,,,,,,,,,,,,,,,,,,,,
1887,9,76.3,-19.4,,,,,,,,,,,,,,,,,,,,,,,,,,,,,,,,,,,6.99,9.3,9.3,8.65,8.0,1.2,18.0,0.4,-6.58,-6.58,-4.94,-6.18,8.0,0.91,18.0,0.4,4.88,6.58,6.58,6.04,8.0,0.83,18.0,0.4,1019.0,1019.3,1019.6,1019.3,4.0,0.35,18.0,0.5,,,,,,,,,,,,,,,,,,,,,,,,,,,,,,,,,,,,,,,,,,,,,,,,,,,,,,,,,,,,,,,,,,,,,,,,,,,,,,,,,,,,,,,,,,,,,,,,,,,,,,,,,,,,,,,,,,,,,,,,,,,,,,,,,,
1887,9,76.3,-7.4,,,,,,,,,,,,,,,,,,,,,,,,,,,,,,,,,,,1.0,2.8,7.06,3.98,4.0,3.93,16.0,0.3,-4.99,-2.09,-0.81,-2.86,4.0,2.73,16.0,0.3,0.54,1.98,4.99,2.73,4.0,2.87,16.0,0.3,1011.84,1012.6,1013.78,1012.52,6.0,1.54,14.0,0.5,,,,,,,,,,,,,,,,,,,,,,,,,,,,,,,,,,,,,,,,,,,,,,,,,,,,,,,,,,,,,,,,,,,,,,,,,,,,,,,,,,,,,,,,,,,,,,,,,,,,,,,,,,,,,,,,,,,,,,,,,,,,,,,,,,
1887,9,76.3,-3.4,,,,,,,,,,,,,,,,,,,,,,,,,,,,,,,,,,,4.6,4.6,6.03,5.3,3.0,1.21,4.0,0.7,3.68,4.6,6.03,4.85,3.0,1.74,4.0,0.7,-2.22,0.0,0.0,-1.08,3.0,1.88,4.0,0.7,1008.96,1009.1,1009.78,1009.37,3.0,0.64,4.0,0.7,,,,,,,,,,,,,,,,,,,,,,,,,,,,,,,,,,,,,,,,,,,,,,,,,,,,,,,,,,,,,,,,,,,,,,,,,,,,,,,,,,,,,,,,,,,,,,,,,,,,,,,,,,,,,,,,,,,,,,,,,,,,,,,,,,
1887,9,76.3,0.6,,,,,,,,,,,,,,,,,,,,,,,,,,,,,,,,,,,6.7,6.7,6.7,6.7,2.0,0.0,2.0,1.0,6.53,6.53,6.53,6.53,2.0,0.0,2.0,1.0,1.51,1.51,1.51,1.51,2.0,0.0,2.0,1.0,1010.87,1011.25,1011.63,1011.25,2.0,0.78,2.0,1.0,,,,,,,,,,,,,,,,,,,,,,,,,,,,,,,,,,,,,,,,,,,,,,,,,,,,,,,,,,,,,,,,,,,,,,,,,,,,,,,,,,,,,,,,,,,,,,,,,,,,,,,,,,,,,,,,,,,,,,,,,,,,,,,,,,
1887,9,76.3,6.6,25.32,25.95,26.7,25.93,30.0,0.73,18.0,0.7,25.6,27.0,28.66,27.16,30.0,1.42,18.0,0.7,18.6,19.02,19.59,19.09,4.0,0.58,18.0,0.5,88.5,90.3,91.8,90.1,4.0,2.6,18.0,0.5,0.5,0.8,2.6,4.6,6.7,5.2,30.0,2.59,18.0,0.7,1.84,4.6,6.63,4.65,30.0,2.43,18.0,0.7,-2.87,-1.8,0.0,-1.54,30.0,1.97,18.0,0.7,1008.3,1010.35,1012.56,1010.58,28.0,2.18,18.0,0.6,2.0,3.0,6.0,3.5,30.0,2.1,18.0,0.7,88.5,90.3,91.8,90.1,4.0,2.6,18.0,0.5,0.5,0.8,4.8,21.2,44.9,30.1,30.0,27.6,18.0,0.7,-17.5,-4.8,0.0,-10.8,30.0,18.2,18.0,0.7,-2.54,-1.2,0.38,-1.23,30.0,1.33,18.0,0.7,-10.9,-5.0,1.6,-5.5,30.0,7.9,18.0,0.7,-0.25,1.0,2.0,0.88,4.0,1.32,18.0,0.5,-1.1,3.1,9.2,4.0,4.0,6.7,18.0,0.5,53.1,123.5,176.6,125.2,30.0,64.5,18.0,0.7,-81.1,-47.4,0.0,-41.5,30.0,53.0,18.0,0.7,58.5,102.9,122.3,91.0,4.0,41.1,18.0,0.5,-35.6,-29.6,-23.8,-29.7,4.0,6.8,18.0,0.5,-0.9,2.3,8.4,3.6,4.0,6.4,18.0,0.5,-3.2,-1.3,0.5,-1.3,4.0,2.2,18.0,0.5,17.5,97.5,301.0,248.5,30.0,366.5,18.0,0.7,20.0,95.0,300.0,250.0,30.0,365.0,18.0,0.7
1887,9,76.3,8.6,,,,,,,,,,,,,,,,,,,,,,,,,,,,,,,,,,,6.7,6.7,6.7,6.7,1.0,0.0,28.0,0.0,4.74,4.74,4.74,4.74,1.0,0.0,28.0,0.0,-4.74,-4.74,-4.74,-4.74,1.0,0.0,28.0,0.0,1011.4,1011.4,1011.4,1011.4,1.0,0.0,28.0,0.0,,,,,,,,,,,,,,,,,,,,,,,,,,,,,,,,,,,,,,,,,,,,,,,,,,,,,,,,,,,,,,,,,,,,,,,,,,,,,,,,,,,,,,,,,,,,,,,,,,,,,,,,,,,,,,,,,,,,,,,,,,,,,,,,,,
1887,9,78.3,-45.4,8.9,8.9,8.9,8.9,6.0,0.0,16.0,0.8,7.68,8.3,8.3,8.03,6.0,0.45,16.0,0.8,4.24,4.57,4.57,4.44,6.0,0.21,16.0,0.8,64.7,66.8,66.8,66.1,6.0,1.2,16.0,0.8,0.5,0.9,12.3,12.3,12.94,12.82,6.0,1.27,16.0,0.8,10.45,10.76,11.66,10.83,6.0,0.9,16.0,0.8,4.03,5.96,8.49,5.45,6.0,4.64,16.0,0.8,1002.64,1003.35,1003.7,1003.2,6.0,0.58,16.0,0.8,6.0,6.0,7.2,6.5,6.0,0.8,16.0,0.8,64.7,66.8,66.8,66.1,6.0,1.2,16.0,0.8,0.5,0.9,128.6,132.3,152.4,139.3,6.0,21.9,16.0,0.8,49.6,73.3,110.9,72.2,6.0,64.3,16.0,0.8,0.6,0.6,1.22,0.87,6.0,0.45,16.0,0.8,7.4,7.4,16.1,11.5,6.0,7.6,16.0,0.8,2.56,2.56,2.89,2.69,6.0,0.21,16.0,0.8,31.5,31.5,37.5,34.7,6.0,6.2,16.0,0.8,81.4,89.3,91.1,87.0,6.0,8.5,16.0,0.8,33.5,49.5,65.0,42.7,6.0,36.0,16.0,0.8,45.7,49.1,50.2,48.1,6.0,4.7,16.0,0.8,18.4,27.2,35.9,23.6,6.0,20.0,16.0,0.8,27.3,27.6,31.4,29.1,6.0,3.4,16.0,0.8,10.3,15.3,24.6,15.2,6.0,13.2,16.0,0.8,1861.0,1861.0,2231.0,2159.5,6.0,731.5,16.0,0.8,1860.0,1860.0,2230.0,2160.0,6.0,730.0,16.0,0.8
1887,9,78.3,-43.4,,,,,,,,,,,,,,,,,,,,,,,,,,,,,,,,,,,6.7,9.3,12.3,9.41,7.0,2.29,10.0,0.3,1.28,1.77,11.93,5.59,7.0,5.15,10.0,0.3,-2.98,6.58,9.13,3.89,7.0,5.29,10.0,0.3,994.2,994.6,997.38,995.69,7.0,1.9,10.0,0.3,,,,,,,,,,,,,,,,,,,,,,,,,,,,,,,,,,,,,,,,,,,,,,,,,,,,,,,,,,,,,,,,,,,,,,,,,,,,,,,,,,,,,,,,,,,,,,,,,,,,,,,,,,,,,,,,,,,,,,,,,,,,,,,,,,
1887,9,78.3,-41.4,,,,,,,,,,,,,,,,,,,,,,,,,,,,,,,,,,,21.48,26.8,29.6,25.57,3.0,6.05,22.0,0.3,13.57,26.8,27.92,20.89,3.0,11.69,22.0,0.3,-8.24,0.0,11.94,1.81,3.0,14.86,22.0,0.3,989.52,991.8,993.81,991.9,5.0,3.32,24.0,0.4,,,,,,,,,,,,,,,,,,,,,,,,,,,,,,,,,,,,,,,,,,,,,,,,,,,,,,,,,,,,,,,,,,,,,,,,,,,,,,,,,,,,,,,,,,,,,,,,,,,,,,,,,,,,,,,,,,,,,,,,,,,,,,,,,,
1887,9,78.3,-39.4,12.65,12.8,12.93,12.74,12.0,0.43,8.0,0.4,10.0,11.1,11.7,10.93,12.0,0.88,8.0,0.4,7.38,7.64,7.9,7.64,2.0,0.55,10.0,1.0,90.6,93.0,94.1,92.3,11.0,2.4,8.0,0.4,0.1,0.3,19.57,20.8,22.03,20.8,2.0,2.55,8.0,0.5,15.25,17.68,20.11,17.68,2.0,5.03,8.0,0.5,-11.92,-10.22,-8.52,-10.22,2.0,3.52,8.0,0.5,999.05,999.15,999.25,999.15,2.0,0.21,10.0,1.0,5.0,7.0,7.0,6.3,12.0,1.2,8.0,0.4,90.6,93.0,94.1,92.3,11.0,2.4,8.0,0.4,0.1,0.3,301.9,374.1,446.4,374.1,2.0,149.7,8.0,0.5,-230.9,-208.1,-185.3,-208.1,2.0,47.3,8.0,0.5,,,,,,,,,,,,,,,,,,,,,,,,,,,,,,,,,,,,,,,,,,,,,,,,,,,,,,,,,,,,,,,,,,,,,,,,,,,,,,,,,,,,,,,,,,,,,,,,
1887,9,78.3,-37.4,,,,,,,,,,,,,,,,,,,,,,,,,,,,,,,,,,,12.3,12.3,15.4,13.09,8.0,2.17,16.0,0.3,12.3,12.3,14.28,12.67,8.0,1.68,16.0,0.3,0.0,0.0,5.77,2.16,8.0,2.99,16.0,0.3,1021.0,1021.0,1021.0,1021.0,8.0,0.0,16.0,0.3,,,,,,,,,,,,,,,,,,,,,,,,,,,,,,,,,,,,,,,,,,,,,,,,,,,,,,,,,,,,,,,,,,,,,,,,,,,,,,,,,,,,,,,,,,,,,,,,,,,,,,,,,,,,,,,,,,,,,,,,,,,,,,,,,,
1887,9,78.3,-21.4,,,,,,,,,,,,,,,,,,,,,,,,,,,,,,,,,,,2.6,2.6,4.6,3.27,6.0,1.03,26.0,0.7,-4.6,-2.5,-2.39,-3.16,6.0,1.12,26.0,0.7,0.0,0.51,1.02,0.51,6.0,0.56,26.0,0.7,1016.2,1017.8,1020.14,1018.12,6.0,1.89,26.0,0.7,,,,,,,,,,,,,,,,,,,,,,,,,,,,,,,,,,,,,,,,,,,,,,,,,,,,,,,,,,,,,,,,,,,,,,,,,,,,,,,,,,,,,,,,,,,,,,,,,,,,,,,,,,,,,,,,,,,,,,,,,,,,,,,,,,
1887,9,78.3,-19.4,,,,,,,,,,,,,,,,,,,,,,,,,,,,,,,,,,,8.35,9.3,9.3,8.78,5.0,1.16,18.0,0.6,-6.58,-6.58,-5.9,-6.21,5.0,0.82,18.0,0.6,5.9,6.58,6.58,6.21,5.0,0.82,18.0,0.6,1017.6,1017.6,1017.8,1017.7,3.0,0.17,18.0,0.3,,,,,,,,,,,,,,,,,,,,,,,,,,,,,,,,,,,,,,,,,,,,,,,,,,,,,,,,,,,,,,,,,,,,,,,,,,,,,,,,,,,,,,,,,,,,,,,,,,,,,,,,,,,,,,,,,,,,,,,,,,,,,,,,,,
1887,9,78.3,-7.4,,,,,,,,,,,,,,,,,,,,,,,,,,,,,,,,,,,5.85,6.7,9.3,6.88,6.0,2.45,14.0,0.5,-3.74,-3.0,-2.49,-3.19,6.0,0.91,14.0,0.5,3.97,6.21,8.62,5.9,6.0,2.84,14.0,0.5,1011.86,1012.1,1013.52,1012.48,6.0,0.85,14.0,0.5,,,,,,,,,,,,,,,,,,,,,,,,,,,,,,,,,,,,,,,,,,,,,,,,,,,,,,,,,,,,,,,,,,,,,,,,,,,,,,,,,,,,,,,,,,,,,,,,,,,,,,,,,,,,,,,,,,,,,,,,,,,,,,,,,,
1887,9,78.3,-3.4,,,,,,,,,,,,,,,,,,,,,,,,,,,,,,,,,,,3.55,4.6,4.6,4.1,4.0,1.0,4.0,0.5,3.28,4.42,4.6,3.96,4.0,1.05,4.0,0.5,-0.94,0.0,0.51,-0.21,4.0,1.16,4.0,0.5,1008.63,1010.3,1010.55,1009.63,4.0,1.57,4.0,0.5,,,,,,,,,,,,,,,,,,,,,,,,,,,,,,,,,,,,,,,,,,,,,,,,,,,,,,,,,,,,,,,,,,,,,,,,,,,,,,,,,,,,,,,,,,,,,,,,,,,,,,,,,,,,,,,,,,,,,,,,,,,,,,,,,,
1887,9,78.3,4.6,26.37,26.5,27.0,26.58,12.0,0.34,16.0,0.1,26.88,28.6,30.38,28.57,11.0,1.54,16.0,0.1,20.01,20.24,20.47,20.24,2.0,0.48,12.0,0.5,85.0,87.4,89.8,87.4,2.0,5.0,12.0,0.5,0.7,0.9,2.6,5.65,6.7,5.15,12.0,1.78,16.0,0.1,2.39,5.2,6.7,4.95,12.0,1.85,16.0,0.1,-1.8,-1.02,0.24,-0.77,12.0,1.14,16.0,0.1,1009.31,1009.7,1011.61,1010.16,8.0,2.05,18.0,0.1,2.0,3.0,4.4,3.0,11.0,1.6,16.0,0.1,85.0,87.4,89.8,87.4,2.0,5.0,12.0,0.5,0.7,0.9,6.2,30.4,44.9,28.5,12.0,17.1,16.0,0.1,-8.3,-2.6,1.6,-3.1,12.0,6.7,16.0,0.1,-3.67,-2.1,-0.56,-1.99,11.0,1.43,16.0,0.1,-17.8,-5.5,-3.3,-9.7,11.0,8.3,16.0,0.1,0.62,0.87,1.12,0.87,2.0,0.52,12.0,0.5,4.1,5.8,7.5,5.8,2.0,3.5,12.0,0.5,70.3,176.5,184.7,142.0,11.0,51.3,16.0,0.1,-54.6,-28.6,10.2,-20.5,11.0,34.1,16.0,0.1,132.7,134.3,135.8,134.3,2.0,3.2,12.0,0.5,18.7,18.9,19.1,18.9,2.0,0.4,12.0,0.5,4.1,5.8,7.4,5.8,2.0,3.4,12.0,0.5,0.6,0.8,1.0,0.8,2.0,0.5,12.0,0.5,17.5,199.0,301.0,179.0,12.0,130.5,16.0,0.1,20.0,200.0,300.0,180.0,12.0,130.0,16.0,0.1
1887,9,78.3,6.6,25.55,26.0,26.9,26.17,23.0,0.71,18.0,0.4,25.6,26.6,27.75,26.74,23.0,1.22,18.0,0.4,18.8,19.18,19.56,19.18,4.0,0.56,18.0,0.5,89.0,92.0,95.2,92.1,4.0,4.1,18.0,0.5,0.4,0.6,3.27,6.7,9.3,6.81,22.0,3.08,18.0,0.5,3.02,6.39,9.3,6.33,22.0,3.27,18.0,0.5,-2.62,0.0,2.39,0.09,22.0,2.33,18.0,0.5,1008.4,1009.9,1011.9,1009.91,23.0,1.72,18.0,0.4,2.0,3.0,6.0,3.7,23.0,2.1,18.0,0.4,89.0,92.0,95.2,92.1,4.0,4.1,18.0,0.5,0.4,0.6,10.7,42.8,86.5,52.6,22.0,42.0,18.0,0.5,-17.5,0.0,8.9,-1.3,22.0,19.8,18.0,0.5,-1.75,-0.5,0.75,-0.57,23.0,1.13,18.0,0.4,-7.4,-3.3,7.4,-1.5,22.0,6.5,18.0,0.5,0.83,1.52,2.24,1.54,4.0,0.91,18.0,0.5,6.2,12.6,17.3,11.8,4.0,6.5,18.0,0.5,85.7,170.6,243.4,166.9,22.0,83.0,18.0,0.5,-71.9,0.0,64.7,2.4,22.0,61.0,18.0,0.5,125.9,147.2,164.2,145.2,4.0,22.3,18.0,0.5,-69.7,-46.6,2.0,-34.4,4.0,45.4,18.0,0.5,6.0,11.8,16.5,11.2,4.0,6.2,18.0,0.5,-5.1,-2.5,0.0,-2.5,4.0,3.4,18.0,0.5,44.0,301.0,804.5,500.0,22.0,533.0,18.0,0.5,45.0,300.0,805.0,500.0,22.0,535.0,18.0,0.5
1887,9,80.3,-45.4,8.9,8.9,8.9,8.9,5.0,0.0,16.0,0.0,7.8,9.4,9.62,8.88,5.0,1.02,16.0,0.0,5.36,5.99,6.54,5.93,5.0,0.76,16.0,0.0,77.7,86.0,86.7,82.5,5.0,6.3,16.0,0.0,0.5,0.8,12.3,12.3,12.3,12.3,5.0,0.0,16.0,0.0,5.96,5.96,11.82,8.31,5.0,3.21,16.0,0.0,-10.76,-10.76,-3.39,-7.81,5.0,4.04,16.0,0.0,995.06,998.3,1000.62,997.9,5.0,3.22,16.0,0.0,6.0,6.0,6.0,6.0,5.0,0.0,16.0,0.0,77.7,86.0,86.7,82.5,5.0,6.3,16.0,0.0,0.5,0.8,73.3,73.3,145.4,102.2,5.0,39.5,16.0,0.0,-132.3,-132.3,-41.7,-96.1,5.0,49.6,16.0,0.0,-0.72,-0.5,1.1,0.02,5.0,1.02,16.0,0.0,-8.8,-6.1,13.5,0.2,5.0,12.5,16.0,0.0,0.64,1.17,1.78,1.24,5.0,0.73,16.0,0.0,7.9,14.4,22.0,15.3,5.0,9.0,16.0,0.0,56.1,59.6,92.2,71.2,5.0,19.2,16.0,0.0,-103.5,-101.1,-26.4,-72.5,5.0,42.2,16.0,0.0,37.4,40.1,60.4,47.6,5.0,13.7,16.0,0.0,-70.4,-64.5,-18.2,-48.3,5.0,28.1,16.0,0.0,3.8,7.0,21.1,11.9,5.0,10.6,16.0,0.0,-9.7,-8.0,-5.0,-7.7,5.0,3.1,16.0,0.0,1861.0,1861.0,1861.0,1861.0,5.0,0.0,16.0,0.0,1860.0,1860.0,1860.0,1860.0,5.0,0.0,16.0,0.0
1887,9,80.3,-43.4,,,,,,,,,,,,,,,,,,,,,,,,,,,,,,,,,,,9.3,9.3,9.44,9.73,7.0,1.13,8.0,0.7,1.52,7.71,7.76,5.4,7.0,4.55,8.0,0.7,5.2,5.2,8.72,6.75,7.0,1.94,8.0,0.7,999.79,1000.15,1000.38,1000.05,6.0,0.58,10.0,0.7,,,,,,,,,,,,,,,,,,,,,,,,,,,,,,,,,,,,,,,,,,,,,,,,,,,,,,,,,,,,,,,,,,,,,,,,,,,,,,,,,,,,,,,,,,,,,,,,,,,,,,,,,,,,,,,,,,,,,,,,,,,,,,,,,,
1887,9,80.3,-41.4,,,,,,,,,,,,,,,,,,,,,,,,,,,,,,,,,,,11.68,12.3,23.47,15.93,6.0,7.02,28.0,0.7,11.68,12.3,23.47,15.93,6.0,7.02,28.0,0.7,0.0,0.0,0.0,0.0,6.0,0.0,28.0,0.7,994.5,1000.25,1005.3,999.68,6.0,5.5,28.0,0.7,,,,,,,,,,,,,,,,,,,,,,,,,,,,,,,,,,,,,,,,,,,,,,,,,,,,,,,,,,,,,,,,,,,,,,,,,,,,,,,,,,,,,,,,,,,,,,,,,,,,,,,,,,,,,,,,,,,,,,,,,,,,,,,,,,
1887,9,80.3,-39.4,11.7,11.7,12.2,11.97,14.0,0.36,12.0,0.6,6.1,7.8,8.3,8.14,14.0,2.6,12.0,0.6,5.49,5.5,5.7,5.59,4.0,0.19,10.0,0.0,92.1,93.3,100.0,94.6,12.0,4.4,10.0,0.5,0.7,0.6,10.58,15.4,15.4,13.3,10.0,3.13,16.0,0.6,7.14,10.89,12.75,10.17,10.0,3.32,16.0,0.6,-10.89,1.82,9.4,0.26,10.0,8.96,16.0,0.6,1001.67,1003.0,1005.61,1004.34,7.0,3.64,18.0,0.4,6.7,7.0,8.0,7.2,12.0,0.7,10.0,0.5,92.1,93.3,100.0,94.6,12.0,4.4,10.0,0.5,0.7,0.6,63.7,158.5,194.7,141.3,10.0,65.5,16.0,0.6,-167.7,15.7,124.2,-1.5,10.0,130.9,16.0,0.6,3.4,4.15,5.6,3.84,14.0,2.53,12.0,0.6,-4.9,52.4,67.2,40.7,8.0,43.2,14.0,0.5,2.91,3.12,3.27,3.09,4.0,0.28,10.0,0.0,21.4,28.3,35.2,28.3,2.0,14.2,10.0,0.0,39.5,101.3,126.3,90.4,8.0,46.2,14.0,0.5,-42.9,28.9,68.7,7.2,8.0,77.0,14.0,0.5,25.1,29.4,33.7,29.4,2.0,8.9,10.0,0.0,24.1,40.1,56.1,40.1,2.0,33.1,10.0,0.0,13.7,14.8,16.0,14.8,2.0,2.4,10.0,0.0,12.2,21.9,31.6,21.9,2.0,20.0,10.0,0.0,1257.0,3652.5,3652.5,2674.0,10.0,1341.5,16.0,0.6,1255.0,3650.0,3650.0,2675.0,10.0,1340.0,16.0,0.6
1887,9,80.3,-37.4,,,,,,,,,,,,,,,,,,,,,,,,,,,,,,,,,,,7.4,9.3,9.3,9.4,9.0,2.52,18.0,0.7,7.22,9.3,9.3,9.12,9.0,2.21,18.0,0.7,0.0,0.0,3.48,1.42,9.0,2.22,18.0,0.7,1021.0,1021.0,1021.0,1019.5,9.0,4.5,18.0,0.7,,,,,,,,,,,,,,,,,,,,,,,,,,,,,,,,,,,,,,,,,,,,,,,,,,,,,,,,,,,,,,,,,,,,,,,,,,,,,,,,,,,,,,,,,,,,,,,,,,,,,,,,,,,,,,,,,,,,,,,,,,,,,,,,,,
1887,9,80.3,-21.4,,,,,,,,,,,,,,,,,,,,,,,,,,,,,,,,,,,4.6,4.6,5.37,5.02,5.0,0.94,26.0,0.6,-4.65,-4.23,-4.23,-4.41,5.0,0.24,26.0,0.6,1.14,1.8,2.87,2.03,5.0,1.7,26.0,0.6,1017.02,1017.8,1018.77,1017.92,5.0,1.12,26.0,0.6,,,,,,,,,,,,,,,,,,,,,,,,,,,,,,,,,,,,,,,,,,,,,,,,,,,,,,,,,,,,,,,,,,,,,,,,,,,,,,,,,,,,,,,,,,,,,,,,,,,,,,,,,,,,,,,,,,,,,,,,,,,,,,,,,,
1887,9,80.3,-19.4,,,,,,,,,,,,,,,,,,,,,,,,,,,,,,,,,,,8.35,9.3,9.3,8.78,5.0,1.16,18.0,0.8,-6.58,-6.58,-5.9,-6.21,5.0,0.82,18.0,0.8,5.9,6.58,6.58,6.21,5.0,0.82,18.0,0.8,1017.12,1017.6,1017.6,1017.37,3.0,0.4,18.0,0.7,,,,,,,,,,,,,,,,,,,,,,,,,,,,,,,,,,,,,,,,,,,,,,,,,,,,,,,,,,,,,,,,,,,,,,,,,,,,,,,,,,,,,,,,,,,,,,,,,,,,,,,,,,,,,,,,,,,,,,,,,,,,,,,,,,
1887,9,80.3,-15.4,23.3,23.9,23.9,23.64,7.0,0.32,30.0,0.3,23.9,23.9,23.92,23.97,7.0,0.19,30.0,0.3,16.65,17.32,17.52,17.12,7.0,0.44,30.0,0.3,90.8,91.4,95.3,92.8,7.0,2.3,30.0,0.3,0.6,0.1,9.3,9.3,9.3,9.3,7.0,0.0,30.0,0.3,-9.13,-9.13,-8.56,-8.97,7.0,0.28,30.0,0.3,1.77,1.77,3.63,2.31,7.0,0.91,30.0,0.3,1018.46,1018.8,1020.5,1019.19,7.0,1.04,30.0,0.3,2.0,6.0,8.0,5.3,7.0,2.5,30.0,0.3,90.8,91.4,95.3,92.8,7.0,2.3,30.0,0.3,0.6,0.1,-84.9,-84.9,-79.6,-83.4,7.0,2.6,30.0,0.3,16.5,16.5,33.8,21.4,7.0,8.4,30.0,0.3,-0.6,-0.5,0.0,-0.33,7.0,0.31,30.0,0.3,-5.6,-4.6,0.0,-3.1,7.0,2.9,30.0,0.3,0.22,1.05,1.71,0.98,7.0,0.62,30.0,0.3,2.0,9.8,15.9,9.1,7.0,5.7,30.0,0.3,-218.2,-218.2,-208.7,-214.9,7.0,5.7,30.0,0.3,42.4,42.4,86.9,55.4,7.0,22.1,30.0,0.3,-159.9,-152.0,-148.0,-153.5,7.0,6.7,30.0,0.3,29.5,31.1,60.7,39.4,7.0,15.3,30.0,0.3,-14.7,-9.3,-2.0,-8.7,7.0,5.4,30.0,0.3,0.4,1.9,4.1,2.5,7.0,2.1,30.0,0.3,804.5,804.5,804.5,804.5,7.0,0.0,30.0,0.3,805.0,805.0,805.0,805.0,7.0,0.0,30.0,0.3
1887,9,80.3,-9.4,,,,,,,,,,,,,,,,,,,,,,,,,,,,,,,,,,,2.6,2.6,2.6,2.6,1.0,0.0,16.0,0.0,-0.97,-0.97,-0.97,-0.97,1.0,0.0,16.0,0.0,2.41,2.41,2.41,2.41,1.0,0.0,16.0,0.0,1012.6,1012.6,1012.6,1012.6,1.0,0.0,16.0,0.0,,,,,,,,,,,,,,,,,,,,,,,,,,,,,,,,,,,,,,,,,,,,,,,,,,,,,,,,,,,,,,,,,,,,,,,,,,,,,,,,,,,,,,,,,,,,,,,,,,,,,,,,,,,,,,,,,,,,,,,,,,,,,,,,,,
1887,9,80.3,-7.4,,,,,,,,,,,,,,,,,,,,,,,,,,,,,,,,,,,0.0,3.6,6.7,3.74,8.0,3.63,20.0,0.4,0.0,0.0,0.0,-0.08,8.0,1.58,20.0,0.4,0.0,2.93,6.64,3.5,8.0,3.56,20.0,0.4,1010.97,1011.95,1013.57,1012.11,8.0,1.16,20.0,0.4,,,,,,,,,,,,,,,,,,,,,,,,,,,,,,,,,,,,,,,,,,,,,,,,,,,,,,,,,,,,,,,,,,,,,,,,,,,,,,,,,,,,,,,,,,,,,,,,,,,,,,,,,,,,,,,,,,,,,,,,,,,,,,,,,,
1887,9,80.3,-3.4,,,,,,,,,,,,,,,,,,,,,,,,,,,,,,,,,,,3.23,4.6,4.6,3.93,3.0,1.15,2.0,0.3,3.13,4.27,4.49,3.82,3.0,1.07,2.0,0.3,0.0,0.0,1.18,0.57,3.0,0.99,2.0,0.3,1009.75,1010.5,1011.18,1010.47,3.0,1.05,2.0,0.3,,,,,,,,,,,,,,,,,,,,,,,,,,,,,,,,,,,,,,,,,,,,,,,,,,,,,,,,,,,,,,,,,,,,,,,,,,,,,,,,,,,,,,,,,,,,,,,,,,,,,,,,,,,,,,,,,,,,,,,,,,,,,,,,,,
1887,9,80.3,2.6,,,,,,,,,,,,,,,,,,,,,,,,,,,,,,,,,,,9.3,9.3,9.3,9.3,1.0,0.0,6.0,0.0,9.25,9.25,9.25,9.25,1.0,0.0,6.0,0.0,0.97,0.97,0.97,0.97,1.0,0.0,6.0,0.0,1007.9,1007.9,1007.9,1007.9,1.0,0.0,6.0,0.0,,,,,,,,,,,,,,,,,,,,,,,,,,,,,,,,,,,,,,,,,,,,,,,,,,,,,,,,,,,,,,,,,,,,,,,,,,,,,,,,,,,,,,,,,,,,,,,,,,,,,,,,,,,,,,,,,,,,,,,,,,,,,,,,,,
1887,9,80.3,4.6,25.99,26.8,27.22,26.64,32.0,0.69,20.0,0.5,26.48,27.6,29.7,27.86,31.0,1.55,20.0,0.5,19.05,19.4,20.59,19.81,3.0,1.18,16.0,0.0,91.7,93.1,93.9,92.8,3.0,1.6,16.0,0.0,0.5,0.8,4.6,6.7,12.3,7.29,33.0,3.4,20.0,0.5,3.25,6.7,11.73,6.9,33.0,3.43,20.0,0.5,0.0,0.0,3.47,0.95,33.0,2.16,20.0,0.5,1007.96,1009.75,1011.68,1009.83,30.0,2.06,20.0,0.4,2.0,4.0,5.0,3.6,33.0,1.8,20.0,0.5,91.7,93.1,93.9,92.8,3.0,1.6,16.0,0.0,0.5,0.8,15.0,44.9,144.3,61.4,33.0,53.2,20.0,0.5,0.0,0.0,30.9,8.4,33.0,20.2,20.0,0.5,-2.65,-1.0,0.05,-1.24,31.0,1.37,20.0,0.5,-12.8,-6.2,0.6,-6.4,31.0,8.8,20.0,0.5,0.74,1.3,1.81,1.27,3.0,0.78,16.0,0.0,8.3,13.7,15.3,11.9,3.0,5.3,16.0,0.0,87.7,179.6,310.8,185.5,31.0,89.8,20.0,0.5,-6.7,0.0,91.1,24.5,31.0,59.6,20.0,0.5,161.4,236.3,250.7,206.8,3.0,70.3,16.0,0.0,10.5,33.2,35.2,23.1,3.0,20.1,16.0,0.0,8.3,13.7,15.2,11.8,3.0,5.3,16.0,0.0,0.3,0.8,1.8,1.0,3.0,1.1,16.0,0.0,97.5,301.0,1861.0,645.0,33.0,728.5,20.0,0.5,95.0,300.0,1860.0,645.0,33.0,730.0,20.0,0.5
1887,9,80.3,6.6,,,,,,,,,,,,,,,,,,,,,,,,,,,,,,,,,,,12.3,12.3,12.3,12.3,1.0,0.0,12.0,0.0,11.4,11.4,11.4,11.4,1.0,0.0,12.0,0.0,4.61,4.61,4.61,4.61,1.0,0.0,12.0,0.0,1011.6,1011.6,1011.6,1011.6,1.0,0.0,12.0,0.0,,,,,,,,,,,,,,,,,,,,,,,,,,,,,,,,,,,,,,,,,,,,,,,,,,,,,,,,,,,,,,,,,,,,,,,,,,,,,,,,,,,,,,,,,,,,,,,,,,,,,,,,,,,,,,,,,,,,,,,,,,,,,,,,,,
1887,9,82.3,-45.4,7.58,7.8,7.8,7.68,5.0,0.27,18.0,0.8,8.12,9.4,9.84,9.1,5.0,1.09,18.0,0.8,4.97,5.5,6.26,5.68,5.0,1.06,18.0,0.8,70.6,74.0,84.9,77.5,5.0,9.7,18.0,0.8,0.6,0.7,11.2,12.3,12.3,11.7,5.0,1.34,18.0,0.8,7.79,9.42,9.91,8.88,5.0,1.78,18.0,0.8,-2.1,5.96,7.91,2.78,5.0,7.84,18.0,0.8,992.64,993.9,994.01,993.42,5.0,0.84,18.0,0.8,4.0,6.0,7.0,5.6,5.0,1.5,18.0,0.8,70.6,74.0,84.9,77.5,5.0,9.7,18.0,0.8,0.6,0.7,79.0,115.9,121.9,103.9,5.0,25.0,18.0,0.8,-31.4,73.3,97.2,32.4,5.0,96.5,18.0,0.8,-2.42,-1.6,-0.32,-1.42,5.0,1.16,18.0,0.8,-29.8,-14.9,-3.9,-16.5,5.0,14.3,18.0,0.8,0.42,1.17,1.54,0.94,5.0,1.03,18.0,0.8,3.3,14.0,18.9,10.9,5.0,12.5,18.0,0.8,69.7,83.1,88.8,79.5,5.0,11.1,18.0,0.8,-24.5,49.5,66.3,19.7,5.0,76.8,18.0,0.8,45.1,47.6,52.7,49.2,5.0,6.1,18.0,0.8,-19.5,33.1,38.7,9.2,5.0,51.2,18.0,0.8,4.8,12.2,14.5,9.6,5.0,8.5,18.0,0.8,5.5,8.8,12.2,8.9,5.0,4.2,18.0,0.8,1475.0,1861.0,1861.0,1649.5,5.0,472.5,18.0,0.8,1475.0,1860.0,1860.0,1650.0,5.0,470.0,18.0,0.8
1887,9,82.3,-43.4,,,,,,,,,,,,,,,,,,,,,,,,,,,,,,,,,,,9.3,9.3,9.3,9.3,7.0,0.0,10.0,0.3,9.3,9.3,9.3,9.3,7.0,0.0,10.0,0.3,0.0,0.0,0.0,0.0,7.0,0.0,10.0,0.3,995.57,997.0,997.73,996.9,7.0,1.81,10.0,0.3,,,,,,,,,,,,,,,,,,,,,,,,,,,,,,,,,,,,,,,,,,,,,,,,,,,,,,,,,,,,,,,,,,,,,,,,,,,,,,,,,,,,,,,,,,,,,,,,,,,,,,,,,,,,,,,,,,,,,,,,,,,,,,,,,,
1887,9,82.3,-39.4,,,,,,,,,,,,,,,,,,,,,,,,,,,,,,,,,,,17.69,19.0,19.0,18.28,5.0,1.61,28.0,0.2,7.12,7.12,9.73,8.55,5.0,3.2,28.0,0.2,-17.62,-17.62,-9.08,-12.94,5.0,10.46,28.0,0.2,1004.5,1004.85,1005.2,1004.85,4.0,0.4,28.0,0.0,,,,,,,,,,,,,,,,,,,,,,,,,,,,,,,,,,,,,,,,,,,,,,,,,,,,,,,,,,,,,,,,,,,,,,,,,,,,,,,,,,,,,,,,,,,,,,,,,,,,,,,,,,,,,,,,,,,,,,,,,,,,,,,,,,
1887,9,82.3,-37.4,,,,,,,,,,,,,,,,,,,,,,,,,,,,,,,,,,,6.7,6.7,6.7,6.7,1.0,0.0,16.0,0.0,6.7,6.7,6.7,6.7,1.0,0.0,16.0,0.0,0.0,0.0,0.0,0.0,1.0,0.0,16.0,0.0,1021.0,1021.0,1021.0,1021.0,1.0,0.0,16.0,0.0,,,,,,,,,,,,,,,,,,,,,,,,,,,,,,,,,,,,,,,,,,,,,,,,,,,,,,,,,,,,,,,,,,,,,,,,,,,,,,,,,,,,,,,,,,,,,,,,,,,,,,,,,,,,,,,,,,,,,,,,,,,,,,,,,,
1887,9,82.3,-35.4,,,,,,,,,,,,,,,,,,,,,,,,,,,,,,,,,,,15.4,15.4,15.4,15.4,5.0,0.0,16.0,0.4,15.4,15.4,15.4,15.4,5.0,0.0,16.0,0.4,0.0,0.0,0.0,0.0,5.0,0.0,16.0,0.4,1020.0,1021.0,1021.0,1020.6,5.0,0.55,16.0,0.4,,,,,,,,,,,,,,,,,,,,,,,,,,,,,,,,,,,,,,,,,,,,,,,,,,,,,,,,,,,,,,,,,,,,,,,,,,,,,,,,,,,,,,,,,,,,,,,,,,,,,,,,,,,,,,,,,,,,,,,,,,,,,,,,,,
1887,9,82.3,-21.4,,,,,,,,,,,,,,,,,,,,,,,,,,,,,,,,,,,7.11,8.0,8.89,8.0,2.0,1.84,24.0,0.0,-8.27,-7.63,-7.0,-7.63,2.0,1.32,24.0,0.0,0.58,1.82,3.06,1.82,2.0,2.57,24.0,0.0,1017.52,1018.2,1018.88,1018.2,2.0,1.41,24.0,0.0,,,,,,,,,,,,,,,,,,,,,,,,,,,,,,,,,,,,,,,,,,,,,,,,,,,,,,,,,,,,,,,,,,,,,,,,,,,,,,,,,,,,,,,,,,,,,,,,,,,,,,,,,,,,,,,,,,,,,,,,,,,,,,,,,,
1887,9,82.3,-19.4,,,,,,,,,,,,,,,,,,,,,,,,,,,,,,,,,,,9.3,9.3,9.3,9.3,9.0,0.0,18.0,0.3,-8.03,-6.58,-6.58,-7.02,9.0,0.88,18.0,0.3,4.43,6.58,6.58,5.92,9.0,1.3,18.0,0.3,1016.49,1016.9,1017.99,1017.23,3.0,1.14,22.0,0.7,,,,,,,,,,,,,,,,,,,,,,,,,,,,,,,,,,,,,,,,,,,,,,,,,,,,,,,,,,,,,,,,,,,,,,,,,,,,,,,,,,,,,,,,,,,,,,,,,,,,,,,,,,,,,,,,,,,,,,,,,,,,,,,,,,
1887,9,82.3,-15.4,24.3,24.4,24.4,24.32,6.0,0.2,30.0,0.7,23.9,23.9,24.4,24.07,6.0,0.26,30.0,0.7,17.41,17.52,17.85,17.63,4.0,0.37,30.0,0.5,93.2,95.3,95.6,94.5,4.0,2.1,30.0,0.5,0.5,0.6,9.3,9.3,9.3,9.3,6.0,0.0,30.0,0.7,-8.56,-8.56,-8.56,-8.56,6.0,0.0,30.0,0.7,3.63,3.63,3.63,3.63,6.0,0.0,30.0,0.7,1018.4,1019.2,1019.94,1019.25,6.0,0.87,30.0,0.7,6.8,8.0,8.0,7.5,6.0,0.8,30.0,0.7,93.2,95.3,95.6,94.5,4.0,2.1,30.0,0.5,0.5,0.6,-79.6,-79.6,-79.6,-79.6,6.0,0.0,30.0,0.7,33.8,33.8,33.8,33.8,6.0,0.0,30.0,0.7,-0.1,0.5,0.5,0.25,6.0,0.42,30.0,0.7,-1.0,4.7,4.7,2.3,6.0,3.9,30.0,0.7,0.93,1.27,1.44,1.19,4.0,0.32,30.0,0.5,8.7,11.8,13.4,11.1,4.0,2.9,30.0,0.5,-208.9,-204.6,-204.6,-206.0,6.0,2.2,30.0,0.7,86.8,86.8,88.7,87.5,6.0,0.9,30.0,0.7,-152.8,-150.0,-149.0,-150.9,4.0,3.1,30.0,0.5,63.3,63.7,64.9,64.1,4.0,1.3,30.0,0.5,-12.4,-10.8,-8.0,-10.2,4.0,2.7,30.0,0.5,3.4,4.6,5.2,4.3,4.0,1.1,30.0,0.5,804.5,804.5,804.5,804.5,6.0,0.0,30.0,0.7,805.0,805.0,805.0,805.0,6.0,0.0,30.0,0.7
1887,9,82.3,-9.4,,,,,,,,,,,,,,,,,,,,,,,,,,,,,,,,,,,3.23,4.6,4.6,3.93,3.0,1.15,16.0,1.0,-3.25,-3.25,-1.7,-2.49,3.0,1.32,16.0,1.0,2.68,3.25,3.25,2.97,3.0,0.49,16.0,1.0,1011.51,1012.4,1012.67,1012.1,3.0,0.89,16.0,1.0,,,,,,,,,,,,,,,,,,,,,,,,,,,,,,,,,,,,,,,,,,,,,,,,,,,,,,,,,,,,,,,,,,,,,,,,,,,,,,,,,,,,,,,,,,,,,,,,,,,,,,,,,,,,,,,,,,,,,,,,,,,,,,,,,,
1887,9,82.3,-7.4,,,,,,,,,,,,,,,,,,,,,,,,,,,,,,,,,,,2.48,4.6,9.3,4.71,7.0,3.49,22.0,0.4,-4.69,-2.6,-1.64,-3.08,7.0,2.1,22.0,0.4,0.0,0.0,6.67,2.78,7.0,3.69,22.0,0.4,1011.59,1012.1,1015.01,1012.77,7.0,1.67,22.0,0.4,,,,,,,,,,,,,,,,,,,,,,,,,,,,,,,,,,,,,,,,,,,,,,,,,,,,,,,,,,,,,,,,,,,,,,,,,,,,,,,,,,,,,,,,,,,,,,,,,,,,,,,,,,,,,,,,,,,,,,,,,,,,,,,,,,
1887,9,82.3,-5.4,,,,,,,,,,,,,,,,,,,,,,,,,,,,,,,,,,,2.14,4.6,4.6,3.4,3.0,2.08,2.0,0.7,1.72,3.25,4.17,2.95,3.0,1.82,2.0,0.7,-2.22,0.0,0.0,-1.08,3.0,1.88,2.0,0.7,1008.11,1008.9,1008.95,1008.55,4.0,0.77,2.0,0.8,,,,,,,,,,,,,,,,,,,,,,,,,,,,,,,,,,,,,,,,,,,,,,,,,,,,,,,,,,,,,,,,,,,,,,,,,,,,,,,,,,,,,,,,,,,,,,,,,,,,,,,,,,,,,,,,,,,,,,,,,,,,,,,,,,
1887,9,82.3,0.6,,,,,,,,,,,,,,,,,,,,,,,,,,,,,,,,,,,9.3,9.3,11.35,10.3,3.0,1.73,8.0,0.7,5.42,9.25,11.29,8.37,3.0,4.37,8.0,0.7,1.07,1.29,6.25,3.61,3.0,4.29,8.0,0.7,1007.93,1009.5,1013.46,1010.67,3.0,4.17,8.0,0.7,,,,,,,,,,,,,,,,,,,,,,,,,,,,,,,,,,,,,,,,,,,,,,,,,,,,,,,,,,,,,,,,,,,,,,,,,,,,,,,,,,,,,,,,,,,,,,,,,,,,,,,,,,,,,,,,,,,,,,,,,,,,,,,,,,
1887,9,82.3,2.6,,,,,,,,,,,,,,,,,,,,,,,,,,,,,,,,,,,4.6,9.3,9.3,7.56,9.0,3.11,16.0,0.2,3.53,6.58,9.08,6.54,9.0,3.21,16.0,0.2,1.4,2.51,5.74,3.14,9.0,2.12,16.0,0.2,1008.47,1009.2,1011.95,1009.84,7.0,1.87,14.0,0.3,,,,,,,,,,,,,,,,,,,,,,,,,,,,,,,,,,,,,,,,,,,,,,,,,,,,,,,,,,,,,,,,,,,,,,,,,,,,,,,,,,,,,,,,,,,,,,,,,,,,,,,,,,,,,,,,,,,,,,,,,,,,,,,,,,
1887,9,82.3,4.6,26.4,26.9,27.14,26.83,24.0,0.46,18.0,0.7,27.4,28.2,28.8,28.14,23.0,0.98,18.0,0.7,20.0,20.76,21.9,20.91,6.0,1.02,18.0,1.0,82.6,88.6,91.6,87.6,6.0,5.2,18.0,1.0,0.4,0.7,6.7,6.7,9.3,7.92,24.0,2.45,18.0,0.7,5.7,6.58,8.86,6.99,24.0,2.52,18.0,0.7,0.0,2.51,6.05,2.96,24.0,2.23,18.0,0.7,1007.55,1010.4,1011.55,1009.78,23.0,2.03,18.0,0.7,2.0,4.0,5.3,3.8,24.0,1.5,18.0,0.7,82.6,88.6,91.6,87.6,6.0,5.2,18.0,1.0,0.4,0.7,38.2,44.9,82.4,60.8,24.0,38.5,18.0,0.7,0.0,16.8,61.2,25.0,24.0,22.6,18.0,0.7,-2.15,-1.4,-0.45,-1.32,23.0,1.15,18.0,0.7,-18.7,-8.3,-3.3,-9.9,23.0,9.3,18.0,0.7,0.55,1.54,2.51,1.65,6.0,1.32,18.0,1.0,6.8,13.2,20.2,14.7,6.0,11.7,18.0,1.0,151.9,185.1,266.9,197.0,23.0,73.1,18.0,0.7,17.4,74.8,166.3,85.9,23.0,59.7,18.0,0.7,133.5,183.1,267.7,194.8,6.0,68.6,18.0,1.0,0.0,33.1,123.6,53.0,6.0,58.5,18.0,1.0,6.7,13.1,16.7,12.6,6.0,7.9,18.0,1.0,0.0,0.5,11.2,5.7,6.0,10.2,18.0,1.0,301.0,301.0,804.5,635.0,24.0,544.5,18.0,0.7,300.0,300.0,805.0,635.0,24.0,545.0,18.0,0.7
1887,9,84.3,-45.4,7.8,7.8,7.8,7.8,5.0,0.0,18.0,0.4,7.8,8.3,8.9,8.34,5.0,0.55,18.0,0.4,5.07,5.7,5.81,5.48,5.0,0.47,18.0,0.4,74.1,79.2,86.0,79.2,5.0,8.0,18.0,0.4,0.4,0.6,6.7,6.7,6.7,6.7,5.0,0.0,18.0,0.4,6.42,6.44,6.52,6.47,5.0,0.11,18.0,0.4,-1.85,-1.85,1.27,-0.53,5.0,1.86,18.0,0.4,993.73,994.2,994.9,994.22,5.0,0.82,18.0,0.4,5.0,6.0,6.4,5.8,5.0,0.8,18.0,0.4,74.1,79.2,86.0,79.2,5.0,8.0,18.0,0.4,0.4,0.6,43.0,43.2,43.7,43.3,5.0,0.7,18.0,0.4,-12.4,-12.4,8.5,-3.6,5.0,12.4,18.0,0.4,-1.1,-0.5,0.0,-0.54,5.0,0.55,18.0,0.4,-7.4,-3.3,0.0,-3.6,5.0,3.7,18.0,0.4,0.87,0.98,1.61,1.2,5.0,0.47,18.0,0.4,5.8,6.6,10.8,8.0,5.0,3.1,18.0,0.4,51.3,53.5,56.9,53.9,5.0,3.1,18.0,0.4,-15.7,-14.4,10.8,-4.3,5.0,15.8,18.0,0.4,33.2,36.7,37.4,35.4,5.0,3.0,18.0,0.4,-10.7,-10.5,6.3,-3.6,5.0,9.9,18.0,0.4,5.6,6.3,10.5,7.8,5.0,3.0,18.0,0.4,-1.8,-1.4,2.2,0.0,5.0,2.5,18.0,0.4,301.0,301.0,301.0,301.0,5.0,0.0,18.0,0.4,300.0,300.0,300.0,300.0,5.0,0.0,18.0,0.4
1887,9,84.3,-43.4,,,,,,,,,,,,,,,,,,,,,,,,,,,,,,,,,,,9.3,10.8,12.94,11.32,6.0,2.48,10.0,0.8,7.96,10.27,12.53,9.92,6.0,3.7,10.0,0.8,-0.37,2.06,4.85,1.27,6.0,5.12,10.0,0.8,993.45,993.9,995.52,994.44,5.0,1.36,12.0,0.8,,,,,,,,,,,,,,,,,,,,,,,,,,,,,,,,,,,,,,,,,,,,,,,,,,,,,,,,,,,,,,,,,,,,,,,,,,,,,,,,,,,,,,,,,,,,,,,,,,,,,,,,,,,,,,,,,,,,,,,,,,,,,,,,,,
1887,9,84.3,-41.4,,,,,,,,,,,,,,,,,,,,,,,,,,,,,,,,,,,15.4,15.4,15.4,15.4,1.0,0.0,12.0,1.0,10.89,10.89,10.89,10.89,1.0,0.0,12.0,1.0,10.89,10.89,10.89,10.89,1.0,0.0,12.0,1.0,993.7,993.7,993.7,993.7,1.0,0.0,12.0,1.0,,,,,,,,,,,,,,,,,,,,,,,,,,,,,,,,,,,,,,,,,,,,,,,,,,,,,,,,,,,,,,,,,,,,,,,,,,,,,,,,,,,,,,,,,,,,,,,,,,,,,,,,,,,,,,,,,,,,,,,,,,,,,,,,,,
1887,9,84.3,-39.4,11.7,11.7,12.2,11.87,12.0,0.25,10.0,0.5,6.7,7.2,7.8,7.18,12.0,0.59,10.0,0.5,5.23,5.65,5.73,5.57,7.0,0.26,10.0,0.4,85.3,86.0,93.3,88.0,12.0,3.7,10.0,0.5,0.3,0.9,16.37,19.0,19.0,17.86,9.0,2.4,20.0,0.4,7.12,7.12,16.8,10.75,9.0,4.69,20.0,0.4,-17.62,-17.62,2.79,-9.66,9.0,10.36,20.0,0.4,998.27,1001.8,1002.75,1001.02,12.0,2.22,18.0,0.4,5.7,6.0,7.0,6.2,12.0,0.7,10.0,0.5,85.3,86.0,93.3,88.0,12.0,3.7,10.0,0.5,0.3,0.9,135.2,135.2,304.8,190.0,9.0,87.0,20.0,0.4,-334.7,-334.7,31.2,-185.9,9.0,192.0,20.0,0.4,4.4,4.5,5.0,4.69,12.0,0.44,10.0,0.5,67.5,75.6,81.5,74.5,4.0,9.9,10.0,0.5,2.98,3.22,3.38,3.18,7.0,0.17,10.0,0.4,43.2,46.8,50.4,46.8,2.0,7.4,10.0,0.0,86.8,113.5,136.4,111.7,4.0,30.8,10.0,0.5,-44.2,4.9,43.4,-0.1,4.0,52.5,10.0,0.5,61.5,68.2,75.0,68.2,2.0,14.1,10.0,0.0,-12.1,3.8,19.8,3.8,2.0,33.0,10.0,0.0,39.7,44.1,48.5,44.1,2.0,9.1,10.0,0.0,-7.8,2.5,12.8,2.5,2.0,21.3,10.0,0.0,4517.0,6859.0,6859.0,5947.5,9.0,1863.5,20.0,0.4,4515.0,6860.0,6860.0,5945.0,9.0,1865.0,20.0,0.4
1887,9,84.3,-37.4,,,,,,,,,,,,,,,,,,,,,,,,,,,,,,,,,,,9.3,9.3,9.3,9.3,1.0,0.0,28.0,1.0,8.56,8.56,8.56,8.56,1.0,0.0,28.0,1.0,-3.63,-3.63,-3.63,-3.63,1.0,0.0,28.0,1.0,1013.7,1013.7,1013.7,1013.7,1.0,0.0,28.0,1.0,,,,,,,,,,,,,,,,,,,,,,,,,,,,,,,,,,,,,,,,,,,,,,,,,,,,,,,,,,,,,,,,,,,,,,,,,,,,,,,,,,,,,,,,,,,,,,,,,,,,,,,,,,,,,,,,,,,,,,,,,,,,,,,,,,
1887,9,84.3,-35.4,,,,,,,,,,,,,,,,,,,,,,,,,,,,,,,,,,,15.4,15.4,15.4,15.4,8.0,0.0,18.0,0.5,15.4,15.4,15.4,15.4,8.0,0.0,18.0,0.5,0.0,0.0,0.0,0.0,8.0,0.0,18.0,0.5,1019.3,1019.3,1019.3,1019.3,8.0,0.0,18.0,0.5,,,,,,,,,,,,,,,,,,,,,,,,,,,,,,,,,,,,,,,,,,,,,,,,,,,,,,,,,,,,,,,,,,,,,,,,,,,,,,,,,,,,,,,,,,,,,,,,,,,,,,,,,,,,,,,,,,,,,,,,,,,,,,,,,,
1887,9,84.3,-19.4,,,,,,,,,,,,,,,,,,,,,,,,,,,,,,,,,,,6.5,9.3,9.3,7.6,7.0,2.52,20.0,0.7,-6.58,-6.58,-4.63,-5.66,7.0,1.59,20.0,0.7,2.54,6.58,6.58,4.95,7.0,2.29,20.0,0.7,1019.25,1019.65,1020.21,1019.73,4.0,0.57,24.0,0.5,,,,,,,,,,,,,,,,,,,,,,,,,,,,,,,,,,,,,,,,,,,,,,,,,,,,,,,,,,,,,,,,,,,,,,,,,,,,,,,,,,,,,,,,,,,,,,,,,,,,,,,,,,,,,,,,,,,,,,,,,,,,,,,,,,
1887,9,84.3,-17.4,,,,,,,,,,,,,,,,,,,,,,,,,,,,,,,,,,,9.3,9.3,9.3,9.3,4.0,0.0,16.0,0.8,-6.58,-6.58,-6.58,-6.58,4.0,0.0,16.0,0.8,6.58,6.58,6.58,6.58,4.0,0.0,16.0,0.8,1014.42,1014.9,1015.38,1014.9,2.0,0.99,16.0,1.0,,,,,,,,,,,,,,,,,,,,,,,,,,,,,,,,,,,,,,,,,,,,,,,,,,,,,,,,,,,,,,,,,,,,,,,,,,,,,,,,,,,,,,,,,,,,,,,,,,,,,,,,,,,,,,,,,,,,,,,,,,,,,,,,,,
1887,9,84.3,-15.4,24.4,24.4,25.03,24.7,4.0,0.6,30.0,0.0,24.4,24.4,24.71,24.55,4.0,0.3,30.0,0.0,17.3,17.62,18.05,17.67,4.0,0.44,30.0,0.0,91.4,91.4,93.7,92.5,4.0,2.3,30.0,0.0,0.3,0.9,9.3,9.3,9.3,9.3,4.0,0.0,30.0,0.0,-8.56,-8.56,-8.56,-8.56,4.0,0.0,30.0,0.0,3.63,3.63,3.63,3.63,4.0,0.0,30.0,0.0,1018.94,1019.25,1019.67,1019.3,4.0,0.54,30.0,0.0,8.0,8.0,8.0,8.0,4.0,0.0,30.0,0.0,91.4,91.4,93.7,92.5,4.0,2.3,30.0,0.0,0.3,0.9,-79.6,-79.6,-79.6,-79.6,4.0,0.0,30.0,0.0,33.8,33.8,33.8,33.8,4.0,0.0,30.0,0.0,0.0,0.0,0.31,0.15,4.0,0.3,30.0,0.0,0.0,0.0,2.9,1.4,4.0,2.8,30.0,0.0,1.2,1.66,2.06,1.63,4.0,0.67,30.0,0.0,11.2,15.4,19.2,15.2,4.0,6.3,30.0,0.0,-211.6,-208.9,-208.9,-210.2,4.0,2.6,30.0,0.0,88.7,88.7,89.8,89.2,4.0,1.1,30.0,0.0,-154.5,-150.9,-148.1,-151.3,4.0,3.8,30.0,0.0,62.9,64.0,65.6,64.2,4.0,1.6,30.0,0.0,-17.7,-14.2,-10.3,-14.0,4.0,5.8,30.0,0.0,4.4,6.0,7.5,5.9,4.0,2.4,30.0,0.0,804.5,804.5,804.5,804.5,4.0,0.0,30.0,0.0,805.0,805.0,805.0,805.0,4.0,0.0,30.0,0.0
1887,9,84.3,-13.4,25.0,25.0,25.0,25.0,2.0,0.0,30.0,1.0,25.0,25.0,25.0,25.0,2.0,0.0,30.0,1.0,18.1,18.36,18.63,18.36,2.0,0.55,30.0,1.0,92.0,93.4,94.7,93.4,2.0,2.8,30.0,1.0,0.8,0.1,9.3,9.3,9.3,9.3,2.0,0.0,30.0,1.0,-8.56,-8.56,-8.56,-8.56,2.0,0.0,30.0,1.0,3.63,3.63,3.63,3.63,2.0,0.0,30.0,1.0,1017.5,1017.5,1017.5,1017.5,2.0,0.0,30.0,1.0,6.3,7.0,7.7,7.0,2.0,1.4,30.0,1.0,92.0,93.4,94.7,93.4,2.0,2.8,30.0,1.0,0.8,0.1,-79.6,-79.6,-79.6,-79.6,2.0,0.0,30.0,1.0,33.8,33.8,33.8,33.8,2.0,0.0,30.0,1.0,0.0,0.0,0.0,0.0,2.0,0.0,30.0,1.0,0.0,0.0,0.0,0.0,2.0,0.0,30.0,1.0,1.06,1.32,1.59,1.32,2.0,0.55,30.0,1.0,9.8,12.3,14.8,12.3,2.0,5.1,30.0,1.0,-214.0,-214.0,-214.0,-214.0,2.0,0.0,30.0,1.0,90.8,90.8,90.8,90.8,2.0,0.0,30.0,1.0,-159.5,-157.2,-154.9,-157.2,2.0,4.7,30.0,1.0,65.8,66.7,67.7,66.7,2.0,2.0,30.0,1.0,-13.6,-11.3,-9.0,-11.3,2.0,4.7,30.0,1.0,3.8,4.8,5.8,4.8,2.0,2.0,30.0,1.0,804.5,804.5,804.5,804.5,2.0,0.0,30.0,1.0,805.0,805.0,805.0,805.0,2.0,0.0,30.0,1.0
1887,9,84.3,-9.4,,,,,,,,,,,,,,,,,,,,,,,,,,,,,,,,,,,5.27,6.7,6.7,6.0,3.0,1.21,16.0,0.0,-4.74,-4.74,-3.72,-4.24,3.0,0.86,16.0,0.0,3.72,4.74,4.74,4.24,3.0,0.86,16.0,0.0,1011.24,1012.4,1012.81,1012.03,3.0,1.19,16.0,0.0,,,,,,,,,,,,,,,,,,,,,,,,,,,,,,,,,,,,,,,,,,,,,,,,,,,,,,,,,,,,,,,,,,,,,,,,,,,,,,,,,,,,,,,,,,,,,,,,,,,,,,,,,,,,,,,,,,,,,,,,,,,,,,,,,,
1887,9,84.3,-7.4,,,,,,,,,,,,,,,,,,,,,,,,,,,,,,,,,,,2.06,6.95,9.92,6.35,6.0,4.7,20.0,0.7,-7.01,-3.86,-1.9,-4.23,6.0,3.08,20.0,0.7,0.81,4.19,8.64,4.45,6.0,3.96,20.0,0.7,1010.7,1011.85,1013.27,1012.35,6.0,2.2,20.0,0.7,,,,,,,,,,,,,,,,,,,,,,,,,,,,,,,,,,,,,,,,,,,,,,,,,,,,,,,,,,,,,,,,,,,,,,,,,,,,,,,,,,,,,,,,,,,,,,,,,,,,,,,,,,,,,,,,,,,,,,,,,,,,,,,,,,
1887,9,84.3,-5.4,,,,,,,,,,,,,,,,,,,,,,,,,,,,,,,,,,,0.41,1.3,2.19,1.3,2.0,1.84,2.0,0.0,0.41,1.3,2.19,1.3,2.0,1.84,2.0,0.0,0.0,0.0,0.0,0.0,2.0,0.0,2.0,0.0,1008.65,1008.75,1008.85,1008.75,2.0,0.21,2.0,0.0,,,,,,,,,,,,,,,,,,,,,,,,,,,,,,,,,,,,,,,,,,,,,,,,,,,,,,,,,,,,,,,,,,,,,,,,,,,,,,,,,,,,,,,,,,,,,,,,,,,,,,,,,,,,,,,,,,,,,,,,,,,,,,,,,,
1887,9,84.3,-3.4,,,,,,,,,,,,,,,,,,,,,,,,,,,,,,,,,,,3.23,4.6,4.6,3.93,3.0,1.15,6.0,1.0,3.23,4.58,4.58,3.92,3.0,1.14,6.0,1.0,-0.4,-0.4,-0.13,-0.27,3.0,0.23,6.0,1.0,1009.56,1009.7,1009.84,1009.7,2.0,0.28,6.0,1.0,,,,,,,,,,,,,,,,,,,,,,,,,,,,,,,,,,,,,,,,,,,,,,,,,,,,,,,,,,,,,,,,,,,,,,,,,,,,,,,,,,,,,,,,,,,,,,,,,,,,,,,,,,,,,,,,,,,,,,,,,,,,,,,,,,
1887,9,84.3,-1.4,,,,,,,,,,,,,,,,,,,,,,,,,,,,,,,,,,,10.25,12.3,12.3,11.3,3.0,1.73,6.0,0.3,9.95,12.23,12.23,11.12,3.0,1.93,6.0,0.3,-1.45,1.29,1.29,-0.05,3.0,2.31,6.0,0.3,1007.93,1008.2,1008.68,1008.3,3.0,0.56,6.0,0.3,,,,,,,,,,,,,,,,,,,,,,,,,,,,,,,,,,,,,,,,,,,,,,,,,,,,,,,,,,,,,,,,,,,,,,,,,,,,,,,,,,,,,,,,,,,,,,,,,,,,,,,,,,,,,,,,,,,,,,,,,,,,,,,,,,
1887,9,84.3,0.6,,,,,,,,,,,,,,,,,,,,,,,,,,,,,,,,,,,4.6,6.7,10.4,7.5,5.0,3.31,10.0,0.6,1.14,1.8,10.17,4.92,5.0,5.23,10.0,0.6,-0.7,4.23,5.13,2.51,5.0,3.97,10.0,0.6,1008.49,1010.9,1011.9,1010.23,4.0,2.23,10.0,0.5,,,,,,,,,,,,,,,,,,,,,,,,,,,,,,,,,,,,,,,,,,,,,,,,,,,,,,,,,,,,,,,,,,,,,,,,,,,,,,,,,,,,,,,,,,,,,,,,,,,,,,,,,,,,,,,,,,,,,,,,,,,,,,,,,,
1887,9,84.3,2.6,,,,,,,,,,,,,,,,,,,,,,,,,,,,,,,,,,,4.6,6.7,9.3,7.31,16.0,3.31,18.0,0.6,3.25,4.74,8.62,5.51,16.0,2.59,18.0,0.6,2.79,4.74,5.88,4.64,16.0,2.4,18.0,0.6,1009.24,1011.0,1012.92,1011.08,13.0,2.22,20.0,0.5,,,,,,,,,,,,,,,,,,,,,,,,,,,,,,,,,,,,,,,,,,,,,,,,,,,,,,,,,,,,,,,,,,,,,,,,,,,,,,,,,,,,,,,,,,,,,,,,,,,,,,,,,,,,,,,,,,,,,,,,,,,,,,,,,,
1887,9,84.3,4.6,26.5,26.95,27.75,27.03,12.0,0.63,16.0,0.2,26.95,27.45,28.03,27.49,12.0,0.56,16.0,0.2,19.79,20.41,21.15,20.44,6.0,0.7,16.0,0.2,87.2,90.4,91.0,89.5,6.0,1.9,16.0,0.2,0.6,0.8,6.17,9.3,12.3,9.59,12.0,3.44,16.0,0.2,4.36,7.6,10.86,7.8,12.0,3.07,16.0,0.2,3.25,5.77,6.58,5.36,12.0,2.24,16.0,0.2,1006.07,1009.45,1011.0,1008.81,12.0,2.53,16.0,0.2,2.7,3.5,6.0,4.1,12.0,1.7,16.0,0.2,87.2,90.4,91.0,89.5,6.0,1.9,16.0,0.2,0.6,0.8,27.5,70.7,133.6,84.0,12.0,53.9,16.0,0.2,16.3,61.2,71.0,57.1,12.0,42.1,16.0,0.2,-1.23,-0.2,0.15,-0.47,12.0,0.76,16.0,0.2,-15.7,-1.3,1.2,-5.6,12.0,8.5,16.0,0.2,0.84,1.59,2.7,1.83,6.0,1.19,16.0,0.2,10.4,19.2,25.8,19.4,6.0,10.1,16.0,0.2,119.6,212.6,299.7,214.1,12.0,84.3,16.0,0.2,91.0,156.5,177.1,146.9,12.0,59.7,16.0,0.2,130.1,221.6,229.6,193.8,6.0,49.7,16.0,0.2,119.5,122.2,129.7,123.3,6.0,5.8,16.0,0.2,9.2,15.0,21.5,15.4,6.0,6.8,16.0,0.2,4.9,9.2,17.8,11.4,6.0,8.1,16.0,0.2,249.0,804.5,1861.0,1192.0,12.0,1056.5,16.0,0.2,250.0,805.0,1860.0,1190.0,12.0,1055.0,16.0,0.2
1887,9,86.3,-45.4,7.2,7.8,7.8,7.54,7.0,0.32,18.0,0.6,7.2,8.9,9.4,8.56,7.0,0.95,18.0,0.6,5.41,6.04,6.47,5.82,7.0,0.86,18.0,0.6,78.5,85.3,87.0,82.3,7.0,9.1,18.0,0.6,0.5,0.6,6.7,6.7,6.7,6.7,7.0,0.0,18.0,0.6,1.96,5.21,6.67,4.7,7.0,1.98,18.0,0.6,-4.22,-0.58,6.41,-0.14,7.0,4.76,18.0,0.6,991.49,991.9,992.27,991.97,7.0,0.79,18.0,0.6,6.9,7.0,8.0,7.1,7.0,1.1,18.0,0.6,78.5,85.3,87.0,82.3,7.0,9.1,18.0,0.6,0.5,0.6,13.1,34.9,44.7,31.5,7.0,13.3,18.0,0.6,-28.3,-3.9,42.9,-1.0,7.0,31.9,18.0,0.6,-1.72,-1.6,0.6,-1.01,7.0,1.15,18.0,0.6,-11.6,-10.7,4.0,-6.8,7.0,7.7,18.0,0.6,0.15,0.39,1.28,0.75,7.0,0.94,18.0,0.6,1.0,2.6,8.6,5.1,7.0,6.3,18.0,0.6,14.1,46.3,59.6,41.7,7.0,19.9,18.0,0.6,-37.6,-5.5,46.1,-4.7,7.0,37.7,18.0,0.6,10.6,33.7,38.2,28.3,7.0,13.2,18.0,0.6,-27.3,-3.5,26.8,-3.9,7.0,26.1,18.0,0.6,0.8,2.4,5.1,2.5,7.0,2.7,18.0,0.6,-0.7,-0.2,8.2,3.3,7.0,6.6,18.0,0.6,301.0,301.0,301.0,301.0,7.0,0.0,18.0,0.6,300.0,300.0,300.0,300.0,7.0,0.0,18.0,0.6
1887,9,86.3,-43.4,,,,,,,,,,,,,,,,,,,,,,,,,,,,,,,,,,,12.3,15.4,19.0,15.6,5.0,3.35,12.0,0.0,5.44,11.4,14.4,10.37,5.0,5.91,12.0,0.0,4.25,10.2,14.89,9.66,5.0,5.43,12.0,0.0,993.2,993.6,994.27,993.76,5.0,0.7,12.0,0.0,,,,,,,,,,,,,,,,,,,,,,,,,,,,,,,,,,,,,,,,,,,,,,,,,,,,,,,,,,,,,,,,,,,,,,,,,,,,,,,,,,,,,,,,,,,,,,,,,,,,,,,,,,,,,,,,,,,,,,,,,,,,,,,,,,
1887,9,86.3,-41.4,,,,,,,,,,,,,,,,,,,,,,,,,,,,,,,,,,,15.4,15.4,15.4,15.4,1.0,0.0,12.0,1.0,6.02,6.02,6.02,6.02,1.0,0.0,12.0,1.0,14.18,14.18,14.18,14.18,1.0,0.0,12.0,1.0,990.1,990.1,990.1,990.1,1.0,0.0,12.0,1.0,,,,,,,,,,,,,,,,,,,,,,,,,,,,,,,,,,,,,,,,,,,,,,,,,,,,,,,,,,,,,,,,,,,,,,,,,,,,,,,,,,,,,,,,,,,,,,,,,,,,,,,,,,,,,,,,,,,,,,,,,,,,,,,,,,
1887,9,86.3,-39.4,,,,,,,,,,,,,,,,,,,,,,,,,,,,,,,,,,,14.51,22.6,24.13,19.54,5.0,7.69,28.0,0.6,6.79,15.98,23.42,15.35,5.0,8.58,28.0,0.6,-16.58,0.0,5.26,-4.21,5.0,12.09,28.0,0.6,1001.68,1003.55,1009.3,1005.12,6.0,4.39,30.0,0.5,,,,,,,,,,,,,,,,,,,,,,,,,,,,,,,,,,,,,,,,,,,,,,,,,,,,,,,,,,,,,,,,,,,,,,,,,,,,,,,,,,,,,,,,,,,,,,,,,,,,,,,,,,,,,,,,,,,,,,,,,,,,,,,,,,
1887,9,86.3,-37.4,,,,,,,,,,,,,,,,,,,,,,,,,,,,,,,,,,,19.0,19.0,19.0,19.0,1.0,0.0,30.0,1.0,13.44,13.44,13.44,13.44,1.0,0.0,30.0,1.0,-13.44,-13.44,-13.44,-13.44,1.0,0.0,30.0,1.0,1003.4,1003.4,1003.4,1003.4,1.0,0.0,30.0,1.0,,,,,,,,,,,,,,,,,,,,,,,,,,,,,,,,,,,,,,,,,,,,,,,,,,,,,,,,,,,,,,,,,,,,,,,,,,,,,,,,,,,,,,,,,,,,,,,,,,,,,,,,,,,,,,,,,,,,,,,,,,,,,,,,,,
1887,9,86.3,-35.4,,,,,,,,,,,,,,,,,,,,,,,,,,,,,,,,,,,12.3,15.4,15.4,14.51,7.0,1.51,18.0,0.7,4.81,6.02,15.4,9.69,7.0,5.36,18.0,0.7,0.0,11.32,14.18,7.29,7.0,6.91,18.0,0.7,1019.3,1019.3,1021.0,1020.03,7.0,0.91,18.0,0.7,,,,,,,,,,,,,,,,,,,,,,,,,,,,,,,,,,,,,,,,,,,,,,,,,,,,,,,,,,,,,,,,,,,,,,,,,,,,,,,,,,,,,,,,,,,,,,,,,,,,,,,,,,,,,,,,,,,,,,,,,,,,,,,,,,
1887,9,86.3,-19.4,,,,,,,,,,,,,,,,,,,,,,,,,,,,,,,,,,,9.3,9.3,9.3,9.3,4.0,0.0,24.0,0.8,-8.56,-8.56,-8.56,-8.56,4.0,0.0,24.0,0.8,3.63,3.63,3.63,3.63,4.0,0.0,24.0,0.8,1019.82,1020.5,1020.6,1020.23,4.0,0.62,24.0,0.8,,,,,,,,,,,,,,,,,,,,,,,,,,,,,,,,,,,,,,,,,,,,,,,,,,,,,,,,,,,,,,,,,,,,,,,,,,,,,,,,,,,,,,,,,,,,,,,,,,,,,,,,,,,,,,,,,,,,,,,,,,,,,,,,,,
1887,9,86.3,-17.4,,,,,,,,,,,,,,,,,,,,,,,,,,,,,,,,,,,7.53,9.3,9.3,8.43,3.0,1.5,16.0,0.3,-6.58,-6.58,-5.32,-5.96,3.0,1.06,16.0,0.3,5.32,6.58,6.58,5.96,3.0,1.06,16.0,0.3,1012.42,1012.9,1013.31,1012.87,3.0,0.65,16.0,0.0,,,,,,,,,,,,,,,,,,,,,,,,,,,,,,,,,,,,,,,,,,,,,,,,,,,,,,,,,,,,,,,,,,,,,,,,,,,,,,,,,,,,,,,,,,,,,,,,,,,,,,,,,,,,,,,,,,,,,,,,,,,,,,,,,,
1887,9,86.3,-13.4,24.4,25.0,25.6,25.0,7.0,0.49,28.0,0.6,24.97,25.0,25.0,24.91,7.0,0.23,28.0,0.6,17.28,17.96,18.01,17.84,7.0,0.56,28.0,0.6,91.1,91.4,91.6,91.3,7.0,2.5,28.0,0.6,0.5,0.4,12.16,12.3,12.3,11.87,7.0,1.13,28.0,0.6,-11.32,-11.32,-11.19,-10.93,7.0,1.04,28.0,0.6,4.75,4.81,4.81,4.64,7.0,0.44,28.0,0.6,1018.17,1018.5,1019.22,1018.59,7.0,0.71,28.0,0.6,2.0,5.0,5.0,4.1,7.0,1.6,28.0,0.6,91.1,91.4,91.6,91.3,7.0,2.5,28.0,0.6,0.5,0.4,-139.3,-139.3,-136.4,-130.7,7.0,22.5,28.0,0.6,57.9,59.1,59.1,55.5,7.0,9.6,28.0,0.6,-0.03,0.0,0.6,0.09,7.0,0.41,28.0,0.6,-0.4,0.0,5.7,0.8,7.0,4.8,28.0,0.6,1.01,1.71,2.49,1.84,7.0,0.85,28.0,0.6,12.4,21.1,23.6,21.6,7.0,10.0,28.0,0.6,-283.1,-283.1,-273.3,-272.2,7.0,25.8,28.0,0.6,116.0,120.1,120.1,115.6,7.0,10.9,28.0,0.6,-203.8,-203.2,-190.6,-194.9,7.0,19.1,28.0,0.6,80.9,86.3,86.5,82.7,7.0,8.1,28.0,0.6,-21.7,-19.4,-11.4,-19.8,7.0,9.2,28.0,0.6,4.8,8.2,9.2,8.4,7.0,3.9,28.0,0.6,1810.5,1861.0,1861.0,1710.0,7.0,399.5,28.0,0.6,1810.0,1860.0,1860.0,1710.0,7.0,400.0,28.0,0.6
1887,9,86.3,-9.4,,,,,,,,,,,,,,,,,,,,,,,,,,,,,,,,,,,6.7,6.7,10.52,8.57,3.0,3.23,16.0,1.0,-8.06,-6.7,-3.84,-5.97,3.0,3.16,16.0,1.0,1.97,6.21,7.91,4.97,3.0,4.48,16.0,1.0,1012.86,1013.0,1014.16,1013.5,3.0,1.04,16.0,1.0,,,,,,,,,,,,,,,,,,,,,,,,,,,,,,,,,,,,,,,,,,,,,,,,,,,,,,,,,,,,,,,,,,,,,,,,,,,,,,,,,,,,,,,,,,,,,,,,,,,,,,,,,,,,,,,,,,,,,,,,,,,,,,,,,,
1887,9,86.3,-7.4,,,,,,,,,,,,,,,,,,,,,,,,,,,,,,,,,,,4.6,5.65,9.92,7.02,6.0,3.19,14.0,0.7,-7.08,-4.6,-4.08,-5.38,6.0,1.94,14.0,0.7,-0.14,0.9,8.64,3.07,6.0,4.41,14.0,0.7,1012.14,1013.7,1014.69,1013.36,5.0,1.87,16.0,0.6,,,,,,,,,,,,,,,,,,,,,,,,,,,,,,,,,,,,,,,,,,,,,,,,,,,,,,,,,,,,,,,,,,,,,,,,,,,,,,,,,,,,,,,,,,,,,,,,,,,,,,,,,,,,,,,,,,,,,,,,,,,,,,,,,,
1887,9,86.3,-5.4,,,,,,,,,,,,,,,,,,,,,,,,,,,,,,,,,,,0.0,2.6,4.82,2.73,7.0,3.39,4.0,0.6,-2.92,0.0,1.85,-0.36,7.0,2.12,4.0,0.6,-1.92,0.0,0.41,0.22,7.0,3.93,4.0,0.6,1007.73,1008.4,1010.31,1008.9,7.0,1.95,4.0,0.6,,,,,,,,,,,,,,,,,,,,,,,,,,,,,,,,,,,,,,,,,,,,,,,,,,,,,,,,,,,,,,,,,,,,,,,,,,,,,,,,,,,,,,,,,,,,,,,,,,,,,,,,,,,,,,,,,,,,,,,,,,,,,,,,,,
1887,9,86.3,-3.4,,,,,,,,,,,,,,,,,,,,,,,,,,,,,,,,,,,2.6,2.6,2.6,2.6,2.0,0.0,8.0,0.0,-0.41,0.81,2.02,0.81,2.0,2.52,8.0,0.0,0.61,1.34,2.07,1.34,2.0,1.51,8.0,0.0,1008.58,1010.05,1011.52,1010.05,2.0,3.04,8.0,0.0,,,,,,,,,,,,,,,,,,,,,,,,,,,,,,,,,,,,,,,,,,,,,,,,,,,,,,,,,,,,,,,,,,,,,,,,,,,,,,,,,,,,,,,,,,,,,,,,,,,,,,,,,,,,,,,,,,,,,,,,,,,,,,,,,,
1887,9,86.3,-1.4,,,,,,,,,,,,,,,,,,,,,,,,,,,,,,,,,,,4.6,4.6,6.03,5.3,3.0,1.21,14.0,0.3,0.0,0.0,0.0,0.0,3.0,0.0,14.0,0.3,4.6,4.6,6.03,5.3,3.0,1.21,14.0,0.3,1012.85,1014.9,1015.17,1014.03,3.0,1.86,14.0,0.3,,,,,,,,,,,,,,,,,,,,,,,,,,,,,,,,,,,,,,,,,,,,,,,,,,,,,,,,,,,,,,,,,,,,,,,,,,,,,,,,,,,,,,,,,,,,,,,,,,,,,,,,,,,,,,,,,,,,,,,,,,,,,,,,,,
1887,9,86.3,0.6,,,,,,,,,,,,,,,,,,,,,,,,,,,,,,,,,,,1.0,1.0,1.0,1.0,1.0,0.0,28.0,0.0,0.0,0.0,0.0,0.0,1.0,0.0,28.0,0.0,1.0,1.0,1.0,1.0,1.0,0.0,28.0,0.0,1012.1,1012.1,1012.1,1012.1,1.0,0.0,28.0,0.0,,,,,,,,,,,,,,,,,,,,,,,,,,,,,,,,,,,,,,,,,,,,,,,,,,,,,,,,,,,,,,,,,,,,,,,,,,,,,,,,,,,,,,,,,,,,,,,,,,,,,,,,,,,,,,,,,,,,,,,,,,,,,,,,,,
1887,9,86.3,2.6,,,,,,,,,,,,,,,,,,,,,,,,,,,,,,,,,,,2.6,4.6,9.3,5.99,19.0,2.63,18.0,0.5,1.8,3.25,6.87,4.14,19.0,2.82,18.0,0.5,2.49,3.48,5.0,3.96,19.0,1.5,18.0,0.5,1008.87,1010.15,1012.49,1010.64,16.0,2.21,20.0,0.6,,,,,,,,,,,,,,,,,,,,,,,,,,,,,,,,,,,,,,,,,,,,,,,,,,,,,,,,,,,,,,,,,,,,,,,,,,,,,,,,,,,,,,,,,,,,,,,,,,,,,,,,,,,,,,,,,,,,,,,,,,,,,,,,,,
1887,9,86.3,4.6,26.96,27.0,27.69,27.3,5.0,0.54,20.0,0.8,26.03,27.6,27.78,27.02,5.0,1.1,20.0,0.8,19.03,20.17,21.47,20.25,4.0,1.43,18.0,0.8,90.1,92.0,93.4,91.8,4.0,2.0,18.0,0.8,0.6,0.9,4.6,6.7,12.3,8.1,5.0,3.93,20.0,0.8,3.36,4.98,10.86,6.67,5.0,3.88,20.0,0.8,3.19,4.48,5.77,4.47,5.0,1.31,20.0,0.8,1006.93,1010.0,1011.58,1009.42,5.0,2.65,20.0,0.8,2.6,4.0,6.7,4.6,5.0,2.4,20.0,0.8,90.1,92.0,93.4,91.8,4.0,2.0,18.0,0.8,0.6,0.9,15.4,33.4,133.6,66.2,5.0,61.9,20.0,0.8,14.7,30.0,71.0,40.2,5.0,28.8,20.0,0.8,-0.6,0.1,1.18,0.28,5.0,0.95,20.0,0.8,-7.4,0.5,6.8,-0.1,5.0,7.1,20.0,0.8,0.97,2.32,3.5,2.24,4.0,1.48,18.0,0.8,11.5,15.7,20.5,16.0,4.0,6.7,18.0,0.8,89.7,131.4,299.7,181.8,5.0,109.0,20.0,0.8,86.6,118.4,159.4,121.3,5.0,37.6,20.0,0.8,79.3,162.6,233.2,156.5,4.0,89.3,18.0,0.8,71.4,104.1,124.0,98.0,4.0,32.1,18.0,0.8,9.2,12.8,16.3,12.7,4.0,4.6,18.0,0.8,5.6,8.9,13.5,9.5,4.0,5.3,18.0,0.8,97.5,301.0,1861.0,843.5,5.0,932.5,20.0,0.8,95.0,300.0,1860.0,845.0,5.0,930.0,20.0,0.8
1887,9,88.3,-45.4,7.2,7.5,7.8,7.5,4.0,0.35,18.0,0.3,7.2,7.2,7.2,7.2,4.0,0.0,18.0,0.3,4.09,4.1,4.34,4.21,4.0,0.23,18.0,0.3,64.2,64.2,68.1,66.1,4.0,3.6,18.0,0.3,0.5,0.5,9.37,12.3,12.3,10.9,4.0,2.8,18.0,0.3,8.66,10.86,10.86,9.81,4.0,2.1,18.0,0.3,3.12,5.77,5.77,4.51,4.0,2.54,18.0,0.3,996.27,997.3,998.33,997.3,4.0,1.41,18.0,0.3,5.5,6.0,6.0,5.8,4.0,0.5,18.0,0.3,64.2,64.2,68.1,66.1,4.0,3.6,18.0,0.3,0.5,0.5,87.0,133.6,133.6,111.3,4.0,44.5,18.0,0.3,36.3,71.0,71.0,54.4,4.0,33.2,18.0,0.3,0.0,0.3,0.6,0.3,4.0,0.35,18.0,0.3,0.0,3.7,7.4,3.7,4.0,4.3,18.0,0.3,2.18,2.29,2.43,2.31,4.0,0.19,18.0,0.3,20.3,26.9,29.9,25.2,4.0,6.9,18.0,0.3,62.4,78.2,78.2,70.6,4.0,15.1,18.0,0.3,22.4,41.6,41.6,32.4,4.0,18.3,18.0,0.3,35.5,44.5,47.1,41.4,4.0,9.7,18.0,0.3,12.7,23.6,25.1,19.1,4.0,10.9,18.0,0.3,18.8,23.8,26.4,22.6,4.0,5.3,18.0,0.3,6.6,12.6,14.0,10.4,4.0,6.0,18.0,0.3,1043.5,1861.0,1861.0,1471.0,4.0,780.0,18.0,0.3,1045.0,1860.0,1860.0,1470.0,4.0,780.0,18.0,0.3
1887,9,88.3,-43.4,,,,,,,,,,,,,,,,,,,,,,,,,,,,,,,,,,,12.3,12.3,12.45,12.74,7.0,1.17,10.0,0.9,11.38,12.23,12.3,11.95,7.0,0.57,10.0,0.9,0.0,1.29,4.91,2.58,7.0,4.01,10.0,0.9,991.99,992.2,992.34,992.15,6.0,0.54,12.0,0.8,,,,,,,,,,,,,,,,,,,,,,,,,,,,,,,,,,,,,,,,,,,,,,,,,,,,,,,,,,,,,,,,,,,,,,,,,,,,,,,,,,,,,,,,,,,,,,,,,,,,,,,,,,,,,,,,,,,,,,,,,,,,,,,,,,
1887,9,88.3,-39.4,,,,,,,,,,,,,,,,,,,,,,,,,,,,,,,,,,,7.04,12.3,19.33,13.17,3.0,9.03,30.0,0.3,6.12,12.3,18.21,12.17,3.0,8.85,30.0,0.3,-2.22,0.0,5.78,1.74,3.0,6.05,30.0,0.3,1014.72,1017.0,1019.32,1017.02,5.0,2.66,30.0,0.2,,,,,,,,,,,,,,,,,,,,,,,,,,,,,,,,,,,,,,,,,,,,,,,,,,,,,,,,,,,,,,,,,,,,,,,,,,,,,,,,,,,,,,,,,,,,,,,,,,,,,,,,,,,,,,,,,,,,,,,,,,,,,,,,,,
1887,9,88.3,-37.4,,,,,,,,,,,,,,,,,,,,,,,,,,,,,,,,,,,6.99,12.3,19.0,13.04,8.0,5.37,26.0,0.9,-4.27,3.29,17.15,5.88,8.0,9.75,26.0,0.9,-11.32,-6.7,-0.73,-6.12,8.0,6.77,26.0,0.9,1000.64,1013.35,1018.42,1010.66,8.0,8.23,26.0,1.0,6.0,6.0,7.9,6.3,14.0,1.4,14.0,0.5,85.8,93.4,93.4,89.6,7.0,5.1,12.0,0.4,0.1,0.4,-52.6,30.6,325.9,111.7,8.0,176.6,26.0,0.9,-139.3,-53.0,-5.0,-68.7,8.0,114.8,26.0,0.9,,,,,,,,,,,,,,,,,,,,,,,,,,,,,,,,,,,,,,,,,,,,,,,,,,,,,,,,,,,,,,,,,,,,,,,,,,,,,,,,,,,,,,,,,,,,,,,,
1887,9,88.3,-35.4,,,,,,,,,,,,,,,,,,,,,,,,,,,,,,,,,,,2.6,12.3,12.3,9.53,7.0,4.73,18.0,0.0,1.02,4.61,4.81,3.64,7.0,1.79,18.0,0.0,-11.4,2.39,11.32,-0.97,7.0,10.42,18.0,0.0,1022.0,1022.7,1022.7,1022.46,7.0,0.33,18.0,0.0,,,,,,,,,,,,,,,,,,,,,,,,,,,,,,,,,,,,,,,,,,,,,,,,,,,,,,,,,,,,,,,,,,,,,,,,,,,,,,,,,,,,,,,,,,,,,,,,,,,,,,,,,,,,,,,,,,,,,,,,,,,,,,,,,,
1887,9,88.3,-19.4,,,,,,,,,,,,,,,,,,,,,,,,,,,,,,,,,,,9.3,9.3,11.35,10.3,3.0,1.73,22.0,0.0,-10.45,-8.56,-8.56,-9.48,3.0,1.59,22.0,0.0,3.63,3.63,4.43,4.02,3.0,0.68,22.0,0.0,1019.31,1020.2,1020.47,1019.9,3.0,0.89,22.0,0.0,,,,,,,,,,,,,,,,,,,,,,,,,,,,,,,,,,,,,,,,,,,,,,,,,,,,,,,,,,,,,,,,,,,,,,,,,,,,,,,,,,,,,,,,,,,,,,,,,,,,,,,,,,,,,,,,,,,,,,,,,,,,,,,,,,
1887,9,88.3,-17.4,,,,,,,,,,,,,,,,,,,,,,,,,,,,,,,,,,,6.7,8.0,9.3,8.0,6.0,1.42,14.0,0.5,-4.74,-3.48,-3.28,-3.74,6.0,0.86,14.0,0.5,4.74,7.42,8.62,6.93,6.0,1.94,14.0,0.5,1012.0,1012.2,1012.2,1012.1,3.0,0.17,14.0,0.7,,,,,,,,,,,,,,,,,,,,,,,,,,,,,,,,,,,,,,,,,,,,,,,,,,,,,,,,,,,,,,,,,,,,,,,,,,,,,,,,,,,,,,,,,,,,,,,,,,,,,,,,,,,,,,,,,,,,,,,,,,,,,,,,,,
1887,9,88.3,-13.4,25.6,25.6,25.6,25.6,5.0,0.0,28.0,0.2,25.0,25.0,25.4,25.22,5.0,0.49,28.0,0.2,17.31,17.96,18.14,17.73,3.0,0.64,28.0,0.3,86.6,91.4,91.4,89.5,5.0,2.6,28.0,0.2,0.6,0.8,12.3,12.3,12.3,12.3,5.0,0.0,28.0,0.2,-11.32,-11.32,-11.32,-11.32,5.0,0.0,28.0,0.2,4.81,4.81,4.81,4.81,5.0,0.0,28.0,0.2,1016.41,1017.5,1018.18,1017.3,3.0,1.31,28.0,0.3,5.0,5.0,6.0,5.4,5.0,0.5,28.0,0.2,86.6,91.4,91.4,89.5,5.0,2.6,28.0,0.2,0.6,0.8,-139.3,-139.3,-139.3,-139.3,5.0,0.0,28.0,0.2,59.1,59.1,59.1,59.1,5.0,0.0,28.0,0.2,0.2,0.6,0.6,0.38,5.0,0.49,28.0,0.2,2.4,7.4,7.4,4.7,5.0,6.1,28.0,0.2,2.29,2.44,3.1,2.69,3.0,0.63,28.0,0.3,28.2,30.0,38.1,33.1,3.0,7.7,28.0,0.3,-287.6,-283.1,-283.1,-285.5,5.0,5.6,28.0,0.2,120.1,120.1,122.1,121.2,5.0,2.4,28.0,0.2,-205.4,-203.3,-196.0,-200.7,3.0,7.2,28.0,0.3,83.2,86.3,87.2,85.2,3.0,3.1,28.0,0.3,-35.1,-27.6,-25.9,-30.4,3.0,7.1,28.0,0.3,11.0,11.7,14.9,12.9,3.0,3.0,28.0,0.3,1861.0,1861.0,1861.0,1861.0,5.0,0.0,28.0,0.2,1860.0,1860.0,1860.0,1860.0,5.0,0.0,28.0,0.2
1887,9,88.3,-9.4,,,,,,,,,,,,,,,,,,,,,,,,,,,,,,,,,,,7.11,8.0,8.89,8.0,2.0,1.84,4.0,0.0,-8.84,-7.96,-7.07,-7.96,2.0,1.83,4.0,0.0,-0.93,-0.84,-0.74,-0.84,2.0,0.19,4.0,0.0,1011.36,1011.5,1011.64,1011.5,2.0,0.28,4.0,0.0,,,,,,,,,,,,,,,,,,,,,,,,,,,,,,,,,,,,,,,,,,,,,,,,,,,,,,,,,,,,,,,,,,,,,,,,,,,,,,,,,,,,,,,,,,,,,,,,,,,,,,,,,,,,,,,,,,,,,,,,,,,,,,,,,,
1887,9,88.3,-7.4,,,,,,,,,,,,,,,,,,,,,,,,,,,,,,,,,,,4.5,4.6,6.82,5.59,7.0,2.16,18.0,0.1,-6.28,-4.23,-3.96,-4.83,7.0,2.08,18.0,0.1,1.61,1.84,3.69,2.04,7.0,2.16,18.0,0.1,1009.33,1011.65,1013.09,1011.53,8.0,2.11,16.0,0.1,,,,,,,,,,,,,,,,,,,,,,,,,,,,,,,,,,,,,,,,,,,,,,,,,,,,,,,,,,,,,,,,,,,,,,,,,,,,,,,,,,,,,,,,,,,,,,,,,,,,,,,,,,,,,,,,,,,,,,,,,,,,,,,,,,
1887,9,88.3,-5.4,,,,,,,,,,,,,,,,,,,,,,,,,,,,,,,,,,,2.6,9.3,10.4,7.22,5.0,4.39,12.0,0.8,-7.35,-6.58,-1.84,-5.11,5.0,3.11,12.0,0.8,1.84,6.58,7.35,5.11,5.0,3.11,12.0,0.8,1010.96,1011.4,1011.71,1011.3,5.0,0.65,12.0,0.8,,,,,,,,,,,,,,,,,,,,,,,,,,,,,,,,,,,,,,,,,,,,,,,,,,,,,,,,,,,,,,,,,,,,,,,,,,,,,,,,,,,,,,,,,,,,,,,,,,,,,,,,,,,,,,,,,,,,,,,,,,,,,,,,,,
1887,9,88.3,-3.4,,,,,,,,,,,,,,,,,,,,,,,,,,,,,,,,,,,2.6,2.6,2.6,2.6,3.0,0.0,14.0,1.0,-0.97,-0.97,-0.97,-0.97,3.0,0.0,14.0,1.0,2.41,2.41,2.41,2.41,3.0,0.0,14.0,1.0,1014.3,1014.3,1014.3,1014.3,2.0,0.0,14.0,1.0,,,,,,,,,,,,,,,,,,,,,,,,,,,,,,,,,,,,,,,,,,,,,,,,,,,,,,,,,,,,,,,,,,,,,,,,,,,,,,,,,,,,,,,,,,,,,,,,,,,,,,,,,,,,,,,,,,,,,,,,,,,,,,,,,,
1887,9,88.3,0.6,,,,,,,,,,,,,,,,,,,,,,,,,,,,,,,,,,,2.6,4.6,6.7,4.37,14.0,1.88,22.0,0.6,0.0,2.23,3.25,1.87,14.0,1.7,22.0,0.6,1.87,3.25,6.08,3.66,14.0,1.75,22.0,0.6,1010.14,1011.55,1012.67,1011.51,8.0,1.31,22.0,0.5,,,,,,,,,,,,,,,,,,,,,,,,,,,,,,,,,,,,,,,,,,,,,,,,,,,,,,,,,,,,,,,,,,,,,,,,,,,,,,,,,,,,,,,,,,,,,,,,,,,,,,,,,,,,,,,,,,,,,,,,,,,,,,,,,,
1887,9,88.3,2.6,,,,,,,,,,,,,,,,,,,,,,,,,,,,,,,,,,,6.7,6.7,9.3,7.44,9.0,2.66,16.0,0.3,4.74,4.74,6.58,5.06,9.0,2.34,16.0,0.3,4.74,4.74,6.58,5.35,9.0,1.72,16.0,0.3,1006.9,1011.3,1012.08,1010.2,9.0,2.77,16.0,0.3,,,,,,,,,,,,,,,,,,,,,,,,,,,,,,,,,,,,,,,,,,,,,,,,,,,,,,,,,,,,,,,,,,,,,,,,,,,,,,,,,,,,,,,,,,,,,,,,,,,,,,,,,,,,,,,,,,,,,,,,,,,,,,,,,,
1887,9,88.3,4.6,26.9,27.0,27.0,26.96,5.0,0.05,16.0,0.4,26.8,27.1,27.6,27.18,5.0,0.4,16.0,0.4,19.8,20.51,21.12,20.47,5.0,0.66,16.0,0.4,89.9,91.0,91.0,90.5,5.0,0.6,16.0,0.4,0.5,0.9,6.7,6.7,7.65,7.22,5.0,1.16,16.0,0.4,4.98,5.92,6.75,6.0,5.0,1.32,16.0,0.4,3.15,4.37,4.48,3.92,5.0,0.71,16.0,0.4,1007.18,1007.7,1011.71,1009.14,5.0,2.59,16.0,0.4,1.3,3.0,6.4,3.6,5.0,2.9,16.0,0.4,89.9,91.0,91.0,90.5,5.0,0.6,16.0,0.4,0.5,0.9,33.4,39.6,53.0,44.5,5.0,18.1,16.0,0.4,21.1,30.0,33.9,28.6,5.0,8.1,16.0,0.4,-0.6,-0.1,0.1,-0.22,5.0,0.36,16.0,0.4,-4.6,-0.7,0.7,-1.8,5.0,2.9,16.0,0.4,1.3,1.93,2.39,1.86,5.0,0.55,16.0,0.4,10.9,12.9,16.0,13.2,5.0,3.1,16.0,0.4,133.4,160.3,186.4,163.4,5.0,38.1,16.0,0.4,86.2,120.1,120.3,106.6,5.0,18.8,16.0,0.4,98.6,121.3,142.6,123.4,5.0,30.6,16.0,0.4,65.7,88.7,90.1,80.1,5.0,13.5,16.0,0.4,9.6,11.4,11.9,10.7,5.0,1.8,16.0,0.4,5.1,6.1,10.7,7.5,5.0,3.1,16.0,0.4,301.0,301.0,484.5,401.5,5.0,225.0,16.0,0.4,300.0,300.0,485.0,400.0,5.0,225.0,16.0,0.4
1887,9,88.3,16.6,,,,,,,,,,,,,,,,,,,,,,,,,,,,,,,,,,,2.73,6.7,6.7,5.89,14.0,2.21,24.0,0.5,2.24,4.53,5.74,4.24,14.0,1.85,24.0,0.5,1.82,4.37,4.97,3.98,14.0,1.55,24.0,0.5,998.3,999.35,1000.62,999.25,8.0,1.23,24.0,0.4,,,,,,,,,,,,,,,,,,,,,,,,,,,,,,,,,,,,,,,,,,,,,,,,,,,,,,,,,,,,,,,,,,,,,,,,,,,,,,,,,,,,,,,,,,,,,,,,,,,,,,,,,,,,,,,,,,,,,,,,,,,,,,,,,,
1887,9,90.3,-45.4,6.7,6.95,7.8,7.15,6.0,0.54,18.0,0.3,6.7,7.2,7.43,7.22,6.0,0.58,18.0,0.3,4.05,4.08,4.38,4.21,6.0,0.27,18.0,0.3,62.9,64.2,71.4,66.5,6.0,6.2,18.0,0.3,0.5,0.7,9.3,12.3,12.3,11.3,6.0,1.55,18.0,0.3,6.1,8.07,10.9,8.38,6.0,2.19,18.0,0.3,5.7,7.02,9.28,7.29,6.0,1.67,18.0,0.3,1001.59,1004.6,1006.75,1004.28,6.0,3.02,18.0,0.3,4.0,5.0,5.2,4.8,6.0,0.8,18.0,0.3,62.9,64.2,71.4,66.5,6.0,6.2,18.0,0.3,0.5,0.7,56.7,99.3,134.1,96.9,6.0,35.0,18.0,0.3,65.3,68.7,114.2,82.7,6.0,24.5,18.0,0.3,-0.73,0.0,0.7,-0.07,6.0,0.99,18.0,0.3,-8.0,0.8,8.7,0.2,6.0,10.5,18.0,0.3,1.96,2.07,2.38,2.11,6.0,0.32,18.0,0.3,19.3,22.6,29.3,23.9,6.0,5.3,18.0,0.3,49.3,56.1,74.9,59.8,6.0,13.5,18.0,0.3,40.5,54.4,63.2,52.6,6.0,12.0,18.0,0.3,24.7,35.5,45.0,35.3,6.0,9.7,18.0,0.3,23.5,28.4,39.0,30.8,6.0,8.3,18.0,0.3,12.7,14.8,26.2,18.1,6.0,6.9,18.0,0.3,14.0,14.7,15.8,15.1,6.0,2.2,18.0,0.3,804.5,1861.0,1861.0,1508.5,6.0,545.5,18.0,0.3,805.0,1860.0,1860.0,1510.0,6.0,545.0,18.0,0.3
1887,9,90.3,-43.4,,,,,,,,,,,,,,,,,,,,,,,,,,,,,,,,,,,12.3,12.3,12.3,12.64,9.0,1.03,12.0,0.3,5.07,10.86,11.2,8.92,9.0,3.01,12.0,0.3,-3.51,5.77,10.61,3.29,9.0,8.38,12.0,0.3,993.68,994.2,1003.18,999.56,9.0,10.04,12.0,0.3,,,,,,,,,,,,,,,,,,,,,,,,,,,,,,,,,,,,,,,,,,,,,,,,,,,,,,,,,,,,,,,,,,,,,,,,,,,,,,,,,,,,,,,,,,,,,,,,,,,,,,,,,,,,,,,,,,,,,,,,,,,,,,,,,,
1887,9,90.3,-37.4,,,,,,,,,,,,,,,,,,,,,,,,,,,,,,,,,,,19.0,19.0,19.0,19.0,6.0,0.0,30.0,0.0,-1.53,3.56,7.12,2.32,6.0,5.91,30.0,0.0,-19.0,-17.62,-17.59,-18.06,6.0,0.73,30.0,0.0,1009.68,1011.2,1013.6,1011.43,6.0,1.9,30.0,0.0,,,,,,,,,,,,,,,,,,,,,,,,,,,,,,,,,,,,,,,,,,,,,,,,,,,,,,,,,,,,,,,,,,,,,,,,,,,,,,,,,,,,,,,,,,,,,,,,,,,,,,,,,,,,,,,,,,,,,,,,,,,,,,,,,,
1887,9,90.3,-35.4,11.83,12.2,14.4,12.76,9.0,1.28,14.0,0.7,10.99,13.3,13.3,12.2,4.0,2.2,18.0,1.0,5.59,5.59,5.59,5.59,1.0,0.0,14.0,1.0,79.2,79.2,79.2,79.2,1.0,0.0,14.0,1.0,0.9,0.1,12.3,12.3,17.7,14.88,4.0,5.15,18.0,0.8,4.61,4.61,12.01,8.14,4.0,7.06,18.0,0.8,-11.4,-11.4,1.19,-5.39,4.0,12.02,18.0,0.8,1007.65,1011.9,1022.7,1014.76,7.0,7.77,16.0,0.9,1.0,5.0,6.0,4.0,9.0,2.3,14.0,0.7,79.2,79.2,79.2,79.2,1.0,0.0,14.0,1.0,0.9,0.1,56.7,56.7,248.8,148.4,4.0,183.4,18.0,0.8,-140.3,-140.3,82.8,-33.8,4.0,212.9,18.0,0.8,,,,,,,,,,,,,,,,,,,,,,,,,,,,,,,,,,,,,,,,,,,,,,,,,,,,,,,,,,,,,,,,,,,,,,,,,,,,,,,,,,,,,,,,,,,,,,,,
1887,9,90.3,-33.4,,,,,,,,,,,,,,,,,,,,,,,,,,,,,,,,,,,12.3,12.3,12.3,12.3,5.0,0.0,20.0,0.4,4.61,4.61,4.61,4.61,5.0,0.0,20.0,0.4,-11.4,-11.4,-11.4,-11.4,5.0,0.0,20.0,0.4,1022.7,1022.7,1022.7,1022.7,5.0,0.0,20.0,0.4,,,,,,,,,,,,,,,,,,,,,,,,,,,,,,,,,,,,,,,,,,,,,,,,,,,,,,,,,,,,,,,,,,,,,,,,,,,,,,,,,,,,,,,,,,,,,,,,,,,,,,,,,,,,,,,,,,,,,,,,,,,,,,,,,,
1887,9,90.3,-19.4,,,,,,,,,,,,,,,,,,,,,,,,,,,,,,,,,,,7.94,9.3,10.87,9.4,4.0,2.29,22.0,0.8,-7.69,-6.58,-5.61,-6.65,4.0,1.62,22.0,0.8,5.61,6.58,7.69,6.65,4.0,1.62,22.0,0.8,1018.4,1018.9,1019.82,1019.1,4.0,0.87,22.0,0.8,,,,,,,,,,,,,,,,,,,,,,,,,,,,,,,,,,,,,,,,,,,,,,,,,,,,,,,,,,,,,,,,,,,,,,,,,,,,,,,,,,,,,,,,,,,,,,,,,,,,,,,,,,,,,,,,,,,,,,,,,,,,,,,,,,
1887,9,90.3,-15.4,,,,,,,,,,,,,,,,,,,,,,,,,,,,,,,,,,,12.3,12.3,12.3,12.3,3.0,0.0,14.0,1.0,-4.61,-4.61,-4.61,-4.61,3.0,0.0,14.0,1.0,11.4,11.4,11.4,11.4,3.0,0.0,14.0,1.0,1013.0,1013.2,1013.4,1013.2,2.0,0.42,14.0,1.0,,,,,,,,,,,,,,,,,,,,,,,,,,,,,,,,,,,,,,,,,,,,,,,,,,,,,,,,,,,,,,,,,,,,,,,,,,,,,,,,,,,,,,,,,,,,,,,,,,,,,,,,,,,,,,,,,,,,,,,,,,,,,,,,,,
1887,9,90.3,-13.4,26.1,26.1,26.1,26.1,1.0,0.0,28.0,1.0,26.1,26.1,26.1,26.1,1.0,0.0,28.0,1.0,17.45,17.45,17.45,17.45,1.0,0.0,28.0,1.0,83.1,83.1,83.1,83.1,1.0,0.0,28.0,1.0,0.1,1.0,12.3,12.3,12.3,12.3,1.0,0.0,28.0,1.0,-11.32,-11.32,-11.32,-11.32,1.0,0.0,28.0,1.0,4.81,4.81,4.81,4.81,1.0,0.0,28.0,1.0,1016.3,1016.3,1016.3,1016.3,1.0,0.0,28.0,1.0,4.0,4.0,4.0,4.0,1.0,0.0,28.0,1.0,83.1,83.1,83.1,83.1,1.0,0.0,28.0,1.0,0.1,1.0,-139.3,-139.3,-139.3,-139.3,1.0,0.0,28.0,1.0,59.1,59.1,59.1,59.1,1.0,0.0,28.0,1.0,0.0,0.0,0.0,0.0,1.0,0.0,28.0,1.0,0.0,0.0,0.0,0.0,1.0,0.0,28.0,1.0,3.61,3.61,3.61,3.61,1.0,0.0,28.0,1.0,44.4,44.4,44.4,44.4,1.0,0.0,28.0,1.0,-295.5,-295.5,-295.5,-295.5,1.0,0.0,28.0,1.0,125.4,125.4,125.4,125.4,1.0,0.0,28.0,1.0,-197.6,-197.6,-197.6,-197.6,1.0,0.0,28.0,1.0,83.9,83.9,83.9,83.9,1.0,0.0,28.0,1.0,-40.8,-40.8,-40.8,-40.8,1.0,0.0,28.0,1.0,17.3,17.3,17.3,17.3,1.0,0.0,28.0,1.0,1861.0,1861.0,1861.0,1861.0,1.0,0.0,28.0,1.0,1860.0,1860.0,1860.0,1860.0,1.0,0.0,28.0,1.0
1887,9,90.3,-11.4,25.0,25.3,26.19,25.47,10.0,0.69,18.0,0.7,24.66,25.3,26.4,25.48,10.0,0.83,18.0,0.7,18.24,18.76,18.77,18.51,3.0,0.44,28.0,0.3,91.4,93.4,95.3,93.4,6.0,2.2,28.0,0.7,0.6,0.2,9.3,12.3,12.3,10.84,10.0,2.03,18.0,0.7,-11.32,-11.32,-8.74,-10.09,10.0,1.73,18.0,0.7,2.41,4.81,4.81,3.9,10.0,1.25,18.0,0.7,1011.78,1014.15,1016.86,1014.28,6.0,2.58,16.0,0.5,3.4,5.0,6.0,4.8,10.0,1.6,18.0,0.7,91.4,93.4,95.3,93.4,6.0,2.2,28.0,0.7,0.6,0.2,-139.3,-139.3,-81.3,-112.6,10.0,36.3,18.0,0.7,22.4,59.1,59.1,44.5,10.0,19.6,18.0,0.7,-0.6,0.0,0.69,-0.01,10.0,0.81,18.0,0.7,-7.4,0.0,5.7,-0.8,10.0,8.3,18.0,0.7,0.45,0.93,1.47,0.96,3.0,0.74,28.0,0.3,5.6,11.5,18.1,11.8,3.0,9.2,28.0,0.3,-286.9,-279.7,-231.3,-257.0,10.0,42.8,18.0,0.7,63.5,118.7,121.8,99.2,10.0,31.1,18.0,0.7,-212.5,-212.4,-206.6,-209.6,3.0,5.0,28.0,0.3,87.7,90.2,90.2,89.0,3.0,2.1,28.0,0.3,-16.6,-10.6,-5.1,-10.9,3.0,8.4,28.0,0.3,2.2,4.5,7.1,4.6,3.0,3.6,28.0,0.3,804.5,1861.0,1861.0,1388.0,10.0,627.5,18.0,0.7,805.0,1860.0,1860.0,1390.0,10.0,630.0,18.0,0.7
1887,9,90.3,-9.4,,,,,,,,,,,,,,,,,,,,,,,,,,,,,,,,,,,4.93,5.65,6.37,5.65,2.0,1.48,10.0,1.0,-6.13,-4.96,-3.8,-4.96,2.0,2.42,10.0,1.0,1.01,1.92,2.83,1.92,2.0,1.89,10.0,1.0,1009.11,1009.35,1009.59,1009.35,2.0,0.49,10.0,1.0,,,,,,,,,,,,,,,,,,,,,,,,,,,,,,,,,,,,,,,,,,,,,,,,,,,,,,,,,,,,,,,,,,,,,,,,,,,,,,,,,,,,,,,,,,,,,,,,,,,,,,,,,,,,,,,,,,,,,,,,,,,,,,,,,,
1887,9,90.3,-7.4,,,,,,,,,,,,,,,,,,,,,,,,,,,,,,,,,,,6.7,6.7,6.7,6.49,10.0,0.66,18.0,0.9,-6.17,-4.74,-4.59,-5.09,10.0,0.76,18.0,0.9,2.62,4.74,4.74,3.83,10.0,1.25,18.0,0.9,1010.61,1012.1,1013.25,1012.03,9.0,1.37,18.0,0.9,,,,,,,,,,,,,,,,,,,,,,,,,,,,,,,,,,,,,,,,,,,,,,,,,,,,,,,,,,,,,,,,,,,,,,,,,,,,,,,,,,,,,,,,,,,,,,,,,,,,,,,,,,,,,,,,,,,,,,,,,,,,,,,,,,
1887,9,90.3,-5.4,,,,,,,,,,,,,,,,,,,,,,,,,,,,,,,,,,,4.6,4.6,4.6,4.6,1.0,0.0,14.0,0.0,-3.25,-3.25,-3.25,-3.25,1.0,0.0,14.0,0.0,3.25,3.25,3.25,3.25,1.0,0.0,14.0,0.0,1012.3,1012.3,1012.3,1012.3,1.0,0.0,14.0,0.0,,,,,,,,,,,,,,,,,,,,,,,,,,,,,,,,,,,,,,,,,,,,,,,,,,,,,,,,,,,,,,,,,,,,,,,,,,,,,,,,,,,,,,,,,,,,,,,,,,,,,,,,,,,,,,,,,,,,,,,,,,,,,,,,,,
1887,9,90.3,0.6,,,,,,,,,,,,,,,,,,,,,,,,,,,,,,,,,,,1.02,4.6,6.7,4.06,20.0,2.71,20.0,0.4,0.0,1.82,3.24,1.81,20.0,1.75,20.0,0.4,1.01,3.74,6.15,3.44,20.0,2.41,20.0,0.4,1009.62,1011.7,1012.88,1011.25,17.0,2.0,20.0,0.5,,,,,,,,,,,,,,,,,,,,,,,,,,,,,,,,,,,,,,,,,,,,,,,,,,,,,,,,,,,,,,,,,,,,,,,,,,,,,,,,,,,,,,,,,,,,,,,,,,,,,,,,,,,,,,,,,,,,,,,,,,,,,,,,,,
1887,9,90.3,2.6,,,,,,,,,,,,,,,,,,,,,,,,,,,,,,,,,,,9.3,9.3,9.3,9.3,1.0,0.0,12.0,1.0,6.58,6.58,6.58,6.58,1.0,0.0,12.0,1.0,6.58,6.58,6.58,6.58,1.0,0.0,12.0,1.0,1007.7,1007.7,1007.7,1007.7,1.0,0.0,12.0,1.0,,,,,,,,,,,,,,,,,,,,,,,,,,,,,,,,,,,,,,,,,,,,,,,,,,,,,,,,,,,,,,,,,,,,,,,,,,,,,,,,,,,,,,,,,,,,,,,,,,,,,,,,,,,,,,,,,,,,,,,,,,,,,,,,,,
1887,9,90.3,4.6,26.53,27.0,27.4,26.98,5.0,0.78,16.0,0.6,26.65,27.6,27.97,27.4,5.0,0.85,16.0,0.6,18.54,20.6,21.35,20.02,5.0,1.74,16.0,0.6,82.1,89.3,92.0,87.4,5.0,5.8,16.0,0.6,0.5,0.9,9.3,9.3,9.3,9.3,5.0,0.0,16.0,0.6,6.91,8.05,8.11,7.63,5.0,0.66,16.0,0.6,4.55,4.65,6.22,5.22,5.0,0.92,16.0,0.6,1007.43,1008.8,1012.73,1009.76,5.0,3.01,16.0,0.6,2.6,6.0,8.0,5.4,5.0,2.8,16.0,0.6,82.1,89.3,92.0,87.4,5.0,5.8,16.0,0.6,0.5,0.9,64.3,74.9,75.4,70.9,5.0,6.1,16.0,0.6,42.3,43.2,57.9,48.6,5.0,8.6,16.0,0.6,-0.6,-0.5,-0.28,-0.42,5.0,0.29,16.0,0.6,-5.6,-4.6,-2.6,-3.9,5.0,2.7,16.0,0.6,1.07,1.69,3.84,2.35,5.0,1.67,16.0,0.6,9.9,15.7,35.8,21.8,5.0,15.5,16.0,0.6,184.2,222.3,228.0,209.4,5.0,23.5,16.0,0.6,125.5,133.0,165.2,142.6,5.0,21.4,16.0,0.6,128.1,165.9,173.2,153.5,5.0,25.5,16.0,0.6,95.6,98.1,112.4,103.3,5.0,10.4,16.0,0.6,8.6,11.7,29.0,17.4,5.0,11.7,16.0,0.6,4.9,10.5,20.6,12.9,5.0,10.5,16.0,0.6,804.5,804.5,804.5,804.5,5.0,0.0,16.0,0.6,805.0,805.0,805.0,805.0,5.0,0.0,16.0,0.6
1887,9,90.3,10.6,,,,,,,,,,,,,,,,,,,,,,,,,,,,,,,,,,,6.7,6.7,6.7,6.7,13.0,0.0,30.0,0.5,5.35,5.68,5.68,5.53,13.0,0.17,30.0,0.5,3.55,3.55,4.03,3.77,13.0,0.25,30.0,0.5,1002.26,1002.4,1003.54,1002.73,6.0,0.86,30.0,0.5,,,,,,,,,,,,,,,,,,,,,,,,,,,,,,,,,,,,,,,,,,,,,,,,,,,,,,,,,,,,,,,,,,,,,,,,,,,,,,,,,,,,,,,,,,,,,,,,,,,,,,,,,,,,,,,,,,,,,,,,,,,,,,,,,,
1887,9,90.3,12.6,,,,,,,,,,,,,,,,,,,,,,,,,,,,,,,,,,,4.6,4.6,4.6,4.77,26.0,0.81,28.0,0.5,4.01,4.02,4.4,4.23,26.0,0.75,28.0,0.5,1.34,2.23,2.77,2.11,26.0,0.67,28.0,0.5,1002.0,1002.7,1004.06,1002.72,14.0,1.13,28.0,0.4,,,,,,,,,,,,,,,,,,,,,,,,,,,,,,,,,,,,,,,,,,,,,,,,,,,,,,,,,,,,,,,,,,,,,,,,,,,,,,,,,,,,,,,,,,,,,,,,,,,,,,,,,,,,,,,,,,,,,,,,,,,,,,,,,,
1887,9,90.3,14.6,,,,,,,,,,,,,,,,,,,,,,,,,,,,,,,,,,,4.6,6.7,6.7,5.66,14.0,1.35,26.0,0.6,4.4,6.41,6.41,5.46,14.0,1.27,26.0,0.6,0.49,1.65,1.96,1.41,14.0,0.66,26.0,0.6,999.95,1000.7,1000.7,1000.26,7.0,0.65,26.0,0.6,,,,,,,,,,,,,,,,,,,,,,,,,,,,,,,,,,,,,,,,,,,,,,,,,,,,,,,,,,,,,,,,,,,,,,,,,,,,,,,,,,,,,,,,,,,,,,,,,,,,,,,,,,,,,,,,,,,,,,,,,,,,,,,,,,
1887,9,90.3,16.6,,,,,,,,,,,,,,,,,,,,,,,,,,,,,,,,,,,2.6,4.6,6.7,4.75,35.0,1.65,24.0,0.6,1.96,4.4,5.8,3.91,35.0,1.83,24.0,0.6,0.48,2.18,3.35,2.07,35.0,1.57,24.0,0.6,997.79,999.7,1000.0,999.24,18.0,1.07,24.0,0.5,,,,,,,,,,,,,,,,,,,,,,,,,,,,,,,,,,,,,,,,,,,,,,,,,,,,,,,,,,,,,,,,,,,,,,,,,,,,,,,,,,,,,,,,,,,,,,,,,,,,,,,,,,,,,,,,,,,,,,,,,,,,,,,,,,
1887,9,92.3,-45.4,6.1,6.1,6.1,6.1,6.0,0.0,20.0,0.5,7.68,8.3,8.9,8.23,6.0,0.66,20.0,0.5,4.64,4.81,5.45,4.98,6.0,0.45,20.0,0.5,66.0,69.6,85.4,73.7,6.0,9.6,20.0,0.5,0.5,0.6,6.7,8.0,9.3,8.0,6.0,1.42,20.0,0.5,5.69,7.41,8.79,7.14,6.0,1.91,20.0,0.5,-3.03,-0.05,3.37,0.31,6.0,3.74,20.0,0.5,1008.0,1008.65,1008.8,1008.25,6.0,1.06,20.0,0.5,3.0,4.0,5.4,4.3,6.0,1.5,20.0,0.5,66.0,69.6,85.4,73.7,6.0,9.6,20.0,0.5,0.5,0.6,38.1,61.1,81.8,59.2,6.0,25.0,20.0,0.5,-28.2,-4.2,22.6,-1.9,6.0,29.3,20.0,0.5,-2.8,-2.2,-1.58,-2.13,6.0,0.66,20.0,0.5,-19.1,-17.3,-13.8,-16.5,6.0,3.7,20.0,0.5,0.41,1.04,1.21,0.88,6.0,0.45,20.0,0.5,3.9,7.9,8.5,6.6,6.0,2.8,20.0,0.5,50.1,58.5,69.5,58.1,6.0,13.2,20.0,0.5,-23.9,2.2,29.4,4.0,6.0,30.7,20.0,0.5,26.4,35.8,47.9,36.1,6.0,12.3,20.0,0.5,-16.5,-0.6,15.6,0.3,6.0,18.3,20.0,0.5,3.6,6.5,7.3,5.7,6.0,2.3,20.0,0.5,-1.7,1.4,4.1,1.5,6.0,3.6,20.0,0.5,301.0,552.5,804.5,552.5,6.0,276.0,20.0,0.5,300.0,555.0,805.0,555.0,6.0,275.0,20.0,0.5
1887,9,92.3,-43.4,,,,,,,,,,,,,,,,,,,,,,,,,,,,,,,,,,,12.3,12.3,12.3,12.3,6.0,0.0,14.0,0.5,8.7,8.7,11.59,9.75,6.0,1.65,14.0,0.5,3.66,8.7,8.7,6.57,6.0,3.61,14.0,0.5,1006.6,1007.3,1007.62,1007.0,6.0,1.18,14.0,0.5,,,,,,,,,,,,,,,,,,,,,,,,,,,,,,,,,,,,,,,,,,,,,,,,,,,,,,,,,,,,,,,,,,,,,,,,,,,,,,,,,,,,,,,,,,,,,,,,,,,,,,,,,,,,,,,,,,,,,,,,,,,,,,,,,,
1887,9,92.3,-37.4,,,,,,,,,,,,,,,,,,,,,,,,,,,,,,,,,,,4.6,4.6,4.6,4.6,1.0,0.0,30.0,1.0,-1.8,-1.8,-1.8,-1.8,1.0,0.0,30.0,1.0,-4.23,-4.23,-4.23,-4.23,1.0,0.0,30.0,1.0,1021.7,1021.7,1021.7,1021.7,1.0,0.0,30.0,1.0,,,,,,,,,,,,,,,,,,,,,,,,,,,,,,,,,,,,,,,,,,,,,,,,,,,,,,,,,,,,,,,,,,,,,,,,,,,,,,,,,,,,,,,,,,,,,,,,,,,,,,,,,,,,,,,,,,,,,,,,,,,,,,,,,,
1887,9,92.3,-35.4,12.2,12.2,12.8,12.4,6.0,0.31,14.0,0.3,9.3,9.4,9.52,9.42,6.0,0.35,14.0,0.3,5.52,5.71,5.83,5.67,6.0,0.2,14.0,0.3,74.0,79.8,80.4,78.0,6.0,3.3,14.0,0.3,0.0,0.2,19.0,19.0,19.0,19.0,1.0,0.0,14.0,1.0,15.17,15.17,15.17,15.17,1.0,0.0,14.0,1.0,11.43,11.43,11.43,11.43,1.0,0.0,14.0,1.0,1016.1,1018.75,1020.38,1018.22,6.0,2.5,14.0,0.3,5.0,5.5,6.0,5.5,6.0,0.5,14.0,0.3,74.0,79.8,80.4,78.0,6.0,3.3,14.0,0.3,0.0,0.2,288.3,288.3,288.3,288.3,1.0,0.0,14.0,1.0,217.3,217.3,217.3,217.3,1.0,0.0,14.0,1.0,2.68,3.05,3.4,2.98,6.0,0.48,14.0,0.3,53.2,53.2,53.2,53.2,1.0,0.0,14.0,1.0,3.11,3.24,3.32,3.21,6.0,0.17,14.0,0.3,65.4,65.4,65.4,65.4,1.0,0.0,14.0,1.0,142.6,142.6,142.6,142.6,1.0,0.0,14.0,1.0,107.5,107.5,107.5,107.5,1.0,0.0,14.0,1.0,81.2,81.2,81.2,81.2,1.0,0.0,14.0,1.0,61.2,61.2,61.2,61.2,1.0,0.0,14.0,1.0,52.2,52.2,52.2,52.2,1.0,0.0,14.0,1.0,39.4,39.4,39.4,39.4,1.0,0.0,14.0,1.0,6859.0,6859.0,6859.0,6859.0,1.0,0.0,14.0,1.0,6860.0,6860.0,6860.0,6860.0,1.0,0.0,14.0,1.0
1887,9,92.3,-33.4,,,,,,,,,,,,,,,,,,,,,,,,,,,,,,,,,,,14.76,15.4,15.4,14.88,6.0,1.27,20.0,0.5,2.94,2.94,3.28,3.22,6.0,0.68,20.0,0.5,-15.12,-15.12,-14.35,-14.5,6.0,1.52,20.0,0.5,1022.7,1022.7,1022.84,1022.82,6.0,0.29,20.0,0.5,,,,,,,,,,,,,,,,,,,,,,,,,,,,,,,,,,,,,,,,,,,,,,,,,,,,,,,,,,,,,,,,,,,,,,,,,,,,,,,,,,,,,,,,,,,,,,,,,,,,,,,,,,,,,,,,,,,,,,,,,,,,,,,,,,
1887,9,92.3,-19.4,,,,,,,,,,,,,,,,,,,,,,,,,,,,,,,,,,,6.7,6.7,6.7,6.7,3.0,0.0,22.0,0.3,-4.74,-4.74,-3.22,-4.0,3.0,1.29,22.0,0.3,4.74,4.74,5.74,5.23,3.0,0.85,22.0,0.3,1016.97,1018.4,1018.81,1017.9,3.0,1.42,22.0,0.3,,,,,,,,,,,,,,,,,,,,,,,,,,,,,,,,,,,,,,,,,,,,,,,,,,,,,,,,,,,,,,,,,,,,,,,,,,,,,,,,,,,,,,,,,,,,,,,,,,,,,,,,,,,,,,,,,,,,,,,,,,,,,,,,,,
1887,9,92.3,-15.4,,,,,,,,,,,,,,,,,,,,,,,,,,,,,,,,,,,12.3,12.3,12.3,12.3,6.0,0.0,14.0,0.2,-4.61,-4.61,-4.61,-4.61,6.0,0.0,14.0,0.2,11.4,11.4,11.4,11.4,6.0,0.0,14.0,0.2,1010.57,1011.35,1012.14,1011.35,2.0,1.63,14.0,0.0,,,,,,,,,,,,,,,,,,,,,,,,,,,,,,,,,,,,,,,,,,,,,,,,,,,,,,,,,,,,,,,,,,,,,,,,,,,,,,,,,,,,,,,,,,,,,,,,,,,,,,,,,,,,,,,,,,,,,,,,,,,,,,,,,,
1887,9,92.3,-13.4,,,,,,,,,,,,,,,,,,,,,,,,,,,,,,,,,,,6.7,6.7,8.47,7.57,3.0,1.5,12.0,0.3,-8.21,-6.55,-6.5,-7.34,3.0,1.43,12.0,0.3,1.5,1.73,2.19,1.84,3.0,0.52,12.0,0.3,1010.72,1014.2,1014.4,1012.6,3.0,3.03,12.0,0.3,,,,,,,,,,,,,,,,,,,,,,,,,,,,,,,,,,,,,,,,,,,,,,,,,,,,,,,,,,,,,,,,,,,,,,,,,,,,,,,,,,,,,,,,,,,,,,,,,,,,,,,,,,,,,,,,,,,,,,,,,,,,,,,,,,
1887,9,92.3,-11.4,25.13,25.6,25.86,25.59,15.0,0.48,22.0,0.5,24.6,25.6,26.46,25.51,15.0,0.77,22.0,0.5,17.24,17.66,17.74,17.58,6.0,0.3,28.0,0.7,79.6,86.6,86.6,84.3,8.0,3.4,28.0,0.5,0.5,0.5,6.7,9.3,9.3,7.85,15.0,2.11,22.0,0.5,-9.12,-6.58,-5.05,-6.66,15.0,1.97,22.0,0.5,0.23,2.62,6.58,3.17,15.0,2.88,22.0,0.5,1011.92,1015.5,1016.5,1014.33,12.0,2.59,22.0,0.5,2.0,3.0,5.8,3.9,15.0,2.3,22.0,0.5,79.6,86.6,86.6,84.3,8.0,3.4,28.0,0.5,0.5,0.5,-84.8,-61.2,-33.9,-55.4,15.0,24.8,22.0,0.5,0.6,17.5,61.2,26.4,15.0,27.6,22.0,0.5,-0.99,0.0,0.89,0.07,15.0,0.95,22.0,0.5,-7.0,0.0,8.3,0.2,15.0,6.2,22.0,0.5,2.7,2.77,3.2,2.86,6.0,0.29,28.0,0.7,20.4,23.6,25.8,22.7,6.0,3.8,28.0,0.7,-224.4,-168.3,-133.5,-169.5,15.0,48.7,22.0,0.5,5.7,69.9,168.3,81.6,15.0,73.7,22.0,0.5,-116.2,-111.2,-102.0,-107.7,6.0,12.0,28.0,0.7,45.1,100.7,116.2,87.3,6.0,34.8,28.0,0.7,-19.7,-18.2,-16.8,-17.6,6.0,3.0,28.0,0.7,8.4,14.9,18.2,13.8,6.0,4.9,28.0,0.7,301.0,804.5,804.5,570.5,15.0,306.0,22.0,0.5,300.0,805.0,805.0,570.0,15.0,305.0,22.0,0.5
1887,9,92.3,-9.4,,,,,,,,,,,,,,,,,,,,,,,,,,,,,,,,,,,1.25,1.8,2.35,1.8,2.0,1.13,16.0,0.0,-1.69,-1.38,-1.07,-1.38,2.0,0.65,16.0,0.0,0.62,1.11,1.61,1.11,2.0,1.02,16.0,0.0,1011.11,1011.35,1011.59,1011.35,2.0,0.49,16.0,0.0,,,,,,,,,,,,,,,,,,,,,,,,,,,,,,,,,,,,,,,,,,,,,,,,,,,,,,,,,,,,,,,,,,,,,,,,,,,,,,,,,,,,,,,,,,,,,,,,,,,,,,,,,,,,,,,,,,,,,,,,,,,,,,,,,,
1887,9,92.3,-7.4,,,,,,,,,,,,,,,,,,,,,,,,,,,,,,,,,,,3.87,6.7,6.7,5.46,5.0,1.84,22.0,0.0,-4.94,-2.51,-2.47,-3.56,5.0,1.64,22.0,0.0,1.51,2.62,6.21,3.57,5.0,2.48,22.0,0.0,1012.28,1013.1,1014.6,1013.4,5.0,1.36,22.0,0.0,,,,,,,,,,,,,,,,,,,,,,,,,,,,,,,,,,,,,,,,,,,,,,,,,,,,,,,,,,,,,,,,,,,,,,,,,,,,,,,,,,,,,,,,,,,,,,,,,,,,,,,,,,,,,,,,,,,,,,,,,,,,,,,,,,
1887,9,92.3,0.6,,,,,,,,,,,,,,,,,,,,,,,,,,,,,,,,,,,1.1,2.6,4.6,3.53,14.0,2.44,18.0,0.4,0.0,0.0,4.16,1.64,14.0,2.7,18.0,0.4,0.0,1.22,4.6,1.37,14.0,2.68,18.0,0.4,1008.59,1012.7,1013.45,1011.68,12.0,2.57,18.0,0.3,,,,,,,,,,,,,,,,,,,,,,,,,,,,,,,,,,,,,,,,,,,,,,,,,,,,,,,,,,,,,,,,,,,,,,,,,,,,,,,,,,,,,,,,,,,,,,,,,,,,,,,,,,,,,,,,,,,,,,,,,,,,,,,,,,
1887,9,92.3,4.6,26.9,26.95,27.0,26.95,4.0,0.06,18.0,0.3,26.4,27.0,27.6,27.0,4.0,0.69,18.0,0.3,18.76,20.16,21.13,19.95,4.0,1.4,18.0,0.3,87.4,90.2,91.0,89.2,4.0,2.5,18.0,0.3,0.5,0.9,6.7,6.7,6.7,6.7,4.0,0.0,18.0,0.3,4.98,5.39,5.8,5.39,4.0,0.48,18.0,0.3,3.35,3.92,4.48,3.92,4.0,0.65,18.0,0.3,1007.09,1010.0,1013.33,1010.2,4.0,3.63,18.0,0.3,6.0,7.0,8.0,7.0,4.0,1.2,18.0,0.3,87.4,90.2,91.0,89.2,4.0,2.5,18.0,0.3,0.5,0.9,33.4,36.1,38.9,36.1,4.0,3.2,18.0,0.3,22.4,26.2,30.0,26.2,4.0,4.4,18.0,0.3,-0.6,-0.05,0.5,-0.05,4.0,0.64,18.0,0.3,-4.0,-0.3,3.4,-0.3,4.0,4.3,18.0,0.3,1.3,2.14,3.4,2.34,4.0,1.24,18.0,0.3,8.7,14.3,22.8,15.7,4.0,8.3,18.0,0.3,131.4,145.8,160.1,145.8,4.0,16.6,18.0,0.3,92.5,105.4,118.4,105.4,4.0,15.0,18.0,0.3,93.4,109.1,122.6,108.1,4.0,16.9,18.0,0.3,70.8,76.6,84.3,77.5,4.0,7.9,18.0,0.3,7.6,11.2,16.9,12.2,4.0,5.6,18.0,0.3,4.4,8.9,15.2,9.8,4.0,6.4,18.0,0.3,301.0,301.0,301.0,301.0,4.0,0.0,18.0,0.3,300.0,300.0,300.0,300.0,4.0,0.0,18.0,0.3
1887,9,92.3,14.6,,,,,,,,,,,,,,,,,,,,,,,,,,,,,,,,,,,4.6,6.7,9.3,7.2,13.0,3.24,20.0,0.8,3.94,5.35,8.74,6.15,13.0,2.57,20.0,0.8,2.22,3.18,4.76,3.61,13.0,2.23,20.0,0.8,999.0,1000.0,1003.4,1000.93,7.0,1.91,20.0,0.9,,,,,,,,,,,,,,,,,,,,,,,,,,,,,,,,,,,,,,,,,,,,,,,,,,,,,,,,,,,,,,,,,,,,,,,,,,,,,,,,,,,,,,,,,,,,,,,,,,,,,,,,,,,,,,,,,,,,,,,,,,,,,,,,,,
1887,9,92.3,16.6,,,,,,,,,,,,,,,,,,,,,,,,,,,,,,,,,,,2.6,2.6,2.6,2.6,2.0,0.0,20.0,0.0,2.25,2.25,2.25,2.25,2.0,0.0,20.0,0.0,1.3,1.3,1.3,1.3,2.0,0.0,20.0,0.0,1000.0,1000.0,1000.0,1000.0,1.0,0.0,20.0,0.0,,,,,,,,,,,,,,,,,,,,,,,,,,,,,,,,,,,,,,,,,,,,,,,,,,,,,,,,,,,,,,,,,,,,,,,,,,,,,,,,,,,,,,,,,,,,,,,,,,,,,,,,,,,,,,,,,,,,,,,,,,,,,,,,,,
1887,9,94.3,-45.4,6.1,6.1,6.7,6.34,5.0,0.33,20.0,0.4,8.5,9.4,9.62,9.1,5.0,0.82,20.0,0.4,5.98,6.18,6.42,6.17,5.0,0.3,20.0,0.4,83.8,86.7,86.7,85.2,5.0,3.0,20.0,0.4,0.5,0.5,11.2,12.3,12.3,11.7,5.0,1.34,20.0,0.4,0.64,5.2,8.92,4.88,5.0,4.17,20.0,0.4,-12.28,-11.15,-6.33,-9.39,5.0,3.93,20.0,0.4,998.23,1000.3,1002.87,1000.52,5.0,2.54,20.0,0.4,7.6,8.0,8.0,7.8,5.0,0.4,20.0,0.4,83.8,86.7,86.7,85.2,5.0,3.0,20.0,0.4,0.5,0.5,7.9,63.9,93.0,54.8,5.0,46.2,20.0,0.4,-151.1,-137.1,-74.5,-113.7,5.0,52.0,20.0,0.4,-3.2,-2.7,-2.33,-2.76,5.0,0.78,20.0,0.4,-39.4,-33.2,-26.9,-32.9,5.0,11.4,20.0,0.4,-0.27,-0.26,-0.09,-0.17,5.0,0.21,20.0,0.4,-3.3,-3.2,-1.3,-2.2,5.0,2.3,20.0,0.4,6.1,52.0,73.2,42.8,5.0,35.1,20.0,0.4,-115.5,-111.5,-55.1,-87.9,5.0,40.1,20.0,0.4,4.1,32.0,52.3,29.3,5.0,24.7,20.0,0.4,-78.9,-68.6,-38.6,-58.9,5.0,26.0,20.0,0.4,-1.8,-0.2,0.5,-0.5,5.0,1.6,20.0,0.4,1.3,2.8,3.2,2.2,5.0,1.6,20.0,0.4,1475.0,1861.0,1861.0,1649.5,5.0,472.5,20.0,0.4,1475.0,1860.0,1860.0,1650.0,5.0,470.0,20.0,0.4
1887,9,94.3,-43.4,,,,,,,,,,,,,,,,,,,,,,,,,,,,,,,,,,,12.79,13.85,14.91,13.85,2.0,2.19,14.0,0.0,12.6,13.24,13.88,13.24,2.0,1.33,14.0,0.0,-5.06,-3.01,-0.95,-3.01,2.0,4.25,14.0,0.0,1002.77,1003.55,1004.34,1003.55,2.0,1.63,14.0,0.0,,,,,,,,,,,,,,,,,,,,,,,,,,,,,,,,,,,,,,,,,,,,,,,,,,,,,,,,,,,,,,,,,,,,,,,,,,,,,,,,,,,,,,,,,,,,,,,,,,,,,,,,,,,,,,,,,,,,,,,,,,,,,,,,,,
1887,9,94.3,-41.4,,,,,,,,,,,,,,,,,,,,,,,,,,,,,,,,,,,19.0,19.0,19.0,19.0,1.0,0.0,14.0,1.0,17.62,17.62,17.62,17.62,1.0,0.0,14.0,1.0,7.12,7.12,7.12,7.12,1.0,0.0,14.0,1.0,1002.6,1002.6,1002.6,1002.6,1.0,0.0,14.0,1.0,,,,,,,,,,,,,,,,,,,,,,,,,,,,,,,,,,,,,,,,,,,,,,,,,,,,,,,,,,,,,,,,,,,,,,,,,,,,,,,,,,,,,,,,,,,,,,,,,,,,,,,,,,,,,,,,,,,,,,,,,,,,,,,,,,
1887,9,94.3,-35.4,12.65,12.8,13.45,12.93,12.0,0.54,14.0,0.5,10.6,12.2,13.21,12.03,12.0,1.39,14.0,0.5,6.48,7.3,7.65,7.08,12.0,0.58,14.0,0.5,78.0,81.1,87.6,82.0,12.0,5.5,14.0,0.5,0.3,1.0,9.3,9.3,10.87,10.05,4.0,1.5,14.0,0.5,9.07,9.13,9.49,9.28,4.0,0.37,14.0,0.5,-0.08,2.01,4.95,2.41,4.0,3.78,14.0,0.5,1020.0,1020.7,1021.4,1020.69,12.0,0.78,14.0,0.5,6.0,6.0,6.3,6.1,12.0,0.5,14.0,0.5,78.0,81.1,87.6,82.0,12.0,5.5,14.0,0.5,0.3,1.0,84.4,84.9,103.7,93.6,4.0,18.1,14.0,0.5,-0.8,18.7,57.7,28.0,4.0,45.2,14.0,0.5,0.25,0.6,1.83,0.89,12.0,0.9,14.0,0.5,-0.2,5.1,16.8,8.2,4.0,13.4,14.0,0.5,1.45,2.32,2.5,2.09,12.0,0.51,14.0,0.5,15.9,20.8,28.4,22.1,4.0,8.5,14.0,0.5,104.5,113.4,123.9,114.1,4.0,13.7,14.0,0.5,0.8,27.2,52.5,26.7,4.0,39.1,14.0,0.5,62.7,66.7,68.4,65.6,4.0,4.5,14.0,0.5,-1.0,14.8,31.3,15.2,4.0,23.8,14.0,0.5,15.5,20.3,24.7,20.1,4.0,5.8,14.0,0.5,0.7,4.4,12.7,6.6,4.0,9.6,14.0,0.5,804.5,804.5,1358.0,1068.5,4.0,528.5,14.0,0.5,805.0,805.0,1360.0,1070.0,4.0,530.0,14.0,0.5
1887,9,94.3,-33.4,,,,,,,,,,,,,,,,,,,,,,,,,,,,,,,,,,,15.4,15.4,15.4,15.4,7.0,0.0,20.0,0.4,2.94,2.94,2.94,2.94,7.0,0.0,20.0,0.4,-15.12,-15.12,-15.12,-15.12,7.0,0.0,20.0,0.4,1022.7,1023.0,1023.4,1023.04,7.0,0.35,20.0,0.4,,,,,,,,,,,,,,,,,,,,,,,,,,,,,,,,,,,,,,,,,,,,,,,,,,,,,,,,,,,,,,,,,,,,,,,,,,,,,,,,,,,,,,,,,,,,,,,,,,,,,,,,,,,,,,,,,,,,,,,,,,,,,,,,,,
1887,9,94.3,-19.4,,,,,,,,,,,,,,,,,,,,,,,,,,,,,,,,,,,6.7,6.7,9.3,7.74,5.0,1.42,20.0,0.4,-8.83,-4.74,-4.74,-6.41,5.0,2.31,20.0,0.4,2.31,4.74,4.74,3.57,5.0,2.05,20.0,0.4,1016.45,1017.2,1018.07,1017.24,5.0,0.86,20.0,0.4,,,,,,,,,,,,,,,,,,,,,,,,,,,,,,,,,,,,,,,,,,,,,,,,,,,,,,,,,,,,,,,,,,,,,,,,,,,,,,,,,,,,,,,,,,,,,,,,,,,,,,,,,,,,,,,,,,,,,,,,,,,,,,,,,,
1887,9,94.3,-15.4,,,,,,,,,,,,,,,,,,,,,,,,,,,,,,,,,,,9.3,9.3,12.3,10.39,11.0,1.51,12.0,0.6,-9.04,-8.7,-6.58,-8.54,11.0,1.58,12.0,0.6,2.38,6.58,8.7,5.2,11.0,2.93,12.0,0.6,1012.87,1014.9,1015.92,1014.54,7.0,1.5,12.0,0.6,,,,,,,,,,,,,,,,,,,,,,,,,,,,,,,,,,,,,,,,,,,,,,,,,,,,,,,,,,,,,,,,,,,,,,,,,,,,,,,,,,,,,,,,,,,,,,,,,,,,,,,,,,,,,,,,,,,,,,,,,,,,,,,,,,
1887,9,94.3,-13.4,,,,,,,,,,,,,,,,,,,,,,,,,,,,,,,,,,,9.3,9.3,12.3,10.43,8.0,1.55,18.0,0.6,-11.32,-9.04,-8.56,-9.81,8.0,1.49,18.0,0.6,2.35,3.63,4.68,3.4,8.0,1.09,18.0,0.6,1013.44,1014.2,1015.58,1014.42,6.0,1.09,18.0,0.5,,,,,,,,,,,,,,,,,,,,,,,,,,,,,,,,,,,,,,,,,,,,,,,,,,,,,,,,,,,,,,,,,,,,,,,,,,,,,,,,,,,,,,,,,,,,,,,,,,,,,,,,,,,,,,,,,,,,,,,,,,,,,,,,,,
1887,9,94.3,-11.4,25.0,25.6,25.6,25.41,9.0,0.31,26.0,0.3,25.0,25.6,25.6,25.39,9.0,0.29,26.0,0.3,17.11,17.68,17.98,17.58,8.0,0.43,26.0,0.3,86.5,86.6,90.9,87.3,8.0,2.9,26.0,0.3,0.4,0.8,6.7,6.7,6.7,6.99,9.0,0.87,26.0,0.3,-6.7,-6.7,-6.17,-6.67,9.0,0.76,26.0,0.3,0.0,2.62,2.62,1.57,9.0,1.52,26.0,0.3,1014.17,1015.4,1016.22,1015.0,9.0,1.66,26.0,0.3,1.0,1.0,4.2,2.2,9.0,1.9,26.0,0.3,86.5,86.6,90.9,87.3,8.0,2.9,26.0,0.3,0.4,0.8,-44.9,-44.9,-41.3,-47.2,9.0,12.3,26.0,0.3,0.0,17.5,17.5,11.6,9.0,12.1,26.0,0.3,0.0,0.0,0.15,0.02,9.0,0.31,26.0,0.3,0.0,0.0,1.4,0.2,9.0,2.1,26.0,0.3,1.83,2.77,2.88,2.6,8.0,0.59,26.0,0.3,12.3,18.6,19.3,17.4,8.0,3.9,26.0,0.3,-171.5,-171.5,-154.2,-169.4,9.0,20.1,26.0,0.3,0.0,65.4,66.6,39.6,9.0,38.5,26.0,0.3,-118.5,-114.7,-105.8,-113.1,8.0,6.3,26.0,0.3,0.0,22.0,46.9,22.9,8.0,24.5,26.0,0.3,-18.6,-18.6,-11.4,-16.8,8.0,3.9,26.0,0.3,0.0,2.2,7.2,3.2,8.0,3.7,26.0,0.3,301.0,301.0,301.0,356.5,9.0,168.0,26.0,0.3,300.0,300.0,300.0,355.0,9.0,170.0,26.0,0.3
1887,9,94.3,-9.4,25.6,25.6,25.6,25.6,2.0,0.0,26.0,1.0,25.77,26.15,26.53,26.15,2.0,0.78,26.0,1.0,17.77,17.88,18.0,17.88,2.0,0.23,26.0,1.0,83.3,84.6,86.0,84.6,2.0,2.8,26.0,1.0,0.9,0.1,9.3,9.3,9.3,9.3,2.0,0.0,26.0,1.0,-9.3,-9.3,-9.3,-9.3,2.0,0.0,26.0,1.0,0.0,0.0,0.0,0.0,2.0,0.0,26.0,1.0,1013.32,1013.35,1013.38,1013.35,2.0,0.07,26.0,1.0,1.0,1.0,1.0,1.0,2.0,0.0,26.0,1.0,83.3,84.6,86.0,84.6,2.0,2.8,26.0,1.0,0.9,0.1,-86.5,-86.5,-86.5,-86.5,2.0,0.0,26.0,1.0,0.0,0.0,0.0,0.0,2.0,0.0,26.0,1.0,-0.93,-0.55,-0.17,-0.55,2.0,0.78,26.0,1.0,-8.6,-5.1,-1.6,-5.1,2.0,7.2,26.0,1.0,2.5,2.61,2.73,2.61,2.0,0.23,26.0,1.0,23.3,24.3,25.3,24.3,2.0,2.2,26.0,1.0,-246.7,-243.2,-239.7,-243.2,2.0,7.2,26.0,1.0,0.0,0.0,0.0,0.0,2.0,0.0,26.0,1.0,-167.4,-166.3,-165.3,-166.3,2.0,2.1,26.0,1.0,0.0,0.0,0.0,0.0,2.0,0.0,26.0,1.0,-25.3,-24.3,-23.3,-24.3,2.0,2.2,26.0,1.0,0.0,0.0,0.0,0.0,2.0,0.0,26.0,1.0,804.5,804.5,804.5,804.5,2.0,0.0,26.0,1.0,805.0,805.0,805.0,805.0,2.0,0.0,26.0,1.0
1887,9,94.3,-7.4,,,,,,,,,,,,,,,,,,,,,,,,,,,,,,,,,,,3.65,5.65,7.24,5.32,6.0,3.13,20.0,0.8,-3.46,-2.51,0.0,-2.08,6.0,1.73,20.0,0.8,1.43,4.73,6.85,4.46,6.0,3.41,20.0,0.8,1012.73,1012.95,1013.37,1013.02,6.0,0.61,20.0,0.8,,,,,,,,,,,,,,,,,,,,,,,,,,,,,,,,,,,,,,,,,,,,,,,,,,,,,,,,,,,,,,,,,,,,,,,,,,,,,,,,,,,,,,,,,,,,,,,,,,,,,,,,,,,,,,,,,,,,,,,,,,,,,,,,,,
1887,9,94.3,-1.4,,,,,,,,,,,,,,,,,,,,,,,,,,,,,,,,,,,1.0,2.6,6.7,3.09,12.0,2.9,20.0,0.4,-0.98,0.0,6.21,1.58,12.0,3.48,20.0,0.4,0.0,1.42,2.53,1.47,12.0,1.29,20.0,0.4,1010.85,1012.1,1013.66,1011.81,7.0,2.18,24.0,0.4,,,,,,,,,,,,,,,,,,,,,,,,,,,,,,,,,,,,,,,,,,,,,,,,,,,,,,,,,,,,,,,,,,,,,,,,,,,,,,,,,,,,,,,,,,,,,,,,,,,,,,,,,,,,,,,,,,,,,,,,,,,,,,,,,,
1887,9,94.3,0.6,,,,,,,,,,,,,,,,,,,,,,,,,,,,,,,,,,,1.0,2.6,4.7,3.3,7.0,2.1,16.0,0.9,0.0,2.6,3.32,2.32,7.0,1.75,16.0,0.9,-0.05,1.0,3.32,1.75,7.0,2.05,16.0,0.9,1009.71,1011.9,1013.27,1011.54,7.0,2.3,16.0,0.9,,,,,,,,,,,,,,,,,,,,,,,,,,,,,,,,,,,,,,,,,,,,,,,,,,,,,,,,,,,,,,,,,,,,,,,,,,,,,,,,,,,,,,,,,,,,,,,,,,,,,,,,,,,,,,,,,,,,,,,,,,,,,,,,,,
1887,9,94.3,4.6,26.93,27.0,27.0,26.97,3.0,0.06,14.0,0.7,26.82,27.3,28.53,27.67,3.0,1.29,14.0,0.7,19.73,19.83,20.72,20.22,3.0,0.8,14.0,0.7,84.5,86.8,89.6,87.0,3.0,3.8,14.0,0.7,0.5,0.9,6.7,6.7,8.47,7.57,3.0,1.5,14.0,0.7,6.1,6.5,6.78,6.44,3.0,0.5,14.0,0.7,2.1,3.15,5.25,3.66,3.0,2.34,14.0,0.7,1007.81,1010.4,1011.01,1009.43,3.0,2.49,14.0,0.7,3.6,5.0,6.4,5.0,3.0,2.0,14.0,0.7,84.5,86.8,89.6,87.0,3.0,3.8,14.0,0.7,0.5,0.9,40.9,43.6,57.7,49.2,3.0,13.2,14.0,0.7,14.1,21.1,46.2,29.9,3.0,24.7,14.0,0.7,-1.56,-0.4,0.15,-0.7,3.0,1.28,14.0,0.7,-10.8,-3.7,0.6,-5.0,3.0,8.5,14.0,0.7,1.69,2.51,2.52,2.12,3.0,0.7,14.0,0.7,11.3,16.9,21.3,16.3,3.0,7.3,14.0,0.7,167.3,188.7,189.0,178.4,3.0,18.2,14.0,0.7,58.8,83.7,142.5,100.2,3.0,63.0,14.0,0.7,123.3,136.1,137.0,130.3,3.0,11.3,14.0,0.7,43.2,62.4,103.4,73.1,3.0,45.1,14.0,0.7,10.5,15.0,16.6,13.6,3.0,4.6,14.0,0.7,4.0,8.0,13.2,8.6,3.0,6.8,14.0,0.7,301.0,301.0,644.5,468.5,3.0,291.0,14.0,0.7,300.0,300.0,645.0,470.0,3.0,290.0,14.0,0.7
1887,9,94.3,6.6,26.9,26.9,26.9,26.9,1.0,0.0,28.0,1.0,26.8,26.8,26.8,26.8,1.0,0.0,28.0,1.0,18.94,18.94,18.94,18.94,1.0,0.0,28.0,1.0,86.2,86.2,86.2,86.2,1.0,0.0,28.0,1.0,0.2,0.0,9.3,9.3,9.3,9.3,1.0,0.0,28.0,1.0,6.91,6.91,6.91,6.91,1.0,0.0,28.0,1.0,6.22,6.22,6.22,6.22,1.0,0.0,28.0,1.0,1013.8,1013.8,1013.8,1013.8,1.0,0.0,28.0,1.0,8.0,8.0,8.0,8.0,1.0,0.0,28.0,1.0,86.2,86.2,86.2,86.2,1.0,0.0,28.0,1.0,0.2,0.0,64.3,64.3,64.3,64.3,1.0,0.0,28.0,1.0,57.9,57.9,57.9,57.9,1.0,0.0,28.0,1.0,0.1,0.1,0.1,0.1,1.0,0.0,28.0,1.0,0.9,0.9,0.9,0.9,1.0,0.0,28.0,1.0,3.21,3.21,3.21,3.21,1.0,0.0,28.0,1.0,29.8,29.8,29.8,29.8,1.0,0.0,28.0,1.0,185.2,185.2,185.2,185.2,1.0,0.0,28.0,1.0,166.8,166.8,166.8,166.8,1.0,0.0,28.0,1.0,130.9,130.9,130.9,130.9,1.0,0.0,28.0,1.0,117.9,117.9,117.9,117.9,1.0,0.0,28.0,1.0,22.2,22.2,22.2,22.2,1.0,0.0,28.0,1.0,20.0,20.0,20.0,20.0,1.0,0.0,28.0,1.0,804.5,804.5,804.5,804.5,1.0,0.0,28.0,1.0,805.0,805.0,805.0,805.0,1.0,0.0,28.0,1.0
1887,9,94.3,12.6,,,,,,,,,,,,,,,,,,,,,,,,,,,,,,,,,,,2.6,2.6,4.6,3.28,48.0,1.34,12.0,0.5,0.23,2.23,3.98,1.93,48.0,1.86,12.0,0.5,0.56,2.26,2.77,1.92,48.0,1.34,12.0,0.5,999.0,1000.0,1001.37,1000.09,33.0,1.24,10.0,0.5,,,,,,,,,,,,,,,,,,,,,,,,,,,,,,,,,,,,,,,,,,,,,,,,,,,,,,,,,,,,,,,,,,,,,,,,,,,,,,,,,,,,,,,,,,,,,,,,,,,,,,,,,,,,,,,,,,,,,,,,,,,,,,,,,,
1887,9,94.3,14.6,,,,,,,,,,,,,,,,,,,,,,,,,,,,,,,,,,,1.0,2.6,4.6,3.07,46.0,1.76,6.0,0.5,0.0,0.0,3.04,0.91,46.0,1.52,6.0,0.5,0.14,2.39,4.6,2.58,46.0,1.68,6.0,0.5,999.0,999.5,1000.7,999.81,28.0,1.0,6.0,0.5,,,,,,,,,,,,,,,,,,,,,,,,,,,,,,,,,,,,,,,,,,,,,,,,,,,,,,,,,,,,,,,,,,,,,,,,,,,,,,,,,,,,,,,,,,,,,,,,,,,,,,,,,,,,,,,,,,,,,,,,,,,,,,,,,,
1887,9,96.3,-45.4,7.2,7.2,7.2,7.2,5.0,0.0,20.0,0.8,10.0,10.6,10.77,10.53,6.0,0.52,18.0,0.8,5.86,6.49,6.57,6.27,5.0,0.41,20.0,0.8,73.9,80.6,82.8,79.1,5.0,5.4,20.0,0.8,0.4,0.4,12.3,13.85,16.14,14.45,6.0,2.7,18.0,0.8,0.64,3.66,10.59,5.86,6.0,6.82,18.0,0.8,-14.25,-12.28,-8.24,-11.52,6.0,3.32,18.0,0.8,994.2,994.75,1000.18,998.22,6.0,8.31,18.0,0.8,7.8,8.0,8.0,7.8,6.0,0.4,18.0,0.8,73.9,80.6,82.8,79.1,5.0,5.4,20.0,0.8,0.4,0.4,7.9,56.3,154.9,95.8,6.0,127.9,18.0,0.8,-219.5,-151.1,-120.1,-164.1,6.0,51.2,18.0,0.8,-3.4,-3.4,-2.8,-3.16,5.0,0.33,20.0,0.8,-52.7,-52.4,-39.1,-46.8,5.0,8.4,20.0,0.8,-0.17,-0.09,0.54,0.13,5.0,0.42,20.0,0.8,-2.3,-1.1,9.2,2.7,5.0,7.0,20.0,0.8,6.7,38.8,115.5,61.4,6.0,69.3,18.0,0.8,-151.1,-126.5,-92.1,-121.4,6.0,35.2,18.0,0.8,4.3,5.2,61.9,30.9,5.0,42.6,20.0,0.8,-89.1,-82.4,-64.2,-76.4,5.0,23.3,20.0,0.8,-0.1,-0.1,6.3,2.9,5.0,5.2,20.0,0.8,-5.2,1.1,2.3,-0.9,5.0,4.3,20.0,0.8,1861.0,2756.5,4314.5,3291.0,6.0,1956.0,18.0,0.8,1860.0,2755.0,4315.0,3290.0,6.0,1955.0,18.0,0.8
1887,9,96.3,-43.4,,,,,,,,,,,,,,,,,,,,,,,,,,,,,,,,,,,15.4,15.4,15.4,15.4,5.0,0.0,14.0,0.6,14.18,15.4,15.4,14.91,5.0,0.67,14.0,0.6,-6.02,0.0,0.0,-2.41,5.0,3.3,14.0,0.6,1001.4,1001.4,1001.62,1001.52,5.0,0.27,14.0,0.6,,,,,,,,,,,,,,,,,,,,,,,,,,,,,,,,,,,,,,,,,,,,,,,,,,,,,,,,,,,,,,,,,,,,,,,,,,,,,,,,,,,,,,,,,,,,,,,,,,,,,,,,,,,,,,,,,,,,,,,,,,,,,,,,,,
1887,9,96.3,-33.4,12.8,14.4,15.0,14.08,12.0,1.03,14.0,0.5,12.2,13.3,14.03,13.27,12.0,0.87,14.0,0.5,7.67,8.67,8.96,8.44,12.0,0.6,14.0,0.5,87.6,88.3,93.8,89.5,12.0,2.8,14.0,0.5,0.8,0.8,9.78,10.8,11.82,10.8,2.0,2.12,14.0,0.5,5.47,6.04,6.61,6.04,2.0,1.19,14.0,0.5,-9.8,-8.95,-8.1,-8.95,2.0,1.76,14.0,0.5,1014.9,1016.3,1017.38,1016.43,12.0,1.17,14.0,0.5,4.7,6.0,6.0,5.5,12.0,0.8,14.0,0.5,87.6,88.3,93.8,89.5,12.0,2.8,14.0,0.5,0.8,0.8,54.1,66.5,78.8,66.5,2.0,25.6,14.0,0.5,-116.9,-98.6,-80.2,-98.6,2.0,38.0,14.0,0.5,0.6,0.6,1.1,0.81,12.0,0.43,14.0,0.5,6.8,9.6,12.3,9.6,2.0,5.6,14.0,0.5,1.25,1.45,1.8,1.51,12.0,0.24,14.0,0.5,15.0,18.3,21.6,18.3,2.0,6.9,14.0,0.5,68.5,79.5,90.5,79.5,2.0,22.7,14.0,0.5,-134.2,-117.9,-101.6,-117.9,2.0,33.7,14.0,0.5,43.0,49.8,56.5,49.8,2.0,14.0,14.0,0.5,-83.8,-73.8,-63.8,-73.8,2.0,20.8,14.0,0.5,8.4,10.2,12.1,10.2,2.0,3.8,14.0,0.5,-17.9,-15.2,-12.4,-15.2,2.0,5.7,14.0,0.5,972.0,1332.5,1693.0,1332.5,2.0,747.0,14.0,0.5,970.0,1335.0,1695.0,1335.0,2.0,745.0,14.0,0.5
1887,9,96.3,-31.4,,,,,,,,,,,,,,,,,,,,,,,,,,,,,,,,,,,15.4,15.4,15.4,15.4,6.0,0.0,20.0,0.7,0.0,0.0,0.0,0.0,6.0,0.0,20.0,0.7,-15.4,-15.4,-15.4,-15.4,6.0,0.0,20.0,0.7,1018.68,1019.65,1022.51,1020.15,8.0,1.86,20.0,0.8,,,,,,,,,,,,,,,,,,,,,,,,,,,,,,,,,,,,,,,,,,,,,,,,,,,,,,,,,,,,,,,,,,,,,,,,,,,,,,,,,,,,,,,,,,,,,,,,,,,,,,,,,,,,,,,,,,,,,,,,,,,,,,,,,,
1887,9,96.3,-19.4,,,,,,,,,,,,,,,,,,,,,,,,,,,,,,,,,,,9.3,9.3,9.3,9.3,3.0,0.0,20.0,1.0,-8.56,-8.56,-8.56,-8.56,3.0,0.0,20.0,1.0,3.63,3.63,3.63,3.63,3.0,0.0,20.0,1.0,1017.14,1018.3,1018.3,1017.73,3.0,0.98,20.0,1.0,,,,,,,,,,,,,,,,,,,,,,,,,,,,,,,,,,,,,,,,,,,,,,,,,,,,,,,,,,,,,,,,,,,,,,,,,,,,,,,,,,,,,,,,,,,,,,,,,,,,,,,,,,,,,,,,,,,,,,,,,,,,,,,,,,
1887,9,96.3,-17.4,,,,,,,,,,,,,,,,,,,,,,,,,,,,,,,,,,,9.18,12.3,12.3,10.64,7.0,2.24,18.0,0.9,-12.08,-10.54,-7.3,-9.61,7.0,2.75,18.0,0.9,2.33,4.74,5.63,4.02,7.0,1.77,18.0,0.9,1014.55,1015.7,1017.83,1016.24,5.0,2.2,18.0,0.8,,,,,,,,,,,,,,,,,,,,,,,,,,,,,,,,,,,,,,,,,,,,,,,,,,,,,,,,,,,,,,,,,,,,,,,,,,,,,,,,,,,,,,,,,,,,,,,,,,,,,,,,,,,,,,,,,,,,,,,,,,,,,,,,,,
1887,9,96.3,-15.4,,,,,,,,,,,,,,,,,,,,,,,,,,,,,,,,,,,9.3,9.3,9.3,9.34,10.0,1.32,16.0,0.5,-8.8,-7.57,-6.58,-7.92,10.0,1.82,16.0,0.5,2.5,3.63,6.58,4.46,10.0,1.89,16.0,0.5,1015.0,1016.3,1017.15,1015.67,7.0,3.32,16.0,0.4,,,,,,,,,,,,,,,,,,,,,,,,,,,,,,,,,,,,,,,,,,,,,,,,,,,,,,,,,,,,,,,,,,,,,,,,,,,,,,,,,,,,,,,,,,,,,,,,,,,,,,,,,,,,,,,,,,,,,,,,,,,,,,,,,,
1887,9,96.3,-9.4,25.48,25.6,25.6,25.5,6.0,0.24,26.0,0.7,25.48,25.6,26.22,25.77,6.0,0.58,26.0,0.7,17.01,17.7,18.06,17.59,6.0,0.54,26.0,0.7,82.6,86.6,86.6,85.3,6.0,2.1,26.0,0.7,0.4,0.3,9.3,9.3,9.3,9.3,6.0,0.0,26.0,0.7,-6.58,-6.58,-6.58,-6.58,6.0,0.0,26.0,0.7,6.58,6.58,6.58,6.58,6.0,0.0,26.0,0.7,1014.52,1014.9,1015.4,1014.95,6.0,0.57,26.0,0.7,2.0,2.0,3.2,2.5,6.0,0.8,26.0,0.7,82.6,86.6,86.6,85.3,6.0,2.1,26.0,0.7,0.4,0.3,-61.2,-61.2,-61.2,-61.2,6.0,0.0,26.0,0.7,61.2,61.2,61.2,61.2,6.0,0.0,26.0,0.7,-0.62,0.0,0.0,-0.27,6.0,0.45,26.0,0.7,-5.8,0.0,0.0,-2.5,6.0,4.2,26.0,0.7,2.4,2.73,2.95,2.75,6.0,0.48,26.0,0.7,22.3,25.4,27.4,25.6,6.0,4.4,26.0,0.7,-172.5,-168.3,-167.5,-169.4,6.0,3.8,26.0,0.7,167.5,168.3,172.5,169.4,6.0,3.8,26.0,0.7,-118.8,-116.4,-111.9,-115.7,6.0,3.5,26.0,0.7,111.9,116.4,118.8,115.7,6.0,3.5,26.0,0.7,-19.4,-17.9,-15.8,-18.1,6.0,3.1,26.0,0.7,15.8,17.9,19.4,18.1,6.0,3.1,26.0,0.7,804.5,804.5,804.5,804.5,6.0,0.0,26.0,0.7,805.0,805.0,805.0,805.0,6.0,0.0,26.0,0.7
1887,9,96.3,-7.4,,,,,,,,,,,,,,,,,,,,,,,,,,,,,,,,,,,2.6,5.65,6.7,4.98,6.0,2.02,20.0,0.2,-2.66,0.0,0.54,-0.52,6.0,2.1,20.0,0.2,2.6,4.71,6.31,4.59,6.0,1.96,20.0,0.2,1010.46,1011.6,1013.3,1011.76,7.0,1.36,18.0,0.1,,,,,,,,,,,,,,,,,,,,,,,,,,,,,,,,,,,,,,,,,,,,,,,,,,,,,,,,,,,,,,,,,,,,,,,,,,,,,,,,,,,,,,,,,,,,,,,,,,,,,,,,,,,,,,,,,,,,,,,,,,,,,,,,,,
1887,9,96.3,-3.4,,,,,,,,,,,,,,,,,,,,,,,,,,,,,,,,,,,0.63,2.6,3.33,2.16,5.0,1.76,28.0,0.8,-1.82,-0.97,0.0,-1.05,5.0,1.33,28.0,0.8,0.0,2.41,2.84,1.65,5.0,1.54,28.0,0.8,1012.48,1013.0,1013.26,1012.88,4.0,0.56,30.0,0.8,,,,,,,,,,,,,,,,,,,,,,,,,,,,,,,,,,,,,,,,,,,,,,,,,,,,,,,,,,,,,,,,,,,,,,,,,,,,,,,,,,,,,,,,,,,,,,,,,,,,,,,,,,,,,,,,,,,,,,,,,,,,,,,,,,
1887,9,96.3,-1.4,,,,,,,,,,,,,,,,,,,,,,,,,,,,,,,,,,,0.22,2.6,4.6,2.43,15.0,2.01,16.0,0.3,-1.65,0.0,3.06,0.62,15.0,2.35,16.0,0.3,-1.66,0.0,1.84,0.14,15.0,2.1,16.0,0.3,1010.46,1011.8,1013.58,1011.91,9.0,1.84,20.0,0.2,,,,,,,,,,,,,,,,,,,,,,,,,,,,,,,,,,,,,,,,,,,,,,,,,,,,,,,,,,,,,,,,,,,,,,,,,,,,,,,,,,,,,,,,,,,,,,,,,,,,,,,,,,,,,,,,,,,,,,,,,,,,,,,,,,
1887,9,96.3,4.6,27.22,27.4,27.78,27.48,5.0,0.43,20.0,0.4,26.4,26.8,28.6,27.36,5.0,1.14,20.0,0.4,19.08,19.16,20.87,19.84,5.0,1.06,20.0,0.4,85.3,86.9,89.3,87.1,5.0,2.3,20.0,0.4,0.4,0.8,0.63,1.0,6.32,3.18,5.0,3.84,20.0,0.4,0.15,0.97,3.15,1.82,5.0,2.88,20.0,0.4,-0.05,0.24,5.19,2.18,5.0,3.0,20.0,0.4,1008.93,1013.0,1014.44,1011.88,5.0,2.95,20.0,0.4,7.3,8.0,8.0,7.6,5.0,0.9,20.0,0.4,85.3,86.9,89.3,87.1,5.0,2.3,20.0,0.4,0.4,0.8,0.6,1.0,24.2,13.5,5.0,28.4,20.0,0.4,-0.1,0.2,34.5,15.8,5.0,25.2,20.0,0.4,-0.68,0.5,0.75,0.12,5.0,0.83,20.0,0.4,-0.7,0.0,5.0,1.7,5.0,3.1,20.0,0.4,2.6,2.97,3.73,3.13,5.0,0.6,20.0,0.4,1.6,2.6,23.8,11.6,5.0,15.2,20.0,0.4,4.0,27.8,85.6,49.5,5.0,76.9,20.0,0.4,-1.5,6.9,137.9,58.2,5.0,80.1,20.0,0.4,2.9,20.4,61.0,35.3,5.0,54.3,20.0,0.4,-1.0,5.2,98.9,41.7,5.0,57.1,20.0,0.4,0.6,2.5,11.4,6.6,5.0,11.4,20.0,0.4,-0.1,0.6,19.4,8.2,5.0,11.5,20.0,0.4,0.5,1.0,355.5,180.5,5.0,351.0,20.0,0.4,0.0,0.0,355.0,180.0,5.0,350.0,20.0,0.4
1887,9,96.3,12.6,,,,,,,,,,,,,,,,,,,,,,,,,,,,,,,,,,,2.6,3.6,4.6,3.6,8.0,1.07,16.0,0.6,1.77,3.26,4.26,3.03,8.0,1.3,16.0,0.6,0.4,1.78,2.19,1.15,8.0,1.52,16.0,0.6,1001.03,1001.4,1001.92,1001.48,4.0,0.7,16.0,0.8,,,,,,,,,,,,,,,,,,,,,,,,,,,,,,,,,,,,,,,,,,,,,,,,,,,,,,,,,,,,,,,,,,,,,,,,,,,,,,,,,,,,,,,,,,,,,,,,,,,,,,,,,,,,,,,,,,,,,,,,,,,,,,,,,,
1887,9,98.3,-45.4,7.2,7.2,7.2,7.2,4.0,0.0,20.0,0.0,8.04,8.6,8.9,8.48,4.0,0.53,20.0,0.0,4.99,5.36,5.57,5.28,4.0,0.38,20.0,0.0,72.7,76.3,79.5,76.1,4.0,3.9,20.0,0.0,0.5,0.3,15.49,19.0,20.89,18.22,4.0,4.3,20.0,0.0,14.94,18.41,20.16,17.59,4.0,3.8,20.0,0.0,-7.14,-3.25,0.52,-3.31,4.0,4.44,20.0,0.0,998.6,1001.05,1003.29,1000.95,4.0,2.88,20.0,0.0,6.0,6.0,6.0,6.0,4.0,0.0,20.0,0.0,72.7,76.3,79.5,76.1,4.0,3.9,20.0,0.0,0.5,0.3,240.8,349.9,423.1,332.7,4.0,135.9,20.0,0.0,-150.3,-61.7,9.9,-69.8,4.0,94.2,20.0,0.0,-1.7,-1.4,-0.84,-1.27,4.0,0.53,20.0,0.0,-35.5,-26.6,-13.8,-24.7,4.0,13.7,20.0,0.0,0.8,1.01,1.36,1.08,4.0,0.38,20.0,0.0,15.2,18.3,22.6,18.9,4.0,5.1,20.0,0.0,120.8,158.5,179.4,150.5,4.0,40.0,20.0,0.0,-61.7,-27.0,4.6,-28.5,4.0,38.6,20.0,0.0,77.3,102.5,109.4,93.7,4.0,24.1,20.0,0.0,-38.2,-17.8,2.9,-17.6,4.0,23.8,20.0,0.0,14.7,17.8,21.8,18.2,4.0,4.5,20.0,0.0,-7.4,-2.9,0.4,-3.5,4.0,4.6,20.0,0.0,4240.5,6859.0,9313.0,6780.5,4.0,3954.0,20.0,0.0,4240.0,6860.0,9315.0,6780.0,4.0,3955.0,20.0,0.0
1887,9,98.3,-43.4,,,,,,,,,,,,,,,,,,,,,,,,,,,,,,,,,,,15.4,15.4,15.4,15.4,4.0,0.0,14.0,0.8,15.4,15.4,15.4,15.4,4.0,0.0,14.0,0.8,0.0,0.0,0.0,0.0,4.0,0.0,14.0,0.8,1001.18,1001.7,1001.86,1001.53,4.0,0.57,14.0,0.8,,,,,,,,,,,,,,,,,,,,,,,,,,,,,,,,,,,,,,,,,,,,,,,,,,,,,,,,,,,,,,,,,,,,,,,,,,,,,,,,,,,,,,,,,,,,,,,,,,,,,,,,,,,,,,,,,,,,,,,,,,,,,,,,,,
1887,9,98.3,-19.4,,,,,,,,,,,,,,,,,,,,,,,,,,,,,,,,,,,9.3,9.3,9.3,9.3,7.0,0.0,24.0,0.3,-8.0,-7.97,-6.58,-7.46,7.0,0.85,24.0,0.3,4.73,4.79,6.58,5.39,7.0,1.18,24.0,0.3,1017.99,1019.5,1020.22,1019.39,7.0,1.1,24.0,0.3,,,,,,,,,,,,,,,,,,,,,,,,,,,,,,,,,,,,,,,,,,,,,,,,,,,,,,,,,,,,,,,,,,,,,,,,,,,,,,,,,,,,,,,,,,,,,,,,,,,,,,,,,,,,,,,,,,,,,,,,,,,,,,,,,,
1887,9,98.3,-17.4,,,,,,,,,,,,,,,,,,,,,,,,,,,,,,,,,,,6.7,6.7,7.24,7.13,6.0,1.06,14.0,0.7,-6.66,-5.76,-2.51,-5.21,6.0,2.35,14.0,0.7,2.62,3.83,6.21,4.22,6.0,1.64,14.0,0.7,1017.63,1019.7,1020.36,1019.16,5.0,1.48,14.0,0.6,,,,,,,,,,,,,,,,,,,,,,,,,,,,,,,,,,,,,,,,,,,,,,,,,,,,,,,,,,,,,,,,,,,,,,,,,,,,,,,,,,,,,,,,,,,,,,,,,,,,,,,,,,,,,,,,,,,,,,,,,,,,,,,,,,
1887,9,98.3,-15.4,,,,,,,,,,,,,,,,,,,,,,,,,,,,,,,,,,,6.7,6.7,6.7,6.7,2.0,0.0,12.0,1.0,-4.74,-4.74,-4.74,-4.74,2.0,0.0,12.0,1.0,4.74,4.74,4.74,4.74,2.0,0.0,12.0,1.0,1010.2,1010.2,1010.2,1010.2,1.0,0.0,12.0,1.0,,,,,,,,,,,,,,,,,,,,,,,,,,,,,,,,,,,,,,,,,,,,,,,,,,,,,,,,,,,,,,,,,,,,,,,,,,,,,,,,,,,,,,,,,,,,,,,,,,,,,,,,,,,,,,,,,,,,,,,,,,,,,,,,,,
1887,9,98.3,-13.4,,,,,,,,,,,,,,,,,,,,,,,,,,,,,,,,,,,6.7,6.7,6.7,6.7,5.0,0.0,12.0,0.2,-4.74,-4.74,-4.74,-4.74,5.0,0.0,12.0,0.2,4.74,4.74,4.74,4.74,5.0,0.0,12.0,0.2,1009.21,1009.45,1009.69,1009.45,2.0,0.49,12.0,0.5,,,,,,,,,,,,,,,,,,,,,,,,,,,,,,,,,,,,,,,,,,,,,,,,,,,,,,,,,,,,,,,,,,,,,,,,,,,,,,,,,,,,,,,,,,,,,,,,,,,,,,,,,,,,,,,,,,,,,,,,,,,,,,,,,,
1887,9,98.3,-9.4,25.6,25.6,25.62,25.67,7.0,0.19,26.0,0.6,25.6,26.1,26.72,26.13,7.0,0.62,26.0,0.6,17.69,18.05,18.41,18.09,7.0,0.43,26.0,0.6,83.6,86.6,86.7,85.7,7.0,1.8,26.0,0.6,0.5,0.5,9.3,9.3,9.44,9.73,7.0,1.13,26.0,0.6,-6.68,-6.58,-6.58,-6.88,7.0,0.8,26.0,0.6,6.58,6.58,6.68,6.88,7.0,0.8,26.0,0.6,1012.99,1014.3,1014.9,1014.0,7.0,0.89,26.0,0.6,2.0,2.0,2.0,1.9,7.0,0.4,26.0,0.6,83.6,86.6,86.7,85.7,7.0,1.8,26.0,0.6,0.5,0.5,-63.3,-61.2,-61.2,-67.7,7.0,17.3,26.0,0.6,61.2,61.2,63.3,67.7,7.0,17.3,26.0,0.6,-1.1,-0.5,0.0,-0.46,7.0,0.49,26.0,0.6,-10.4,-4.6,0.0,-4.7,7.0,5.4,26.0,0.6,2.22,2.45,2.77,2.49,7.0,0.29,26.0,0.6,20.7,25.8,25.9,24.1,7.0,3.1,26.0,0.6,-178.5,-171.6,-168.3,-180.1,7.0,25.1,26.0,0.6,168.3,171.6,178.5,180.1,7.0,25.1,26.0,0.6,-123.0,-118.7,-116.3,-124.6,7.0,17.3,26.0,0.6,116.3,118.7,123.0,124.6,7.0,17.3,26.0,0.6,-18.3,-18.2,-14.6,-17.0,7.0,2.2,26.0,0.6,14.6,18.2,18.3,17.0,7.0,2.2,26.0,0.6,804.5,804.5,855.0,955.5,7.0,399.5,26.0,0.6,805.0,805.0,855.0,955.0,7.0,400.0,26.0,0.6
1887,9,98.3,-7.4,,,,,,,,,,,,,,,,,,,,,,,,,,,,,,,,,,,4.6,5.65,6.7,5.65,6.0,1.15,20.0,1.0,-4.74,-4.0,-2.94,-3.74,6.0,1.23,20.0,1.0,3.25,4.5,4.74,4.16,6.0,0.73,20.0,1.0,1009.44,1011.8,1012.88,1011.38,6.0,1.73,20.0,1.0,,,,,,,,,,,,,,,,,,,,,,,,,,,,,,,,,,,,,,,,,,,,,,,,,,,,,,,,,,,,,,,,,,,,,,,,,,,,,,,,,,,,,,,,,,,,,,,,,,,,,,,,,,,,,,,,,,,,,,,,,,,,,,,,,,
1887,9,98.3,-5.4,,,,,,,,,,,,,,,,,,,,,,,,,,,,,,,,,,,4.6,4.6,4.6,4.6,1.0,0.0,30.0,0.0,-3.25,-3.25,-3.25,-3.25,1.0,0.0,30.0,0.0,3.25,3.25,3.25,3.25,1.0,0.0,30.0,0.0,1012.2,1012.2,1012.2,1012.2,1.0,0.0,30.0,0.0,,,,,,,,,,,,,,,,,,,,,,,,,,,,,,,,,,,,,,,,,,,,,,,,,,,,,,,,,,,,,,,,,,,,,,,,,,,,,,,,,,,,,,,,,,,,,,,,,,,,,,,,,,,,,,,,,,,,,,,,,,,,,,,,,,
1887,9,98.3,-3.4,,,,,,,,,,,,,,,,,,,,,,,,,,,,,,,,,,,1.18,2.6,4.38,3.16,8.0,2.82,16.0,0.3,-3.1,-1.41,-0.04,-1.88,8.0,3.11,16.0,0.3,0.1,1.84,2.35,1.08,8.0,2.08,16.0,0.3,1012.2,1012.2,1012.2,1012.2,2.0,0.0,30.0,0.0,,,,,,,,,,,,,,,,,,,,,,,,,,,,,,,,,,,,,,,,,,,,,,,,,,,,,,,,,,,,,,,,,,,,,,,,,,,,,,,,,,,,,,,,,,,,,,,,,,,,,,,,,,,,,,,,,,,,,,,,,,,,,,,,,,
1887,9,98.3,-1.4,,,,,,,,,,,,,,,,,,,,,,,,,,,,,,,,,,,0.95,2.6,6.7,3.46,7.0,2.64,16.0,0.7,-0.05,2.39,2.59,1.5,7.0,1.86,16.0,0.7,-6.24,-1.02,0.0,-2.39,7.0,2.85,16.0,0.7,1008.42,1009.9,1012.3,1010.4,6.0,2.42,18.0,0.7,,,,,,,,,,,,,,,,,,,,,,,,,,,,,,,,,,,,,,,,,,,,,,,,,,,,,,,,,,,,,,,,,,,,,,,,,,,,,,,,,,,,,,,,,,,,,,,,,,,,,,,,,,,,,,,,,,,,,,,,,,,,,,,,,,
1887,9,98.3,2.6,26.9,26.9,26.9,26.9,1.0,0.0,30.0,1.0,27.3,27.3,27.3,27.3,1.0,0.0,30.0,1.0,17.99,17.99,17.99,17.99,1.0,0.0,30.0,1.0,79.3,79.3,79.3,79.3,1.0,0.0,30.0,1.0,1.0,0.9,0.0,0.0,0.0,0.0,1.0,0.0,30.0,1.0,0.0,0.0,0.0,0.0,1.0,0.0,30.0,1.0,0.0,0.0,0.0,0.0,1.0,0.0,30.0,1.0,1010.6,1010.6,1010.6,1010.6,1.0,0.0,30.0,1.0,6.0,6.0,6.0,6.0,1.0,0.0,30.0,1.0,79.3,79.3,79.3,79.3,1.0,0.0,30.0,1.0,1.0,0.9,0.0,0.0,0.0,0.0,1.0,0.0,30.0,1.0,0.0,0.0,0.0,0.0,1.0,0.0,30.0,1.0,-0.4,-0.4,-0.4,-0.4,1.0,0.0,30.0,1.0,0.0,0.0,0.0,0.0,1.0,0.0,30.0,1.0,4.23,4.23,4.23,4.23,1.0,0.0,30.0,1.0,0.0,0.0,0.0,0.0,1.0,0.0,30.0,1.0,0.0,0.0,0.0,0.0,1.0,0.0,30.0,1.0,0.0,0.0,0.0,0.0,1.0,0.0,30.0,1.0,0.0,0.0,0.0,0.0,1.0,0.0,30.0,1.0,0.0,0.0,0.0,0.0,1.0,0.0,30.0,1.0,0.0,0.0,0.0,0.0,1.0,0.0,30.0,1.0,0.0,0.0,0.0,0.0,1.0,0.0,30.0,1.0,0.0,0.0,0.0,0.0,1.0,0.0,30.0,1.0,0.0,0.0,0.0,0.0,1.0,0.0,30.0,1.0
1887,9,98.3,4.6,27.7,28.0,28.88,28.14,8.0,0.71,10.0,0.6,26.82,27.6,28.53,27.63,8.0,1.11,10.0,0.6,18.66,19.68,21.06,19.87,8.0,1.18,10.0,0.6,79.0,87.2,90.9,85.9,8.0,6.3,10.0,0.6,0.4,0.4,0.0,1.0,2.6,1.4,7.0,1.19,10.0,0.7,-1.05,0.0,1.34,-0.26,7.0,1.39,10.0,0.7,-0.24,0.0,2.23,0.62,7.0,1.12,10.0,0.7,1007.89,1010.4,1012.38,1010.14,8.0,2.13,10.0,0.6,3.9,6.0,8.0,5.7,7.0,2.5,10.0,0.7,79.0,87.2,90.9,85.9,8.0,6.3,10.0,0.6,0.4,0.4,-1.2,0.0,3.5,-0.2,7.0,3.4,10.0,0.7,-0.2,0.0,5.8,1.7,7.0,2.8,10.0,0.7,-0.57,0.5,1.86,0.51,8.0,1.09,10.0,0.6,-0.8,0.0,0.6,-0.2,7.0,1.2,10.0,0.7,2.98,4.77,5.11,4.07,8.0,1.57,10.0,0.6,0.0,4.8,12.4,6.1,7.0,6.1,10.0,0.7,-29.9,0.0,36.3,-7.3,7.0,39.1,10.0,0.7,-6.7,0.0,60.4,17.5,7.0,31.6,10.0,0.7,-22.4,0.0,25.5,-5.3,7.0,26.7,10.0,0.7,-5.0,0.0,42.4,11.8,7.0,21.7,10.0,0.7,-5.0,0.0,5.8,-0.7,7.0,6.4,10.0,0.7,-0.2,0.0,9.7,3.1,7.0,5.2,10.0,0.7,0.0,1.0,17.5,8.0,7.0,9.0,10.0,0.7,0.0,0.0,20.0,10.0,7.0,10.0,10.0,0.7
1887,9,100.3,-45.4,7.2,7.2,7.2,7.27,9.0,0.2,20.0,0.7,7.8,9.4,10.0,9.13,9.0,1.22,20.0,0.7,4.87,5.67,6.62,5.73,9.0,0.84,20.0,0.7,68.9,80.4,86.2,79.2,9.0,10.1,20.0,0.7,0.4,0.4,4.6,4.6,6.7,5.53,9.0,1.11,20.0,0.7,-0.77,4.27,6.55,3.08,9.0,3.49,20.0,0.7,-4.26,-1.72,1.02,-2.18,9.0,2.73,20.0,0.7,1004.59,1005.8,1006.61,1005.53,9.0,1.26,20.0,0.7,4.3,5.0,5.7,5.1,9.0,0.9,20.0,0.7,68.9,80.4,86.2,79.2,9.0,10.1,20.0,0.7,0.4,0.4,-3.6,19.6,43.9,18.2,9.0,22.8,20.0,0.7,-19.6,-7.9,6.8,-10.8,9.0,16.3,20.0,0.7,-2.8,-2.2,-0.6,-1.87,9.0,1.22,20.0,0.7,-12.9,-10.7,-4.0,-9.2,9.0,5.3,20.0,0.7,-0.28,0.69,1.46,0.64,9.0,0.84,20.0,0.7,-1.3,4.6,7.1,3.8,9.0,4.6,20.0,0.7,-7.0,42.7,50.1,25.9,9.0,28.9,20.0,0.7,-44.2,-17.2,7.3,-22.1,9.0,25.6,20.0,0.7,-4.1,20.1,34.4,16.3,9.0,18.7,20.0,0.7,-29.8,-8.9,5.5,-13.7,9.0,17.1,20.0,0.7,-1.3,4.3,6.7,3.1,9.0,4.5,20.0,0.7,-2.6,0.0,2.0,-0.3,9.0,2.5,20.0,0.7,97.5,97.5,301.0,187.5,9.0,107.0,20.0,0.7,95.0,95.0,300.0,190.0,9.0,105.0,20.0,0.7
1887,9,100.3,-43.4,,,,,,,,,,,,,,,,,,,,,,,,,,,,,,,,,,,15.4,19.0,19.0,17.56,5.0,1.97,14.0,0.0,15.12,17.49,17.49,16.54,5.0,1.3,14.0,0.0,-7.42,-7.42,-2.94,-5.63,5.0,2.46,14.0,0.0,995.06,997.3,998.37,996.82,5.0,2.26,14.0,0.0,,,,,,,,,,,,,,,,,,,,,,,,,,,,,,,,,,,,,,,,,,,,,,,,,,,,,,,,,,,,,,,,,,,,,,,,,,,,,,,,,,,,,,,,,,,,,,,,,,,,,,,,,,,,,,,,,,,,,,,,,,,,,,,,,,
1887,9,100.3,-29.4,15.97,16.7,17.2,16.63,12.0,0.68,16.0,0.5,14.85,15.0,16.25,15.28,12.0,0.79,16.0,0.5,8.68,8.72,9.01,8.83,12.0,0.19,16.0,0.5,78.6,82.8,84.2,82.6,12.0,3.3,16.0,0.5,0.4,0.1,12.3,12.3,12.3,12.3,5.0,0.0,16.0,0.4,10.09,12.07,12.22,11.07,5.0,2.35,16.0,0.4,-5.61,0.64,1.94,-1.69,5.0,5.18,16.0,0.4,1015.9,1018.6,1021.0,1018.4,12.0,2.34,16.0,0.5,3.7,4.5,7.3,5.2,12.0,1.8,16.0,0.5,78.6,82.8,84.2,82.6,12.0,3.3,16.0,0.5,0.4,0.1,124.1,148.5,150.3,136.2,5.0,28.9,16.0,0.4,-69.0,7.9,23.9,-20.8,5.0,63.7,16.0,0.4,0.95,1.45,1.7,1.36,12.0,0.52,16.0,0.5,11.6,20.9,23.2,18.0,5.0,7.9,16.0,0.4,2.45,2.99,3.13,2.86,12.0,0.5,16.0,0.5,32.0,37.3,39.1,35.5,5.0,6.5,16.0,0.4,149.8,181.1,190.9,169.4,5.0,40.7,16.0,0.4,-82.0,10.8,29.2,-24.0,5.0,75.3,16.0,0.4,88.3,105.3,108.3,97.8,5.0,20.5,16.0,0.4,-49.8,5.9,16.9,-15.2,5.0,46.2,16.0,0.4,28.0,36.2,38.5,32.9,5.0,10.9,16.0,0.4,-13.2,1.9,6.2,-2.9,5.0,11.8,16.0,0.4,1861.0,1861.0,1861.0,1861.0,5.0,0.0,16.0,0.4,1860.0,1860.0,1860.0,1860.0,5.0,0.0,16.0,0.4
1887,9,100.3,-21.4,,,,,,,,,,,,,,,,,,,,,,,,,,,,,,,,,,,1.0,2.6,5.37,3.18,5.0,2.46,26.0,0.6,-4.27,-1.53,-0.91,-2.5,5.0,2.09,26.0,0.6,0.44,2.1,3.21,1.9,5.0,1.43,26.0,0.6,1020.2,1020.45,1020.81,1020.5,4.0,0.39,26.0,0.5,,,,,,,,,,,,,,,,,,,,,,,,,,,,,,,,,,,,,,,,,,,,,,,,,,,,,,,,,,,,,,,,,,,,,,,,,,,,,,,,,,,,,,,,,,,,,,,,,,,,,,,,,,,,,,,,,,,,,,,,,,,,,,,,,,
1887,9,100.3,-19.4,,,,,,,,,,,,,,,,,,,,,,,,,,,,,,,,,,,5.27,6.7,6.7,6.0,3.0,1.21,18.0,0.3,-4.98,-4.98,-2.91,-3.97,3.0,1.75,18.0,0.3,4.27,4.48,4.48,4.38,3.0,0.18,18.0,0.3,1019.58,1020.4,1021.22,1020.4,2.0,1.7,18.0,0.5,,,,,,,,,,,,,,,,,,,,,,,,,,,,,,,,,,,,,,,,,,,,,,,,,,,,,,,,,,,,,,,,,,,,,,,,,,,,,,,,,,,,,,,,,,,,,,,,,,,,,,,,,,,,,,,,,,,,,,,,,,,,,,,,,,
1887,9,100.3,-17.4,,,,,,,,,,,,,,,,,,,,,,,,,,,,,,,,,,,7.53,9.3,9.3,8.43,3.0,1.5,18.0,0.7,-6.58,-6.58,-3.8,-5.22,3.0,2.35,18.0,0.7,6.33,6.58,6.58,6.45,3.0,0.21,18.0,0.7,1016.96,1018.8,1019.07,1018.03,3.0,1.69,18.0,0.7,,,,,,,,,,,,,,,,,,,,,,,,,,,,,,,,,,,,,,,,,,,,,,,,,,,,,,,,,,,,,,,,,,,,,,,,,,,,,,,,,,,,,,,,,,,,,,,,,,,,,,,,,,,,,,,,,,,,,,,,,,,,,,,,,,
1887,9,100.3,-13.4,,,,,,,,,,,,,,,,,,,,,,,,,,,,,,,,,,,6.7,9.3,9.3,8.56,7.0,1.27,12.0,0.7,-6.58,-6.58,-4.74,-6.05,7.0,0.9,12.0,0.7,4.74,6.58,6.58,6.05,7.0,0.9,12.0,0.7,1009.24,1010.2,1010.2,1009.73,3.0,0.81,12.0,0.7,,,,,,,,,,,,,,,,,,,,,,,,,,,,,,,,,,,,,,,,,,,,,,,,,,,,,,,,,,,,,,,,,,,,,,,,,,,,,,,,,,,,,,,,,,,,,,,,,,,,,,,,,,,,,,,,,,,,,,,,,,,,,,,,,,
1887,9,100.3,-9.4,25.0,25.6,25.7,25.48,6.0,0.42,24.0,0.3,25.6,25.85,26.22,25.95,6.0,0.44,24.0,0.3,18.48,18.76,19.27,18.84,6.0,0.4,24.0,0.3,89.7,90.3,91.5,90.2,6.0,1.6,24.0,0.3,0.3,0.8,12.3,12.3,12.3,12.3,6.0,0.0,24.0,0.3,-8.7,-8.7,-8.7,-8.7,6.0,0.0,24.0,0.3,8.7,8.7,8.7,8.7,6.0,0.0,24.0,0.3,1013.74,1014.25,1014.84,1014.27,6.0,0.61,24.0,0.3,2.8,5.0,5.2,4.3,6.0,1.5,24.0,0.3,89.7,90.3,91.5,90.2,6.0,1.6,24.0,0.3,0.3,0.8,-107.0,-107.0,-107.0,-107.0,6.0,0.0,24.0,0.3,107.0,107.0,107.0,107.0,6.0,0.0,24.0,0.3,-1.1,-0.55,0.1,-0.47,6.0,0.72,24.0,0.3,-13.5,-6.8,1.3,-5.7,6.0,8.8,24.0,0.3,0.47,1.72,2.13,1.5,6.0,0.88,24.0,0.3,5.8,21.1,26.2,18.5,6.0,10.9,24.0,0.3,-228.1,-224.8,-222.7,-225.7,6.0,3.8,24.0,0.3,222.7,224.8,228.1,225.7,6.0,3.8,24.0,0.3,-167.6,-163.2,-160.7,-163.8,6.0,3.5,24.0,0.3,160.7,163.2,167.6,163.8,6.0,3.5,24.0,0.3,-18.5,-14.9,-4.1,-13.1,6.0,7.7,24.0,0.3,4.1,14.9,18.5,13.1,6.0,7.7,24.0,0.3,1861.0,1861.0,1861.0,1861.0,6.0,0.0,24.0,0.3,1860.0,1860.0,1860.0,1860.0,6.0,0.0,24.0,0.3
1887,9,100.3,-7.4,25.57,26.1,26.28,26.01,8.0,0.42,20.0,0.1,25.95,26.2,28.49,26.91,9.0,1.26,20.0,0.1,19.27,19.28,19.79,19.52,3.0,0.44,24.0,0.3,91.5,91.5,91.5,91.5,3.0,0.0,24.0,0.3,0.8,0.1,3.14,4.6,12.3,6.96,9.0,4.19,20.0,0.1,-8.7,-1.72,1.62,-2.58,9.0,4.98,20.0,0.1,-0.67,4.6,8.7,4.44,9.0,4.18,20.0,0.1,1010.35,1012.3,1013.97,1012.0,9.0,2.02,20.0,0.1,3.5,6.0,7.0,5.6,9.0,1.9,20.0,0.1,91.5,91.5,91.5,91.5,3.0,0.0,24.0,0.3,0.8,0.1,-107.0,-7.9,4.2,-35.4,9.0,54.5,20.0,0.1,-1.8,21.2,107.0,44.1,9.0,49.4,20.0,0.1,-1.93,-0.35,0.0,-0.69,8.0,0.94,20.0,0.1,-9.4,-0.9,0.0,-3.6,8.0,4.6,20.0,0.1,1.34,1.82,1.82,1.59,3.0,0.41,24.0,0.3,16.5,22.4,22.4,19.5,3.0,5.0,24.0,0.3,-227.0,-49.6,41.8,-69.2,9.0,130.7,20.0,0.1,-17.9,129.7,227.0,120.3,9.0,110.9,20.0,0.1,-172.1,-167.7,-167.6,-169.8,3.0,3.8,24.0,0.3,167.6,167.7,172.1,169.8,3.0,3.8,24.0,0.3,-15.9,-15.9,-11.6,-13.8,3.0,3.6,24.0,0.3,11.6,15.9,15.9,13.8,3.0,3.6,24.0,0.3,39.0,97.5,1861.0,690.0,9.0,882.0,20.0,0.1,40.0,95.0,1860.0,690.0,9.0,880.0,20.0,0.1
1887,9,100.3,-3.4,,,,,,,,,,,,,,,,,,,,,,,,,,,,,,,,,,,2.6,4.6,4.6,3.83,11.0,1.76,20.0,0.5,-3.25,-1.8,2.05,-0.61,11.0,2.38,20.0,0.5,-4.27,0.0,3.25,-0.5,11.0,3.59,20.0,0.5,1011.42,1012.7,1013.42,1012.31,7.0,1.36,16.0,0.4,,,,,,,,,,,,,,,,,,,,,,,,,,,,,,,,,,,,,,,,,,,,,,,,,,,,,,,,,,,,,,,,,,,,,,,,,,,,,,,,,,,,,,,,,,,,,,,,,,,,,,,,,,,,,,,,,,,,,,,,,,,,,,,,,,
1887,9,100.3,-1.4,,,,,,,,,,,,,,,,,,,,,,,,,,,,,,,,,,,1.24,3.6,4.6,2.95,4.0,2.18,20.0,0.3,-1.36,0.0,0.9,-0.22,4.0,1.78,20.0,0.3,-4.44,-2.13,0.0,-2.22,4.0,2.56,20.0,0.3,1011.38,1012.4,1012.6,1012.0,3.0,0.96,18.0,0.3,,,,,,,,,,,,,,,,,,,,,,,,,,,,,,,,,,,,,,,,,,,,,,,,,,,,,,,,,,,,,,,,,,,,,,,,,,,,,,,,,,,,,,,,,,,,,,,,,,,,,,,,,,,,,,,,,,,,,,,,,,,,,,,,,,
1887,9,100.3,2.6,27.04,28.6,29.07,28.21,9.0,0.95,10.0,0.4,26.58,28.0,28.97,27.83,9.0,1.18,10.0,0.4,18.17,18.77,22.1,19.77,8.0,2.46,10.0,0.4,78.9,84.0,89.9,85.1,8.0,6.4,10.0,0.4,0.5,0.5,0.0,1.0,2.6,0.96,26.0,0.93,4.0,0.5,-0.89,-0.68,0.0,-0.45,26.0,0.89,4.0,0.5,0.0,0.57,0.77,0.48,26.0,0.77,4.0,0.5,1009.95,1010.55,1011.75,1010.71,42.0,1.17,4.0,0.5,1.0,3.0,6.0,3.4,42.0,2.2,4.0,0.5,78.9,84.0,89.9,85.1,8.0,6.4,10.0,0.4,0.5,0.5,-1.0,-0.7,0.0,-0.7,26.0,2.2,4.0,0.5,0.0,0.6,1.7,1.0,26.0,1.8,4.0,0.5,-0.37,0.3,0.99,0.38,9.0,1.04,10.0,0.4,0.0,0.0,0.0,-0.1,9.0,0.4,10.0,0.4,2.49,4.01,5.24,4.14,8.0,2.05,10.0,0.4,0.0,0.0,3.1,1.2,8.0,2.3,10.0,0.4,0.0,0.0,0.0,5.4,9.0,26.3,10.0,0.4,0.0,0.0,10.5,3.6,9.0,7.2,10.0,0.4,0.0,0.0,0.0,5.0,8.0,21.4,10.0,0.4,0.0,0.0,8.5,2.9,8.0,5.6,10.0,0.4,0.0,0.0,0.0,0.4,8.0,2.5,10.0,0.4,0.0,0.0,1.3,0.4,8.0,0.8,10.0,0.4,0.0,1.0,17.5,4.0,26.0,7.0,4.0,0.5,0.0,0.0,20.0,5.0,26.0,5.0,4.0,0.5
1887,9,102.3,-45.4,7.8,7.8,8.32,8.22,6.0,1.02,18.0,0.2,8.9,9.45,10.68,9.72,6.0,0.95,18.0,0.2,6.33,6.56,6.92,6.62,4.0,0.41,22.0,0.0,83.5,89.7,92.8,88.2,4.0,5.9,22.0,0.0,0.5,0.2,6.7,12.3,12.3,10.43,6.0,2.89,18.0,0.2,-1.2,0.59,2.9,1.01,6.0,4.44,18.0,0.2,-12.3,-9.97,-6.55,-9.61,6.0,2.71,18.0,0.2,996.95,999.5,1004.72,1001.8,6.0,7.96,18.0,0.2,7.8,8.0,8.0,7.8,6.0,0.4,18.0,0.2,83.5,89.7,92.8,88.2,4.0,5.9,22.0,0.0,0.5,0.2,-14.8,3.3,29.5,9.8,6.0,54.5,18.0,0.2,-151.3,-122.6,-43.9,-105.9,6.0,50.7,18.0,0.2,-2.32,-1.1,-1.02,-1.5,6.0,0.81,18.0,0.2,-28.6,-11.1,-7.4,-16.4,6.0,11.6,18.0,0.2,-0.27,0.09,0.32,0.03,4.0,0.4,22.0,0.0,-3.3,1.1,2.6,-0.3,4.0,4.2,22.0,0.0,-11.0,5.1,29.6,11.9,6.0,46.0,18.0,0.2,-124.5,-97.8,-58.3,-94.3,6.0,30.8,18.0,0.2,-1.5,3.6,8.9,3.7,4.0,6.0,22.0,0.0,-84.2,-61.6,-41.9,-63.0,4.0,24.5,22.0,0.0,0.0,0.1,0.4,0.2,4.0,0.3,22.0,0.0,-2.6,-1.1,3.3,0.3,4.0,4.2,22.0,0.0,301.0,1861.0,1861.0,1341.0,6.0,805.5,18.0,0.2,300.0,1860.0,1860.0,1340.0,6.0,805.0,18.0,0.2
1887,9,102.3,-43.4,,,,,,,,,,,,,,,,,,,,,,,,,,,,,,,,,,,17.11,19.0,19.0,18.1,4.0,1.8,16.0,1.0,14.37,16.44,18.1,16.24,4.0,2.31,16.0,1.0,-10.57,-5.52,-1.73,-6.12,4.0,5.74,16.0,1.0,989.34,990.0,991.23,990.28,4.0,1.22,16.0,1.0,,,,,,,,,,,,,,,,,,,,,,,,,,,,,,,,,,,,,,,,,,,,,,,,,,,,,,,,,,,,,,,,,,,,,,,,,,,,,,,,,,,,,,,,,,,,,,,,,,,,,,,,,,,,,,,,,,,,,,,,,,,,,,,,,,
1887,9,102.3,-27.4,18.3,18.9,19.4,18.76,24.0,0.8,18.0,0.5,15.39,16.7,18.68,17.04,24.0,1.5,18.0,0.5,8.67,9.09,9.45,9.08,24.0,0.52,18.0,0.5,69.9,77.8,82.8,76.2,24.0,5.2,18.0,0.5,0.4,0.4,2.45,6.7,6.7,4.92,13.0,2.66,18.0,0.7,0.98,4.03,5.92,3.49,13.0,2.01,18.0,0.7,-1.78,0.48,5.22,1.45,13.0,3.71,18.0,0.7,1021.0,1021.85,1022.51,1021.75,24.0,0.77,18.0,0.5,4.0,6.0,8.0,5.7,24.0,1.7,18.0,0.5,69.9,77.8,82.8,76.2,24.0,5.2,18.0,0.5,0.4,0.4,1.9,25.3,39.6,20.8,13.0,15.9,18.0,0.7,-5.9,2.2,35.0,11.4,13.0,28.6,18.0,0.7,0.33,2.2,2.8,1.72,24.0,1.08,18.0,0.5,0.0,5.1,11.4,5.5,13.0,6.5,18.0,0.7,4.01,4.37,4.78,4.27,24.0,0.53,18.0,0.5,10.0,20.3,31.1,20.2,13.0,11.2,18.0,0.7,18.9,60.5,106.2,61.8,13.0,37.5,18.0,0.7,-34.5,8.8,81.5,24.1,13.0,62.9,18.0,0.7,9.6,35.0,51.6,31.9,13.0,18.6,18.0,0.7,-17.6,4.4,45.3,12.3,13.0,33.7,18.0,0.7,4.0,12.2,22.3,14.2,13.0,8.4,18.0,0.7,-7.5,2.3,17.1,6.8,13.0,15.1,18.0,0.7,16.0,301.0,301.0,212.5,13.0,226.0,18.0,0.7,15.0,300.0,300.0,210.0,13.0,225.0,18.0,0.7
1887,9,102.3,-25.4,,,,,,,,,,,,,,,,,,,,,,,,,,,,,,,,,,,0.0,0.0,0.0,0.0,1.0,0.0,28.0,0.0,0.0,0.0,0.0,0.0,1.0,0.0,28.0,0.0,0.0,0.0,0.0,0.0,1.0,0.0,28.0,0.0,1020.6,1020.6,1020.6,1020.6,1.0,0.0,28.0,0.0,,,,,,,,,,,,,,,,,,,,,,,,,,,,,,,,,,,,,,,,,,,,,,,,,,,,,,,,,,,,,,,,,,,,,,,,,,,,,,,,,,,,,,,,,,,,,,,,,,,,,,,,,,,,,,,,,,,,,,,,,,,,,,,,,,
1887,9,102.3,-23.4,,,,,,,,,,,,,,,,,,,,,,,,,,,,,,,,,,,1.0,1.0,9.3,4.32,5.0,4.55,24.0,0.4,-3.93,-0.88,0.65,-1.46,5.0,2.35,24.0,0.4,0.4,0.88,8.43,3.7,5.0,4.32,24.0,0.4,1020.94,1022.4,1023.34,1022.22,5.0,1.8,24.0,0.4,,,,,,,,,,,,,,,,,,,,,,,,,,,,,,,,,,,,,,,,,,,,,,,,,,,,,,,,,,,,,,,,,,,,,,,,,,,,,,,,,,,,,,,,,,,,,,,,,,,,,,,,,,,,,,,,,,,,,,,,,,,,,,,,,,
1887,9,102.3,-21.4,,,,,,,,,,,,,,,,,,,,,,,,,,,,,,,,,,,5.27,6.7,6.7,6.0,3.0,1.21,20.0,1.0,-4.3,-2.83,-2.07,-3.18,3.0,1.66,20.0,1.0,4.33,4.48,5.57,4.94,3.0,0.99,20.0,1.0,1022.51,1022.75,1022.99,1022.75,2.0,0.5,20.0,1.0,,,,,,,,,,,,,,,,,,,,,,,,,,,,,,,,,,,,,,,,,,,,,,,,,,,,,,,,,,,,,,,,,,,,,,,,,,,,,,,,,,,,,,,,,,,,,,,,,,,,,,,,,,,,,,,,,,,,,,,,,,,,,,,,,,
1887,9,102.3,-17.4,,,,,,,,,,,,,,,,,,,,,,,,,,,,,,,,,,,6.7,6.7,6.7,6.7,4.0,0.0,18.0,0.5,-4.74,-3.62,-2.51,-3.62,4.0,1.29,18.0,0.5,4.74,5.47,6.21,5.47,4.0,0.85,18.0,0.5,1016.8,1018.05,1018.26,1017.55,4.0,1.25,18.0,0.5,,,,,,,,,,,,,,,,,,,,,,,,,,,,,,,,,,,,,,,,,,,,,,,,,,,,,,,,,,,,,,,,,,,,,,,,,,,,,,,,,,,,,,,,,,,,,,,,,,,,,,,,,,,,,,,,,,,,,,,,,,,,,,,,,,
1887,9,102.3,-13.4,,,,,,,,,,,,,,,,,,,,,,,,,,,,,,,,,,,9.3,9.3,9.3,9.3,6.0,0.0,10.0,0.2,-6.58,-6.58,-6.58,-6.58,6.0,0.0,10.0,0.2,6.58,6.58,6.58,6.58,6.0,0.0,10.0,0.2,1010.2,1010.2,1010.2,1010.2,4.0,0.0,10.0,0.3,,,,,,,,,,,,,,,,,,,,,,,,,,,,,,,,,,,,,,,,,,,,,,,,,,,,,,,,,,,,,,,,,,,,,,,,,,,,,,,,,,,,,,,,,,,,,,,,,,,,,,,,,,,,,,,,,,,,,,,,,,,,,,,,,,
1887,9,102.3,-7.4,26.28,26.7,26.84,26.58,13.0,0.49,20.0,0.7,25.0,26.7,27.8,26.43,15.0,1.48,20.0,0.7,20.37,20.6,20.94,20.68,5.0,0.43,24.0,1.0,87.3,91.5,91.5,89.8,5.0,2.3,24.0,1.0,0.4,0.3,1.0,9.5,12.3,7.72,14.0,5.11,22.0,0.7,-11.32,-5.6,0.0,-5.62,14.0,5.29,22.0,0.7,0.06,4.81,6.21,3.63,14.0,3.75,22.0,0.7,1010.28,1012.2,1013.36,1011.93,15.0,1.9,20.0,0.7,6.0,7.0,8.0,7.1,15.0,1.0,20.0,0.7,87.3,91.5,91.5,89.8,5.0,2.3,24.0,1.0,0.4,0.3,-139.3,-61.9,0.0,-67.4,14.0,66.1,22.0,0.7,0.1,50.4,59.1,40.9,14.0,40.0,22.0,0.7,-0.65,0.0,1.62,0.05,13.0,1.5,20.0,0.7,-8.9,-3.1,1.4,-4.0,12.0,8.5,20.0,0.7,1.0,1.28,2.18,1.49,5.0,0.71,24.0,1.0,12.3,15.7,26.8,18.3,5.0,8.7,24.0,1.0,-307.6,-155.2,0.0,-153.7,14.0,144.2,22.0,0.7,1.5,129.5,181.5,100.5,14.0,101.1,22.0,0.7,-231.6,-230.3,-183.9,-212.1,5.0,26.6,24.0,1.0,97.9,99.0,182.1,132.1,5.0,46.5,24.0,1.0,-24.7,-14.4,-8.7,-15.9,5.0,8.8,24.0,1.0,5.5,10.5,10.7,8.5,5.0,3.0,24.0,1.0,1.0,1081.0,1861.0,980.5,14.0,918.5,22.0,0.7,0.0,1080.0,1860.0,980.0,14.0,920.0,22.0,0.7
1887,9,102.3,-5.4,,,,,,,,,,,,,,,,,,,,,,,,,,,,,,,,,,,4.6,4.6,8.72,5.89,15.0,2.67,18.0,0.6,-5.74,-3.25,1.95,-1.92,15.0,4.4,18.0,0.6,0.4,3.25,4.04,2.16,15.0,4.0,18.0,0.6,1007.19,1012.5,1012.96,1010.91,7.0,2.91,18.0,0.7,,,,,,,,,,,,,,,,,,,,,,,,,,,,,,,,,,,,,,,,,,,,,,,,,,,,,,,,,,,,,,,,,,,,,,,,,,,,,,,,,,,,,,,,,,,,,,,,,,,,,,,,,,,,,,,,,,,,,,,,,,,,,,,,,,
1887,9,102.3,0.6,27.69,28.4,28.76,28.22,6.0,0.77,12.0,0.8,28.04,29.4,30.21,29.05,6.0,1.78,12.0,0.8,17.87,18.87,20.4,19.13,5.0,2.05,14.0,0.8,67.1,72.8,89.7,77.4,5.0,11.7,14.0,0.8,0.5,0.8,0.0,1.0,2.6,1.38,33.0,1.13,6.0,0.6,-1.77,-0.68,0.0,-0.61,33.0,1.01,6.0,0.6,0.0,0.73,1.9,1.02,33.0,0.87,6.0,0.6,1009.5,1010.2,1011.2,1010.25,41.0,1.02,6.0,0.5,0.0,2.0,2.0,1.7,41.0,1.4,6.0,0.5,67.1,72.8,89.7,77.4,5.0,11.7,14.0,0.8,0.5,0.8,-4.6,-0.7,0.0,-1.4,33.0,2.6,6.0,0.6,0.0,0.9,4.9,2.3,33.0,2.4,6.0,0.6,-1.98,-1.15,0.02,-0.83,6.0,1.53,12.0,0.8,-5.2,-3.0,-0.6,-2.7,6.0,2.8,12.0,0.8,3.72,5.37,5.68,4.67,5.0,1.72,14.0,0.8,4.7,14.0,14.8,10.6,5.0,5.5,14.0,0.8,-60.1,-12.2,47.0,-9.7,6.0,56.8,12.0,0.8,16.9,52.6,60.5,43.7,6.0,21.7,12.0,0.8,-35.4,13.8,33.0,0.9,5.0,37.2,14.0,0.8,11.3,28.8,43.3,27.7,5.0,16.6,14.0,0.8,-10.4,2.6,6.3,-1.1,5.0,10.2,14.0,0.8,3.1,3.4,10.4,6.2,5.0,4.1,14.0,0.8,0.0,1.0,17.5,7.5,33.0,8.5,6.0,0.6,0.0,0.0,20.0,10.0,33.0,10.0,6.0,0.6
1887,9,102.3,2.6,28.73,28.8,28.87,28.8,2.0,0.14,16.0,0.5,25.65,26.2,26.75,26.2,2.0,1.13,16.0,0.5,18.89,18.94,18.98,18.94,2.0,0.09,16.0,0.5,86.4,89.1,91.8,89.1,2.0,5.6,16.0,0.5,0.0,0.1,0.0,1.0,1.0,0.71,14.0,0.47,6.0,0.5,-0.68,-0.68,0.0,-0.35,14.0,0.47,6.0,0.5,0.0,0.73,0.73,0.51,14.0,0.38,6.0,0.5,1010.2,1010.2,1010.78,1010.41,14.0,0.39,6.0,0.5,0.1,1.5,2.0,1.6,14.0,1.5,6.0,0.5,86.4,89.1,91.8,89.1,2.0,5.6,16.0,0.5,0.0,0.1,-0.7,-0.7,0.0,-0.4,14.0,0.5,6.0,0.5,0.0,0.7,0.7,0.5,14.0,0.4,6.0,0.5,1.99,2.6,3.21,2.6,2.0,1.27,16.0,0.5,0.3,0.9,1.4,0.9,2.0,1.2,16.0,0.5,5.79,5.92,6.06,5.92,2.0,0.29,16.0,0.5,0.9,2.9,4.8,2.9,2.0,4.0,16.0,0.5,-22.5,-13.4,-4.2,-13.4,2.0,18.9,16.0,0.5,0.6,1.9,3.2,1.9,2.0,2.7,16.0,0.5,-15.8,-9.4,-3.0,-9.4,2.0,13.3,16.0,0.5,0.4,1.3,2.2,1.3,2.0,1.9,16.0,0.5,-4.8,-2.8,-0.9,-2.8,2.0,4.0,16.0,0.5,0.1,0.4,0.7,0.4,2.0,0.6,16.0,0.5,0.0,1.0,1.0,0.5,14.0,0.5,6.0,0.5,0.0,0.0,0.0,0.0,14.0,0.0,6.0,0.5
1887,9,104.3,-45.4,7.88,8.05,8.22,8.05,2.0,0.35,22.0,1.0,10.1,10.3,10.5,10.3,2.0,0.42,22.0,1.0,6.75,6.83,6.92,6.83,2.0,0.17,22.0,1.0,86.3,86.5,86.7,86.5,2.0,0.4,22.0,1.0,0.2,0.0,15.97,17.2,18.43,17.2,2.0,2.55,22.0,1.0,0.6,2.59,4.59,2.59,2.0,4.14,22.0,1.0,-18.26,-16.69,-15.11,-16.69,2.0,3.27,22.0,1.0,994.31,994.55,994.79,994.55,2.0,0.5,22.0,1.0,6.2,6.5,6.8,6.5,2.0,0.7,22.0,1.0,86.3,86.5,86.7,86.5,2.0,0.4,22.0,1.0,0.2,0.0,8.2,39.3,70.5,39.3,2.0,64.6,22.0,1.0,-338.8,-291.2,-243.6,-291.2,2.0,98.7,22.0,1.0,-2.28,-2.25,-2.22,-2.25,2.0,0.07,22.0,1.0,-42.1,-38.8,-35.4,-38.8,2.0,6.9,22.0,1.0,-0.05,-0.05,-0.05,-0.05,2.0,0.0,22.0,1.0,-0.9,-0.8,-0.7,-0.8,2.0,0.1,22.0,1.0,5.8,25.8,45.9,25.8,2.0,41.5,22.0,1.0,-192.2,-172.6,-152.9,-172.6,2.0,40.7,22.0,1.0,3.9,17.4,30.8,17.4,2.0,27.8,22.0,1.0,-126.4,-114.3,-102.2,-114.3,2.0,25.1,22.0,1.0,-0.2,-0.1,0.0,-0.1,2.0,0.2,22.0,1.0,0.7,0.8,0.9,0.8,2.0,0.2,22.0,1.0,4161.0,5255.5,6350.0,5255.5,2.0,2267.5,22.0,1.0,4160.0,5255.0,6350.0,5255.0,2.0,2270.0,22.0,1.0
1887,9,104.3,-43.4,,,,,,,,,,,,,,,,,,,,,,,,,,,,,,,,,,,9.3,9.3,12.3,10.59,7.0,1.6,16.0,0.1,8.56,9.13,12.3,10.33,7.0,1.86,16.0,0.1,-3.63,-1.77,0.0,-1.55,7.0,1.63,16.0,0.1,987.98,988.5,988.66,988.33,4.0,0.57,16.0,0.3,,,,,,,,,,,,,,,,,,,,,,,,,,,,,,,,,,,,,,,,,,,,,,,,,,,,,,,,,,,,,,,,,,,,,,,,,,,,,,,,,,,,,,,,,,,,,,,,,,,,,,,,,,,,,,,,,,,,,,,,,,,,,,,,,,
1887,9,104.3,-27.4,,,,,,,,,,,,,,,,,,,,,,,,,,,,,,,,,,,1.0,1.0,1.0,1.0,1.0,0.0,28.0,1.0,-0.74,-0.74,-0.74,-0.74,1.0,0.0,28.0,1.0,-0.67,-0.67,-0.67,-0.67,1.0,0.0,28.0,1.0,1021.1,1021.1,1021.1,1021.1,1.0,0.0,28.0,1.0,,,,,,,,,,,,,,,,,,,,,,,,,,,,,,,,,,,,,,,,,,,,,,,,,,,,,,,,,,,,,,,,,,,,,,,,,,,,,,,,,,,,,,,,,,,,,,,,,,,,,,,,,,,,,,,,,,,,,,,,,,,,,,,,,,
1887,9,104.3,-25.4,18.9,19.7,20.6,19.74,17.0,1.04,20.0,0.6,16.7,18.3,20.0,18.55,17.0,1.43,20.0,0.6,9.06,9.2,10.55,9.62,12.0,0.68,18.0,0.4,70.3,73.0,77.8,73.7,12.0,3.2,18.0,0.4,0.1,0.8,2.6,9.3,12.3,8.42,11.0,4.31,22.0,0.6,-11.62,-1.1,-0.48,-4.99,11.0,5.63,22.0,0.6,-1.49,3.8,9.04,3.79,11.0,4.66,22.0,0.6,1021.3,1024.0,1024.68,1022.96,14.0,2.13,20.0,0.5,3.0,4.0,6.5,4.4,17.0,1.7,20.0,0.6,70.3,73.0,77.8,73.7,12.0,3.2,18.0,0.4,0.1,0.8,-142.9,-9.0,-1.7,-56.8,11.0,68.8,22.0,0.6,-3.0,46.8,86.2,44.2,11.0,41.4,22.0,0.6,0.22,1.2,2.3,1.19,17.0,1.15,20.0,0.6,-1.1,14.0,28.3,13.1,11.0,12.2,22.0,0.6,4.37,4.74,5.86,4.89,12.0,0.65,18.0,0.4,40.2,57.8,72.2,56.5,6.0,17.2,18.0,0.3,-200.4,-21.8,-9.6,-89.5,11.0,99.3,22.0,0.6,-29.5,69.6,155.2,67.6,11.0,86.3,22.0,0.6,-105.9,-46.6,1.1,-47.5,6.0,57.7,18.0,0.3,34.4,77.0,88.0,67.4,6.0,26.5,18.0,0.3,-68.6,-29.2,0.7,-31.0,6.0,36.8,18.0,0.3,22.3,38.5,44.2,35.4,6.0,10.7,18.0,0.3,17.5,804.5,1861.0,972.5,11.0,777.0,22.0,0.6,20.0,805.0,1860.0,970.0,11.0,775.0,22.0,0.6
1887,9,104.3,-23.4,,,,,,,,,,,,,,,,,,,,,,,,,,,,,,,,,,,9.78,10.8,11.82,10.8,2.0,2.12,20.0,0.0,-10.82,-9.23,-7.65,-9.23,2.0,3.29,20.0,0.0,4.53,5.21,5.9,5.21,2.0,1.43,20.0,0.0,1024.31,1024.55,1024.79,1024.55,2.0,0.49,20.0,0.0,,,,,,,,,,,,,,,,,,,,,,,,,,,,,,,,,,,,,,,,,,,,,,,,,,,,,,,,,,,,,,,,,,,,,,,,,,,,,,,,,,,,,,,,,,,,,,,,,,,,,,,,,,,,,,,,,,,,,,,,,,,,,,,,,,
1887,9,104.3,-21.4,20.6,22.2,22.2,21.67,12.0,0.79,20.0,0.4,18.75,19.15,20.0,19.26,12.0,0.76,20.0,0.4,9.75,11.63,12.01,11.02,11.0,1.06,20.0,0.4,77.3,80.4,85.0,79.9,12.0,4.8,20.0,0.4,0.5,0.4,12.3,12.3,12.3,12.3,4.0,0.0,20.0,0.3,-12.24,-12.03,-11.5,-11.88,4.0,0.52,20.0,0.3,-4.24,-1.81,0.69,-1.77,4.0,3.04,20.0,0.3,1021.3,1022.0,1024.0,1022.59,11.0,1.36,20.0,0.4,6.0,7.0,8.0,6.9,12.0,1.2,20.0,0.4,77.3,80.4,85.0,79.9,12.0,4.8,20.0,0.4,0.5,0.4,-150.5,-148.0,-141.4,-146.1,4.0,6.3,20.0,0.3,-52.1,-22.2,8.5,-21.8,4.0,37.4,20.0,0.3,2.07,2.2,2.93,2.41,12.0,0.53,20.0,0.4,23.8,27.1,30.9,27.4,4.0,5.5,20.0,0.3,4.48,4.9,5.45,4.93,11.0,0.47,20.0,0.4,56.4,60.9,64.4,60.4,4.0,5.8,20.0,0.3,-234.1,-226.6,-220.8,-227.4,4.0,8.3,20.0,0.3,-84.8,-35.7,13.3,-35.7,4.0,60.2,20.0,0.3,-137.4,-129.3,-118.7,-128.1,4.0,11.0,20.0,0.3,-51.0,-20.6,6.5,-22.2,4.0,35.3,20.0,0.3,-64.0,-59.8,-52.8,-58.5,4.0,7.8,20.0,0.3,-19.1,-8.9,3.9,-7.7,4.0,14.1,20.0,0.3,1861.0,1861.0,1861.0,1861.0,4.0,0.0,20.0,0.3,1860.0,1860.0,1860.0,1860.0,4.0,0.0,20.0,0.3
1887,9,104.3,-19.4,22.2,23.6,25.0,23.55,12.0,1.33,20.0,0.4,20.45,22.2,22.2,21.48,12.0,1.03,20.0,0.4,12.44,12.75,13.5,12.9,12.0,0.54,20.0,0.4,77.1,81.6,85.2,81.6,12.0,4.2,20.0,0.4,0.6,0.8,4.6,4.6,12.3,7.17,6.0,3.98,20.0,0.2,-11.25,-4.52,-4.09,-6.61,6.0,3.84,20.0,0.2,-3.31,-0.64,1.97,-0.76,6.0,3.08,20.0,0.2,1018.42,1019.15,1019.6,1018.98,12.0,0.67,20.0,0.4,4.5,5.5,6.0,5.2,12.0,1.1,20.0,0.4,77.1,81.6,85.2,81.6,12.0,4.2,20.0,0.4,0.6,0.8,-138.3,-20.8,-18.8,-60.0,6.0,63.4,20.0,0.2,-40.7,-2.9,9.1,-14.0,6.0,30.6,20.0,0.2,1.35,2.2,2.8,2.08,12.0,0.84,20.0,0.4,10.1,12.9,28.6,17.9,6.0,10.3,20.0,0.2,3.79,5.0,6.91,5.15,12.0,1.45,20.0,0.4,27.7,30.2,50.6,36.1,6.0,12.1,20.0,0.2,-219.7,-100.4,-90.8,-137.3,6.0,70.7,20.0,0.2,-65.5,-14.1,43.7,-13.4,6.0,63.2,20.0,0.2,-140.1,-59.3,-54.7,-84.0,6.0,46.0,20.0,0.2,-40.9,-8.6,26.0,-9.3,6.0,39.0,20.0,0.2,-46.3,-29.6,-22.9,-33.3,6.0,12.4,20.0,0.2,-14.0,-4.0,11.2,-2.1,6.0,15.0,20.0,0.2,97.5,97.5,1861.0,685.0,6.0,910.5,20.0,0.2,95.0,95.0,1860.0,685.0,6.0,910.0,20.0,0.2
1887,9,104.3,-17.4,23.91,24.7,25.0,24.51,16.0,0.6,20.0,0.4,22.2,23.05,23.9,22.91,16.0,0.76,20.0,0.4,13.38,13.69,14.48,13.87,12.0,0.67,22.0,0.4,74.0,79.9,82.3,79.1,12.0,4.3,22.0,0.4,0.7,0.9,5.17,6.7,9.3,7.72,9.0,2.53,20.0,0.4,-8.1,-4.74,-1.35,-4.72,9.0,3.92,20.0,0.4,3.69,4.74,6.39,5.04,9.0,2.13,20.0,0.4,1017.58,1019.45,1020.3,1019.11,16.0,1.34,20.0,0.4,5.4,6.0,7.0,6.1,16.0,1.3,20.0,0.4,74.0,79.9,82.3,79.1,12.0,4.3,22.0,0.4,0.7,0.9,-75.3,-31.7,-6.2,-42.9,9.0,48.2,20.0,0.4,20.6,31.7,55.1,38.3,9.0,22.1,20.0,0.4,1.1,1.45,2.2,1.6,16.0,0.55,20.0,0.4,10.1,11.2,12.8,11.3,9.0,1.8,20.0,0.4,5.17,5.68,5.93,5.54,12.0,0.52,22.0,0.4,25.0,56.4,62.3,47.0,5.0,21.2,22.0,0.6,-193.6,-105.2,-30.1,-109.1,9.0,92.9,20.0,0.4,86.2,105.2,149.5,113.5,9.0,46.8,20.0,0.4,-132.3,-90.7,-21.6,-81.6,5.0,60.8,22.0,0.6,38.1,57.2,72.3,55.6,5.0,23.8,22.0,0.6,-59.4,-40.6,-8.6,-36.2,5.0,27.9,22.0,0.6,17.1,23.1,29.5,23.5,5.0,10.4,22.0,0.6,152.0,301.0,804.5,597.0,9.0,558.0,20.0,0.4,150.0,300.0,805.0,595.0,9.0,560.0,20.0,0.4
1887,9,104.3,-13.4,25.97,26.4,26.7,26.32,12.0,0.44,22.0,0.4,24.85,26.1,26.1,25.64,12.0,0.67,22.0,0.4,15.59,17.41,17.43,16.81,7.0,0.87,22.0,0.3,82.4,83.0,83.1,82.8,12.0,1.7,22.0,0.4,0.6,0.7,6.7,6.7,12.3,8.23,11.0,2.62,14.0,0.5,-12.12,-4.74,-4.74,-6.77,11.0,3.48,14.0,0.5,1.0,4.74,4.74,3.39,11.0,2.48,14.0,0.5,1010.2,1017.6,1018.6,1014.55,13.0,4.2,16.0,0.5,2.0,4.5,6.3,4.3,18.0,2.0,18.0,0.4,82.4,83.0,83.1,82.8,12.0,1.7,22.0,0.4,0.6,0.7,-149.1,-31.7,-31.7,-64.0,11.0,55.2,14.0,0.5,12.4,31.7,31.7,22.4,11.0,19.6,14.0,0.5,0.0,0.6,1.13,0.68,12.0,0.48,22.0,0.4,7.4,7.4,12.4,9.8,3.0,4.3,22.0,0.3,4.37,4.37,4.81,4.58,7.0,0.28,22.0,0.3,53.7,53.8,57.4,55.5,3.0,3.1,22.0,0.3,-319.2,-315.1,-302.9,-311.1,3.0,12.4,22.0,0.3,-41.8,0.0,28.5,-6.5,3.0,51.8,22.0,0.3,-213.0,-210.5,-196.4,-204.8,3.0,13.1,22.0,0.3,-27.9,0.0,18.2,-4.7,3.0,34.0,22.0,0.3,-57.0,-53.7,-53.1,-55.0,3.0,3.1,22.0,0.3,-7.0,0.0,5.6,-0.7,3.0,9.3,22.0,0.3,301.0,301.0,1861.0,726.0,11.0,728.5,14.0,0.5,300.0,300.0,1860.0,725.0,11.0,730.0,14.0,0.5
1887,9,104.3,-9.4,26.55,26.7,27.8,27.01,12.0,0.65,24.0,0.5,25.6,26.4,26.7,26.23,12.0,0.52,24.0,0.5,17.28,17.84,18.02,17.71,6.0,0.36,24.0,0.3,81.8,82.8,86.6,83.5,12.0,2.7,24.0,0.5,0.8,0.3,10.73,12.3,12.3,11.55,4.0,1.5,24.0,0.5,-12.21,-11.09,-8.18,-10.24,4.0,2.71,24.0,0.5,-1.02,3.45,6.88,2.96,4.0,4.63,24.0,0.5,1014.46,1014.9,1015.34,1014.9,6.0,0.69,24.0,0.3,3.7,4.0,5.0,4.2,12.0,0.8,24.0,0.5,81.8,82.8,86.6,83.5,12.0,2.7,24.0,0.5,0.8,0.3,-150.2,-136.5,-90.5,-121.1,4.0,42.5,24.0,0.5,-12.5,32.4,75.1,31.3,4.0,52.2,24.0,0.5,0.5,0.85,1.1,0.78,12.0,0.37,24.0,0.5,6.7,8.8,12.0,9.3,4.0,3.3,24.0,0.5,4.35,5.29,5.32,4.87,6.0,0.78,24.0,0.3,51.9,57.1,62.3,57.1,2.0,10.8,24.0,0.5,-315.8,-289.6,-218.4,-268.1,4.0,67.6,24.0,0.5,-26.0,92.1,183.7,79.5,4.0,122.7,24.0,0.5,-164.9,-145.2,-125.5,-145.2,2.0,40.7,24.0,0.5,120.7,121.2,121.6,121.2,2.0,0.9,24.0,0.5,-50.0,-43.7,-37.3,-43.7,2.0,13.2,24.0,0.5,35.8,36.3,36.9,36.3,2.0,1.1,24.0,0.5,1307.5,1861.0,1861.0,1596.5,4.0,528.5,24.0,0.5,1305.0,1860.0,1860.0,1595.0,4.0,530.0,24.0,0.5
1887,9,104.3,-7.4,27.8,27.8,28.3,27.79,15.0,0.49,24.0,0.4,26.14,26.7,27.88,26.99,16.0,0.86,24.0,0.4,17.94,18.25,19.06,18.59,11.0,0.82,24.0,0.4,79.0,86.6,87.2,83.9,13.0,4.7,24.0,0.5,0.7,0.5,2.6,6.7,6.7,5.79,12.0,2.71,22.0,0.3,-2.94,-0.58,2.73,-1.07,12.0,4.02,22.0,0.3,1.83,5.46,6.34,3.97,12.0,3.06,22.0,0.3,1011.38,1013.9,1014.88,1013.43,14.0,1.74,22.0,0.3,4.4,6.0,7.0,5.8,16.0,1.5,24.0,0.4,79.0,86.6,87.2,83.9,13.0,4.7,24.0,0.5,0.7,0.5,-17.5,-2.4,15.6,-12.3,12.0,42.1,22.0,0.3,4.8,41.0,44.4,26.9,12.0,23.4,22.0,0.3,-0.28,1.1,1.68,0.93,15.0,0.84,24.0,0.4,-0.6,7.4,7.4,4.2,11.0,5.1,22.0,0.4,4.31,5.1,5.99,4.88,11.0,1.36,24.0,0.4,16.5,27.8,40.9,28.1,8.0,10.7,24.0,0.4,-82.8,-15.5,74.9,-29.1,12.0,109.0,22.0,0.3,47.9,148.6,177.2,108.7,12.0,83.6,22.0,0.3,-73.6,18.1,49.8,-17.8,8.0,98.8,24.0,0.4,33.3,104.1,118.6,71.7,8.0,64.6,24.0,0.4,-13.4,5.1,16.6,2.4,8.0,14.8,24.0,0.4,6.5,18.9,37.4,18.1,8.0,20.4,24.0,0.4,17.5,301.0,301.0,326.0,12.0,500.0,22.0,0.3,20.0,300.0,300.0,325.0,12.0,500.0,22.0,0.3
1887,9,104.3,-5.4,,,,,,,,,,,,,,,,,,,,,,,,,,,,,,,,,,,3.19,6.7,6.7,5.03,4.0,3.35,24.0,0.5,-4.74,-2.37,0.0,-2.37,4.0,2.74,24.0,0.5,-3.51,2.37,4.74,0.69,4.0,5.41,24.0,0.5,1013.2,1013.85,1014.5,1013.85,2.0,1.34,24.0,0.5,,,,,,,,,,,,,,,,,,,,,,,,,,,,,,,,,,,,,,,,,,,,,,,,,,,,,,,,,,,,,,,,,,,,,,,,,,,,,,,,,,,,,,,,,,,,,,,,,,,,,,,,,,,,,,,,,,,,,,,,,,,,,,,,,,
1887,9,104.3,0.6,27.0,27.0,27.48,27.23,3.0,0.4,12.0,0.7,28.39,29.0,29.68,29.03,3.0,0.95,12.0,0.7,20.58,21.32,22.05,21.32,2.0,1.52,4.0,0.5,78.8,84.9,90.9,84.9,2.0,12.6,4.0,0.5,0.2,0.7,1.0,2.6,4.6,2.57,13.0,1.36,8.0,0.6,-1.57,0.03,0.26,-0.19,13.0,0.96,8.0,0.6,0.97,2.53,4.32,2.04,13.0,1.88,8.0,0.6,1008.8,1009.5,1009.5,1009.19,12.0,0.53,8.0,0.6,1.0,2.0,4.2,2.5,13.0,1.9,8.0,0.6,78.8,84.9,90.9,84.9,2.0,12.6,4.0,0.5,0.2,0.7,-7.2,0.0,0.5,-1.2,13.0,3.7,8.0,0.6,1.0,6.6,19.9,6.8,13.0,8.3,8.0,0.6,-2.2,-2.0,-1.39,-1.8,3.0,0.62,12.0,0.7,-5.7,-5.2,-3.6,-4.7,3.0,1.6,12.0,0.7,0.5,1.56,2.63,1.56,2.0,2.21,4.0,0.5,1.3,4.1,6.8,4.1,2.0,5.7,4.0,0.5,-8.9,3.8,37.6,14.1,3.0,35.2,12.0,0.7,-35.3,53.3,66.7,16.6,3.0,81.3,12.0,0.7,-8.0,-3.5,1.0,-3.5,2.0,9.3,4.0,0.5,-34.2,3.2,40.7,3.2,2.0,77.6,4.0,0.5,-1.3,-0.8,-0.2,-0.8,2.0,1.1,4.0,0.5,-6.7,-4.0,-1.3,-4.0,2.0,5.6,4.0,0.5,1.0,17.5,97.5,31.0,13.0,38.5,8.0,0.6,0.0,20.0,95.0,30.0,13.0,40.0,8.0,0.6
1887,9,104.3,2.6,26.8,27.65,28.02,27.5,6.0,0.57,4.0,0.5,27.4,28.05,28.68,28.03,6.0,0.8,4.0,0.5,18.93,20.48,22.27,20.57,5.0,1.69,4.0,0.4,83.9,88.9,90.5,87.4,5.0,3.8,4.0,0.4,0.6,0.4,2.6,6.7,6.7,5.16,12.0,1.98,6.0,0.4,-4.57,0.07,1.51,-0.85,12.0,2.93,6.0,0.4,2.6,4.9,5.8,4.0,12.0,2.48,6.0,0.4,1008.42,1008.85,1009.2,1008.88,12.0,0.88,6.0,0.4,0.7,2.0,5.0,2.4,12.0,1.8,6.0,0.4,83.9,88.9,90.5,87.4,5.0,3.8,4.0,0.4,0.6,0.4,-30.6,0.2,10.1,-6.0,12.0,19.5,6.0,0.4,6.8,32.8,38.9,24.2,12.0,16.8,6.0,0.4,-1.0,-0.6,-0.12,-0.53,6.0,0.47,4.0,0.5,-2.7,-1.9,-0.1,-1.5,6.0,1.7,4.0,0.5,1.39,2.88,3.17,2.38,5.0,1.03,4.0,0.4,3.6,8.0,16.7,9.9,5.0,7.2,4.0,0.4,0.0,6.8,40.4,23.5,6.0,40.0,4.0,0.5,44.6,74.9,130.1,71.9,6.0,76.5,4.0,0.5,1.9,6.9,38.5,20.6,5.0,32.0,4.0,0.4,18.8,57.9,95.3,53.0,5.0,61.5,4.0,0.4,0.1,1.1,5.8,3.0,5.0,4.5,4.0,0.4,-1.3,4.3,15.3,5.9,5.0,9.9,4.0,0.4,17.5,301.0,301.0,189.5,12.0,139.5,6.0,0.4,20.0,300.0,300.0,190.0,12.0,140.0,6.0,0.4
1887,9,104.3,4.6,27.7,27.7,27.7,27.7,1.0,0.0,4.0,1.0,28.0,28.0,28.0,28.0,1.0,0.0,4.0,1.0,20.19,20.19,20.19,20.19,1.0,0.0,4.0,1.0,85.3,85.3,85.3,85.3,1.0,0.0,4.0,1.0,0.9,0.3,4.6,6.7,6.7,6.04,12.0,1.47,8.0,0.6,-2.29,-2.29,-1.57,-1.5,12.0,2.16,8.0,0.6,4.32,6.3,6.3,5.51,12.0,1.31,8.0,0.6,1007.8,1008.65,1009.1,1008.58,12.0,0.85,8.0,0.6,0.0,2.0,4.3,2.1,12.0,2.0,8.0,0.6,85.3,85.3,85.3,85.3,1.0,0.0,4.0,1.0,0.9,0.3,-15.4,-14.9,-7.2,-7.3,12.0,17.9,8.0,0.6,19.9,42.2,42.2,35.0,12.0,16.4,8.0,0.6,-0.3,-0.3,-0.3,-0.3,1.0,0.0,4.0,1.0,-2.8,-2.8,-2.8,-2.8,1.0,0.0,4.0,1.0,3.12,3.12,3.12,3.12,1.0,0.0,4.0,1.0,29.0,29.0,29.0,29.0,1.0,0.0,4.0,1.0,145.6,145.6,145.6,145.6,1.0,0.0,4.0,1.0,215.9,215.9,215.9,215.9,1.0,0.0,4.0,1.0,105.0,105.0,105.0,105.0,1.0,0.0,4.0,1.0,155.6,155.6,155.6,155.6,1.0,0.0,4.0,1.0,16.2,16.2,16.2,16.2,1.0,0.0,4.0,1.0,24.0,24.0,24.0,24.0,1.0,0.0,4.0,1.0,97.5,301.0,301.0,258.0,12.0,199.5,8.0,0.6,95.0,300.0,300.0,260.0,12.0,200.0,8.0,0.6
1887,9,104.3,6.6,,,,,,,,,,,,,,,,,,,,,,,,,,,,,,,,,,,6.6,6.7,6.82,6.77,7.0,1.36,10.0,0.6,-2.33,-1.57,4.9,0.77,7.0,3.89,10.0,0.6,4.56,4.57,6.41,5.62,7.0,1.61,10.0,0.6,1007.8,1007.8,1007.8,1007.8,7.0,0.0,10.0,0.6,,,,,,,,,,,,,,,,,,,,,,,,,,,,,,,,,,,,,,,,,,,,,,,,,,,,,,,,,,,,,,,,,,,,,,,,,,,,,,,,,,,,,,,,,,,,,,,,,,,,,,,,,,,,,,,,,,,,,,,,,,,,,,,,,,
1887,9,106.3,-43.4,,,,,,,,,,,,,,,,,,,,,,,,,,,,,,,,,,,9.3,9.3,9.3,9.3,5.0,0.0,16.0,0.8,9.3,9.3,9.3,9.3,5.0,0.0,16.0,0.8,0.0,0.0,0.0,0.0,5.0,0.0,16.0,0.8,984.8,986.1,987.72,986.26,5.0,1.52,16.0,0.8,,,,,,,,,,,,,,,,,,,,,,,,,,,,,,,,,,,,,,,,,,,,,,,,,,,,,,,,,,,,,,,,,,,,,,,,,,,,,,,,,,,,,,,,,,,,,,,,,,,,,,,,,,,,,,,,,,,,,,,,,,,,,,,,,,
1887,9,106.3,-41.4,,,,,,,,,,,,,,,,,,,,,,,,,,,,,,,,,,,15.4,15.4,15.4,15.4,1.0,0.0,18.0,1.0,10.89,10.89,10.89,10.89,1.0,0.0,18.0,1.0,10.89,10.89,10.89,10.89,1.0,0.0,18.0,1.0,996.3,996.3,996.3,996.3,1.0,0.0,18.0,1.0,,,,,,,,,,,,,,,,,,,,,,,,,,,,,,,,,,,,,,,,,,,,,,,,,,,,,,,,,,,,,,,,,,,,,,,,,,,,,,,,,,,,,,,,,,,,,,,,,,,,,,,,,,,,,,,,,,,,,,,,,,,,,,,,,,
1887,9,106.3,-29.4,,,,,,,,,,,,,,,,,,,,,,,,,,,,,,,,,,,2.92,3.6,4.28,3.6,2.0,1.41,26.0,0.5,-0.21,1.26,2.73,1.26,2.0,3.05,26.0,0.5,2.54,2.76,2.98,2.76,2.0,0.45,26.0,0.5,1017.57,1018.35,1019.14,1018.35,2.0,1.63,26.0,0.5,,,,,,,,,,,,,,,,,,,,,,,,,,,,,,,,,,,,,,,,,,,,,,,,,,,,,,,,,,,,,,,,,,,,,,,,,,,,,,,,,,,,,,,,,,,,,,,,,,,,,,,,,,,,,,,,,,,,,,,,,,,,,,,,,,
1887,9,106.3,-27.4,,,,,,,,,,,,,,,,,,,,,,,,,,,,,,,,,,,1.76,3.6,5.7,3.73,4.0,2.47,24.0,0.0,-5.69,-2.75,-0.9,-3.27,4.0,2.87,24.0,0.0,-0.3,0.09,1.48,0.57,4.0,1.3,24.0,0.0,1019.77,1022.95,1025.45,1022.63,4.0,3.31,24.0,0.0,,,,,,,,,,,,,,,,,,,,,,,,,,,,,,,,,,,,,,,,,,,,,,,,,,,,,,,,,,,,,,,,,,,,,,,,,,,,,,,,,,,,,,,,,,,,,,,,,,,,,,,,,,,,,,,,,,,,,,,,,,,,,,,,,,
1887,9,106.3,-25.4,,,,,,,,,,,,,,,,,,,,,,,,,,,,,,,,,,,7.11,8.0,8.89,8.0,2.0,1.84,20.0,1.0,-8.88,-7.99,-7.1,-7.99,2.0,1.84,20.0,1.0,-0.47,-0.42,-0.37,-0.42,2.0,0.1,20.0,1.0,1024.5,1024.7,1024.9,1024.7,2.0,0.42,20.0,1.0,,,,,,,,,,,,,,,,,,,,,,,,,,,,,,,,,,,,,,,,,,,,,,,,,,,,,,,,,,,,,,,,,,,,,,,,,,,,,,,,,,,,,,,,,,,,,,,,,,,,,,,,,,,,,,,,,,,,,,,,,,,,,,,,,,
1887,9,106.3,-17.4,,,,,,,,,,,,,,,,,,,,,,,,,,,,,,,,,,,4.55,6.7,6.7,5.68,4.0,2.05,16.0,0.8,-4.74,-4.74,-2.77,-3.8,4.0,1.88,16.0,0.8,3.52,4.74,4.74,4.16,4.0,1.16,16.0,0.8,1014.84,1015.8,1016.86,1015.85,4.0,1.18,16.0,0.8,,,,,,,,,,,,,,,,,,,,,,,,,,,,,,,,,,,,,,,,,,,,,,,,,,,,,,,,,,,,,,,,,,,,,,,,,,,,,,,,,,,,,,,,,,,,,,,,,,,,,,,,,,,,,,,,,,,,,,,,,,,,,,,,,,
1887,9,106.3,-13.4,,,,,,,,,,,,,,,,,,,,,,,,,,,,,,,,,,,6.7,6.7,6.7,6.7,3.0,0.0,10.0,0.0,-4.74,-4.74,-4.74,-4.74,3.0,0.0,10.0,0.0,4.74,4.74,4.74,4.74,3.0,0.0,10.0,0.0,1010.2,1010.2,1010.2,1010.2,2.0,0.0,10.0,0.0,,,,,,,,,,,,,,,,,,,,,,,,,,,,,,,,,,,,,,,,,,,,,,,,,,,,,,,,,,,,,,,,,,,,,,,,,,,,,,,,,,,,,,,,,,,,,,,,,,,,,,,,,,,,,,,,,,,,,,,,,,,,,,,,,,
1887,9,106.3,-11.4,,,,,,,,,,,,,,,,,,,,,,,,,,,,,,,,,,,6.7,6.7,6.7,6.7,5.0,0.0,10.0,0.4,-4.74,-4.74,-4.71,-4.72,5.0,0.04,10.0,0.4,4.74,4.74,4.77,4.75,5.0,0.04,10.0,0.4,1010.2,1010.2,1010.2,1010.2,1.0,0.0,10.0,1.0,,,,,,,,,,,,,,,,,,,,,,,,,,,,,,,,,,,,,,,,,,,,,,,,,,,,,,,,,,,,,,,,,,,,,,,,,,,,,,,,,,,,,,,,,,,,,,,,,,,,,,,,,,,,,,,,,,,,,,,,,,,,,,,,,,
1887,9,106.3,-5.4,27.8,28.3,28.9,28.44,45.0,0.69,22.0,0.5,27.8,28.3,29.4,28.58,48.0,1.16,22.0,0.5,20.34,21.37,21.85,21.26,34.0,0.82,20.0,0.4,80.8,87.4,91.6,86.3,46.0,5.3,22.0,0.5,0.4,0.5,0.35,2.6,4.6,2.35,41.0,1.8,22.0,0.5,-2.48,0.0,0.39,-0.75,41.0,1.75,22.0,0.5,0.0,0.98,2.6,1.48,41.0,1.73,22.0,0.5,1011.17,1013.15,1014.9,1012.99,36.0,1.74,20.0,0.4,3.6,5.0,6.0,4.8,49.0,1.4,22.0,0.5,80.8,87.4,91.6,86.3,46.0,5.3,22.0,0.5,0.4,0.5,-7.5,0.0,0.7,-3.2,41.0,7.2,22.0,0.5,0.0,2.7,6.8,5.7,41.0,10.1,22.0,0.5,-1.1,0.0,0.61,-0.07,45.0,0.91,22.0,0.5,-1.4,0.0,1.6,0.1,38.0,2.1,20.0,0.6,1.76,2.32,4.56,2.77,33.0,1.39,20.0,0.4,2.0,5.2,10.6,6.2,28.0,4.7,18.0,0.5,-69.4,0.0,10.9,-21.2,41.0,49.5,22.0,0.5,0.0,27.8,74.1,41.4,41.0,47.9,22.0,0.5,-54.4,-4.2,15.2,-16.2,29.0,38.2,18.0,0.5,2.8,21.7,59.9,38.3,29.0,37.4,18.0,0.5,-5.2,-0.3,1.5,-1.6,28.0,4.7,18.0,0.5,0.7,2.2,7.7,4.1,28.0,4.4,18.0,0.5,0.5,17.5,97.5,38.5,41.0,69.5,22.0,0.5,0.0,20.0,95.0,40.0,41.0,70.0,22.0,0.5
1887,9,106.3,-3.4,28.49,28.9,28.9,28.7,3.0,0.35,30.0,0.3,27.39,27.8,27.8,27.6,3.0,0.35,30.0,0.3,19.94,20.38,20.38,20.16,3.0,0.37,30.0,0.3,87.3,87.3,87.6,87.5,3.0,0.3,30.0,0.3,0.5,0.2,4.6,4.6,4.6,4.6,1.0,0.0,30.0,0.0,1.94,1.94,1.94,1.94,1.0,0.0,30.0,0.0,4.17,4.17,4.17,4.17,1.0,0.0,30.0,0.0,1013.2,1013.2,1014.36,1013.77,3.0,0.98,30.0,0.3,2.3,3.0,3.0,2.7,3.0,0.6,30.0,0.3,87.3,87.3,87.6,87.5,3.0,0.3,30.0,0.3,0.5,0.2,8.9,8.9,8.9,8.9,1.0,0.0,30.0,0.0,19.2,19.2,19.2,19.2,1.0,0.0,30.0,0.0,1.1,1.1,1.1,1.1,3.0,0.0,30.0,0.3,5.1,5.1,5.1,5.1,1.0,0.0,30.0,0.0,4.39,4.57,4.57,4.48,3.0,0.16,30.0,0.3,21.0,21.0,21.0,21.0,1.0,0.0,30.0,0.0,54.0,54.0,54.0,54.0,1.0,0.0,30.0,0.0,115.9,115.9,115.9,115.9,1.0,0.0,30.0,0.0,39.6,39.6,39.6,39.6,1.0,0.0,30.0,0.0,85.0,85.0,85.0,85.0,1.0,0.0,30.0,0.0,8.9,8.9,8.9,8.9,1.0,0.0,30.0,0.0,19.1,19.1,19.1,19.1,1.0,0.0,30.0,0.0,97.5,97.5,97.5,97.5,1.0,0.0,30.0,0.0,95.0,95.0,95.0,95.0,1.0,0.0,30.0,0.0
1887,9,106.3,2.6,28.1,28.1,28.1,28.1,1.0,0.0,6.0,1.0,27.6,27.6,27.6,27.6,1.0,0.0,6.0,1.0,21.07,21.07,21.07,21.07,1.0,0.0,6.0,1.0,91.0,91.0,91.0,91.0,1.0,0.0,6.0,1.0,0.0,0.9,4.6,4.6,4.6,4.6,1.0,0.0,6.0,1.0,3.25,3.25,3.25,3.25,1.0,0.0,6.0,1.0,3.25,3.25,3.25,3.25,1.0,0.0,6.0,1.0,1009.7,1009.7,1009.7,1009.7,1.0,0.0,6.0,1.0,2.0,2.0,2.0,2.0,1.0,0.0,6.0,1.0,91.0,91.0,91.0,91.0,1.0,0.0,6.0,1.0,0.0,0.9,15.0,15.0,15.0,15.0,1.0,0.0,6.0,1.0,15.0,15.0,15.0,15.0,1.0,0.0,6.0,1.0,0.5,0.5,0.5,0.5,1.0,0.0,6.0,1.0,2.3,2.3,2.3,2.3,1.0,0.0,6.0,1.0,2.81,2.81,2.81,2.81,1.0,0.0,6.0,1.0,12.9,12.9,12.9,12.9,1.0,0.0,6.0,1.0,89.8,89.8,89.8,89.8,1.0,0.0,6.0,1.0,89.8,89.8,89.8,89.8,1.0,0.0,6.0,1.0,68.5,68.5,68.5,68.5,1.0,0.0,6.0,1.0,68.5,68.5,68.5,68.5,1.0,0.0,6.0,1.0,9.1,9.1,9.1,9.1,1.0,0.0,6.0,1.0,9.1,9.1,9.1,9.1,1.0,0.0,6.0,1.0,97.5,97.5,97.5,97.5,1.0,0.0,6.0,1.0,95.0,95.0,95.0,95.0,1.0,0.0,6.0,1.0
1887,9,106.3,4.6,27.0,27.2,27.81,27.38,5.0,0.45,4.0,0.6,27.38,27.6,29.68,28.34,5.0,1.32,4.0,0.6,19.38,19.81,20.5,19.93,4.0,0.67,4.0,0.5,78.0,85.5,90.1,84.1,4.0,8.4,4.0,0.5,0.3,0.7,6.7,6.7,9.3,7.74,5.0,1.42,6.0,0.4,1.47,4.74,4.91,3.2,5.0,3.13,6.0,0.4,4.74,6.3,8.02,6.41,5.0,1.73,6.0,0.4,1007.73,1008.1,1008.95,1008.3,5.0,0.68,6.0,0.4,2.0,5.0,8.0,5.0,5.0,3.0,6.0,0.4,78.0,85.5,90.1,84.1,4.0,8.4,4.0,0.5,0.3,0.7,14.5,31.7,39.1,26.1,5.0,24.2,6.0,0.4,31.7,42.2,74.6,51.4,5.0,22.7,6.0,0.4,-1.79,-0.6,-0.31,-0.96,5.0,0.96,4.0,0.6,-17.8,-9.0,-4.0,-10.8,4.0,8.4,4.0,0.5,2.05,2.59,3.51,2.77,4.0,0.91,4.0,0.5,16.3,20.2,31.5,23.8,3.0,11.6,4.0,0.3,118.4,130.8,144.0,131.2,4.0,19.9,4.0,0.5,130.8,181.0,242.4,186.3,4.0,64.8,4.0,0.5,93.1,95.9,99.2,96.2,3.0,4.5,4.0,0.3,93.1,95.9,132.4,112.4,3.0,32.1,4.0,0.3,11.5,14.3,18.6,15.0,3.0,5.2,4.0,0.3,11.5,14.3,25.4,18.4,3.0,10.7,4.0,0.3,301.0,301.0,804.5,502.0,5.0,276.0,6.0,0.4,300.0,300.0,805.0,500.0,5.0,275.0,6.0,0.4
1887,9,106.3,6.6,27.29,27.65,27.7,27.5,4.0,0.34,4.0,0.3,25.55,26.8,27.26,26.43,4.0,1.27,4.0,0.3,18.63,19.06,19.36,19.0,4.0,0.56,4.0,0.3,84.4,85.2,92.0,88.1,4.0,6.8,4.0,0.3,0.8,0.4,4.6,6.7,6.7,5.86,5.0,1.15,6.0,0.2,4.52,4.74,4.8,4.68,5.0,0.17,6.0,0.2,0.24,4.57,4.74,2.81,5.0,2.64,6.0,0.2,1007.26,1007.8,1008.86,1007.98,5.0,1.05,6.0,0.2,1.6,6.0,8.0,5.0,5.0,3.3,6.0,0.2,84.4,85.2,92.0,88.1,4.0,6.8,4.0,0.3,0.8,0.4,20.8,31.7,32.1,27.6,5.0,6.2,6.0,0.2,1.1,30.6,31.7,18.8,5.0,17.4,6.0,0.2,0.3,0.55,1.9,1.08,4.0,1.3,4.0,0.3,1.8,3.0,12.1,6.7,4.0,9.0,4.0,0.3,3.93,4.17,4.25,4.09,4.0,0.26,4.0,0.3,18.4,23.8,27.9,23.2,4.0,5.6,4.0,0.3,119.1,123.0,125.1,122.2,4.0,4.1,4.0,0.3,-0.9,70.3,121.5,60.8,4.0,72.7,4.0,0.3,86.2,87.5,89.5,87.9,4.0,2.0,4.0,0.3,-0.6,51.9,88.5,44.3,4.0,52.8,4.0,0.3,18.1,19.6,19.8,18.9,4.0,1.4,4.0,0.3,-0.4,11.5,19.8,9.7,4.0,11.9,4.0,0.3,97.5,301.0,301.0,219.5,5.0,111.5,6.0,0.2,95.0,300.0,300.0,220.0,5.0,110.0,6.0,0.2
1887,9,108.3,-45.4,7.2,7.2,7.51,7.35,4.0,0.3,22.0,0.5,7.2,7.5,8.06,7.63,4.0,0.53,22.0,0.5,5.34,5.78,6.12,5.73,4.0,0.48,22.0,0.5,82.6,86.0,89.2,85.9,4.0,5.1,22.0,0.5,0.6,0.1,19.0,19.0,19.0,19.0,4.0,0.0,22.0,0.5,7.61,18.17,18.55,13.31,4.0,10.2,22.0,0.5,-10.85,1.78,5.56,-2.44,4.0,11.53,22.0,0.5,982.7,983.4,984.62,983.65,4.0,1.17,22.0,0.5,8.0,8.0,8.0,8.0,4.0,0.0,22.0,0.5,82.6,86.0,89.2,85.9,4.0,5.1,22.0,0.5,0.6,0.1,144.6,345.2,352.5,252.9,4.0,193.9,22.0,0.5,-206.1,33.9,105.5,-46.4,4.0,219.1,22.0,0.5,-0.55,-0.25,0.0,-0.27,4.0,0.32,22.0,0.5,-10.5,-4.7,0.0,-5.2,4.0,6.1,22.0,0.5,0.49,0.83,1.13,0.81,4.0,0.44,22.0,0.5,9.4,15.8,21.5,15.4,4.0,8.4,22.0,0.5,53.6,130.8,139.5,98.1,4.0,76.8,22.0,0.5,-89.5,12.3,40.0,-23.1,4.0,92.9,22.0,0.5,38.2,97.1,109.6,75.0,4.0,58.8,22.0,0.5,-65.3,8.1,29.8,-16.6,4.0,67.6,22.0,0.5,1.6,10.8,20.5,11.1,4.0,11.5,22.0,0.5,-7.6,2.3,6.3,-0.5,4.0,9.6,22.0,0.5,6859.0,6859.0,6859.0,6859.0,4.0,0.0,22.0,0.5,6860.0,6860.0,6860.0,6860.0,4.0,0.0,22.0,0.5
1887,9,108.3,-43.4,,,,,,,,,,,,,,,,,,,,,,,,,,,,,,,,,,,9.3,9.3,10.56,10.32,6.0,2.49,14.0,0.3,8.57,9.3,9.3,8.71,6.0,1.44,14.0,0.3,-2.95,0.0,0.0,-2.38,6.0,5.83,14.0,0.3,991.23,993.9,998.7,996.28,6.0,8.52,14.0,0.3,,,,,,,,,,,,,,,,,,,,,,,,,,,,,,,,,,,,,,,,,,,,,,,,,,,,,,,,,,,,,,,,,,,,,,,,,,,,,,,,,,,,,,,,,,,,,,,,,,,,,,,,,,,,,,,,,,,,,,,,,,,,,,,,,,
1887,9,108.3,-31.4,,,,,,,,,,,,,,,,,,,,,,,,,,,,,,,,,,,0.0,0.0,0.0,0.0,1.0,0.0,26.0,0.0,0.0,0.0,0.0,0.0,1.0,0.0,26.0,0.0,0.0,0.0,0.0,0.0,1.0,0.0,26.0,0.0,1015.3,1015.3,1015.3,1015.3,1.0,0.0,26.0,0.0,,,,,,,,,,,,,,,,,,,,,,,,,,,,,,,,,,,,,,,,,,,,,,,,,,,,,,,,,,,,,,,,,,,,,,,,,,,,,,,,,,,,,,,,,,,,,,,,,,,,,,,,,,,,,,,,,,,,,,,,,,,,,,,,,,
1887,9,108.3,-29.4,,,,,,,,,,,,,,,,,,,,,,,,,,,,,,,,,,,1.0,1.0,4.6,2.54,7.0,1.92,24.0,1.0,-4.4,-0.96,0.34,-1.95,7.0,2.28,24.0,1.0,-0.93,0.92,1.37,0.55,7.0,1.11,24.0,1.0,1017.79,1022.0,1024.07,1021.08,5.0,3.33,24.0,1.0,,,,,,,,,,,,,,,,,,,,,,,,,,,,,,,,,,,,,,,,,,,,,,,,,,,,,,,,,,,,,,,,,,,,,,,,,,,,,,,,,,,,,,,,,,,,,,,,,,,,,,,,,,,,,,,,,,,,,,,,,,,,,,,,,,
1887,9,108.3,-27.4,,,,,,,,,,,,,,,,,,,,,,,,,,,,,,,,,,,4.6,4.6,4.6,4.6,1.0,0.0,20.0,0.0,-4.59,-4.59,-4.59,-4.59,1.0,0.0,20.0,0.0,-0.24,-0.24,-0.24,-0.24,1.0,0.0,20.0,0.0,1023.2,1023.2,1023.2,1023.2,1.0,0.0,20.0,0.0,,,,,,,,,,,,,,,,,,,,,,,,,,,,,,,,,,,,,,,,,,,,,,,,,,,,,,,,,,,,,,,,,,,,,,,,,,,,,,,,,,,,,,,,,,,,,,,,,,,,,,,,,,,,,,,,,,,,,,,,,,,,,,,,,,
1887,9,108.3,-17.4,,,,,,,,,,,,,,,,,,,,,,,,,,,,,,,,,,,5.93,6.7,7.65,6.8,5.0,1.67,16.0,0.6,-3.94,-3.25,-2.51,-3.3,5.0,0.92,16.0,0.6,4.2,6.21,7.09,5.81,5.0,2.0,16.0,0.6,1015.13,1016.1,1016.35,1015.72,5.0,1.1,16.0,0.6,,,,,,,,,,,,,,,,,,,,,,,,,,,,,,,,,,,,,,,,,,,,,,,,,,,,,,,,,,,,,,,,,,,,,,,,,,,,,,,,,,,,,,,,,,,,,,,,,,,,,,,,,,,,,,,,,,,,,,,,,,,,,,,,,,
1887,9,108.3,-11.4,,,,,,,,,,,,,,,,,,,,,,,,,,,,,,,,,,,9.18,9.3,12.3,10.21,7.0,2.16,8.0,0.6,-9.13,-8.7,-6.58,-8.21,7.0,1.14,8.0,0.6,1.75,6.58,8.7,5.36,7.0,3.59,8.0,0.6,1010.2,1010.2,1010.72,1010.45,4.0,0.5,8.0,0.5,,,,,,,,,,,,,,,,,,,,,,,,,,,,,,,,,,,,,,,,,,,,,,,,,,,,,,,,,,,,,,,,,,,,,,,,,,,,,,,,,,,,,,,,,,,,,,,,,,,,,,,,,,,,,,,,,,,,,,,,,,,,,,,,,,
1887,9,108.3,-5.4,27.2,27.2,27.2,27.2,13.0,0.0,14.0,0.5,27.2,27.8,28.3,27.81,13.0,0.58,14.0,0.5,20.64,21.32,22.06,21.33,11.0,0.68,14.0,0.6,88.0,91.5,91.6,90.6,11.0,2.4,14.0,0.6,0.5,0.5,4.6,6.7,6.7,5.9,13.0,1.35,14.0,0.5,-6.7,-4.74,-4.4,-5.18,13.0,1.48,14.0,0.5,0.0,0.5,4.74,1.75,13.0,2.23,14.0,0.5,1010.36,1011.5,1012.91,1011.57,13.0,1.13,14.0,0.5,1.9,2.0,5.0,3.2,13.0,1.8,14.0,0.5,88.0,91.5,91.6,90.6,11.0,2.4,14.0,0.6,0.5,0.5,-44.9,-31.7,-20.7,-31.7,13.0,13.0,14.0,0.5,0.0,1.3,31.7,11.5,13.0,15.0,14.0,0.5,-1.1,-0.6,0.0,-0.61,13.0,0.58,14.0,0.5,-7.4,-4.0,0.0,-3.5,13.0,3.6,14.0,0.5,0.53,1.31,1.94,1.27,11.0,0.67,14.0,0.6,3.5,6.0,13.0,7.7,11.0,4.8,14.0,0.6,-186.1,-130.2,-120.1,-144.1,13.0,41.8,14.0,0.5,0.0,14.0,128.9,48.5,13.0,61.4,14.0,0.5,-140.4,-134.4,-80.5,-112.6,11.0,34.0,14.0,0.6,0.0,28.3,97.8,44.4,11.0,49.3,14.0,0.6,-10.8,-6.0,-3.3,-6.9,11.0,4.4,14.0,0.6,0.0,0.7,5.0,2.3,11.0,3.5,14.0,0.6,97.5,301.0,301.0,232.0,13.0,109.0,14.0,0.5,95.0,300.0,300.0,230.0,13.0,110.0,14.0,0.5
1887,9,108.3,6.6,27.8,28.0,28.07,27.93,3.0,0.21,4.0,0.7,25.73,26.0,27.02,26.37,3.0,1.0,4.0,0.7,19.03,19.52,20.01,19.52,2.0,1.01,4.0,0.5,84.4,90.0,95.6,90.0,2.0,11.7,4.0,0.5,0.1,0.9,6.7,6.7,6.7,6.7,4.0,0.0,6.0,0.5,4.74,4.82,5.81,5.25,4.0,0.92,6.0,0.5,2.66,4.65,4.74,3.74,4.0,1.88,6.0,0.5,1008.04,1008.45,1008.65,1008.35,4.0,0.4,6.0,0.5,2.0,5.0,8.0,5.0,4.0,3.5,6.0,0.5,84.4,90.0,95.6,90.0,2.0,11.7,4.0,0.5,0.1,0.9,31.7,32.3,38.9,35.2,4.0,6.2,6.0,0.5,17.8,31.2,31.7,25.1,4.0,12.6,6.0,0.5,0.77,2.0,2.34,1.57,3.0,1.21,4.0,0.7,5.2,13.4,15.7,10.5,3.0,8.1,4.0,0.7,3.82,4.11,4.4,4.11,2.0,0.61,4.0,0.5,25.6,27.6,29.5,27.6,2.0,4.1,4.0,0.5,121.9,123.2,163.6,142.3,3.0,34.8,4.0,0.7,56.0,121.3,122.6,90.0,3.0,55.8,4.0,0.7,100.4,110.3,120.2,110.3,2.0,20.5,4.0,0.5,30.0,56.7,83.4,56.7,2.0,55.4,4.0,0.5,19.5,23.8,28.1,23.8,2.0,9.0,4.0,0.5,6.3,10.8,15.4,10.8,2.0,9.3,4.0,0.5,301.0,301.0,301.0,301.0,4.0,0.0,6.0,0.5,300.0,300.0,300.0,300.0,4.0,0.0,6.0,0.5
1887,9,108.3,8.6,26.8,27.35,28.1,27.42,6.0,0.62,4.0,0.8,25.4,26.1,27.0,26.12,6.0,0.86,4.0,0.8,17.81,19.86,20.43,19.26,5.0,1.45,4.0,0.8,84.4,88.8,96.1,89.6,5.0,7.8,4.0,0.8,0.6,0.5,5.07,9.3,12.3,8.84,15.0,3.03,8.0,0.7,4.63,6.8,9.0,6.8,15.0,2.16,8.0,0.7,1.22,6.34,8.39,4.89,15.0,3.62,8.0,0.7,1007.81,1008.7,1009.5,1008.5,14.0,1.33,8.0,0.7,0.0,3.5,8.0,3.9,14.0,3.4,8.0,0.7,84.4,88.8,96.1,89.6,5.0,7.8,4.0,0.8,0.6,0.5,23.6,63.3,110.6,66.0,15.0,38.7,8.0,0.7,5.6,59.0,103.2,51.2,15.0,43.2,8.0,0.7,0.51,1.4,2.1,1.3,6.0,0.96,4.0,0.8,2.0,7.8,11.9,6.9,6.0,5.8,4.0,0.8,3.38,3.69,4.35,3.85,5.0,0.61,4.0,0.8,15.5,17.0,38.9,26.8,5.0,18.6,4.0,0.8,85.8,138.6,188.4,148.0,6.0,70.9,4.0,0.8,-46.3,50.3,107.0,44.3,6.0,93.2,4.0,0.8,66.9,90.5,139.3,103.8,5.0,46.3,4.0,0.8,-2.6,65.8,86.7,47.4,5.0,57.2,4.0,0.8,11.4,15.9,34.7,22.7,5.0,15.8,4.0,0.8,-1.0,10.4,19.6,10.2,5.0,14.7,4.0,0.8,142.5,804.5,1861.0,914.5,15.0,739.5,8.0,0.7,140.0,805.0,1860.0,915.0,15.0,740.0,8.0,0.7
1887,9,108.3,10.6,27.6,27.6,27.6,27.6,1.0,0.0,4.0,0.0,26.6,26.6,26.6,26.6,1.0,0.0,4.0,0.0,21.49,21.49,21.49,21.49,1.0,0.0,4.0,0.0,98.2,98.2,98.2,98.2,1.0,0.0,4.0,0.0,0.8,0.1,6.7,6.7,6.7,6.7,1.0,0.0,4.0,0.0,4.74,4.74,4.74,4.74,1.0,0.0,4.0,0.0,4.74,4.74,4.74,4.74,1.0,0.0,4.0,0.0,1008.2,1008.2,1008.2,1008.2,1.0,0.0,4.0,0.0,8.0,8.0,8.0,8.0,1.0,0.0,4.0,0.0,98.2,98.2,98.2,98.2,1.0,0.0,4.0,0.0,0.8,0.1,31.7,31.7,31.7,31.7,1.0,0.0,4.0,0.0,31.7,31.7,31.7,31.7,1.0,0.0,4.0,0.0,1.0,1.0,1.0,1.0,1.0,0.0,4.0,0.0,6.7,6.7,6.7,6.7,1.0,0.0,4.0,0.0,1.73,1.73,1.73,1.73,1.0,0.0,4.0,0.0,11.6,11.6,11.6,11.6,1.0,0.0,4.0,0.0,126.0,126.0,126.0,126.0,1.0,0.0,4.0,0.0,126.0,126.0,126.0,126.0,1.0,0.0,4.0,0.0,101.8,101.8,101.8,101.8,1.0,0.0,4.0,0.0,101.8,101.8,101.8,101.8,1.0,0.0,4.0,0.0,8.2,8.2,8.2,8.2,1.0,0.0,4.0,0.0,8.2,8.2,8.2,8.2,1.0,0.0,4.0,0.0,301.0,301.0,301.0,301.0,1.0,0.0,4.0,0.0,300.0,300.0,300.0,300.0,1.0,0.0,4.0,0.0
1887,9,110.3,-45.4,7.3,7.5,7.7,7.5,2.0,0.42,24.0,1.0,6.78,6.95,7.12,6.95,2.0,0.35,24.0,1.0,4.17,4.24,4.32,4.24,2.0,0.15,24.0,1.0,65.1,67.1,69.0,67.1,2.0,4.0,24.0,1.0,0.2,0.0,19.0,19.0,19.0,19.0,2.0,0.0,24.0,1.0,14.77,14.77,14.77,14.77,2.0,0.0,24.0,1.0,11.96,11.96,11.96,11.96,2.0,0.0,24.0,1.0,987.6,987.8,988.0,987.8,2.0,0.42,24.0,1.0,6.0,6.0,6.0,6.0,2.0,0.0,24.0,1.0,65.1,67.1,69.0,67.1,2.0,4.0,24.0,1.0,0.2,0.0,280.5,280.5,280.5,280.5,2.0,0.0,24.0,1.0,227.2,227.2,227.2,227.2,2.0,0.0,24.0,1.0,0.52,0.55,0.58,0.55,2.0,0.07,24.0,1.0,9.8,10.5,11.1,10.5,2.0,1.3,24.0,1.0,2.17,2.34,2.5,2.34,2.0,0.34,24.0,1.0,41.3,44.4,47.6,44.4,2.0,6.5,24.0,1.0,100.1,102.6,105.1,102.6,2.0,5.2,24.0,1.0,81.1,83.1,85.1,83.1,2.0,4.2,24.0,1.0,61.6,62.6,63.7,62.6,2.0,2.3,24.0,1.0,49.8,50.7,51.6,50.7,2.0,1.8,24.0,1.0,32.1,34.5,37.0,34.5,2.0,5.0,24.0,1.0,26.0,28.0,29.9,28.0,2.0,4.1,24.0,1.0,6859.0,6859.0,6859.0,6859.0,2.0,0.0,24.0,1.0,6860.0,6860.0,6860.0,6860.0,2.0,0.0,24.0,1.0
1887,9,110.3,-43.4,,,,,,,,,,,,,,,,,,,,,,,,,,,,,,,,,,,6.7,9.3,9.92,8.93,6.0,2.08,16.0,0.7,6.7,7.71,9.92,8.4,6.0,2.13,16.0,0.7,0.0,0.0,5.2,1.73,6.0,2.69,16.0,0.7,993.31,993.75,995.95,994.37,6.0,1.8,16.0,0.7,,,,,,,,,,,,,,,,,,,,,,,,,,,,,,,,,,,,,,,,,,,,,,,,,,,,,,,,,,,,,,,,,,,,,,,,,,,,,,,,,,,,,,,,,,,,,,,,,,,,,,,,,,,,,,,,,,,,,,,,,,,,,,,,,,
1887,9,110.3,-41.4,,,,,,,,,,,,,,,,,,,,,,,,,,,,,,,,,,,15.4,15.4,15.4,15.4,1.0,0.0,18.0,1.0,5.77,5.77,5.77,5.77,1.0,0.0,18.0,1.0,-14.28,-14.28,-14.28,-14.28,1.0,0.0,18.0,1.0,1000.4,1000.4,1000.4,1000.4,1.0,0.0,18.0,1.0,,,,,,,,,,,,,,,,,,,,,,,,,,,,,,,,,,,,,,,,,,,,,,,,,,,,,,,,,,,,,,,,,,,,,,,,,,,,,,,,,,,,,,,,,,,,,,,,,,,,,,,,,,,,,,,,,,,,,,,,,,,,,,,,,,
1887,9,110.3,-33.4,,,,,,,,,,,,,,,,,,,,,,,,,,,,,,,,,,,4.6,4.6,4.6,4.6,1.0,0.0,26.0,1.0,4.23,4.23,4.23,4.23,1.0,0.0,26.0,1.0,1.8,1.8,1.8,1.8,1.0,0.0,26.0,1.0,1012.1,1012.1,1012.1,1012.1,1.0,0.0,26.0,1.0,,,,,,,,,,,,,,,,,,,,,,,,,,,,,,,,,,,,,,,,,,,,,,,,,,,,,,,,,,,,,,,,,,,,,,,,,,,,,,,,,,,,,,,,,,,,,,,,,,,,,,,,,,,,,,,,,,,,,,,,,,,,,,,,,,
1887,9,110.3,-31.4,,,,,,,,,,,,,,,,,,,,,,,,,,,,,,,,,,,0.0,4.6,5.37,3.18,5.0,3.03,22.0,0.0,0.0,1.72,3.1,1.72,5.0,1.95,22.0,0.0,-1.48,0.0,4.44,0.99,5.0,3.61,22.0,0.0,1015.23,1016.4,1019.45,1017.1,5.0,2.31,22.0,0.0,,,,,,,,,,,,,,,,,,,,,,,,,,,,,,,,,,,,,,,,,,,,,,,,,,,,,,,,,,,,,,,,,,,,,,,,,,,,,,,,,,,,,,,,,,,,,,,,,,,,,,,,,,,,,,,,,,,,,,,,,,,,,,,,,,
1887,9,110.3,-17.4,,,,,,,,,,,,,,,,,,,,,,,,,,,,,,,,,,,4.6,5.65,6.7,5.65,4.0,1.21,16.0,0.3,-3.68,-2.12,-1.72,-2.67,4.0,1.43,16.0,0.3,4.27,4.5,5.51,4.87,4.0,0.92,16.0,0.3,1013.66,1014.55,1014.76,1014.23,4.0,0.9,16.0,0.3,,,,,,,,,,,,,,,,,,,,,,,,,,,,,,,,,,,,,,,,,,,,,,,,,,,,,,,,,,,,,,,,,,,,,,,,,,,,,,,,,,,,,,,,,,,,,,,,,,,,,,,,,,,,,,,,,,,,,,,,,,,,,,,,,,
1887,9,110.3,-15.4,,,,,,,,,,,,,,,,,,,,,,,,,,,,,,,,,,,6.7,6.7,6.7,6.7,1.0,0.0,16.0,1.0,-2.51,-2.51,-2.51,-2.51,1.0,0.0,16.0,1.0,6.21,6.21,6.21,6.21,1.0,0.0,16.0,1.0,1013.8,1013.8,1013.8,1013.8,1.0,0.0,16.0,1.0,,,,,,,,,,,,,,,,,,,,,,,,,,,,,,,,,,,,,,,,,,,,,,,,,,,,,,,,,,,,,,,,,,,,,,,,,,,,,,,,,,,,,,,,,,,,,,,,,,,,,,,,,,,,,,,,,,,,,,,,,,,,,,,,,,
1887,9,110.3,-11.4,,,,,,,,,,,,,,,,,,,,,,,,,,,,,,,,,,,6.7,6.7,9.3,7.74,5.0,1.42,8.0,0.4,-6.58,-4.74,-4.74,-5.47,5.0,1.01,8.0,0.4,4.74,4.74,6.58,5.47,5.0,1.01,8.0,0.4,1009.61,1009.85,1010.09,1009.85,2.0,0.49,8.0,0.5,,,,,,,,,,,,,,,,,,,,,,,,,,,,,,,,,,,,,,,,,,,,,,,,,,,,,,,,,,,,,,,,,,,,,,,,,,,,,,,,,,,,,,,,,,,,,,,,,,,,,,,,,,,,,,,,,,,,,,,,,,,,,,,,,,
1887,9,110.3,-9.4,,,,,,,,,,,,,,,,,,,,,,,,,,,,,,,,,,,6.7,6.7,6.7,6.7,4.0,0.0,8.0,1.0,-4.74,-4.74,-4.74,-4.74,4.0,0.0,8.0,1.0,4.74,4.74,4.74,4.74,4.0,0.0,8.0,1.0,1007.96,1008.3,1008.64,1008.3,2.0,0.71,8.0,1.0,,,,,,,,,,,,,,,,,,,,,,,,,,,,,,,,,,,,,,,,,,,,,,,,,,,,,,,,,,,,,,,,,,,,,,,,,,,,,,,,,,,,,,,,,,,,,,,,,,,,,,,,,,,,,,,,,,,,,,,,,,,,,,,,,,
1887,9,110.3,-5.4,26.7,27.2,27.2,27.02,17.0,0.25,12.0,0.5,27.2,27.8,28.3,27.8,17.0,0.6,12.0,0.5,21.37,21.4,22.04,21.64,11.0,0.32,14.0,0.6,91.6,91.6,91.6,90.9,11.0,2.2,14.0,0.6,0.5,0.6,3.68,4.6,6.7,5.14,17.0,1.79,12.0,0.5,-6.17,-4.6,-1.35,-3.92,17.0,2.25,12.0,0.5,0.0,2.6,3.94,2.09,17.0,2.29,12.0,0.5,1012.2,1012.7,1013.8,1012.94,17.0,0.94,12.0,0.5,2.0,3.0,5.0,3.8,17.0,1.4,12.0,0.5,91.6,91.6,91.6,90.9,11.0,2.2,14.0,0.6,0.5,0.6,-41.3,-21.2,-8.1,-23.1,17.0,15.1,12.0,0.5,0.0,8.3,24.1,11.6,17.0,15.5,12.0,0.5,-1.1,-0.6,-0.5,-0.78,17.0,0.52,12.0,0.5,-5.1,-3.3,-1.1,-3.7,17.0,2.6,12.0,0.5,0.53,0.53,1.18,0.8,11.0,0.32,14.0,0.6,2.0,2.4,4.7,3.3,11.0,2.0,14.0,0.6,-167.8,-127.9,-36.8,-108.8,17.0,62.1,12.0,0.5,0.0,71.2,109.0,57.7,17.0,62.8,12.0,0.5,-100.2,-90.6,0.0,-68.5,11.0,49.5,14.0,0.6,0.0,38.4,63.3,37.8,11.0,41.1,14.0,0.6,-3.8,-2.4,0.0,-2.2,11.0,1.7,14.0,0.6,0.0,1.2,2.5,1.6,11.0,2.2,14.0,0.6,60.5,97.5,301.0,178.0,17.0,123.0,12.0,0.5,60.0,95.0,300.0,180.0,17.0,125.0,12.0,0.5
1887,9,110.3,10.6,27.45,27.7,27.85,27.66,5.0,0.32,4.0,0.2,27.06,27.5,28.22,27.64,5.0,0.67,4.0,0.2,18.79,19.07,22.14,20.19,5.0,1.83,4.0,0.2,80.5,85.2,93.1,86.7,5.0,7.6,4.0,0.2,0.3,0.6,8.85,12.3,12.3,10.88,13.0,2.91,8.0,0.4,6.95,7.23,9.11,7.54,13.0,1.84,8.0,0.4,4.87,8.39,9.95,7.61,13.0,3.03,8.0,0.4,1006.59,1006.8,1007.1,1006.62,13.0,0.9,8.0,0.4,1.0,2.0,8.0,3.6,13.0,3.2,8.0,0.4,80.5,85.2,93.1,86.7,5.0,7.6,4.0,0.2,0.3,0.6,66.7,88.9,112.1,85.9,13.0,33.4,8.0,0.4,44.5,103.2,122.4,90.3,13.0,42.7,8.0,0.4,-0.61,0.2,0.57,0.02,5.0,0.65,4.0,0.2,-5.1,1.9,4.6,0.1,5.0,6.8,4.0,0.2,1.49,4.09,4.41,3.17,5.0,1.6,4.0,0.2,6.9,42.4,51.3,31.8,5.0,23.4,4.0,0.2,119.6,212.0,279.0,202.1,5.0,81.1,4.0,0.2,48.3,143.0,188.2,123.5,5.0,71.5,4.0,0.2,94.8,145.7,191.5,143.9,5.0,48.8,4.0,0.2,38.3,98.3,129.2,86.8,5.0,46.2,4.0,0.2,6.4,35.2,42.6,26.6,5.0,19.0,4.0,0.2,2.6,23.7,28.7,17.3,5.0,13.7,4.0,0.2,737.0,1861.0,1861.0,1508.5,13.0,690.5,8.0,0.4,735.0,1860.0,1860.0,1510.0,13.0,690.0,8.0,0.4
1887,9,110.3,12.6,28.08,28.55,28.6,28.35,4.0,0.44,4.0,1.0,27.79,28.1,28.31,28.05,4.0,0.41,4.0,1.0,19.75,21.62,22.16,20.97,3.0,1.85,4.0,1.0,84.5,90.5,92.7,88.7,3.0,6.2,4.0,1.0,0.7,0.4,1.76,2.6,6.11,3.88,4.0,3.69,4.0,1.0,1.24,2.6,5.28,3.23,4.0,3.23,4.0,1.0,0.0,0.5,3.2,1.55,4.0,2.48,4.0,1.0,1006.38,1008.05,1008.25,1007.35,4.0,1.58,4.0,1.0,3.6,5.0,6.4,5.0,3.0,2.0,4.0,1.0,84.5,90.5,92.7,88.7,3.0,6.2,4.0,1.0,0.7,0.4,3.2,6.8,40.8,21.3,4.0,33.7,4.0,1.0,0.0,0.5,25.8,12.3,4.0,24.0,4.0,1.0,0.1,0.35,0.5,0.3,4.0,0.24,4.0,1.0,0.2,0.9,1.6,0.9,4.0,0.8,4.0,1.0,2.48,3.02,4.07,3.27,3.0,1.18,4.0,1.0,4.0,7.9,31.4,17.5,3.0,21.7,4.0,1.0,34.8,73.6,146.4,89.8,4.0,88.6,4.0,1.0,0.0,14.1,88.3,42.8,4.0,68.1,4.0,1.0,17.8,56.2,117.2,67.3,3.0,73.4,4.0,1.0,7.1,22.4,74.1,40.2,3.0,51.4,4.0,1.0,2.5,7.9,26.5,14.3,3.0,18.4,4.0,1.0,0.7,2.2,16.9,8.6,3.0,13.1,4.0,1.0,9.0,17.5,430.0,210.0,4.0,396.0,4.0,1.0,10.0,20.0,430.0,210.0,4.0,395.0,4.0,1.0
1887,9,112.3,-45.4,7.8,7.8,7.8,7.8,1.0,0.0,24.0,0.0,7.2,7.2,7.2,7.2,1.0,0.0,24.0,0.0,4.57,4.57,4.57,4.57,1.0,0.0,24.0,0.0,71.5,71.5,71.5,71.5,1.0,0.0,24.0,0.0,0.9,0.4,19.0,19.0,19.0,19.0,1.0,0.0,24.0,0.0,10.62,10.62,10.62,10.62,1.0,0.0,24.0,0.0,15.75,15.75,15.75,15.75,1.0,0.0,24.0,0.0,995.6,995.6,995.6,995.6,1.0,0.0,24.0,0.0,6.0,6.0,6.0,6.0,1.0,0.0,24.0,0.0,71.5,71.5,71.5,71.5,1.0,0.0,24.0,0.0,0.9,0.4,201.9,201.9,201.9,201.9,1.0,0.0,24.0,0.0,299.3,299.3,299.3,299.3,1.0,0.0,24.0,0.0,0.6,0.6,0.6,0.6,1.0,0.0,24.0,0.0,11.4,11.4,11.4,11.4,1.0,0.0,24.0,0.0,2.09,2.09,2.09,2.09,1.0,0.0,24.0,0.0,39.8,39.8,39.8,39.8,1.0,0.0,24.0,0.0,76.5,76.5,76.5,76.5,1.0,0.0,24.0,0.0,113.4,113.4,113.4,113.4,1.0,0.0,24.0,0.0,48.6,48.6,48.6,48.6,1.0,0.0,24.0,0.0,72.0,72.0,72.0,72.0,1.0,0.0,24.0,0.0,22.3,22.3,22.3,22.3,1.0,0.0,24.0,0.0,33.0,33.0,33.0,33.0,1.0,0.0,24.0,0.0,6859.0,6859.0,6859.0,6859.0,1.0,0.0,24.0,0.0,6860.0,6860.0,6860.0,6860.0,1.0,0.0,24.0,0.0
1887,9,112.3,-43.4,,,,,,,,,,,,,,,,,,,,,,,,,,,,,,,,,,,9.3,12.3,12.3,11.1,5.0,1.64,18.0,0.4,9.3,12.07,12.07,10.96,5.0,1.52,18.0,0.4,0.0,2.35,2.35,1.41,5.0,1.29,18.0,0.4,999.7,1003.7,1005.72,1003.06,5.0,3.37,18.0,0.4,,,,,,,,,,,,,,,,,,,,,,,,,,,,,,,,,,,,,,,,,,,,,,,,,,,,,,,,,,,,,,,,,,,,,,,,,,,,,,,,,,,,,,,,,,,,,,,,,,,,,,,,,,,,,,,,,,,,,,,,,,,,,,,,,,
1887,9,112.3,-33.4,,,,,,,,,,,,,,,,,,,,,,,,,,,,,,,,,,,4.5,6.7,12.45,8.66,7.0,4.7,24.0,0.9,3.19,4.74,10.89,6.65,7.0,3.91,24.0,0.9,-4.74,-1.84,6.07,1.11,7.0,6.43,24.0,0.9,1013.18,1013.8,1014.46,1013.76,5.0,1.03,24.0,0.8,,,,,,,,,,,,,,,,,,,,,,,,,,,,,,,,,,,,,,,,,,,,,,,,,,,,,,,,,,,,,,,,,,,,,,,,,,,,,,,,,,,,,,,,,,,,,,,,,,,,,,,,,,,,,,,,,,,,,,,,,,,,,,,,,,
1887,9,112.3,-31.4,,,,,,,,,,,,,,,,,,,,,,,,,,,,,,,,,,,9.3,9.3,9.3,9.3,1.0,0.0,22.0,1.0,9.25,9.25,9.25,9.25,1.0,0.0,22.0,1.0,0.97,0.97,0.97,0.97,1.0,0.0,22.0,1.0,1014.4,1014.4,1014.4,1014.4,1.0,0.0,22.0,1.0,,,,,,,,,,,,,,,,,,,,,,,,,,,,,,,,,,,,,,,,,,,,,,,,,,,,,,,,,,,,,,,,,,,,,,,,,,,,,,,,,,,,,,,,,,,,,,,,,,,,,,,,,,,,,,,,,,,,,,,,,,,,,,,,,,
1887,9,112.3,-15.4,,,,,,,,,,,,,,,,,,,,,,,,,,,,,,,,,,,6.7,6.7,6.7,6.7,4.0,0.0,14.0,0.3,-2.51,-2.51,-1.19,-1.88,4.0,1.25,14.0,0.3,6.21,6.21,6.47,6.33,4.0,0.24,14.0,0.3,1013.32,1013.95,1014.79,1014.05,4.0,1.11,14.0,0.3,,,,,,,,,,,,,,,,,,,,,,,,,,,,,,,,,,,,,,,,,,,,,,,,,,,,,,,,,,,,,,,,,,,,,,,,,,,,,,,,,,,,,,,,,,,,,,,,,,,,,,,,,,,,,,,,,,,,,,,,,,,,,,,,,,
1887,9,112.3,-9.4,,,,,,,,,,,,,,,,,,,,,,,,,,,,,,,,,,,6.7,6.7,6.7,6.7,5.0,0.0,8.0,0.6,-4.74,-2.51,-2.51,-3.4,5.0,1.22,8.0,0.6,4.74,6.21,6.21,5.62,5.0,0.81,8.0,0.6,1008.8,1009.15,1009.87,1009.33,4.0,0.67,8.0,0.5,,,,,,,,,,,,,,,,,,,,,,,,,,,,,,,,,,,,,,,,,,,,,,,,,,,,,,,,,,,,,,,,,,,,,,,,,,,,,,,,,,,,,,,,,,,,,,,,,,,,,,,,,,,,,,,,,,,,,,,,,,,,,,,,,,
1887,9,112.3,-5.4,26.7,26.7,27.14,26.83,8.0,0.23,12.0,0.8,27.2,27.8,28.3,27.84,8.0,0.63,12.0,0.8,21.16,21.31,21.44,21.29,5.0,0.17,12.0,1.0,86.9,88.4,91.6,88.9,5.0,3.0,12.0,1.0,0.6,0.6,9.3,9.3,9.3,9.3,8.0,0.0,12.0,0.8,-8.56,-6.58,-6.58,-7.32,8.0,1.03,12.0,0.8,3.63,6.58,6.58,5.47,8.0,1.52,12.0,0.8,1010.7,1012.0,1013.43,1011.99,8.0,1.42,12.0,0.8,1.1,4.5,5.9,3.8,8.0,2.1,12.0,0.8,86.9,88.4,91.6,88.9,5.0,3.0,12.0,1.0,0.6,0.6,-79.6,-61.2,-61.2,-68.1,8.0,9.6,12.0,0.8,33.8,61.2,61.2,50.9,8.0,14.2,12.0,0.8,-1.54,-0.85,-0.5,-1.01,8.0,0.62,12.0,0.8,-14.4,-7.9,-4.6,-9.4,8.0,5.8,12.0,0.8,0.6,0.9,1.23,0.91,5.0,0.34,12.0,1.0,5.6,8.4,11.4,8.5,5.0,3.2,12.0,1.0,-232.9,-188.1,-183.2,-203.5,8.0,26.0,12.0,0.8,99.1,180.8,186.1,152.8,8.0,44.2,12.0,0.8,-156.5,-140.1,-139.1,-148.5,5.0,19.6,12.0,1.0,116.2,139.6,140.4,127.4,5.0,27.7,12.0,1.0,-8.1,-5.9,-4.4,-6.2,5.0,2.0,12.0,1.0,3.4,5.9,8.1,5.7,5.0,2.7,12.0,1.0,804.5,804.5,804.5,804.5,8.0,0.0,12.0,0.8,805.0,805.0,805.0,805.0,8.0,0.0,12.0,0.8
1887,9,112.3,12.6,27.24,28.2,28.4,27.83,3.0,0.91,6.0,1.0,27.5,27.5,27.84,27.67,3.0,0.29,6.0,1.0,19.64,20.03,20.42,20.03,2.0,0.81,6.0,1.0,82.9,85.3,87.7,85.3,2.0,5.0,6.0,1.0,0.2,0.6,6.7,12.3,12.3,10.2,8.0,2.9,10.0,0.6,5.55,10.43,10.43,8.5,8.0,2.68,10.0,0.6,3.86,6.52,6.52,5.6,8.0,1.3,10.0,0.6,1005.85,1006.45,1007.1,1006.16,12.0,1.43,12.0,0.4,0.7,2.0,5.3,2.4,12.0,2.1,12.0,0.4,82.9,85.3,87.7,85.3,2.0,5.0,6.0,1.0,0.2,0.6,37.2,128.3,128.3,93.5,8.0,48.1,10.0,0.6,25.8,80.2,80.2,60.4,8.0,27.4,10.0,0.6,-0.41,0.2,0.75,0.17,3.0,0.85,6.0,1.0,-2.8,1.3,5.0,1.1,3.0,5.7,6.0,1.0,2.15,3.18,4.2,3.18,2.0,2.13,6.0,1.0,14.4,21.3,28.2,21.3,2.0,14.3,6.0,1.0,137.4,152.8,154.6,146.2,3.0,13.8,6.0,1.0,103.6,104.9,122.2,112.7,3.0,15.2,6.0,1.0,109.1,111.3,113.4,111.3,2.0,4.5,6.0,1.0,73.6,75.0,76.5,75.0,2.0,3.0,6.0,1.0,11.9,17.6,23.3,17.6,2.0,11.8,6.0,1.0,8.0,11.9,15.7,11.9,2.0,8.0,6.0,1.0,301.0,1861.0,1861.0,1276.0,8.0,807.5,10.0,0.6,300.0,1860.0,1860.0,1275.0,8.0,805.0,10.0,0.6
1887,9,112.3,14.6,27.66,28.1,29.1,28.17,7.0,0.85,8.0,0.0,27.48,28.0,28.62,27.97,7.0,0.7,8.0,0.0,20.32,20.63,23.01,21.34,7.0,1.55,8.0,0.0,85.3,88.9,91.3,89.6,7.0,4.2,8.0,0.0,0.5,0.6,1.69,6.7,9.3,6.18,10.0,4.05,10.0,0.4,-0.2,3.7,8.74,4.35,10.0,4.52,10.0,0.4,-3.37,1.94,3.5,0.75,10.0,4.09,10.0,0.4,1003.1,1007.0,1007.14,1005.75,13.0,2.31,10.0,0.3,4.8,6.0,8.0,5.8,13.0,1.8,10.0,0.3,85.3,88.9,91.3,89.6,7.0,4.2,8.0,0.0,0.5,0.6,-1.3,21.0,81.3,40.8,10.0,48.3,10.0,0.4,-13.9,12.9,29.6,12.4,10.0,34.3,10.0,0.4,-0.51,0.0,0.74,0.2,7.0,0.79,8.0,0.0,-1.1,0.0,4.7,0.9,6.0,3.1,8.0,0.0,1.59,3.14,4.29,2.78,7.0,1.63,8.0,0.0,0.0,7.0,24.9,11.3,6.0,12.8,8.0,0.0,-12.5,10.1,74.6,32.6,6.0,66.0,8.0,0.0,-135.8,-26.7,37.7,-38.9,6.0,103.2,8.0,0.0,-9.3,8.5,56.8,24.5,6.0,48.2,8.0,0.0,-101.5,-21.1,29.2,-29.3,6.0,76.5,8.0,0.0,-1.3,-0.1,8.8,4.5,6.0,10.5,8.0,0.0,-10.8,-2.3,3.5,-3.1,6.0,13.1,8.0,0.0,8.0,301.0,804.5,499.0,10.0,587.0,10.0,0.4,10.0,300.0,805.0,500.0,10.0,585.0,10.0,0.4
1887,9,112.3,16.6,26.8,28.1,29.31,28.17,6.0,1.41,12.0,0.7,27.0,28.8,31.68,29.2,6.0,2.23,12.0,0.7,20.21,21.51,23.41,21.82,5.0,1.9,14.0,0.6,84.9,87.0,91.4,88.2,5.0,4.7,14.0,0.6,0.8,0.5,2.6,3.6,6.7,4.3,6.0,2.01,12.0,0.7,-3.11,-2.21,-1.67,-2.48,6.0,1.36,12.0,0.7,-4.83,-3.1,-1.84,-3.42,6.0,1.73,12.0,0.7,1004.96,1007.3,1009.28,1006.63,6.0,3.41,12.0,0.7,3.6,6.0,6.7,5.4,5.0,1.9,14.0,0.6,84.9,87.0,91.4,88.2,5.0,4.7,14.0,0.6,0.8,0.5,-20.8,-8.3,-4.3,-12.5,6.0,11.6,12.0,0.7,-32.4,-11.9,-4.8,-17.4,6.0,15.3,12.0,0.7,-2.6,-0.5,-0.06,-1.03,6.0,1.4,12.0,0.7,-6.8,-2.5,-0.8,-3.2,6.0,3.4,12.0,0.7,0.71,2.27,3.11,2.07,5.0,1.47,14.0,0.6,3.5,11.0,12.7,8.8,5.0,5.5,14.0,0.6,-84.9,-64.8,-52.3,-70.7,6.0,34.7,12.0,0.7,-130.4,-88.8,-58.7,-97.0,6.0,42.8,12.0,0.7,-71.9,-52.5,-37.2,-55.2,5.0,27.6,14.0,0.6,-105.0,-77.8,-51.0,-79.8,5.0,34.4,14.0,0.6,-8.1,-4.3,-1.6,-5.0,5.0,4.1,14.0,0.6,-10.2,-9.4,-3.1,-7.0,5.0,4.1,14.0,0.6,17.5,57.5,301.0,125.5,6.0,139.5,12.0,0.7,20.0,55.0,300.0,125.0,6.0,140.0,12.0,0.7
1887,9,112.3,18.6,26.8,26.9,27.43,27.25,6.0,0.91,20.0,0.8,27.4,28.0,28.81,28.12,6.0,0.9,20.0,0.8,20.54,21.15,23.63,21.95,5.0,1.83,18.0,0.8,87.6,92.6,94.0,91.0,5.0,3.8,18.0,0.8,0.9,0.5,2.6,3.6,4.6,3.6,6.0,1.1,20.0,0.8,-2.4,-1.82,-1.8,-2.01,6.0,0.31,20.0,0.8,-4.23,-2.6,1.19,-1.8,6.0,2.82,20.0,0.8,1007.52,1008.7,1009.07,1008.26,5.0,1.3,18.0,0.8,2.0,3.0,4.8,3.6,5.0,2.5,18.0,0.8,87.6,92.6,94.0,91.0,5.0,3.8,18.0,0.8,0.9,0.5,-8.3,-7.3,-5.9,-7.0,6.0,1.5,20.0,0.8,-19.5,-11.0,3.1,-8.9,6.0,11.8,20.0,0.8,-1.28,-0.85,-0.44,-0.87,6.0,0.54,20.0,0.8,-5.5,-3.2,-1.1,-3.2,6.0,2.2,20.0,0.8,0.22,1.04,1.59,0.88,5.0,0.97,18.0,0.8,0.6,3.7,6.2,3.5,5.0,3.9,18.0,0.8,-66.3,-51.5,-50.1,-56.4,6.0,9.2,20.0,0.8,-118.6,-71.4,34.7,-49.5,6.0,79.1,20.0,0.8,-53.2,-42.4,-37.4,-45.1,5.0,9.3,18.0,0.8,-87.1,-20.2,31.4,-25.6,5.0,61.0,18.0,0.8,-3.4,-1.9,-0.7,-1.8,5.0,1.9,18.0,0.8,-5.7,-1.4,-0.5,-2.9,5.0,3.4,18.0,0.8,17.5,57.5,97.5,57.5,6.0,43.5,20.0,0.8,20.0,55.0,95.0,55.0,6.0,45.0,20.0,0.8
1887,9,112.3,20.6,,,,,,,,,,,,,,,,,,,,,,,,,,,,,,,,,,,2.6,4.6,4.6,3.74,7.0,1.07,28.0,0.6,-4.23,-4.23,-2.55,-3.49,7.0,0.93,28.0,0.6,0.43,1.8,1.8,1.03,7.0,1.08,28.0,0.6,1014.19,1014.2,1014.61,1014.37,7.0,0.34,28.0,0.6,,,,,,,,,,,,,,,,,,,,,,,,,,,,,,,,,,,,,,,,,,,,,,,,,,,,,,,,,,,,,,,,,,,,,,,,,,,,,,,,,,,,,,,,,,,,,,,,,,,,,,,,,,,,,,,,,,,,,,,,,,,,,,,,,,
1887,9,112.3,22.6,28.3,28.3,28.3,28.3,1.0,0.0,16.0,0.0,28.3,28.3,28.3,28.3,1.0,0.0,16.0,0.0,19.43,19.43,19.43,19.43,1.0,0.0,16.0,0.0,80.4,80.4,80.4,80.4,1.0,0.0,16.0,0.0,1.0,0.1,12.3,12.3,12.3,12.3,1.0,0.0,16.0,0.0,-4.81,-4.81,-4.81,-4.81,1.0,0.0,16.0,0.0,-11.32,-11.32,-11.32,-11.32,1.0,0.0,16.0,0.0,1006.4,1006.4,1006.4,1006.4,1.0,0.0,16.0,0.0,2.0,2.0,2.0,2.0,1.0,0.0,16.0,0.0,80.4,80.4,80.4,80.4,1.0,0.0,16.0,0.0,1.0,0.1,-59.1,-59.1,-59.1,-59.1,1.0,0.0,16.0,0.0,-139.3,-139.3,-139.3,-139.3,1.0,0.0,16.0,0.0,0.0,0.0,0.0,0.0,1.0,0.0,16.0,0.0,0.0,0.0,0.0,0.0,1.0,0.0,16.0,0.0,4.82,4.82,4.82,4.82,1.0,0.0,16.0,0.0,59.2,59.2,59.2,59.2,1.0,0.0,16.0,0.0,-136.0,-136.0,-136.0,-136.0,1.0,0.0,16.0,0.0,-320.4,-320.4,-320.4,-320.4,1.0,0.0,16.0,0.0,-93.4,-93.4,-93.4,-93.4,1.0,0.0,16.0,0.0,-220.0,-220.0,-220.0,-220.0,1.0,0.0,16.0,0.0,-23.1,-23.1,-23.1,-23.1,1.0,0.0,16.0,0.0,-54.5,-54.5,-54.5,-54.5,1.0,0.0,16.0,0.0,1861.0,1861.0,1861.0,1861.0,1.0,0.0,16.0,0.0,1860.0,1860.0,1860.0,1860.0,1.0,0.0,16.0,0.0
1887,9,114.3,-45.4,7.8,7.8,8.06,7.93,4.0,0.25,24.0,0.5,6.7,6.95,7.2,6.95,4.0,0.29,24.0,0.5,4.31,4.44,4.82,4.56,4.0,0.34,24.0,0.5,69.9,70.7,75.4,72.6,4.0,4.3,24.0,0.5,0.5,0.4,19.0,19.0,19.0,19.0,4.0,0.0,24.0,0.5,7.12,7.12,7.12,7.12,4.0,0.0,24.0,0.5,17.62,17.62,17.62,17.62,4.0,0.0,24.0,0.5,995.74,995.9,995.9,995.83,4.0,0.15,24.0,0.5,6.5,7.5,8.0,7.3,4.0,1.0,24.0,0.5,69.9,70.7,75.4,72.6,4.0,4.3,24.0,0.5,0.5,0.4,135.2,135.2,135.2,135.2,4.0,0.0,24.0,0.5,334.7,334.7,334.7,334.7,4.0,0.0,24.0,0.5,0.84,1.1,1.1,0.98,4.0,0.25,24.0,0.5,15.9,20.9,20.9,18.5,4.0,4.8,24.0,0.5,1.95,2.34,2.35,2.16,4.0,0.36,24.0,0.5,37.1,44.4,44.6,41.0,4.0,6.9,24.0,0.5,47.7,49.5,51.2,49.5,4.0,2.1,24.0,0.5,118.0,122.4,126.8,122.4,4.0,5.1,24.0,0.5,30.7,31.6,34.3,32.5,4.0,2.5,24.0,0.5,76.0,78.3,84.9,80.4,4.0,6.1,24.0,0.5,13.9,16.6,16.7,15.4,4.0,2.6,24.0,0.5,34.4,41.2,41.4,38.0,4.0,6.4,24.0,0.5,6859.0,6859.0,6859.0,6859.0,4.0,0.0,24.0,0.5,6860.0,6860.0,6860.0,6860.0,4.0,0.0,24.0,0.5
1887,9,114.3,-43.4,,,,,,,,,,,,,,,,,,,,,,,,,,,,,,,,,,,6.7,6.7,11.68,8.49,8.0,3.41,16.0,0.5,6.17,6.64,8.48,7.22,8.0,3.32,16.0,0.5,-5.81,-1.95,0.0,-1.96,8.0,4.35,16.0,0.5,1006.4,1007.1,1011.2,1008.14,8.0,4.36,16.0,0.5,,,,,,,,,,,,,,,,,,,,,,,,,,,,,,,,,,,,,,,,,,,,,,,,,,,,,,,,,,,,,,,,,,,,,,,,,,,,,,,,,,,,,,,,,,,,,,,,,,,,,,,,,,,,,,,,,,,,,,,,,,,,,,,,,,
1887,9,114.3,-35.4,,,,,,,,,,,,,,,,,,,,,,,,,,,,,,,,,,,3.87,6.7,19.0,10.38,5.0,8.0,24.0,0.2,2.92,6.21,11.96,7.14,5.0,4.62,24.0,0.2,-2.78,1.14,14.77,4.98,5.0,9.08,24.0,0.2,1014.19,1016.0,1017.4,1015.82,5.0,1.63,24.0,0.2,,,,,,,,,,,,,,,,,,,,,,,,,,,,,,,,,,,,,,,,,,,,,,,,,,,,,,,,,,,,,,,,,,,,,,,,,,,,,,,,,,,,,,,,,,,,,,,,,,,,,,,,,,,,,,,,,,,,,,,,,,,,,,,,,,
1887,9,114.3,-33.4,,,,,,,,,,,,,,,,,,,,,,,,,,,,,,,,,,,19.0,19.0,19.0,19.0,1.0,0.0,22.0,0.0,11.96,11.96,11.96,11.96,1.0,0.0,22.0,0.0,14.77,14.77,14.77,14.77,1.0,0.0,22.0,0.0,1013.9,1013.9,1013.9,1013.9,1.0,0.0,22.0,0.0,,,,,,,,,,,,,,,,,,,,,,,,,,,,,,,,,,,,,,,,,,,,,,,,,,,,,,,,,,,,,,,,,,,,,,,,,,,,,,,,,,,,,,,,,,,,,,,,,,,,,,,,,,,,,,,,,,,,,,,,,,,,,,,,,,
1887,9,114.3,-15.4,,,,,,,,,,,,,,,,,,,,,,,,,,,,,,,,,,,4.6,6.7,6.7,5.86,5.0,1.15,14.0,0.6,-3.79,-3.25,-1.59,-2.75,5.0,1.74,14.0,0.6,3.25,4.74,6.39,4.83,5.0,1.61,14.0,0.6,1013.61,1014.9,1015.24,1014.38,5.0,1.41,14.0,0.6,,,,,,,,,,,,,,,,,,,,,,,,,,,,,,,,,,,,,,,,,,,,,,,,,,,,,,,,,,,,,,,,,,,,,,,,,,,,,,,,,,,,,,,,,,,,,,,,,,,,,,,,,,,,,,,,,,,,,,,,,,,,,,,,,,
1887,9,114.3,-9.4,,,,,,,,,,,,,,,,,,,,,,,,,,,,,,,,,,,6.7,6.7,6.7,6.7,17.0,0.0,6.0,0.5,-2.51,-2.51,0.0,-1.84,17.0,1.1,6.0,0.5,6.21,6.21,6.7,6.35,17.0,0.22,6.0,0.5,1009.53,1010.2,1010.2,1009.93,8.0,0.42,6.0,0.5,,,,,,,,,,,,,,,,,,,,,,,,,,,,,,,,,,,,,,,,,,,,,,,,,,,,,,,,,,,,,,,,,,,,,,,,,,,,,,,,,,,,,,,,,,,,,,,,,,,,,,,,,,,,,,,,,,,,,,,,,,,,,,,,,,
1887,9,114.3,-7.4,,,,,,,,,,,,,,,,,,,,,,,,,,,,,,,,,,,4.6,4.6,6.03,5.3,3.0,1.21,2.0,1.0,-3.78,-1.72,-1.72,-2.73,3.0,1.74,2.0,1.0,4.27,4.27,4.59,4.42,3.0,0.27,2.0,1.0,1010.2,1010.2,1010.2,1010.2,1.0,0.0,2.0,1.0,,,,,,,,,,,,,,,,,,,,,,,,,,,,,,,,,,,,,,,,,,,,,,,,,,,,,,,,,,,,,,,,,,,,,,,,,,,,,,,,,,,,,,,,,,,,,,,,,,,,,,,,,,,,,,,,,,,,,,,,,,,,,,,,,,
1887,9,114.3,-5.4,26.7,27.2,27.2,27.05,10.0,0.24,12.0,0.4,27.2,27.2,28.09,27.55,10.0,0.65,12.0,0.4,20.67,20.68,21.48,21.05,9.0,0.47,12.0,0.4,89.2,91.5,91.6,90.7,9.0,1.6,12.0,0.4,0.6,0.7,6.7,6.7,6.95,7.1,13.0,0.98,8.0,0.3,-4.74,-2.51,-1.28,-2.94,13.0,1.77,8.0,0.3,4.74,6.58,6.58,6.23,13.0,1.05,8.0,0.3,1009.05,1010.5,1011.2,1010.26,11.0,1.07,10.0,0.4,2.0,2.0,3.4,2.5,11.0,1.1,10.0,0.4,89.2,91.5,91.6,90.7,9.0,1.6,12.0,0.4,0.6,0.7,-31.8,-16.8,-8.6,-21.7,13.0,15.6,8.0,0.3,31.7,44.1,45.7,44.8,13.0,13.1,8.0,0.3,-0.89,-0.5,0.0,-0.5,10.0,0.61,12.0,0.4,-6.2,-3.7,0.0,-3.5,10.0,4.1,12.0,0.4,1.19,1.28,1.77,1.35,9.0,0.37,12.0,0.4,7.9,8.6,12.7,10.0,9.0,3.8,12.0,0.4,-85.2,-51.6,-35.1,-65.8,10.0,45.1,12.0,0.4,173.2,179.2,184.7,183.7,10.0,18.9,12.0,0.4,-67.4,-27.5,-26.7,-50.0,9.0,36.3,12.0,0.4,135.7,136.0,141.3,141.4,9.0,14.4,12.0,0.4,-5.8,-2.0,-1.5,-3.2,9.0,2.6,12.0,0.4,7.8,8.4,11.7,9.3,9.0,3.4,12.0,0.4,301.0,301.0,349.0,378.0,13.0,189.0,8.0,0.3,300.0,300.0,350.0,380.0,13.0,190.0,8.0,0.3
1887,9,114.3,14.6,,,,,,,,,,,,,,,,,,,,,,,,,,,,,,,,,,,1.02,2.6,4.6,3.1,20.0,2.0,14.0,0.6,0.7,2.53,4.6,2.65,20.0,2.1,14.0,0.6,-2.4,-0.16,1.55,-0.25,20.0,1.5,14.0,0.6,1005.4,1005.4,1006.1,1005.64,21.0,0.32,14.0,0.5,,,,,,,,,,,,,,,,,,,,,,,,,,,,,,,,,,,,,,,,,,,,,,,,,,,,,,,,,,,,,,,,,,,,,,,,,,,,,,,,,,,,,,,,,,,,,,,,,,,,,,,,,,,,,,,,,,,,,,,,,,,,,,,,,,
1887,9,114.3,16.6,26.7,26.7,28.92,27.51,9.0,1.24,22.0,0.3,26.7,26.7,29.68,27.92,5.0,1.68,20.0,0.4,21.27,21.27,21.27,21.27,1.0,0.0,8.0,1.0,79.2,79.2,79.2,79.2,1.0,0.0,8.0,1.0,0.0,0.5,2.6,6.7,12.11,7.1,14.0,3.64,16.0,0.4,-8.7,0.93,2.4,-2.11,14.0,4.94,16.0,0.4,-8.7,-4.34,1.06,-3.69,14.0,4.86,16.0,0.4,1005.4,1006.6,1007.8,1005.93,16.0,2.71,20.0,0.3,2.0,4.0,5.3,4.0,12.0,2.0,16.0,0.3,79.2,79.2,79.2,79.2,1.0,0.0,8.0,1.0,0.0,0.5,-105.6,2.4,16.1,-26.7,14.0,51.9,16.0,0.4,-105.3,-24.1,10.9,-33.7,14.0,50.3,16.0,0.4,-0.79,0.0,0.0,-0.36,5.0,0.57,20.0,0.4,-5.3,0.0,0.0,-2.4,5.0,3.8,20.0,0.4,3.71,3.71,3.71,3.71,1.0,0.0,8.0,1.0,24.8,24.8,24.8,24.8,1.0,0.0,8.0,1.0,-232.2,-232.2,-129.8,-189.8,5.0,58.9,20.0,0.4,-232.2,-232.2,149.6,-78.1,5.0,211.3,20.0,0.4,-79.7,-79.7,-79.7,-79.7,1.0,0.0,8.0,1.0,118.2,118.2,118.2,118.2,1.0,0.0,8.0,1.0,-13.9,-13.9,-13.9,-13.9,1.0,0.0,8.0,1.0,20.6,20.6,20.6,20.6,1.0,0.0,8.0,1.0,17.5,301.0,1794.0,626.0,14.0,715.0,16.0,0.4,20.0,300.0,1795.0,625.0,14.0,715.0,16.0,0.4
1887,9,114.3,18.6,26.7,26.7,27.2,27.1,15.0,0.69,26.0,0.5,26.7,27.8,27.8,27.49,15.0,0.68,26.0,0.5,21.95,23.02,23.44,22.77,12.0,0.73,26.0,0.5,94.7,100.0,100.0,97.8,12.0,4.6,26.0,0.5,0.1,0.6,6.7,6.7,10.21,8.36,18.0,2.15,24.0,0.6,-6.58,-4.74,-0.82,-4.1,18.0,4.45,24.0,0.6,-7.21,-5.45,4.74,-3.2,18.0,5.48,24.0,0.6,1002.2,1008.8,1011.09,1007.26,28.0,3.94,22.0,0.5,3.0,4.0,8.0,5.5,28.0,2.3,22.0,0.5,94.7,100.0,100.0,97.8,12.0,4.6,26.0,0.5,0.1,0.6,-61.2,-31.7,-2.9,-35.5,18.0,51.7,24.0,0.6,-67.1,-36.5,31.7,-28.9,18.0,50.4,24.0,0.6,-1.1,-0.5,0.39,-0.39,15.0,0.65,26.0,0.5,-7.4,-3.7,2.6,-2.8,15.0,5.4,26.0,0.5,-1.49,-0.74,0.71,-0.21,12.0,1.63,26.0,0.5,-10.9,-5.0,8.7,0.8,12.0,17.9,26.0,0.5,-182.8,-131.7,-84.7,-156.6,15.0,84.1,26.0,0.5,-174.7,-131.7,126.5,-52.4,15.0,138.4,26.0,0.5,-182.0,-111.0,-59.0,-130.0,12.0,70.5,26.0,0.5,-143.2,-111.0,77.4,-60.1,12.0,107.3,26.0,0.5,-8.5,2.8,7.7,-2.5,12.0,16.5,26.0,0.5,-1.0,4.9,8.7,3.9,12.0,4.9,26.0,0.5,301.0,301.0,1123.5,700.5,18.0,578.5,24.0,0.6,300.0,300.0,1125.0,700.0,18.0,580.0,24.0,0.6
1887,9,114.3,20.6,27.2,27.2,28.27,27.57,28.0,0.5,20.0,0.5,27.29,27.8,29.36,28.06,28.0,0.97,20.0,0.5,19.97,22.49,23.42,22.05,27.0,1.53,22.0,0.5,84.3,92.6,100.0,93.0,27.0,7.6,22.0,0.5,0.2,0.6,2.6,6.7,15.16,6.81,33.0,4.99,20.0,0.5,-13.68,-2.6,0.58,-3.96,33.0,6.37,20.0,0.5,-2.11,0.58,6.33,1.1,33.0,3.84,20.0,0.5,1006.7,1008.5,1012.76,1009.04,41.0,3.55,20.0,0.5,0.0,2.0,4.0,2.1,41.0,1.7,20.0,0.5,84.3,92.6,100.0,93.0,27.0,7.6,22.0,0.5,0.2,0.6,-206.2,-6.8,3.9,-45.2,33.0,92.2,20.0,0.5,-16.1,0.7,44.7,7.0,33.0,42.4,20.0,0.5,-1.44,-0.6,0.5,-0.49,28.0,0.95,20.0,0.5,-9.2,-2.8,0.0,-5.3,23.0,9.5,22.0,0.5,-0.82,0.66,4.19,1.09,27.0,2.05,22.0,0.5,-5.5,0.0,4.3,3.0,22.0,14.9,22.0,0.5,-404.1,-116.0,-11.0,-159.3,23.0,168.8,22.0,0.5,-69.8,-26.0,65.8,-15.7,23.0,83.8,22.0,0.5,-317.1,-77.2,-6.3,-117.7,22.0,126.0,22.0,0.5,-53.6,-14.0,60.4,-7.4,22.0,64.7,22.0,0.5,-4.2,0.0,4.8,-2.7,22.0,14.5,22.0,0.5,-1.3,0.2,3.1,0.7,22.0,3.4,22.0,0.5,17.5,301.0,3512.0,878.5,33.0,1373.0,20.0,0.5,20.0,300.0,3510.0,880.0,33.0,1375.0,20.0,0.5
1887,9,114.3,22.6,26.1,27.5,28.03,27.26,17.0,0.95,18.0,0.5,27.02,27.5,28.53,27.68,17.0,1.26,18.0,0.5,19.47,19.85,20.03,19.84,10.0,0.51,18.0,0.4,78.9,85.3,87.8,83.9,11.0,5.1,16.0,0.5,0.4,0.1,2.6,6.7,6.7,5.59,22.0,2.52,18.0,0.5,-6.41,-4.74,-0.06,-3.55,22.0,2.72,18.0,0.5,-4.74,-2.59,1.0,-2.36,22.0,3.56,18.0,0.5,1007.8,1008.8,1011.7,1009.17,19.0,2.77,18.0,0.4,1.0,2.0,4.8,2.7,21.0,2.1,18.0,0.5,78.9,85.3,87.8,83.9,11.0,5.1,16.0,0.5,0.4,0.1,-42.9,-31.7,-0.2,-24.6,22.0,19.4,18.0,0.5,-31.7,-13.1,1.0,-18.0,22.0,32.5,18.0,0.5,-1.38,-0.5,0.5,-0.42,17.0,1.25,18.0,0.5,-8.8,-1.2,4.1,-1.9,17.0,6.8,18.0,0.5,0.86,1.63,4.23,2.4,10.0,1.61,18.0,0.4,3.2,9.1,28.3,17.0,10.0,17.6,18.0,0.4,-132.6,-120.1,0.0,-73.6,17.0,71.3,18.0,0.5,-132.8,-110.8,54.2,-70.3,17.0,111.4,18.0,0.5,-94.1,-93.4,-38.8,-74.6,10.0,39.3,18.0,0.4,-94.1,-93.4,-27.3,-83.3,10.0,68.1,18.0,0.4,-20.0,-6.4,-1.5,-10.0,10.0,9.0,18.0,0.4,-20.0,-6.4,-0.9,-12.7,10.0,16.1,18.0,0.4,17.5,301.0,301.0,278.0,22.0,376.0,18.0,0.5,20.0,300.0,300.0,280.0,22.0,375.0,18.0,0.5
1887,9,116.3,-45.4,8.3,8.3,8.3,8.3,7.0,0.0,24.0,0.6,6.7,7.8,7.82,7.47,7.0,0.62,24.0,0.6,5.0,5.92,6.06,5.54,3.0,0.84,24.0,0.7,76.1,86.0,90.2,83.2,3.0,10.6,24.0,0.7,0.3,0.4,1.0,2.6,9.76,5.21,7.0,6.75,24.0,0.6,0.95,0.98,3.66,2.13,7.0,2.42,24.0,0.6,0.19,2.41,9.05,4.62,7.0,6.42,24.0,0.6,994.9,996.3,999.35,997.09,7.0,2.2,24.0,0.6,7.0,7.0,8.0,7.3,7.0,0.8,24.0,0.6,76.1,86.0,90.2,83.2,3.0,10.6,24.0,0.7,0.3,0.4,1.0,2.5,37.3,25.0,7.0,50.0,24.0,0.6,0.2,6.3,92.4,61.3,7.0,124.0,24.0,0.6,0.48,0.5,1.6,0.83,7.0,0.62,24.0,0.6,0.5,0.5,15.2,5.9,7.0,8.5,24.0,0.6,0.82,0.97,1.89,1.35,3.0,0.85,24.0,0.7,1.3,2.5,31.0,15.8,3.0,24.6,24.0,0.7,6.4,7.7,24.7,15.3,7.0,17.1,24.0,0.6,1.5,16.2,61.1,33.0,7.0,45.7,24.0,0.6,3.4,5.8,24.0,13.5,3.0,16.5,24.0,0.7,8.4,14.3,59.5,33.5,3.0,40.9,24.0,0.7,0.5,0.9,11.6,5.9,3.0,9.2,24.0,0.7,1.2,2.3,28.7,14.7,3.0,22.8,24.0,0.7,1.0,17.5,1094.0,1100.0,7.0,2556.5,24.0,0.6,0.0,20.0,1095.0,1100.0,7.0,2555.0,24.0,0.6
1887,9,116.3,-43.4,,,,,,,,,,,,,,,,,,,,,,,,,,,,,,,,,,,6.6,9.3,9.3,7.89,7.0,1.9,16.0,0.6,-1.77,-1.77,2.59,-0.05,7.0,2.48,16.0,0.6,-9.13,-9.13,-6.0,-7.32,7.0,2.74,16.0,0.6,1011.12,1012.2,1013.11,1012.2,6.0,1.14,18.0,0.5,,,,,,,,,,,,,,,,,,,,,,,,,,,,,,,,,,,,,,,,,,,,,,,,,,,,,,,,,,,,,,,,,,,,,,,,,,,,,,,,,,,,,,,,,,,,,,,,,,,,,,,,,,,,,,,,,,,,,,,,,,,,,,,,,,
1887,9,116.3,-37.4,,,,,,,,,,,,,,,,,,,,,,,,,,,,,,,,,,,13.36,15.65,17.94,15.65,2.0,4.74,24.0,0.5,9.45,11.07,12.68,11.07,2.0,3.35,24.0,0.5,9.45,11.07,12.68,11.07,2.0,3.35,24.0,0.5,1010.99,1012.25,1013.51,1012.25,2.0,2.62,24.0,0.5,,,,,,,,,,,,,,,,,,,,,,,,,,,,,,,,,,,,,,,,,,,,,,,,,,,,,,,,,,,,,,,,,,,,,,,,,,,,,,,,,,,,,,,,,,,,,,,,,,,,,,,,,,,,,,,,,,,,,,,,,,,,,,,,,,
1887,9,116.3,-35.4,,,,,,,,,,,,,,,,,,,,,,,,,,,,,,,,,,,6.7,11.05,15.4,11.05,4.0,5.02,24.0,1.0,4.53,4.65,5.41,4.96,4.0,0.71,24.0,1.0,4.81,9.54,14.46,9.64,4.0,5.57,24.0,1.0,1014.51,1017.1,1020.1,1017.3,3.0,4.1,24.0,1.0,,,,,,,,,,,,,,,,,,,,,,,,,,,,,,,,,,,,,,,,,,,,,,,,,,,,,,,,,,,,,,,,,,,,,,,,,,,,,,,,,,,,,,,,,,,,,,,,,,,,,,,,,,,,,,,,,,,,,,,,,,,,,,,,,,
1887,9,116.3,-15.4,,,,,,,,,,,,,,,,,,,,,,,,,,,,,,,,,,,6.7,6.7,6.7,6.7,3.0,0.0,14.0,0.7,-5.71,-4.74,-4.74,-5.21,3.0,0.83,14.0,0.7,3.29,4.74,4.74,4.03,3.0,1.22,14.0,0.7,1013.52,1014.0,1014.68,1014.1,3.0,0.85,14.0,0.7,,,,,,,,,,,,,,,,,,,,,,,,,,,,,,,,,,,,,,,,,,,,,,,,,,,,,,,,,,,,,,,,,,,,,,,,,,,,,,,,,,,,,,,,,,,,,,,,,,,,,,,,,,,,,,,,,,,,,,,,,,,,,,,,,,
1887,9,116.3,-13.4,,,,,,,,,,,,,,,,,,,,,,,,,,,,,,,,,,,6.7,6.7,6.7,6.7,2.0,0.0,12.0,0.5,-6.17,-6.17,-6.17,-6.17,2.0,0.0,12.0,0.5,2.62,2.62,2.62,2.62,2.0,0.0,12.0,0.5,1013.28,1014.1,1014.92,1014.1,2.0,1.7,12.0,0.5,,,,,,,,,,,,,,,,,,,,,,,,,,,,,,,,,,,,,,,,,,,,,,,,,,,,,,,,,,,,,,,,,,,,,,,,,,,,,,,,,,,,,,,,,,,,,,,,,,,,,,,,,,,,,,,,,,,,,,,,,,,,,,,,,,
1887,9,116.3,-9.4,,,,,,,,,,,,,,,,,,,,,,,,,,,,,,,,,,,2.6,3.6,5.7,4.13,4.0,1.96,6.0,0.3,-1.03,-0.19,0.5,-0.26,4.0,0.88,6.0,0.3,2.55,3.53,5.61,4.05,4.0,1.93,6.0,0.3,1009.72,1010.2,1010.2,1009.97,3.0,0.4,6.0,0.3,,,,,,,,,,,,,,,,,,,,,,,,,,,,,,,,,,,,,,,,,,,,,,,,,,,,,,,,,,,,,,,,,,,,,,,,,,,,,,,,,,,,,,,,,,,,,,,,,,,,,,,,,,,,,,,,,,,,,,,,,,,,,,,,,,
1887,9,116.3,-7.4,,,,,,,,,,,,,,,,,,,,,,,,,,,,,,,,,,,2.6,6.7,6.7,5.55,26.0,1.94,4.0,0.5,-4.74,-2.51,-1.7,-3.03,26.0,1.64,4.0,0.5,2.53,4.74,6.21,4.4,26.0,1.84,4.0,0.5,1010.2,1010.2,1010.2,1010.2,12.0,0.0,4.0,0.6,,,,,,,,,,,,,,,,,,,,,,,,,,,,,,,,,,,,,,,,,,,,,,,,,,,,,,,,,,,,,,,,,,,,,,,,,,,,,,,,,,,,,,,,,,,,,,,,,,,,,,,,,,,,,,,,,,,,,,,,,,,,,,,,,,
1887,9,116.3,-5.4,26.7,26.7,27.2,26.84,11.0,0.23,10.0,0.5,27.2,27.2,28.01,27.51,11.0,0.46,10.0,0.5,20.69,20.71,21.79,21.12,10.0,0.59,10.0,0.5,91.5,91.5,91.6,91.5,10.0,0.0,10.0,0.5,0.4,0.9,4.6,6.7,6.7,6.05,29.0,0.99,4.0,0.5,-2.51,-2.51,-1.72,-2.31,29.0,1.24,4.0,0.5,4.27,6.21,6.21,5.45,29.0,0.98,4.0,0.5,1009.1,1010.2,1010.69,1010.12,20.0,0.92,6.0,0.6,1.0,2.0,4.0,2.4,25.0,1.1,6.0,0.4,91.5,91.5,91.6,91.5,10.0,0.0,10.0,0.5,0.4,0.9,-16.8,-16.8,-7.9,-14.4,29.0,9.0,4.0,0.5,19.6,41.6,41.6,33.8,29.0,10.3,4.0,0.5,-1.1,-0.5,-0.5,-0.67,11.0,0.37,10.0,0.5,-7.4,-3.3,-3.3,-4.5,11.0,2.5,10.0,0.5,0.52,1.28,1.28,1.04,10.0,0.49,10.0,0.5,3.5,8.6,8.6,7.0,10.0,3.3,10.0,0.5,-70.3,-68.3,0.0,-50.4,11.0,32.4,10.0,0.5,169.0,172.7,182.2,174.5,11.0,5.6,10.0,0.5,-54.7,-52.0,-22.2,-42.6,10.0,22.5,10.0,0.5,128.6,133.1,138.1,133.2,10.0,4.5,10.0,0.5,-3.2,-1.3,-0.6,-1.8,10.0,1.3,10.0,0.5,3.3,7.9,8.3,6.6,10.0,3.3,10.0,0.5,97.5,301.0,301.0,237.5,29.0,96.0,4.0,0.5,95.0,300.0,300.0,240.0,29.0,95.0,4.0,0.5
1887,9,116.3,-3.4,27.2,27.2,27.61,27.4,3.0,0.35,10.0,1.0,28.3,28.3,28.71,28.5,3.0,0.35,10.0,1.0,21.31,21.32,21.69,21.5,3.0,0.32,10.0,1.0,87.7,88.4,88.4,88.1,3.0,0.6,10.0,1.0,0.9,0.1,6.7,6.7,6.7,6.7,3.0,0.0,10.0,1.0,-4.03,-2.51,-2.51,-3.25,3.0,1.29,10.0,1.0,5.21,6.21,6.21,5.72,3.0,0.85,10.0,1.0,1009.28,1010.1,1010.44,1009.87,3.0,0.87,10.0,1.0,1.6,3.0,4.4,3.0,3.0,2.0,10.0,1.0,87.7,88.4,88.4,88.1,3.0,0.6,10.0,1.0,0.9,0.1,-27.0,-16.8,-16.8,-21.8,3.0,8.6,10.0,1.0,34.9,41.6,41.6,38.3,3.0,5.7,10.0,1.0,-1.1,-1.1,-1.1,-1.1,3.0,0.0,10.0,1.0,-7.4,-7.4,-7.4,-7.4,3.0,0.0,10.0,1.0,1.31,1.31,1.52,1.41,3.0,0.18,10.0,1.0,8.8,8.8,10.2,9.5,3.0,1.2,10.0,1.0,-116.0,-71.0,-71.0,-93.0,3.0,38.0,10.0,1.0,149.3,175.8,175.8,162.8,3.0,22.5,10.0,1.0,-87.7,-53.5,-53.5,-70.2,3.0,28.9,10.0,1.0,112.7,132.4,132.4,122.8,3.0,16.6,10.0,1.0,-6.3,-3.3,-3.3,-4.8,3.0,2.5,10.0,1.0,7.8,8.1,8.2,8.0,3.0,0.3,10.0,1.0,301.0,301.0,301.0,301.0,3.0,0.0,10.0,1.0,300.0,300.0,300.0,300.0,3.0,0.0,10.0,1.0
1887,9,116.3,22.6,26.66,27.8,28.37,27.52,19.0,1.14,16.0,0.4,27.41,28.3,28.76,28.19,17.0,0.83,16.0,0.4,19.41,19.43,20.14,19.63,7.0,0.35,18.0,0.4,80.4,80.4,87.3,83.0,10.0,5.0,16.0,0.3,0.5,0.2,1.35,6.7,9.3,6.43,15.0,5.62,16.0,0.3,-6.83,-1.74,0.0,-3.58,15.0,5.26,16.0,0.3,-9.08,-3.73,1.6,-3.51,15.0,4.61,16.0,0.3,1006.5,1009.5,1012.82,1009.6,11.0,2.83,20.0,0.5,2.0,4.0,8.0,4.7,18.0,2.8,16.0,0.3,80.4,80.4,87.3,83.0,10.0,5.0,16.0,0.3,0.5,0.2,-62.5,-4.5,0.0,-46.4,15.0,89.5,16.0,0.3,-84.4,-31.7,3.9,-42.0,15.0,59.6,16.0,0.3,-1.0,-0.5,0.0,-0.45,17.0,0.46,16.0,0.4,-4.1,-1.3,0.0,-2.8,13.0,5.1,18.0,0.4,4.67,4.82,4.84,4.46,7.0,1.14,18.0,0.4,2.3,24.8,44.8,23.6,4.0,24.5,22.0,0.3,-223.9,-18.6,2.2,-94.2,13.0,155.7,18.0,0.4,-263.2,-70.0,54.5,-92.3,13.0,138.1,18.0,0.4,0.0,0.0,10.7,5.1,4.0,10.2,22.0,0.3,-180.6,-90.2,25.2,-78.2,4.0,119.8,22.0,0.3,0.0,0.0,1.0,0.5,4.0,1.0,22.0,0.3,-44.8,-22.4,2.4,-21.2,4.0,27.2,22.0,0.3,4.5,301.0,804.5,960.0,15.0,1877.0,16.0,0.3,5.0,300.0,805.0,960.0,15.0,1875.0,16.0,0.3
1887,9,118.3,-45.4,8.9,8.9,8.9,8.83,9.0,0.2,24.0,0.6,7.93,8.9,10.0,8.96,9.0,1.03,24.0,0.6,5.74,6.1,6.55,6.11,9.0,0.38,24.0,0.6,79.4,86.0,92.6,85.6,9.0,6.8,24.0,0.6,0.5,0.5,2.6,4.6,6.13,4.18,9.0,1.7,24.0,0.6,2.57,4.46,5.18,3.96,9.0,1.47,24.0,0.6,-1.48,0.41,0.41,-0.6,9.0,1.52,24.0,0.6,1002.19,1003.7,1004.1,1003.2,9.0,1.09,24.0,0.6,6.0,6.0,8.0,6.9,9.0,1.1,24.0,0.6,79.4,86.0,92.6,85.6,9.0,6.8,24.0,0.6,0.5,0.5,6.7,20.5,32.2,18.7,9.0,13.8,24.0,0.6,-9.3,1.1,1.1,-4.4,9.0,9.4,24.0,0.6,-1.1,0.0,0.6,-0.12,9.0,0.96,24.0,0.6,-6.7,0.0,1.6,-1.4,9.0,4.1,24.0,0.6,0.57,1.0,1.39,0.99,9.0,0.39,24.0,0.6,2.0,3.2,6.4,4.2,9.0,2.7,24.0,0.6,20.4,40.4,48.0,36.5,9.0,16.4,24.0,0.6,-15.0,3.2,3.4,-6.1,9.0,13.7,24.0,0.6,15.3,26.2,30.4,24.2,9.0,9.1,24.0,0.6,-9.3,2.3,2.6,-3.5,9.0,8.8,24.0,0.6,2.0,3.2,6.2,3.9,9.0,2.3,24.0,0.6,-1.6,0.3,0.5,-0.8,9.0,2.1,24.0,0.6,17.5,97.5,246.0,107.0,9.0,116.0,24.0,0.6,20.0,95.0,245.0,105.0,9.0,115.0,24.0,0.6
1887,9,118.3,-43.4,,,,,,,,,,,,,,,,,,,,,,,,,,,,,,,,,,,8.9,9.3,9.59,8.99,7.0,4.19,18.0,0.4,-0.08,0.0,1.69,2.09,7.0,5.93,18.0,0.4,-9.3,-9.3,0.0,-6.62,7.0,4.52,18.0,0.4,1011.04,1011.9,1013.96,1013.24,7.0,8.03,18.0,0.4,,,,,,,,,,,,,,,,,,,,,,,,,,,,,,,,,,,,,,,,,,,,,,,,,,,,,,,,,,,,,,,,,,,,,,,,,,,,,,,,,,,,,,,,,,,,,,,,,,,,,,,,,,,,,,,,,,,,,,,,,,,,,,,,,,
1887,9,118.3,-37.4,,,,,,,,,,,,,,,,,,,,,,,,,,,,,,,,,,,22.6,22.6,22.6,22.6,1.0,0.0,24.0,0.0,15.98,15.98,15.98,15.98,1.0,0.0,24.0,0.0,15.98,15.98,15.98,15.98,1.0,0.0,24.0,0.0,1010.4,1010.4,1010.4,1010.4,1.0,0.0,24.0,0.0,,,,,,,,,,,,,,,,,,,,,,,,,,,,,,,,,,,,,,,,,,,,,,,,,,,,,,,,,,,,,,,,,,,,,,,,,,,,,,,,,,,,,,,,,,,,,,,,,,,,,,,,,,,,,,,,,,,,,,,,,,,,,,,,,,
1887,9,118.3,-35.4,,,,,,,,,,,,,,,,,,,,,,,,,,,,,,,,,,,16.54,19.0,21.46,19.0,3.0,3.6,24.0,0.3,5.14,6.5,12.97,8.99,3.0,6.13,24.0,0.3,15.12,15.98,17.26,16.19,3.0,1.57,24.0,0.3,1009.85,1014.7,1015.38,1012.67,3.0,4.42,24.0,0.3,,,,,,,,,,,,,,,,,,,,,,,,,,,,,,,,,,,,,,,,,,,,,,,,,,,,,,,,,,,,,,,,,,,,,,,,,,,,,,,,,,,,,,,,,,,,,,,,,,,,,,,,,,,,,,,,,,,,,,,,,,,,,,,,,,
1887,9,118.3,-13.4,,,,,,,,,,,,,,,,,,,,,,,,,,,,,,,,,,,6.7,6.7,7.65,7.22,5.0,1.16,12.0,0.6,-7.04,-6.17,-4.74,-6.07,5.0,1.56,12.0,0.6,2.62,3.63,4.74,3.67,5.0,1.06,12.0,0.6,1012.81,1013.6,1014.46,1013.56,5.0,1.23,12.0,0.6,,,,,,,,,,,,,,,,,,,,,,,,,,,,,,,,,,,,,,,,,,,,,,,,,,,,,,,,,,,,,,,,,,,,,,,,,,,,,,,,,,,,,,,,,,,,,,,,,,,,,,,,,,,,,,,,,,,,,,,,,,,,,,,,,,
1887,9,118.3,-3.4,27.2,27.8,28.3,27.83,22.0,0.54,8.0,0.5,27.2,28.05,28.9,28.29,22.0,1.1,8.0,0.5,21.37,21.85,23.25,22.12,17.0,1.13,8.0,0.6,87.4,91.5,91.6,89.8,17.0,2.0,8.0,0.6,0.2,0.7,2.6,6.7,6.7,5.34,22.0,2.04,8.0,0.5,-1.28,1.15,3.75,0.99,22.0,2.44,8.0,0.5,1.92,5.55,6.58,4.6,22.0,2.21,8.0,0.5,1008.7,1009.9,1010.67,1009.83,22.0,1.0,8.0,0.5,1.0,2.0,4.3,2.3,22.0,1.5,8.0,0.5,87.4,91.5,91.6,89.8,17.0,2.0,8.0,0.6,0.2,0.7,-8.6,3.2,25.1,6.4,22.0,14.5,8.0,0.5,5.8,37.2,44.1,28.5,22.0,17.6,8.0,0.5,-1.1,-0.5,0.0,-0.46,22.0,0.66,8.0,0.5,-3.8,-1.7,0.0,-1.5,22.0,2.6,8.0,0.5,0.73,1.62,2.22,1.59,17.0,0.7,8.0,0.6,1.7,9.1,13.4,8.5,17.0,4.9,8.0,0.6,-34.6,33.6,105.4,28.0,22.0,68.5,8.0,0.5,53.9,152.8,186.2,128.5,22.0,60.2,8.0,0.5,-16.9,27.9,81.5,22.1,17.0,51.0,8.0,0.6,31.3,101.6,143.7,91.3,17.0,49.6,8.0,0.6,-0.7,1.7,5.3,1.7,17.0,4.2,8.0,0.6,1.2,6.5,13.1,7.2,17.0,4.9,8.0,0.6,17.5,301.0,301.0,207.0,22.0,129.5,8.0,0.5,20.0,300.0,300.0,205.0,22.0,130.0,8.0,0.5
1887,9,118.3,-1.4,27.8,27.8,27.8,27.79,41.0,0.28,6.0,0.5,27.2,27.8,28.3,27.95,41.0,0.83,6.0,0.5,20.77,22.0,22.45,21.86,31.0,0.88,6.0,0.5,89.5,91.6,95.4,92.4,41.0,2.9,6.0,0.5,0.5,0.5,1.13,4.6,6.7,4.28,33.0,2.02,6.0,0.5,0.88,2.57,4.23,2.47,33.0,1.76,6.0,0.5,0.84,3.75,4.73,3.1,33.0,1.9,6.0,0.5,1010.7,1012.6,1014.67,1012.73,31.0,2.02,6.0,0.5,3.0,6.0,7.0,5.4,41.0,1.9,6.0,0.5,89.5,91.6,95.4,92.4,41.0,2.9,6.0,0.5,0.5,0.5,0.9,11.8,19.5,12.9,33.0,12.0,6.0,0.5,1.0,17.5,31.2,16.5,33.0,13.1,6.0,0.5,-0.6,0.0,0.6,-0.16,41.0,0.78,6.0,0.5,-3.3,0.0,0.6,-1.4,33.0,3.5,6.0,0.5,0.87,1.35,2.5,1.57,31.0,0.82,6.0,0.5,1.9,5.0,13.0,6.9,27.0,5.4,6.0,0.6,24.8,71.5,119.5,69.5,33.0,49.8,6.0,0.5,22.8,104.2,130.1,87.4,33.0,53.8,6.0,0.5,19.5,57.1,95.1,54.4,27.0,37.4,6.0,0.6,23.9,85.2,104.2,76.5,27.0,40.3,6.0,0.6,0.5,2.8,8.1,3.9,27.0,4.4,6.0,0.6,1.3,4.4,8.8,5.3,27.0,3.9,6.0,0.6,2.5,97.5,301.0,125.5,33.0,115.5,6.0,0.5,0.0,95.0,300.0,125.0,33.0,115.0,6.0,0.5
1887,9,118.3,0.6,27.2,27.8,27.8,27.61,26.0,0.38,4.0,0.6,26.7,27.8,28.32,27.65,26.0,0.98,4.0,0.6,21.67,22.2,22.55,22.11,4.0,0.58,4.0,0.8,88.5,91.6,95.4,92.1,26.0,3.3,4.0,0.6,0.8,0.4,2.6,4.6,6.7,4.92,23.0,1.84,4.0,0.6,1.02,2.62,3.75,2.42,23.0,1.21,4.0,0.6,2.27,4.52,6.17,4.06,23.0,1.98,4.0,0.6,1013.53,1014.25,1014.6,1014.08,4.0,0.67,4.0,0.8,3.0,7.0,8.0,5.9,26.0,2.1,4.0,0.6,88.5,91.6,95.4,92.1,26.0,3.3,4.0,0.6,0.8,0.4,3.2,15.0,23.0,13.4,23.0,9.0,4.0,0.6,5.9,20.8,41.3,22.9,23.0,15.9,4.0,0.6,-1.1,0.0,1.1,-0.04,26.0,0.91,4.0,0.6,-4.1,0.0,3.1,-0.7,23.0,4.2,4.0,0.6,1.37,1.52,1.83,1.6,4.0,0.3,4.0,0.8,4.9,7.0,8.4,6.7,4.0,2.4,4.0,0.8,28.5,71.2,104.2,67.0,23.0,32.9,4.0,0.6,63.0,122.8,164.7,112.4,23.0,53.5,4.0,0.6,42.9,56.3,58.0,50.7,4.0,12.6,4.0,0.8,63.6,83.4,86.0,75.2,4.0,18.6,4.0,0.8,2.7,3.9,4.7,3.7,4.0,1.3,4.0,0.8,4.0,5.8,7.0,5.5,4.0,2.0,4.0,0.8,17.5,97.5,301.0,164.5,23.0,126.5,4.0,0.6,20.0,95.0,300.0,165.0,23.0,125.0,4.0,0.6
1887,9,118.3,20.6,28.3,28.3,28.3,28.3,7.0,0.0,16.0,0.6,28.3,28.3,28.33,28.39,7.0,0.23,16.0,0.6,19.38,19.39,21.35,20.04,7.0,0.96,16.0,0.6,80.2,80.4,88.4,82.6,7.0,4.4,16.0,0.6,0.5,0.8,12.16,12.3,15.4,13.2,7.0,2.32,16.0,0.6,-12.45,-10.89,-5.96,-10.05,7.0,3.77,16.0,0.6,-11.46,-3.48,0.0,-5.7,7.0,6.23,16.0,0.6,1008.4,1008.4,1008.43,1008.5,7.0,0.26,16.0,0.6,1.0,2.0,4.0,2.1,7.0,1.3,16.0,0.6,80.2,80.4,88.4,82.6,7.0,4.4,16.0,0.6,0.5,0.8,-171.0,-151.3,-79.2,-134.2,7.0,61.4,16.0,0.6,-170.1,-32.4,0.0,-79.7,7.0,92.9,16.0,0.6,-0.03,0.0,0.0,-0.09,7.0,0.23,16.0,0.6,-0.4,0.0,0.0,-1.1,7.0,2.8,16.0,0.6,2.84,4.81,4.82,4.16,7.0,0.96,16.0,0.6,34.6,62.0,74.0,56.3,7.0,19.9,16.0,0.6,-352.3,-308.2,-168.8,-284.8,7.0,106.0,16.0,0.6,-330.7,-98.6,0.0,-162.2,7.0,177.3,16.0,0.6,-264.4,-211.2,-115.5,-202.0,7.0,76.4,16.0,0.6,-219.5,-74.4,0.0,-111.0,7.0,120.0,16.0,0.6,-53.4,-35.0,-24.5,-41.1,7.0,18.3,16.0,0.6,-57.6,-9.9,0.0,-26.8,7.0,30.9,16.0,0.6,1810.5,1861.0,3652.5,2477.5,7.0,1160.5,16.0,0.6,1810.0,1860.0,3650.0,2480.0,7.0,1160.0,16.0,0.6
1887,9,118.3,22.6,26.1,26.8,28.71,27.11,7.0,1.22,18.0,0.7,26.93,27.0,31.68,28.86,5.0,2.65,20.0,0.8,21.88,21.88,21.88,21.88,1.0,0.0,28.0,1.0,79.6,92.6,92.6,86.3,3.0,11.0,16.0,1.0,0.1,0.8,2.06,4.65,9.24,6.27,6.0,6.76,20.0,0.7,-6.89,-3.29,-1.46,-4.72,6.0,5.44,20.0,0.7,-6.12,-3.29,-1.46,-4.1,6.0,4.04,20.0,0.7,1008.29,1010.3,1012.99,1010.63,4.0,2.78,20.0,0.5,1.8,4.5,8.0,4.7,6.0,2.9,18.0,0.7,79.6,92.6,92.6,86.3,3.0,11.0,16.0,1.0,0.1,0.8,-84.7,-18.3,-3.8,-60.2,6.0,112.6,20.0,0.7,-70.1,-18.3,-3.8,-48.4,6.0,83.9,20.0,0.7,-2.79,-0.7,-0.13,-1.34,5.0,1.47,20.0,0.8,-11.1,-7.5,-3.1,-7.1,4.0,5.5,22.0,0.8,2.76,2.76,2.76,2.76,1.0,0.0,28.0,1.0,7.2,7.2,7.2,7.2,1.0,0.0,28.0,1.0,-242.7,-58.4,-27.6,-131.6,4.0,187.4,22.0,0.8,-189.8,-58.4,-27.6,-106.4,4.0,137.7,22.0,0.8,-40.2,-40.2,-40.2,-40.2,1.0,0.0,28.0,1.0,-40.2,-40.2,-40.2,-40.2,1.0,0.0,28.0,1.0,-5.1,-5.1,-5.1,-5.1,1.0,0.0,28.0,1.0,-5.1,-5.1,-5.1,-5.1,1.0,0.0,28.0,1.0,14.0,159.0,1655.0,1249.5,6.0,2752.0,20.0,0.7,15.0,160.0,1655.0,1250.0,6.0,2750.0,20.0,0.7
1887,9,118.3,24.6,25.88,26.75,27.26,26.63,16.0,0.72,16.0,0.7,26.31,26.8,27.99,27.12,14.0,1.0,16.0,0.6,19.11,20.64,21.34,20.31,5.0,1.13,18.0,0.6,85.4,87.2,89.7,87.8,6.0,2.7,18.0,0.7,0.7,0.4,4.09,6.7,10.06,6.94,12.0,3.95,16.0,0.6,-6.77,-4.74,-0.03,-4.45,12.0,4.42,16.0,0.6,-4.74,-4.58,-0.53,-2.92,12.0,4.21,16.0,0.6,998.42,1009.8,1011.68,1007.08,11.0,6.46,18.0,0.5,2.0,4.0,6.0,4.1,14.0,2.0,16.0,0.6,85.4,87.2,89.7,87.8,6.0,2.7,18.0,0.7,0.7,0.4,-62.9,-31.7,0.0,-44.5,12.0,64.5,16.0,0.6,-31.7,-25.9,1.9,-12.7,12.0,48.8,16.0,0.6,-1.29,-0.25,0.19,-0.5,14.0,0.87,16.0,0.6,-16.4,-1.9,0.5,-6.6,10.0,12.5,18.0,0.5,1.56,1.94,2.84,2.1,5.0,0.76,18.0,0.6,4.8,8.9,19.0,11.3,5.0,7.2,18.0,0.6,-246.3,-114.7,-0.4,-121.3,10.0,136.9,18.0,0.5,-126.8,-100.9,1.5,-68.0,10.0,127.0,18.0,0.5,-90.5,-78.4,0.0,-51.9,5.0,47.6,18.0,0.6,-92.1,-90.5,-57.8,-78.1,5.0,19.1,18.0,0.6,-13.4,-3.8,0.0,-6.1,5.0,6.8,18.0,0.6,-13.4,-8.9,-4.1,-8.7,5.0,4.8,18.0,0.6,77.0,301.0,1073.0,669.5,12.0,1067.5,16.0,0.6,75.0,300.0,1075.0,670.0,12.0,1070.0,16.0,0.6
1887,9,120.3,-45.4,8.9,8.9,8.9,8.9,5.0,0.0,26.0,0.0,9.4,10.0,10.0,9.76,5.0,0.33,26.0,0.0,6.22,6.67,6.84,6.56,5.0,0.44,26.0,0.0,84.4,86.8,89.0,86.7,5.0,4.4,26.0,0.0,0.5,0.4,6.7,6.7,9.3,7.74,5.0,1.42,26.0,0.0,0.81,1.05,5.42,2.7,5.0,2.48,26.0,0.0,-9.26,-6.62,-3.94,-6.6,5.0,2.66,26.0,0.0,1001.44,1002.4,1003.26,1002.36,5.0,1.06,26.0,0.0,6.6,7.0,7.4,7.0,5.0,0.7,26.0,0.0,84.4,86.8,89.0,86.7,5.0,4.4,26.0,0.0,0.5,0.4,7.3,7.5,36.3,18.9,5.0,15.9,26.0,0.0,-86.2,-44.3,-26.4,-53.9,5.0,30.4,26.0,0.0,-1.1,-1.1,-0.5,-0.86,5.0,0.33,26.0,0.0,-10.2,-7.4,-3.3,-6.9,5.0,3.4,26.0,0.0,0.3,0.47,0.91,0.58,5.0,0.44,26.0,0.0,2.8,4.4,6.1,4.4,5.0,2.9,26.0,0.0,8.1,10.5,51.0,25.7,5.0,23.1,26.0,0.0,-92.6,-66.2,-37.0,-65.1,5.0,27.8,26.0,0.0,5.4,7.5,33.0,17.0,5.0,15.0,26.0,0.0,-61.8,-47.2,-24.5,-43.9,5.0,18.9,26.0,0.0,0.2,0.4,4.9,2.3,5.0,2.9,26.0,0.0,-4.5,-4.4,-1.8,-3.3,5.0,2.0,26.0,0.0,301.0,301.0,804.5,502.0,5.0,276.0,26.0,0.0,300.0,300.0,805.0,500.0,5.0,275.0,26.0,0.0
1887,9,120.3,-43.4,,,,,,,,,,,,,,,,,,,,,,,,,,,,,,,,,,,9.3,9.3,9.3,9.3,6.0,0.0,20.0,0.7,-6.0,-5.85,-1.77,-4.61,6.0,2.22,20.0,0.7,-9.13,-7.23,-7.09,-7.75,6.0,1.1,20.0,0.7,1011.9,1012.05,1012.58,1012.22,6.0,0.41,20.0,0.7,,,,,,,,,,,,,,,,,,,,,,,,,,,,,,,,,,,,,,,,,,,,,,,,,,,,,,,,,,,,,,,,,,,,,,,,,,,,,,,,,,,,,,,,,,,,,,,,,,,,,,,,,,,,,,,,,,,,,,,,,,,,,,,,,,
1887,9,120.3,-35.4,,,,,,,,,,,,,,,,,,,,,,,,,,,,,,,,,,,15.4,19.0,20.31,18.28,5.0,3.01,24.0,0.6,10.3,13.44,14.8,12.83,5.0,2.49,24.0,0.6,11.44,12.71,14.36,13.0,5.0,1.87,24.0,0.6,1005.2,1010.0,1013.86,1009.55,4.0,5.04,24.0,0.5,,,,,,,,,,,,,,,,,,,,,,,,,,,,,,,,,,,,,,,,,,,,,,,,,,,,,,,,,,,,,,,,,,,,,,,,,,,,,,,,,,,,,,,,,,,,,,,,,,,,,,,,,,,,,,,,,,,,,,,,,,,,,,,,,,
1887,9,120.3,-13.4,,,,,,,,,,,,,,,,,,,,,,,,,,,,,,,,,,,6.7,6.7,6.7,6.7,3.0,0.0,12.0,0.0,-6.17,-6.17,-5.19,-5.69,3.0,0.83,12.0,0.0,2.62,2.62,4.06,3.32,3.0,1.22,12.0,0.0,1011.26,1011.4,1011.47,1011.37,3.0,0.15,12.0,0.0,,,,,,,,,,,,,,,,,,,,,,,,,,,,,,,,,,,,,,,,,,,,,,,,,,,,,,,,,,,,,,,,,,,,,,,,,,,,,,,,,,,,,,,,,,,,,,,,,,,,,,,,,,,,,,,,,,,,,,,,,,,,,,,,,,
1887,9,120.3,-11.4,,,,,,,,,,,,,,,,,,,,,,,,,,,,,,,,,,,6.7,6.7,6.7,6.7,1.0,0.0,12.0,1.0,-6.17,-6.17,-6.17,-6.17,1.0,0.0,12.0,1.0,2.62,2.62,2.62,2.62,1.0,0.0,12.0,1.0,1008.7,1008.7,1008.7,1008.7,1.0,0.0,12.0,1.0,,,,,,,,,,,,,,,,,,,,,,,,,,,,,,,,,,,,,,,,,,,,,,,,,,,,,,,,,,,,,,,,,,,,,,,,,,,,,,,,,,,,,,,,,,,,,,,,,,,,,,,,,,,,,,,,,,,,,,,,,,,,,,,,,,
1887,9,120.3,0.6,27.8,27.8,27.8,27.74,10.0,0.19,2.0,0.4,27.2,27.5,28.3,27.43,10.0,0.98,2.0,0.4,21.13,22.01,22.02,21.6,4.0,0.84,4.0,0.5,91.5,91.6,95.7,92.8,10.0,3.5,2.0,0.4,0.0,0.6,4.6,6.7,6.7,6.07,10.0,1.01,2.0,0.4,1.6,4.0,5.55,3.5,10.0,2.35,2.0,0.4,3.75,3.78,5.56,4.41,10.0,1.12,2.0,0.4,1013.53,1014.25,1014.76,1014.15,4.0,0.76,4.0,0.5,5.4,7.0,8.0,6.9,10.0,1.2,2.0,0.4,91.5,91.6,95.7,92.8,10.0,3.5,2.0,0.4,0.0,0.6,7.4,24.6,37.2,22.0,10.0,16.5,2.0,0.4,18.9,25.1,37.2,27.1,10.0,9.5,2.0,0.4,-0.5,0.0,0.6,0.31,10.0,0.98,2.0,0.4,-2.3,0.0,4.0,2.4,10.0,6.3,2.0,0.4,1.35,1.35,2.21,1.76,4.0,0.82,4.0,0.5,6.2,6.2,13.5,9.7,4.0,6.9,4.0,0.5,44.7,110.5,153.0,96.9,10.0,63.7,2.0,0.4,101.9,106.0,149.2,120.1,10.0,26.8,2.0,0.4,37.1,64.1,93.3,65.1,4.0,38.7,4.0,0.5,73.8,80.1,92.0,82.8,4.0,12.2,4.0,0.5,2.3,3.9,10.8,6.4,4.0,6.9,4.0,0.5,4.8,5.6,8.8,6.7,4.0,3.1,4.0,0.5,97.5,301.0,301.0,239.5,10.0,98.5,2.0,0.4,95.0,300.0,300.0,240.0,10.0,100.0,2.0,0.4
1887,9,120.3,2.6,27.36,27.8,28.17,27.78,9.0,0.39,2.0,0.6,27.0,27.8,27.8,27.43,9.0,0.78,2.0,0.6,21.52,21.83,22.13,21.83,2.0,0.64,2.0,0.5,91.4,91.6,95.4,92.6,7.0,3.0,2.0,0.6,0.2,0.2,6.7,6.7,6.7,6.47,9.0,0.7,2.0,0.6,2.62,3.75,6.17,4.03,9.0,1.81,2.0,0.6,1.14,4.74,6.17,4.2,9.0,2.48,2.0,0.6,1013.56,1013.7,1013.84,1013.7,2.0,0.28,2.0,0.5,5.0,7.0,8.0,6.8,9.0,1.4,2.0,0.6,91.4,91.6,95.4,92.6,7.0,3.0,2.0,0.6,0.2,0.2,17.5,25.1,41.3,26.6,9.0,12.8,2.0,0.6,5.3,31.7,41.3,27.1,9.0,16.9,2.0,0.6,0.0,0.0,0.5,0.34,9.0,0.53,2.0,0.6,0.0,0.0,3.4,2.3,9.0,3.5,2.0,0.6,1.23,1.54,1.85,1.54,2.0,0.65,2.0,0.5,6.3,9.2,12.1,9.2,2.0,5.9,2.0,0.5,72.8,104.2,160.8,109.8,9.0,47.6,2.0,0.6,31.7,131.7,171.5,116.1,9.0,68.9,2.0,0.6,56.4,91.6,126.8,91.6,2.0,72.9,2.0,0.5,15.0,47.2,79.4,47.2,2.0,66.7,2.0,0.5,3.8,7.7,11.6,7.7,2.0,8.1,2.0,0.5,0.7,2.3,3.9,2.3,2.0,3.3,2.0,0.5,301.0,301.0,301.0,278.0,9.0,68.0,2.0,0.6,300.0,300.0,300.0,280.0,9.0,70.0,2.0,0.6
1887,9,120.3,20.6,28.3,28.3,28.3,28.3,4.0,0.0,14.0,0.5,28.9,28.9,29.16,29.03,4.0,0.25,14.0,0.5,21.12,21.45,21.83,21.47,4.0,0.41,14.0,0.5,84.4,84.4,86.0,85.1,4.0,1.5,14.0,0.5,0.5,0.8,3.55,5.65,6.7,5.15,4.0,1.97,14.0,0.5,-6.21,-5.24,-3.39,-4.82,4.0,1.74,14.0,0.5,-2.51,-2.12,-0.82,-1.69,4.0,1.18,14.0,0.5,1007.24,1007.55,1007.97,1007.6,4.0,0.54,14.0,0.5,2.0,2.5,3.5,2.8,4.0,1.0,14.0,0.5,84.4,84.4,86.0,85.1,4.0,1.5,14.0,0.5,0.5,0.8,-41.6,-30.6,-12.9,-27.4,4.0,17.2,14.0,0.5,-16.8,-12.4,-3.8,-10.4,4.0,8.1,14.0,0.5,-0.86,-0.6,-0.6,-0.72,4.0,0.25,14.0,0.5,-4.6,-4.0,-2.7,-3.7,4.0,1.5,14.0,0.5,2.39,2.78,3.1,2.75,4.0,0.41,14.0,0.5,8.6,16.0,20.8,14.7,4.0,7.3,14.0,0.5,-179.5,-152.5,-99.1,-139.9,4.0,50.2,14.0,0.5,-72.5,-61.6,-24.1,-48.9,4.0,34.2,14.0,0.5,-131.2,-112.0,-74.0,-103.0,4.0,35.7,14.0,0.5,-53.0,-45.2,-17.9,-35.9,4.0,25.0,14.0,0.5,-19.3,-14.9,-8.2,-13.8,4.0,6.6,14.0,0.5,-7.8,-6.0,-2.0,-5.0,4.0,3.7,14.0,0.5,55.5,199.0,301.0,179.0,4.0,144.0,14.0,0.5,55.0,200.0,300.0,180.0,4.0,145.0,14.0,0.5
1887,9,120.3,22.6,28.3,28.3,28.3,28.3,3.0,0.0,14.0,0.3,29.4,29.4,29.4,29.4,3.0,0.0,14.0,0.3,21.76,21.76,21.77,21.76,3.0,0.01,14.0,0.3,84.4,84.4,84.4,84.4,3.0,0.0,14.0,0.3,0.5,0.2,1.51,2.6,3.97,2.73,3.0,1.8,14.0,0.3,-3.68,-2.41,-1.4,-2.53,3.0,1.67,14.0,0.3,-1.49,-0.97,-0.56,-1.02,3.0,0.68,14.0,0.3,1007.19,1007.6,1007.6,1007.4,3.0,0.35,14.0,0.3,3.3,4.0,4.0,3.7,3.0,0.6,14.0,0.3,84.4,84.4,84.4,84.4,3.0,0.0,14.0,0.3,0.5,0.2,-15.4,-6.3,-2.6,-8.9,3.0,9.6,14.0,0.3,-6.2,-2.5,-1.1,-3.6,3.0,3.9,14.0,0.3,-1.1,-1.1,-1.1,-1.1,3.0,0.0,14.0,0.3,-4.4,-2.9,-1.7,-3.0,3.0,2.0,14.0,0.3,2.46,2.46,2.46,2.46,3.0,0.0,14.0,0.3,3.7,6.4,9.8,6.7,3.0,4.4,14.0,0.3,-108.1,-70.9,-41.1,-74.5,3.0,49.2,14.0,0.3,-43.7,-28.6,-16.6,-30.1,3.0,19.9,14.0,0.3,-80.0,-52.5,-30.4,-55.2,3.0,36.4,14.0,0.3,-32.3,-21.2,-12.3,-22.3,3.0,14.7,14.0,0.3,-9.0,-5.9,-3.4,-6.2,3.0,4.1,14.0,0.3,-3.7,-2.4,-1.4,-2.5,3.0,1.7,14.0,0.3,6.5,17.5,72.0,38.5,3.0,51.5,14.0,0.3,5.0,20.0,70.0,40.0,3.0,50.0,14.0,0.3
1887,9,120.3,24.6,26.7,26.8,27.67,26.97,9.0,0.66,18.0,0.6,26.85,27.2,28.9,27.62,9.0,1.05,18.0,0.6,19.83,20.37,21.15,20.49,4.0,0.78,16.0,0.5,87.8,90.2,94.4,91.0,4.0,4.0,16.0,0.5,0.1,0.8,2.6,6.7,11.49,6.34,9.0,4.35,18.0,0.6,-10.82,-4.74,-1.47,-5.26,9.0,4.48,18.0,0.6,-4.74,-2.23,0.0,-2.54,9.0,2.39,18.0,0.6,999.78,1008.3,1010.47,1006.29,8.0,5.54,18.0,0.5,2.0,5.0,6.0,4.5,8.0,2.3,18.0,0.5,87.8,90.2,94.4,91.0,4.0,4.0,16.0,0.5,0.1,0.8,-127.5,-31.7,-3.8,-50.3,9.0,60.5,18.0,0.6,-31.7,-5.8,0.0,-16.1,9.0,20.7,18.0,0.6,-1.37,-0.5,-0.2,-0.66,9.0,0.55,18.0,0.6,-14.7,-3.3,-0.5,-6.0,9.0,7.3,18.0,0.6,1.02,1.78,2.13,1.58,4.0,0.71,16.0,0.5,2.6,9.0,14.3,8.5,4.0,6.7,16.0,0.5,-314.2,-128.9,-39.8,-149.4,9.0,132.9,18.0,0.6,-128.9,-60.2,0.0,-69.2,9.0,65.8,18.0,0.6,-94.0,-66.6,-33.4,-63.8,4.0,35.1,16.0,0.5,-94.0,-70.3,-42.8,-68.5,4.0,29.6,16.0,0.5,-10.1,-6.0,-1.5,-5.8,4.0,4.9,16.0,0.5,-10.1,-6.6,-2.1,-6.1,4.0,4.6,16.0,0.5,17.5,301.0,1576.0,584.5,9.0,765.5,18.0,0.6,20.0,300.0,1575.0,585.0,9.0,765.0,18.0,0.6
1887,9,120.3,26.6,25.95,26.8,27.73,26.88,12.0,0.75,18.0,0.6,26.75,27.2,28.5,27.37,12.0,0.99,18.0,0.6,20.21,20.7,22.28,21.0,9.0,1.08,16.0,0.4,89.6,92.6,92.7,91.8,9.0,2.4,16.0,0.4,0.6,0.4,4.6,6.7,6.7,6.07,10.0,1.01,16.0,0.5,-5.74,-4.65,-3.25,-4.51,10.0,1.32,16.0,0.5,-4.84,-3.25,3.45,-1.26,10.0,3.99,16.0,0.5,1002.27,1009.5,1012.36,1008.18,10.0,4.72,18.0,0.5,3.0,3.5,8.0,5.0,10.0,2.6,18.0,0.5,89.6,92.6,92.7,91.8,9.0,2.4,16.0,0.4,0.6,0.4,-38.5,-31.2,-15.0,-28.2,10.0,11.3,16.0,0.5,-32.4,-15.0,23.1,-6.4,10.0,25.8,16.0,0.5,-1.18,-0.35,0.05,-0.49,12.0,0.7,18.0,0.6,-7.3,-2.3,0.0,-3.6,10.0,4.1,16.0,0.5,0.44,1.28,1.8,1.1,9.0,0.96,16.0,0.4,2.0,5.9,12.6,7.0,8.0,6.9,16.0,0.4,-163.7,-129.9,-88.5,-125.3,10.0,38.3,16.0,0.5,-134.3,-88.5,96.1,-33.9,10.0,110.4,16.0,0.5,-129.7,-80.0,-66.5,-91.0,8.0,32.3,16.0,0.4,-98.9,-66.8,77.9,-24.6,8.0,86.0,16.0,0.4,-8.1,-4.2,-1.5,-4.3,8.0,3.9,16.0,0.4,-9.1,-3.0,2.0,-3.9,8.0,7.0,16.0,0.4,97.5,301.0,301.0,239.5,10.0,98.5,16.0,0.5,95.0,300.0,300.0,240.0,10.0,100.0,16.0,0.5
1887,9,120.3,28.6,25.8,25.8,25.8,25.8,1.0,0.0,26.0,1.0,24.5,24.5,24.5,24.5,1.0,0.0,26.0,1.0,16.88,16.88,16.88,16.88,1.0,0.0,26.0,1.0,88.1,88.1,88.1,88.1,1.0,0.0,26.0,1.0,1.0,0.1,4.6,4.6,4.6,4.6,1.0,0.0,26.0,1.0,-3.98,-3.98,-3.98,-3.98,1.0,0.0,26.0,1.0,-2.3,-2.3,-2.3,-2.3,1.0,0.0,26.0,1.0,1012.7,1012.7,1012.7,1012.7,1.0,0.0,26.0,1.0,6.0,6.0,6.0,6.0,1.0,0.0,26.0,1.0,88.1,88.1,88.1,88.1,1.0,0.0,26.0,1.0,1.0,0.1,-18.3,-18.3,-18.3,-18.3,1.0,0.0,26.0,1.0,-10.6,-10.6,-10.6,-10.6,1.0,0.0,26.0,1.0,1.3,1.3,1.3,1.3,1.0,0.0,26.0,1.0,6.0,6.0,6.0,6.0,1.0,0.0,26.0,1.0,3.88,3.88,3.88,3.88,1.0,0.0,26.0,1.0,17.8,17.8,17.8,17.8,1.0,0.0,26.0,1.0,-97.6,-97.6,-97.6,-97.6,1.0,0.0,26.0,1.0,-56.3,-56.3,-56.3,-56.3,1.0,0.0,26.0,1.0,-67.3,-67.3,-67.3,-67.3,1.0,0.0,26.0,1.0,-38.8,-38.8,-38.8,-38.8,1.0,0.0,26.0,1.0,-15.4,-15.4,-15.4,-15.4,1.0,0.0,26.0,1.0,-8.9,-8.9,-8.9,-8.9,1.0,0.0,26.0,1.0,97.5,97.5,97.5,97.5,1.0,0.0,26.0,1.0,95.0,95.0,95.0,95.0,1.0,0.0,26.0,1.0
1887,9,120.3,30.6,,,,,,,,,,,,,,,,,,,,,,,,,,,,,,,,,,,3.23,4.6,6.03,4.63,3.0,2.05,24.0,1.0,-4.59,-3.25,-1.03,-2.82,3.0,2.63,24.0,1.0,-3.91,-3.25,0.74,-1.62,3.0,3.69,24.0,1.0,1012.3,1012.3,1012.3,1012.3,1.0,0.0,26.0,1.0,,,,,,,,,,,,,,,,,,,,,,,,,,,,,,,,,,,,,,,,,,,,,,,,,,,,,,,,,,,,,,,,,,,,,,,,,,,,,,,,,,,,,,,,,,,,,,,,,,,,,,,,,,,,,,,,,,,,,,,,,,,,,,,,,,
1887,9,122.3,-45.4,8.9,8.9,8.9,8.9,5.0,0.0,26.0,0.8,9.78,10.0,10.0,9.88,5.0,0.27,26.0,0.8,6.21,6.67,6.68,6.42,5.0,0.56,26.0,0.8,81.9,86.8,86.8,84.1,5.0,6.0,26.0,0.8,0.5,0.3,9.3,9.3,9.3,9.3,5.0,0.0,26.0,0.8,0.81,7.12,8.89,5.31,5.0,4.17,26.0,0.8,-9.26,-5.98,-2.72,-5.99,5.0,3.27,26.0,0.8,1000.55,1001.7,1002.32,1001.56,5.0,1.2,26.0,0.8,6.0,7.0,8.0,7.0,5.0,1.0,26.0,0.8,81.9,86.8,86.8,84.1,5.0,6.0,26.0,0.8,0.5,0.3,7.5,66.3,82.7,49.4,5.0,38.8,26.0,0.8,-86.2,-55.6,-25.3,-55.7,5.0,30.4,26.0,0.8,-1.1,-1.1,-0.88,-0.98,5.0,0.27,26.0,0.8,-10.2,-10.2,-8.2,-9.1,5.0,2.5,26.0,0.8,0.47,0.47,0.93,0.72,5.0,0.56,26.0,0.8,4.4,4.4,8.6,6.7,5.0,5.2,26.0,0.8,8.1,71.2,85.5,52.0,5.0,40.6,26.0,0.8,-92.6,-59.8,-26.6,-59.6,5.0,33.1,26.0,0.8,5.4,47.5,52.2,33.2,5.0,25.8,26.0,0.8,-61.9,-39.9,-16.9,-39.3,5.0,22.8,26.0,0.8,0.4,3.3,8.2,4.7,5.0,6.1,26.0,0.8,-4.5,-4.4,-2.3,-3.5,5.0,1.4,26.0,0.8,804.5,804.5,804.5,804.5,5.0,0.0,26.0,0.8,805.0,805.0,805.0,805.0,5.0,0.0,26.0,0.8
1887,9,122.3,-43.4,,,,,,,,,,,,,,,,,,,,,,,,,,,,,,,,,,,6.7,6.7,8.6,7.38,9.0,2.19,18.0,0.6,-4.74,0.0,6.66,0.58,9.0,5.8,18.0,0.6,-7.77,-4.6,0.7,-3.85,9.0,3.91,18.0,0.6,1005.8,1005.8,1011.33,1009.46,9.0,7.04,18.0,0.6,,,,,,,,,,,,,,,,,,,,,,,,,,,,,,,,,,,,,,,,,,,,,,,,,,,,,,,,,,,,,,,,,,,,,,,,,,,,,,,,,,,,,,,,,,,,,,,,,,,,,,,,,,,,,,,,,,,,,,,,,,,,,,,,,,
1887,9,122.3,-41.4,,,,,,,,,,,,,,,,,,,,,,,,,,,,,,,,,,,19.0,19.0,19.0,19.0,1.0,0.0,22.0,1.0,17.62,17.62,17.62,17.62,1.0,0.0,22.0,1.0,7.12,7.12,7.12,7.12,1.0,0.0,22.0,1.0,1001.2,1001.2,1001.2,1001.2,1.0,0.0,22.0,1.0,,,,,,,,,,,,,,,,,,,,,,,,,,,,,,,,,,,,,,,,,,,,,,,,,,,,,,,,,,,,,,,,,,,,,,,,,,,,,,,,,,,,,,,,,,,,,,,,,,,,,,,,,,,,,,,,,,,,,,,,,,,,,,,,,,
1887,9,122.3,-35.4,,,,,,,,,,,,,,,,,,,,,,,,,,,,,,,,,,,11.68,12.3,16.14,13.43,6.0,3.34,24.0,0.7,6.24,8.46,9.06,7.23,6.0,3.94,24.0,0.7,-0.01,8.92,12.64,6.23,6.0,10.14,24.0,0.7,1000.9,1001.9,1015.26,1006.88,5.0,7.75,24.0,0.6,,,,,,,,,,,,,,,,,,,,,,,,,,,,,,,,,,,,,,,,,,,,,,,,,,,,,,,,,,,,,,,,,,,,,,,,,,,,,,,,,,,,,,,,,,,,,,,,,,,,,,,,,,,,,,,,,,,,,,,,,,,,,,,,,,
1887,9,122.3,-11.4,,,,,,,,,,,,,,,,,,,,,,,,,,,,,,,,,,,4.6,4.6,5.03,4.95,6.0,0.86,10.0,0.5,-4.63,-4.23,-4.03,-4.22,6.0,0.52,10.0,0.5,1.43,1.8,3.56,2.23,6.0,1.6,10.0,0.5,1008.57,1009.4,1010.49,1009.47,6.0,1.25,10.0,0.5,,,,,,,,,,,,,,,,,,,,,,,,,,,,,,,,,,,,,,,,,,,,,,,,,,,,,,,,,,,,,,,,,,,,,,,,,,,,,,,,,,,,,,,,,,,,,,,,,,,,,,,,,,,,,,,,,,,,,,,,,,,,,,,,,,
1887,9,122.3,20.6,27.8,28.3,28.3,28.12,22.0,0.25,14.0,0.5,27.97,28.3,28.9,28.47,22.0,0.48,14.0,0.5,21.1,21.38,22.19,21.61,22.0,0.74,14.0,0.5,85.4,88.4,91.6,88.4,22.0,3.0,14.0,0.5,0.4,0.8,0.33,3.6,6.7,4.19,22.0,3.28,14.0,0.5,-2.51,-1.84,0.0,-0.93,22.0,2.6,14.0,0.5,0.0,1.84,6.21,3.09,22.0,3.39,14.0,0.5,1006.17,1007.35,1008.3,1007.16,22.0,1.17,14.0,0.5,3.0,4.0,6.7,4.5,22.0,2.0,14.0,0.5,85.4,88.4,91.6,88.4,22.0,3.0,14.0,0.5,0.4,0.8,-16.8,-4.8,0.0,-2.3,22.0,18.8,14.0,0.5,0.0,4.8,41.6,21.7,22.0,35.3,14.0,0.5,-0.6,-0.25,0.0,-0.35,22.0,0.4,14.0,0.5,-3.3,-0.3,0.0,-1.9,22.0,3.1,14.0,0.5,1.6,2.58,3.07,2.36,22.0,0.77,14.0,0.5,0.4,8.1,14.3,9.3,22.0,6.8,14.0,0.5,-72.0,-52.0,0.0,-27.0,22.0,73.4,14.0,0.5,0.0,54.1,175.8,88.2,22.0,96.7,14.0,0.5,-53.7,-39.2,0.0,-19.6,22.0,56.4,14.0,0.5,0.0,40.7,132.8,66.9,22.0,75.3,14.0,0.5,-7.4,-5.2,0.0,-3.1,22.0,5.5,14.0,0.5,0.0,5.2,13.3,6.8,22.0,6.9,14.0,0.5,0.5,57.5,301.0,221.5,22.0,414.5,14.0,0.5,0.0,55.0,300.0,220.0,22.0,415.0,14.0,0.5
1887,9,122.3,22.6,27.8,27.8,27.8,27.8,3.0,0.0,12.0,0.0,28.3,28.3,28.71,28.5,3.0,0.35,12.0,0.0,22.23,22.24,22.87,22.55,3.0,0.54,12.0,0.0,91.6,91.6,92.0,91.8,3.0,0.3,12.0,0.0,0.9,0.1,,,,,,,,,,,,,,,,,,,,,,,,,,,,,,,,,,,,,,,,,,,,,,,,,,,,,,,,,,,,,,,,,,,,,,,,,,,,,,,,,,,,,,,,,,,,,,,,,,,,,,,,,,,,,,,,,,,,,,,,,,,,,,,,,,,,,,,,,,,,,,,,,,,,,,,,,,,,,,,,,,
1887,9,122.3,26.6,26.92,27.3,27.8,27.3,11.0,0.37,14.0,0.5,27.2,27.3,28.55,27.68,11.0,0.71,14.0,0.5,19.86,21.15,21.25,20.69,5.0,0.77,14.0,0.4,84.4,87.8,88.0,86.5,5.0,2.0,14.0,0.4,0.5,0.6,4.6,6.7,9.3,7.39,11.0,2.66,14.0,0.5,-6.51,-3.31,4.6,-2.5,11.0,4.93,14.0,0.5,-4.5,0.0,6.69,1.14,11.0,5.88,14.0,0.5,1004.12,1005.8,1011.44,1007.43,9.0,3.87,16.0,0.4,2.9,5.5,8.0,5.4,10.0,2.3,14.0,0.5,84.4,87.8,88.0,86.5,5.0,2.0,14.0,0.4,0.5,0.6,-60.5,-17.5,21.2,-27.8,11.0,37.9,14.0,0.5,-35.3,0.0,62.2,18.0,11.0,56.7,14.0,0.5,-0.75,-0.5,0.0,-0.38,11.0,0.43,14.0,0.5,-4.8,-2.3,0.0,-2.4,11.0,2.4,14.0,0.5,2.31,2.4,2.8,2.51,5.0,0.29,14.0,0.4,10.6,11.0,18.8,13.9,5.0,4.5,14.0,0.4,-178.2,-90.3,131.3,-66.7,11.0,137.6,14.0,0.5,-123.7,0.0,181.6,30.8,11.0,160.4,14.0,0.5,-52.0,97.3,97.7,37.8,5.0,82.0,14.0,0.4,-122.5,0.0,0.0,-49.0,5.0,67.1,14.0,0.4,-7.3,9.9,11.0,3.5,5.0,9.9,14.0,0.4,-17.3,0.0,0.0,-6.9,5.0,9.5,14.0,0.4,97.5,301.0,804.5,551.5,11.0,540.5,14.0,0.5,95.0,300.0,805.0,550.0,11.0,540.0,14.0,0.5
1887,9,122.3,28.6,24.8,26.3,27.86,26.48,5.0,2.01,20.0,0.2,24.24,25.9,28.19,26.2,4.0,2.37,22.0,0.0,15.99,16.89,20.1,18.01,3.0,3.16,20.0,0.0,84.3,85.4,87.2,85.8,3.0,2.2,20.0,0.0,0.2,0.7,2.92,4.6,6.7,4.52,5.0,2.74,20.0,0.2,-6.15,-4.02,-2.1,-3.97,5.0,2.6,20.0,0.2,-1.17,0.7,2.6,0.6,5.0,2.47,20.0,0.2,1003.66,1012.1,1012.84,1009.08,5.0,4.99,20.0,0.2,1.0,2.0,3.4,2.2,5.0,1.3,20.0,0.2,84.3,85.4,87.2,85.8,3.0,2.2,20.0,0.0,0.2,0.7,-41.2,-18.5,-9.7,-23.5,5.0,18.3,20.0,0.2,-5.4,4.7,14.5,4.4,5.0,13.4,20.0,0.2,-1.65,-0.1,0.56,-0.52,4.0,1.55,22.0,0.0,-7.6,-1.1,2.8,-2.3,4.0,7.4,22.0,0.0,0.85,2.66,3.55,2.21,3.0,2.02,20.0,0.0,0.0,0.0,18.1,8.8,3.0,15.3,20.0,0.0,-139.3,-103.5,-43.0,-91.7,4.0,67.5,22.0,0.0,-45.7,8.4,41.9,-1.4,4.0,63.4,22.0,0.0,-98.4,-86.8,-27.6,-63.5,3.0,55.7,20.0,0.0,3.5,10.9,36.3,19.7,3.0,25.2,20.0,0.0,-18.0,0.0,0.0,-8.8,3.0,15.2,20.0,0.0,0.0,0.0,1.9,0.9,3.0,1.6,20.0,0.0,62.0,97.5,301.0,159.0,5.0,135.0,20.0,0.2,60.0,95.0,300.0,160.0,5.0,135.0,20.0,0.2
1887,9,122.3,30.6,24.4,25.6,26.82,25.71,7.0,1.2,16.0,0.1,23.75,26.4,29.71,26.43,12.0,2.74,18.0,0.3,17.02,19.09,21.16,19.09,2.0,4.29,18.0,0.0,92.0,92.2,92.5,92.2,2.0,0.6,18.0,0.0,0.2,0.2,1.53,4.6,5.47,3.6,11.0,2.28,18.0,0.2,-4.8,-1.72,0.0,-2.35,11.0,2.55,18.0,0.2,-2.85,0.0,2.18,-0.09,11.0,2.62,18.0,0.2,1004.77,1008.35,1011.93,1008.35,2.0,7.42,18.0,0.0,1.7,4.0,6.3,3.8,12.0,2.2,18.0,0.3,92.0,92.2,92.5,92.2,2.0,0.6,18.0,0.0,0.2,0.2,-26.6,-7.9,0.0,-12.9,11.0,15.5,18.0,0.2,-13.1,0.0,7.2,-1.5,11.0,13.0,18.0,0.2,-1.22,0.0,1.37,0.1,7.0,1.6,16.0,0.1,-2.9,0.0,7.3,1.4,7.0,4.7,16.0,0.1,0.57,1.51,2.45,1.51,2.0,1.95,18.0,0.0,3.4,9.8,16.3,9.8,2.0,13.4,18.0,0.0,-125.1,-46.0,0.0,-63.0,11.0,70.4,18.0,0.2,-67.3,0.0,59.8,1.8,11.0,66.0,18.0,0.2,-76.1,-59.9,-43.7,-59.9,2.0,33.5,18.0,0.0,-49.9,-11.5,26.9,-11.5,2.0,79.5,18.0,0.0,-12.7,-7.6,-2.6,-7.6,2.0,10.5,18.0,0.0,-10.2,-6.0,-1.7,-6.0,2.0,8.8,18.0,0.0,10.5,97.5,181.5,95.0,11.0,110.0,18.0,0.2,10.0,95.0,180.0,95.0,11.0,110.0,18.0,0.2
1887,9,124.3,-45.4,8.9,8.9,8.9,8.9,6.0,0.0,26.0,0.2,8.3,8.6,8.9,8.6,6.0,0.33,26.0,0.2,5.07,5.21,5.32,5.2,4.0,0.19,26.0,0.3,73.1,73.4,76.7,74.8,4.0,3.3,26.0,0.3,0.4,0.3,2.6,2.6,3.01,2.93,6.0,0.82,26.0,0.2,1.99,2.24,3.0,2.61,6.0,1.01,26.0,0.2,-1.67,-1.22,0.23,-0.88,6.0,0.94,26.0,0.2,1005.75,1008.0,1009.24,1007.57,6.0,2.02,26.0,0.2,5.0,6.0,7.0,6.0,6.0,0.9,26.0,0.2,73.1,73.4,76.7,74.8,4.0,3.3,26.0,0.3,0.4,0.3,5.2,5.8,9.7,8.3,6.0,6.3,26.0,0.2,-4.3,-3.2,0.7,-2.2,6.0,2.6,26.0,0.2,0.0,0.3,0.6,0.3,6.0,0.33,26.0,0.2,0.0,0.8,1.8,1.0,6.0,1.2,26.0,0.2,1.77,1.9,2.03,1.9,4.0,0.2,26.0,0.3,4.9,5.3,6.7,5.8,4.0,1.3,26.0,0.3,16.5,19.9,26.2,22.3,6.0,8.2,26.0,0.2,-14.1,-10.3,2.0,-7.6,6.0,8.0,26.0,0.2,11.4,13.2,19.4,15.3,4.0,6.6,26.0,0.3,-6.2,-1.4,1.2,-2.4,4.0,4.6,26.0,0.3,4.5,4.8,6.3,5.4,4.0,1.5,26.0,0.3,-2.6,-0.5,0.4,-1.1,4.0,1.9,26.0,0.3,17.5,17.5,34.0,31.0,6.0,32.5,26.0,0.2,20.0,20.0,35.0,30.0,6.0,35.0,26.0,0.2
1887,9,124.3,-43.4,,,,,,,,,,,,,,,,,,,,,,,,,,,,,,,,,,,6.7,6.7,6.7,6.7,4.0,0.0,20.0,0.5,6.43,6.66,6.66,6.55,4.0,0.23,20.0,0.5,0.7,0.7,1.65,1.15,4.0,0.9,20.0,0.5,1002.51,1004.25,1005.47,1004.0,4.0,1.83,20.0,0.5,,,,,,,,,,,,,,,,,,,,,,,,,,,,,,,,,,,,,,,,,,,,,,,,,,,,,,,,,,,,,,,,,,,,,,,,,,,,,,,,,,,,,,,,,,,,,,,,,,,,,,,,,,,,,,,,,,,,,,,,,,,,,,,,,,
1887,9,124.3,-35.4,,,,,,,,,,,,,,,,,,,,,,,,,,,,,,,,,,,6.84,9.3,9.3,8.13,4.0,2.35,24.0,0.5,-1.65,3.78,6.22,2.36,4.0,5.04,24.0,0.5,-6.4,1.26,6.91,0.3,4.0,7.79,24.0,0.5,1007.52,1012.35,1017.18,1012.35,4.0,5.83,24.0,0.5,,,,,,,,,,,,,,,,,,,,,,,,,,,,,,,,,,,,,,,,,,,,,,,,,,,,,,,,,,,,,,,,,,,,,,,,,,,,,,,,,,,,,,,,,,,,,,,,,,,,,,,,,,,,,,,,,,,,,,,,,,,,,,,,,,
1887,9,124.3,-11.4,,,,,,,,,,,,,,,,,,,,,,,,,,,,,,,,,,,2.02,2.6,5.37,3.5,5.0,2.2,10.0,0.4,-3.79,-2.39,-1.43,-2.59,5.0,1.52,10.0,0.4,0.39,1.84,3.79,2.03,5.0,2.08,10.0,0.4,1010.16,1010.9,1011.97,1011.12,6.0,1.33,10.0,0.5,,,,,,,,,,,,,,,,,,,,,,,,,,,,,,,,,,,,,,,,,,,,,,,,,,,,,,,,,,,,,,,,,,,,,,,,,,,,,,,,,,,,,,,,,,,,,,,,,,,,,,,,,,,,,,,,,,,,,,,,,,,,,,,,,,
1887,9,124.3,22.6,27.8,27.8,27.8,27.8,10.0,0.0,12.0,0.6,27.8,28.05,28.3,28.11,10.0,0.37,12.0,0.6,22.26,22.41,22.53,22.38,10.0,0.17,12.0,0.6,91.6,93.5,95.4,93.1,10.0,2.8,12.0,0.6,0.3,0.5,12.3,12.3,12.3,12.3,8.0,0.0,12.0,0.8,-6.88,-6.88,-6.88,-6.88,8.0,0.0,12.0,0.8,10.2,10.2,10.2,10.2,8.0,0.0,12.0,0.8,1001.4,1002.55,1003.06,1002.28,10.0,0.95,12.0,0.6,6.0,6.5,8.0,6.8,10.0,1.1,12.0,0.6,91.6,93.5,95.4,93.1,10.0,2.8,12.0,0.6,0.3,0.5,-84.6,-84.6,-84.6,-84.6,8.0,0.0,12.0,0.8,125.4,125.4,125.4,125.4,8.0,0.0,12.0,0.8,-0.5,-0.25,0.0,-0.31,10.0,0.37,12.0,0.6,-6.1,-3.1,0.0,-3.1,8.0,3.3,12.0,0.8,1.1,1.23,1.37,1.26,10.0,0.19,12.0,0.6,13.5,15.1,16.8,15.2,8.0,1.8,12.0,0.8,-194.6,-192.9,-191.2,-192.9,8.0,1.8,12.0,0.8,283.5,286.0,288.6,286.0,8.0,2.7,12.0,0.8,-155.0,-154.1,-153.1,-154.1,8.0,0.9,12.0,0.8,227.0,228.5,229.8,228.4,8.0,1.4,12.0,0.8,-9.4,-8.5,-7.5,-8.5,8.0,1.0,12.0,0.8,11.2,12.6,13.9,12.6,8.0,1.5,12.0,0.8,1861.0,1861.0,1861.0,1861.0,8.0,0.0,12.0,0.8,1860.0,1860.0,1860.0,1860.0,8.0,0.0,12.0,0.8
1887,9,124.3,26.6,26.12,26.8,27.48,26.8,3.0,1.0,12.0,0.3,27.46,27.8,28.55,28.0,3.0,0.82,12.0,0.3,21.92,21.92,21.92,21.92,1.0,0.0,14.0,1.0,87.4,87.4,87.4,87.4,1.0,0.0,14.0,1.0,0.1,1.0,7.53,9.3,9.3,8.43,3.0,1.5,12.0,0.3,-2.38,0.0,3.23,0.42,3.0,4.13,12.0,0.3,5.97,8.62,9.09,7.55,3.0,2.46,12.0,0.3,1006.26,1006.6,1008.03,1007.13,3.0,1.38,12.0,0.3,4.6,6.0,6.0,5.3,3.0,1.2,12.0,0.3,87.4,87.4,87.4,87.4,1.0,0.0,14.0,1.0,0.1,1.0,-22.1,0.0,21.7,-0.2,3.0,32.1,12.0,0.3,47.1,80.2,84.5,66.1,3.0,30.0,12.0,0.3,-1.37,-1.1,-1.03,-1.2,3.0,0.26,12.0,0.3,-12.5,-9.3,-8.0,-10.2,3.0,3.4,12.0,0.3,1.62,1.62,1.62,1.62,1.0,0.0,14.0,1.0,10.9,10.9,10.9,10.9,1.0,0.0,14.0,1.0,-64.9,0.0,93.5,13.9,3.0,116.6,12.0,0.3,168.2,235.4,251.2,210.3,3.0,64.6,12.0,0.3,103.9,103.9,103.9,103.9,1.0,0.0,14.0,1.0,103.9,103.9,103.9,103.9,1.0,0.0,14.0,1.0,7.7,7.7,7.7,7.7,1.0,0.0,14.0,1.0,7.7,7.7,7.7,7.7,1.0,0.0,14.0,1.0,460.5,804.5,804.5,636.5,3.0,291.0,12.0,0.3,460.0,805.0,805.0,635.0,3.0,290.0,12.0,0.3
1887,9,124.3,28.6,27.75,27.8,28.31,27.83,7.0,0.54,18.0,0.9,27.49,28.3,28.33,28.06,7.0,0.55,18.0,0.9,21.69,22.09,22.19,21.95,4.0,0.36,12.0,0.8,87.9,90.0,91.6,89.7,4.0,2.2,12.0,0.8,0.6,0.3,0.0,6.7,12.3,6.6,7.0,5.78,18.0,0.9,0.0,0.0,0.23,0.67,7.0,1.79,18.0,0.9,-0.12,4.74,12.3,5.58,7.0,6.65,18.0,0.9,1004.75,1005.8,1009.98,1006.95,6.0,3.23,16.0,0.8,2.0,3.0,4.0,3.0,6.0,0.9,16.0,0.8,87.9,90.0,91.6,89.7,4.0,2.2,12.0,0.8,0.6,0.3,0.0,0.0,1.5,4.5,7.0,12.0,18.0,0.9,-0.3,31.7,151.3,68.4,7.0,78.5,18.0,0.9,-1.0,-0.5,1.0,-0.23,7.0,0.88,18.0,0.9,-6.5,-3.3,0.0,-4.5,7.0,4.7,18.0,0.9,1.36,1.49,1.9,1.62,4.0,0.37,12.0,0.8,12.7,18.4,23.4,18.1,4.0,7.2,12.0,0.8,-0.1,0.0,6.4,19.0,7.0,50.8,18.0,0.9,-3.5,134.1,348.4,159.1,7.0,189.2,18.0,0.9,0.0,0.0,55.1,26.3,4.0,52.6,12.0,0.8,180.6,267.0,271.7,228.0,4.0,82.0,12.0,0.8,0.0,0.0,3.4,1.6,4.0,3.2,12.0,0.8,11.3,18.4,23.4,17.4,4.0,8.3,12.0,0.8,0.0,301.0,1861.0,843.0,7.0,958.0,18.0,0.9,0.0,300.0,1860.0,845.0,7.0,960.0,18.0,0.9
1887,9,124.3,30.6,,,,,,,,,,,,,,,,,,,,,,,,,,,,,,,,,,,3.29,4.6,5.37,4.3,5.0,2.06,16.0,1.0,2.43,3.25,4.15,3.21,5.0,1.38,16.0,1.0,-3.79,-3.25,-1.63,-2.76,5.0,1.74,16.0,1.0,1012.2,1012.2,1012.2,1012.2,1.0,0.0,24.0,1.0,,,,,,,,,,,,,,,,,,,,,,,,,,,,,,,,,,,,,,,,,,,,,,,,,,,,,,,,,,,,,,,,,,,,,,,,,,,,,,,,,,,,,,,,,,,,,,,,,,,,,,,,,,,,,,,,,,,,,,,,,,,,,,,,,,
1887,9,126.3,-45.4,8.3,8.3,8.9,8.5,9.0,0.3,26.0,0.7,9.03,10.0,12.07,10.37,9.0,1.48,26.0,0.7,5.25,5.48,5.86,5.55,4.0,0.41,26.0,0.8,73.2,73.8,80.4,76.6,4.0,6.3,26.0,0.8,0.4,0.4,4.6,4.6,4.6,4.6,9.0,0.0,26.0,0.7,1.94,4.32,4.46,3.32,9.0,1.31,26.0,0.7,-4.17,-1.57,0.62,-2.04,9.0,2.24,26.0,0.7,1010.36,1014.6,1015.71,1013.54,9.0,2.66,26.0,0.7,4.3,5.0,5.7,5.0,9.0,0.7,26.0,0.7,73.2,73.8,80.4,76.6,4.0,6.3,26.0,0.8,0.4,0.4,8.9,19.9,20.5,15.3,9.0,6.0,26.0,0.7,-19.2,-7.2,2.8,-9.4,9.0,10.3,26.0,0.7,-3.37,-1.1,-0.73,-1.87,9.0,1.45,26.0,0.7,-15.5,-5.1,-3.4,-8.6,9.0,6.7,26.0,0.7,1.04,1.42,1.54,1.3,4.0,0.41,26.0,0.8,4.8,6.5,7.1,6.0,4.0,1.9,26.0,0.8,20.6,39.7,41.6,33.4,9.0,11.5,26.0,0.7,-48.4,-18.4,5.5,-23.0,9.0,24.9,26.0,0.7,16.7,23.3,25.4,21.2,4.0,7.1,26.0,0.8,-16.3,-6.1,1.8,-7.2,4.0,12.5,26.0,0.8,3.0,4.6,6.8,4.9,4.0,2.3,26.0,0.8,-4.2,-1.7,-0.2,-2.1,4.0,2.8,26.0,0.8,97.5,97.5,97.5,97.5,9.0,0.0,26.0,0.7,95.0,95.0,95.0,95.0,9.0,0.0,26.0,0.7
1887,9,126.3,-43.4,,,,,,,,,,,,,,,,,,,,,,,,,,,,,,,,,,,8.08,11.05,14.02,11.05,2.0,6.15,16.0,0.5,0.94,2.96,4.98,2.96,2.0,4.18,16.0,0.5,-12.46,-6.13,0.2,-6.13,2.0,13.11,16.0,0.5,1005.56,1012.35,1019.14,1012.35,2.0,14.07,16.0,0.5,,,,,,,,,,,,,,,,,,,,,,,,,,,,,,,,,,,,,,,,,,,,,,,,,,,,,,,,,,,,,,,,,,,,,,,,,,,,,,,,,,,,,,,,,,,,,,,,,,,,,,,,,,,,,,,,,,,,,,,,,,,,,,,,,,
1887,9,126.3,-41.4,,,,,,,,,,,,,,,,,,,,,,,,,,,,,,,,,,,6.7,6.7,7.65,7.22,5.0,1.16,22.0,0.4,5.98,6.02,7.5,6.75,5.0,1.44,22.0,0.4,1.1,2.94,3.01,2.15,5.0,1.33,22.0,0.4,1003.25,1006.4,1007.47,1005.6,5.0,2.28,22.0,0.4,,,,,,,,,,,,,,,,,,,,,,,,,,,,,,,,,,,,,,,,,,,,,,,,,,,,,,,,,,,,,,,,,,,,,,,,,,,,,,,,,,,,,,,,,,,,,,,,,,,,,,,,,,,,,,,,,,,,,,,,,,,,,,,,,,
1887,9,126.3,-35.4,,,,,,,,,,,,,,,,,,,,,,,,,,,,,,,,,,,2.6,6.7,6.7,5.06,5.0,2.25,22.0,0.6,0.13,2.02,3.36,1.71,5.0,2.89,22.0,0.6,1.76,4.22,6.15,4.01,5.0,2.23,22.0,0.6,1011.48,1014.55,1017.62,1014.55,4.0,3.57,22.0,0.5,,,,,,,,,,,,,,,,,,,,,,,,,,,,,,,,,,,,,,,,,,,,,,,,,,,,,,,,,,,,,,,,,,,,,,,,,,,,,,,,,,,,,,,,,,,,,,,,,,,,,,,,,,,,,,,,,,,,,,,,,,,,,,,,,,
1887,9,126.3,-11.4,,,,,,,,,,,,,,,,,,,,,,,,,,,,,,,,,,,2.6,2.6,2.6,2.6,1.0,0.0,8.0,0.0,-2.39,-2.39,-2.39,-2.39,1.0,0.0,8.0,0.0,1.02,1.02,1.02,1.02,1.0,0.0,8.0,0.0,1011.0,1011.0,1011.0,1011.0,1.0,0.0,8.0,0.0,,,,,,,,,,,,,,,,,,,,,,,,,,,,,,,,,,,,,,,,,,,,,,,,,,,,,,,,,,,,,,,,,,,,,,,,,,,,,,,,,,,,,,,,,,,,,,,,,,,,,,,,,,,,,,,,,,,,,,,,,,,,,,,,,,
1887,9,126.3,-9.4,,,,,,,,,,,,,,,,,,,,,,,,,,,,,,,,,,,2.6,2.6,2.6,2.6,6.0,0.0,8.0,0.5,-1.84,-1.41,0.21,-0.91,6.0,1.19,8.0,0.5,1.84,2.12,2.45,2.15,6.0,0.35,8.0,0.5,1012.18,1012.3,1013.02,1012.55,6.0,0.54,8.0,0.5,,,,,,,,,,,,,,,,,,,,,,,,,,,,,,,,,,,,,,,,,,,,,,,,,,,,,,,,,,,,,,,,,,,,,,,,,,,,,,,,,,,,,,,,,,,,,,,,,,,,,,,,,,,,,,,,,,,,,,,,,,,,,,,,,,
1887,9,126.3,22.6,27.8,27.8,28.3,27.97,18.0,0.24,10.0,0.6,28.3,28.3,28.9,28.54,18.0,0.35,10.0,0.6,21.57,22.75,23.36,22.58,18.0,0.78,10.0,0.6,88.1,91.9,96.0,91.5,18.0,3.1,10.0,0.6,0.2,0.7,12.3,12.3,15.4,13.08,16.0,1.39,10.0,0.6,-11.16,-8.7,-8.7,-9.78,16.0,1.62,10.0,0.6,7.04,8.7,10.06,8.45,16.0,1.84,10.0,0.6,1000.82,1001.8,1002.56,1001.78,18.0,1.21,10.0,0.6,3.7,6.0,7.0,5.6,18.0,1.5,10.0,0.6,88.1,91.9,96.0,91.5,18.0,3.1,10.0,0.6,0.2,0.7,-167.7,-107.0,-107.0,-129.4,16.0,34.2,10.0,0.6,98.1,107.0,144.6,111.5,16.0,32.2,10.0,0.6,-1.1,-0.5,0.0,-0.57,18.0,0.48,10.0,0.6,-13.5,-7.7,0.0,-7.3,16.0,6.5,10.0,0.6,0.28,0.89,2.77,1.31,18.0,1.08,10.0,0.6,3.4,5.1,36.1,18.0,16.0,16.7,10.0,0.6,-318.2,-251.4,-246.1,-279.1,16.0,44.0,10.0,0.6,197.3,251.4,286.6,241.8,16.0,53.9,10.0,0.6,-241.7,-203.3,-202.1,-220.1,16.0,29.4,10.0,0.6,153.6,202.4,222.3,191.6,16.0,42.4,10.0,0.6,-31.9,-3.6,-2.4,-14.2,16.0,13.9,10.0,0.6,2.4,3.6,22.1,10.5,16.0,9.8,10.0,0.6,1861.0,1861.0,3652.5,2308.5,16.0,801.0,10.0,0.6,1860.0,1860.0,3650.0,2310.0,16.0,800.0,10.0,0.6
1887,9,126.3,28.6,27.8,27.8,28.3,27.88,9.0,0.49,12.0,0.4,28.46,28.9,29.4,28.93,9.0,0.57,12.0,0.4,21.78,21.91,21.92,21.86,5.0,0.08,12.0,0.2,84.4,87.4,87.4,86.2,5.0,1.6,12.0,0.2,0.3,0.7,6.7,12.3,12.3,10.1,9.0,2.73,12.0,0.4,0.0,0.0,0.0,0.0,9.0,0.0,12.0,0.4,6.7,12.3,12.3,10.1,9.0,2.73,12.0,0.4,1006.44,1006.8,1008.32,1007.21,8.0,1.39,12.0,0.4,3.0,3.5,5.0,3.9,8.0,1.0,12.0,0.4,84.4,87.4,87.4,86.2,5.0,1.6,12.0,0.2,0.3,0.7,0.0,0.0,0.0,0.0,9.0,0.0,12.0,0.4,44.9,151.3,151.3,108.6,9.0,52.2,12.0,0.4,-1.1,-1.1,-1.0,-1.06,9.0,0.28,12.0,0.4,-13.5,-13.5,-6.7,-11.1,9.0,5.0,12.0,0.4,1.62,1.63,2.01,1.82,5.0,0.36,12.0,0.2,20.0,20.0,24.7,22.4,5.0,4.5,12.0,0.2,0.0,0.0,0.0,0.0,9.0,0.0,12.0,0.4,196.7,355.5,360.0,292.4,9.0,80.2,12.0,0.4,0.0,0.0,0.0,0.0,5.0,0.0,12.0,0.2,267.9,269.5,269.6,268.9,5.0,1.0,12.0,0.2,0.0,0.0,0.0,0.0,5.0,0.0,12.0,0.2,20.0,20.0,24.7,22.4,5.0,4.5,12.0,0.2,301.0,1861.0,1861.0,1223.5,9.0,771.5,12.0,0.4,300.0,1860.0,1860.0,1225.0,9.0,770.0,12.0,0.4
1887,9,126.3,30.6,25.8,26.8,28.06,26.93,4.0,1.31,18.0,0.5,25.28,27.35,29.16,27.23,4.0,2.27,18.0,0.5,21.92,21.92,21.92,21.92,1.0,0.0,12.0,1.0,87.4,87.4,87.4,87.4,1.0,0.0,12.0,1.0,0.9,0.0,3.23,4.6,4.6,3.93,3.0,1.15,18.0,0.3,-2.31,2.6,3.97,0.87,3.0,4.84,18.0,0.3,0.0,0.0,0.0,0.0,3.0,0.0,18.0,0.3,1008.27,1012.3,1012.3,1010.33,3.0,3.41,20.0,0.3,2.0,2.5,5.1,3.5,4.0,2.4,18.0,0.5,87.4,87.4,87.4,87.4,1.0,0.0,12.0,1.0,0.9,0.0,-12.3,6.8,16.6,2.3,3.0,21.5,18.0,0.3,0.0,0.0,0.0,0.0,3.0,0.0,18.0,0.3,,,,,,,,,,,,,,,,,,,,,,,,,,,,,,,,,,,,,,,,,,,,,,,,,,,,,,,,,,,,,,,,,,,,,,,,,,,,,,,,,,,,,,,,,,,,,,,,
1887,9,128.3,-45.4,8.3,8.3,8.9,8.57,9.0,0.32,28.0,0.4,9.2,10.0,10.6,9.96,9.0,0.66,28.0,0.4,5.63,5.92,6.05,5.93,8.0,0.29,28.0,0.4,73.7,77.0,85.4,79.2,8.0,6.9,28.0,0.4,0.5,0.4,4.6,4.6,4.6,4.6,9.0,0.0,28.0,0.4,2.57,4.27,4.27,3.75,9.0,1.02,28.0,0.4,-3.51,-1.72,-1.72,-2.27,9.0,1.08,28.0,0.4,1016.9,1017.3,1017.9,1017.37,9.0,0.44,28.0,0.4,6.0,6.0,6.0,5.9,9.0,0.3,28.0,0.4,73.7,77.0,85.4,79.2,8.0,6.9,28.0,0.4,0.5,0.4,11.8,19.6,19.6,17.2,9.0,4.7,28.0,0.4,-16.1,-7.9,-7.9,-10.4,9.0,5.0,28.0,0.4,-2.3,-1.7,-0.3,-1.39,9.0,0.92,28.0,0.4,-10.6,-7.8,-1.4,-6.4,9.0,4.2,28.0,0.4,0.73,0.96,1.13,0.96,8.0,0.26,28.0,0.4,3.4,4.4,5.2,4.4,8.0,1.2,28.0,0.4,24.1,42.7,45.2,37.9,9.0,11.7,28.0,0.4,-32.0,-18.3,-17.2,-22.0,9.0,8.6,28.0,0.4,13.9,24.3,25.7,21.7,8.0,5.9,28.0,0.4,-23.6,-10.2,-9.7,-14.0,8.0,7.5,28.0,0.4,2.0,4.0,4.8,3.7,8.0,1.6,28.0,0.4,-2.4,-1.8,-1.6,-2.1,8.0,0.9,28.0,0.4,97.5,97.5,97.5,97.5,9.0,0.0,28.0,0.4,95.0,95.0,95.0,95.0,9.0,0.0,28.0,0.4
1887,9,128.3,-41.4,,,,,,,,,,,,,,,,,,,,,,,,,,,,,,,,,,,6.7,6.7,6.7,6.7,1.0,0.0,22.0,0.0,6.47,6.47,6.47,6.47,1.0,0.0,22.0,0.0,1.73,1.73,1.73,1.73,1.0,0.0,22.0,0.0,1007.8,1007.8,1007.8,1007.8,1.0,0.0,22.0,0.0,,,,,,,,,,,,,,,,,,,,,,,,,,,,,,,,,,,,,,,,,,,,,,,,,,,,,,,,,,,,,,,,,,,,,,,,,,,,,,,,,,,,,,,,,,,,,,,,,,,,,,,,,,,,,,,,,,,,,,,,,,,,,,,,,,
1887,9,128.3,-35.4,,,,,,,,,,,,,,,,,,,,,,,,,,,,,,,,,,,2.6,8.45,19.0,10.02,6.0,7.82,22.0,0.5,0.3,5.29,15.37,6.71,6.0,7.74,22.0,0.5,2.43,5.95,11.17,6.51,6.0,4.1,22.0,0.5,1008.04,1009.6,1021.23,1013.7,5.0,7.19,22.0,0.4,,,,,,,,,,,,,,,,,,,,,,,,,,,,,,,,,,,,,,,,,,,,,,,,,,,,,,,,,,,,,,,,,,,,,,,,,,,,,,,,,,,,,,,,,,,,,,,,,,,,,,,,,,,,,,,,,,,,,,,,,,,,,,,,,,
1887,9,128.3,-9.4,,,,,,,,,,,,,,,,,,,,,,,,,,,,,,,,,,,2.52,2.6,2.7,2.66,7.0,1.04,6.0,0.9,0.37,1.02,1.87,1.22,7.0,0.86,6.0,0.9,0.97,1.84,2.5,2.14,7.0,1.24,6.0,0.9,1009.27,1011.3,1012.56,1011.27,7.0,1.78,6.0,0.9,,,,,,,,,,,,,,,,,,,,,,,,,,,,,,,,,,,,,,,,,,,,,,,,,,,,,,,,,,,,,,,,,,,,,,,,,,,,,,,,,,,,,,,,,,,,,,,,,,,,,,,,,,,,,,,,,,,,,,,,,,,,,,,,,,
1887,9,128.3,22.6,28.3,28.3,28.3,28.3,1.0,0.0,10.0,1.0,28.3,28.3,28.3,28.3,1.0,0.0,10.0,1.0,21.43,21.43,21.43,21.43,1.0,0.0,10.0,1.0,88.4,88.4,88.4,88.4,1.0,0.0,10.0,1.0,0.0,1.0,,,,,,,,,,,,,,,,,,,,,,,,,,,,,,,,,,,,,,,,,,,,,,,,,,,,,,,,,,,,,,,,,,,,,,,,,,,,,,,,,,,,,,,,,,,,,,,,,,,,,,,,,,,,,,,,,,,,,,,,,,,,,,,,,,,,,,,,,,,,,,,,,,,,,,,,,,,,,,,,,,
1887,9,128.3,24.6,28.3,28.3,28.3,28.3,4.0,0.0,10.0,0.3,28.9,29.15,29.4,29.15,4.0,0.29,10.0,0.3,21.46,21.8,21.89,21.68,4.0,0.35,10.0,0.3,84.4,84.4,86.0,85.2,4.0,1.5,10.0,0.3,0.4,0.1,12.3,12.3,12.3,12.3,3.0,0.0,10.0,0.0,-12.3,-12.3,-12.3,-12.3,3.0,0.0,10.0,0.0,0.0,0.0,0.0,0.0,3.0,0.0,10.0,0.0,1004.74,1005.05,1005.78,1005.25,4.0,0.81,10.0,0.3,3.0,4.0,4.0,3.5,4.0,1.0,10.0,0.3,84.4,84.4,86.0,85.2,4.0,1.5,10.0,0.3,0.4,0.1,-151.3,-151.3,-151.3,-151.3,3.0,0.0,10.0,0.0,0.0,0.0,0.0,0.0,3.0,0.0,10.0,0.0,-1.1,-0.85,-0.6,-0.85,4.0,0.29,10.0,0.3,-13.5,-13.5,-9.3,-11.5,3.0,3.6,10.0,0.0,2.4,2.46,2.8,2.59,4.0,0.35,10.0,0.3,29.2,30.3,30.3,29.8,3.0,0.9,10.0,0.0,-361.6,-361.6,-357.4,-359.6,3.0,3.6,10.0,0.0,0.0,0.0,0.0,0.0,3.0,0.0,10.0,0.0,-269.5,-268.3,-268.1,-268.8,3.0,1.1,10.0,0.0,0.0,0.0,0.0,0.0,3.0,0.0,10.0,0.0,-30.3,-30.3,-29.2,-29.8,3.0,0.9,10.0,0.0,0.0,0.0,0.0,0.0,3.0,0.0,10.0,0.0,1861.0,1861.0,1861.0,1861.0,3.0,0.0,10.0,0.0,1860.0,1860.0,1860.0,1860.0,3.0,0.0,10.0,0.0
1887,9,128.3,28.6,,,,,,,,,,,,,,,,,,,,,,,,,,,,,,,,,,,9.3,9.3,9.3,9.3,2.0,0.0,14.0,0.5,6.34,6.34,6.34,6.34,2.0,0.0,14.0,0.5,6.8,6.8,6.8,6.8,2.0,0.0,14.0,0.5,1007.87,1008.25,1008.63,1008.25,2.0,0.78,14.0,0.5,,,,,,,,,,,,,,,,,,,,,,,,,,,,,,,,,,,,,,,,,,,,,,,,,,,,,,,,,,,,,,,,,,,,,,,,,,,,,,,,,,,,,,,,,,,,,,,,,,,,,,,,,,,,,,,,,,,,,,,,,,,,,,,,,,
1887,9,128.3,30.6,27.27,27.8,27.8,27.48,8.0,0.71,12.0,0.5,27.27,28.05,28.83,27.88,8.0,1.02,12.0,0.5,20.67,21.32,21.49,21.17,7.0,0.48,12.0,0.6,87.2,88.4,91.5,88.4,7.0,2.5,12.0,0.6,0.6,0.3,4.83,6.7,9.3,6.9,8.0,2.43,12.0,0.5,-2.51,0.0,2.53,-0.06,8.0,2.62,12.0,0.5,4.45,6.21,8.62,5.84,8.0,3.8,12.0,0.5,1009.14,1009.65,1010.2,1009.89,8.0,1.47,12.0,0.5,3.0,5.5,8.0,5.4,8.0,2.5,12.0,0.5,87.2,88.4,91.5,88.4,7.0,2.5,12.0,0.6,0.6,0.3,-16.8,0.0,16.5,-0.8,8.0,21.1,12.0,0.5,21.9,41.6,80.1,47.9,8.0,32.6,12.0,0.5,-1.03,-0.25,0.0,-0.4,8.0,0.48,12.0,0.5,-9.6,-1.7,0.0,-3.6,8.0,4.5,12.0,0.5,1.93,2.13,2.42,2.18,7.0,0.44,12.0,0.6,13.2,15.1,20.3,16.3,7.0,4.7,12.0,0.6,-70.9,0.0,70.1,-1.6,8.0,74.0,12.0,0.5,121.4,174.3,247.0,166.0,8.0,107.1,12.0,0.5,-54.9,0.0,54.6,-2.1,7.0,59.7,12.0,0.6,124.3,133.4,184.8,149.6,7.0,40.8,12.0,0.6,-5.5,0.0,7.9,0.3,7.0,6.6,12.0,0.6,12.3,15.1,18.7,15.2,7.0,4.3,12.0,0.6,120.0,301.0,804.5,429.0,8.0,327.5,12.0,0.5,120.0,300.0,805.0,430.0,8.0,330.0,12.0,0.5
1887,9,128.3,32.6,,,,,,,,,,,,,,,,,,,,,,,,,,,,,,,,,,,0.0,1.0,2.42,1.28,8.0,1.6,14.0,0.5,0.0,0.28,0.71,0.01,8.0,2.02,14.0,0.5,-0.71,0.0,0.0,-0.18,8.0,0.56,14.0,0.5,1012.92,1013.4,1013.88,1013.4,2.0,0.99,24.0,1.0,,,,,,,,,,,,,,,,,,,,,,,,,,,,,,,,,,,,,,,,,,,,,,,,,,,,,,,,,,,,,,,,,,,,,,,,,,,,,,,,,,,,,,,,,,,,,,,,,,,,,,,,,,,,,,,,,,,,,,,,,,,,,,,,,,
1887,9,130.3,-45.4,8.3,8.3,8.3,8.3,6.0,0.0,28.0,0.3,9.3,9.7,10.12,9.72,6.0,0.6,28.0,0.3,5.76,5.94,6.1,5.94,6.0,0.24,28.0,0.3,74.0,80.2,86.2,80.2,6.0,5.6,28.0,0.3,0.4,0.3,4.6,4.6,4.6,4.6,6.0,0.0,28.0,0.3,2.55,3.56,3.86,2.99,6.0,1.57,28.0,0.3,-3.53,-2.88,-2.51,-3.1,6.0,0.82,28.0,0.3,1017.78,1017.9,1017.9,1017.8,6.0,0.24,28.0,0.3,4.6,5.0,6.0,5.0,6.0,1.1,28.0,0.3,74.0,80.2,86.2,80.2,6.0,5.6,28.0,0.3,0.4,0.3,11.7,16.4,17.7,13.7,6.0,7.2,28.0,0.3,-16.2,-13.2,-11.5,-14.3,6.0,3.8,28.0,0.3,-1.82,-1.4,-1.0,-1.42,6.0,0.6,28.0,0.3,-8.4,-6.4,-4.6,-6.5,6.0,2.8,28.0,0.3,0.65,0.8,0.99,0.81,6.0,0.24,28.0,0.3,3.0,3.7,4.5,3.7,6.0,1.1,28.0,0.3,23.9,33.4,39.1,29.2,6.0,15.5,28.0,0.3,-34.7,-28.6,-24.5,-30.0,6.0,7.4,28.0,0.3,14.2,20.7,23.3,17.5,6.0,9.3,28.0,0.3,-21.1,-16.7,-15.0,-18.5,6.0,5.4,28.0,0.3,2.1,2.8,3.7,2.6,6.0,1.4,28.0,0.3,-3.1,-2.2,-1.8,-2.4,6.0,0.8,28.0,0.3,97.5,97.5,97.5,97.5,6.0,0.0,28.0,0.3,95.0,95.0,95.0,95.0,6.0,0.0,28.0,0.3
1887,9,130.3,-41.4,,,,,,,,,,,,,,,,,,,,,,,,,,,,,,,,,,,5.85,6.7,6.7,6.02,6.0,1.67,22.0,0.7,2.42,6.47,6.52,5.07,6.0,2.27,22.0,0.7,-1.34,1.04,1.73,-0.15,6.0,3.19,22.0,0.7,1001.01,1011.9,1013.47,1009.15,8.0,6.93,22.0,0.8,,,,,,,,,,,,,,,,,,,,,,,,,,,,,,,,,,,,,,,,,,,,,,,,,,,,,,,,,,,,,,,,,,,,,,,,,,,,,,,,,,,,,,,,,,,,,,,,,,,,,,,,,,,,,,,,,,,,,,,,,,,,,,,,,,
1887,9,130.3,-35.4,,,,,,,,,,,,,,,,,,,,,,,,,,,,,,,,,,,2.6,15.4,19.0,12.33,6.0,7.71,22.0,0.8,1.11,11.67,15.37,9.37,6.0,6.65,22.0,0.8,2.38,9.97,11.17,7.83,6.0,4.31,22.0,0.8,1001.69,1004.9,1022.42,1010.64,5.0,11.08,22.0,0.8,,,,,,,,,,,,,,,,,,,,,,,,,,,,,,,,,,,,,,,,,,,,,,,,,,,,,,,,,,,,,,,,,,,,,,,,,,,,,,,,,,,,,,,,,,,,,,,,,,,,,,,,,,,,,,,,,,,,,,,,,,,,,,,,,,
1887,9,130.3,-9.4,,,,,,,,,,,,,,,,,,,,,,,,,,,,,,,,,,,2.27,2.6,2.6,2.33,6.0,0.65,4.0,0.5,0.0,0.7,1.19,0.71,6.0,0.72,4.0,0.5,1.65,2.39,2.6,2.12,6.0,0.65,4.0,0.5,1009.13,1010.2,1011.97,1010.43,6.0,1.55,4.0,0.5,,,,,,,,,,,,,,,,,,,,,,,,,,,,,,,,,,,,,,,,,,,,,,,,,,,,,,,,,,,,,,,,,,,,,,,,,,,,,,,,,,,,,,,,,,,,,,,,,,,,,,,,,,,,,,,,,,,,,,,,,,,,,,,,,,
1887,9,130.3,24.6,28.3,28.3,28.3,28.3,12.0,0.0,8.0,0.5,28.3,28.6,29.03,28.68,12.0,0.44,8.0,0.5,21.8,21.97,22.12,21.95,12.0,0.17,8.0,0.5,86.7,89.5,91.6,89.0,12.0,2.9,8.0,0.5,0.7,0.4,11.54,12.3,12.3,11.8,12.0,1.17,8.0,0.5,-12.3,-12.3,-11.54,-11.8,12.0,1.17,8.0,0.5,0.0,0.0,0.0,0.0,12.0,0.0,8.0,0.5,1007.9,1009.65,1011.23,1009.68,12.0,1.52,8.0,0.5,3.7,4.0,5.3,4.3,12.0,1.0,8.0,0.5,86.7,89.5,91.6,89.0,12.0,2.9,8.0,0.5,0.7,0.4,-151.3,-151.3,-134.8,-140.5,12.0,25.2,8.0,0.5,0.0,0.0,0.0,0.0,12.0,0.0,8.0,0.5,-0.73,-0.3,0.0,-0.38,12.0,0.44,8.0,0.5,-8.9,-3.7,0.0,-4.7,12.0,5.4,8.0,0.5,2.06,2.19,2.36,2.21,12.0,0.17,8.0,0.5,23.7,27.0,29.0,26.2,12.0,3.8,8.0,0.5,-357.0,-351.8,-326.5,-338.7,12.0,35.6,8.0,0.5,0.0,0.0,0.0,0.0,12.0,0.0,8.0,0.5,-272.1,-268.6,-251.0,-259.0,12.0,25.1,8.0,0.5,0.0,0.0,0.0,0.0,12.0,0.0,8.0,0.5,-29.0,-27.0,-23.7,-26.2,12.0,3.8,8.0,0.5,0.0,0.0,0.0,0.0,12.0,0.0,8.0,0.5,1592.0,1861.0,1861.0,1685.0,12.0,411.0,8.0,0.5,1590.0,1860.0,1860.0,1685.0,12.0,410.0,8.0,0.5
1887,9,130.3,28.6,,,,,,,,,,,,,,,,,,,,,,,,,,,,,,,,,,,9.3,9.3,9.3,9.3,1.0,0.0,14.0,0.0,6.58,6.58,6.58,6.58,1.0,0.0,14.0,0.0,6.58,6.58,6.58,6.58,1.0,0.0,14.0,0.0,1008.1,1008.1,1008.1,1008.1,1.0,0.0,14.0,0.0,,,,,,,,,,,,,,,,,,,,,,,,,,,,,,,,,,,,,,,,,,,,,,,,,,,,,,,,,,,,,,,,,,,,,,,,,,,,,,,,,,,,,,,,,,,,,,,,,,,,,,,,,,,,,,,,,,,,,,,,,,,,,,,,,,
1887,9,130.3,42.6,,,,,,,,,,,,,,,,,,,,,,,,,,,,,,,,,,,1.0,1.0,1.0,1.0,1.0,0.0,4.0,1.0,0.71,0.71,0.71,0.71,1.0,0.0,4.0,1.0,-0.71,-0.71,-0.71,-0.71,1.0,0.0,4.0,1.0,1010.1,1010.1,1010.1,1010.1,1.0,0.0,4.0,1.0,,,,,,,,,,,,,,,,,,,,,,,,,,,,,,,,,,,,,,,,,,,,,,,,,,,,,,,,,,,,,,,,,,,,,,,,,,,,,,,,,,,,,,,,,,,,,,,,,,,,,,,,,,,,,,,,,,,,,,,,,,,,,,,,,,
1887,9,132.3,-45.4,8.3,8.3,8.9,8.47,7.0,0.29,28.0,0.7,9.4,10.0,11.1,10.14,7.0,0.79,28.0,0.7,6.29,6.31,6.6,6.42,7.0,0.24,28.0,0.7,80.6,85.7,86.7,83.9,7.0,3.3,28.0,0.7,0.5,0.4,4.6,6.7,6.7,5.8,7.0,1.12,28.0,0.7,-0.23,-0.23,-0.16,-0.2,7.0,0.04,28.0,0.7,-6.7,-6.7,-4.6,-5.8,7.0,1.12,28.0,0.7,1013.88,1015.6,1016.31,1015.2,7.0,1.21,28.0,0.7,6.0,6.0,6.0,6.0,7.0,0.6,28.0,0.7,80.6,85.7,86.7,83.9,7.0,3.3,28.0,0.7,0.5,0.4,-1.6,-1.6,-0.7,-1.2,7.0,0.4,28.0,0.7,-44.9,-44.9,-21.1,-34.7,7.0,12.7,28.0,0.7,-2.2,-1.7,-1.1,-1.67,7.0,0.57,28.0,0.7,-14.8,-7.8,-5.1,-10.0,7.0,4.7,28.0,0.7,0.43,0.45,0.48,0.42,7.0,0.21,28.0,0.7,2.0,3.0,3.1,2.4,7.0,1.2,28.0,0.7,-2.6,-2.2,-1.5,-2.1,7.0,0.5,28.0,0.7,-74.3,-62.9,-43.2,-59.3,7.0,14.7,28.0,0.7,-1.5,-1.5,-1.0,-1.3,7.0,0.3,28.0,0.7,-44.2,-42.3,-28.9,-37.4,7.0,8.3,28.0,0.7,-0.1,-0.1,-0.1,-0.1,7.0,0.0,28.0,0.7,-3.1,-3.0,-2.0,-2.4,7.0,1.2,28.0,0.7,97.5,301.0,301.0,213.5,7.0,108.5,28.0,0.7,95.0,300.0,300.0,215.0,7.0,110.0,28.0,0.7
1887,9,132.3,-41.4,,,,,,,,,,,,,,,,,,,,,,,,,,,,,,,,,,,6.7,6.7,9.92,8.07,6.0,2.32,22.0,0.5,-8.22,-4.86,-3.24,-4.98,6.0,4.26,22.0,0.5,-6.35,-4.97,-4.69,-5.37,6.0,0.96,22.0,0.5,1006.24,1009.45,1011.5,1008.8,6.0,2.89,22.0,0.5,,,,,,,,,,,,,,,,,,,,,,,,,,,,,,,,,,,,,,,,,,,,,,,,,,,,,,,,,,,,,,,,,,,,,,,,,,,,,,,,,,,,,,,,,,,,,,,,,,,,,,,,,,,,,,,,,,,,,,,,,,,,,,,,,,
1887,9,132.3,-35.4,,,,,,,,,,,,,,,,,,,,,,,,,,,,,,,,,,,10.73,19.0,22.6,16.44,5.0,8.29,22.0,0.2,-0.16,11.17,18.68,9.51,5.0,9.86,22.0,0.2,-15.27,-11.64,6.33,-5.32,5.0,12.68,22.0,0.2,993.89,995.8,1023.02,1004.2,6.0,14.77,22.0,0.2,,,,,,,,,,,,,,,,,,,,,,,,,,,,,,,,,,,,,,,,,,,,,,,,,,,,,,,,,,,,,,,,,,,,,,,,,,,,,,,,,,,,,,,,,,,,,,,,,,,,,,,,,,,,,,,,,,,,,,,,,,,,,,,,,,
1887,9,132.3,-9.4,,,,,,,,,,,,,,,,,,,,,,,,,,,,,,,,,,,2.27,3.6,4.6,3.33,6.0,1.51,4.0,0.5,-0.92,0.51,1.18,0.23,6.0,1.3,4.0,0.5,2.05,3.31,4.33,3.1,6.0,1.52,4.0,0.5,1010.03,1011.55,1012.37,1011.37,6.0,1.42,4.0,0.5,,,,,,,,,,,,,,,,,,,,,,,,,,,,,,,,,,,,,,,,,,,,,,,,,,,,,,,,,,,,,,,,,,,,,,,,,,,,,,,,,,,,,,,,,,,,,,,,,,,,,,,,,,,,,,,,,,,,,,,,,,,,,,,,,,
1887,9,132.3,26.6,28.3,28.3,28.9,28.57,22.0,0.31,6.0,0.5,27.8,28.6,29.03,28.61,12.0,0.68,8.0,0.6,18.57,19.04,19.39,19.13,12.0,0.56,8.0,0.6,76.7,78.3,80.4,78.4,12.0,1.7,8.0,0.6,0.8,0.6,4.6,12.3,12.3,9.51,22.0,3.74,6.0,0.5,-12.3,-12.19,-2.82,-8.5,22.0,4.74,6.0,0.5,0.0,0.0,4.12,1.56,22.0,2.83,6.0,0.5,1012.97,1014.65,1016.35,1014.63,12.0,1.62,8.0,0.6,2.0,4.0,5.0,3.8,22.0,1.5,6.0,0.5,76.7,78.3,80.4,78.4,12.0,1.7,8.0,0.6,0.8,0.6,-151.3,-149.9,-10.3,-96.2,22.0,65.5,6.0,0.5,0.0,0.0,21.2,12.9,22.0,30.7,6.0,0.5,-0.73,-0.3,0.5,-0.31,12.0,0.68,8.0,0.6,-8.9,-2.8,6.2,-3.6,12.0,8.4,8.0,0.6,4.69,5.0,5.5,4.92,12.0,0.55,8.0,0.6,52.5,60.1,67.6,59.2,12.0,7.8,8.0,0.6,-357.0,-348.1,-341.9,-344.7,12.0,25.3,8.0,0.6,0.0,0.0,0.0,0.0,12.0,0.0,8.0,0.6,-238.5,-234.2,-227.2,-230.6,12.0,18.3,8.0,0.6,0.0,0.0,0.0,0.0,12.0,0.0,8.0,0.6,-67.6,-60.1,-52.5,-59.2,12.0,7.8,8.0,0.6,0.0,0.0,0.0,0.0,12.0,0.0,8.0,0.6,97.5,1861.0,1861.0,1206.5,22.0,833.5,6.0,0.5,95.0,1860.0,1860.0,1205.0,22.0,835.0,6.0,0.5
1887,9,132.3,30.6,27.8,28.3,28.3,28.14,14.0,0.35,10.0,0.6,27.8,27.8,29.19,28.29,9.0,0.9,12.0,0.7,21.06,21.42,21.61,21.45,6.0,0.48,12.0,0.5,84.4,91.6,92.4,89.8,6.0,4.5,12.0,0.5,0.4,0.6,3.77,4.6,12.3,7.47,11.0,4.43,10.0,0.6,-11.4,3.81,6.34,0.27,11.0,8.47,10.0,0.6,-4.61,0.97,1.72,-0.48,11.0,3.01,10.0,0.6,1008.42,1010.65,1011.5,1010.18,8.0,1.63,12.0,0.6,3.2,6.0,6.0,5.4,14.0,1.3,10.0,0.6,84.4,91.6,92.4,89.8,6.0,4.5,12.0,0.5,0.4,0.6,-140.3,17.5,47.2,-21.7,11.0,99.5,10.0,0.6,-56.7,2.5,7.9,-14.7,11.0,35.1,10.0,0.6,-0.89,0.0,0.37,-0.19,9.0,0.68,12.0,0.7,-8.4,-0.8,0.0,-2.4,8.0,4.4,12.0,0.6,1.96,2.0,3.09,2.33,6.0,0.59,12.0,0.5,8.0,8.7,9.2,8.7,6.0,0.6,12.0,0.5,73.7,118.6,255.4,143.5,8.0,82.7,12.0,0.6,3.1,38.0,47.9,33.9,8.0,25.0,12.0,0.6,50.8,86.5,92.2,76.9,6.0,20.7,12.0,0.5,20.5,36.9,41.9,34.7,6.0,13.0,12.0,0.5,7.5,7.6,8.5,7.9,6.0,0.5,12.0,0.5,3.0,3.3,3.8,3.5,6.0,0.8,12.0,0.5,64.5,97.5,1861.0,855.0,11.0,1164.0,10.0,0.6,65.0,95.0,1860.0,855.0,11.0,1165.0,10.0,0.6
1887,9,132.3,32.6,24.4,27.8,27.98,26.54,5.0,1.96,8.0,0.8,27.39,27.8,28.55,27.97,3.0,0.86,8.0,1.0,19.92,19.92,19.92,19.92,1.0,0.0,12.0,1.0,80.0,80.0,80.0,80.0,1.0,0.0,12.0,1.0,0.8,0.1,1.46,4.6,4.6,3.07,3.0,2.66,8.0,1.0,0.0,0.0,2.22,1.08,3.0,1.88,8.0,1.0,1.03,3.25,4.17,2.62,3.0,2.36,8.0,1.0,1011.9,1011.9,1011.9,1011.9,1.0,0.0,12.0,1.0,3.0,6.0,6.4,5.0,5.0,1.9,8.0,0.8,80.0,80.0,80.0,80.0,1.0,0.0,12.0,1.0,0.8,0.1,0.0,0.0,10.2,5.0,3.0,8.6,8.0,1.0,4.7,15.0,19.2,12.0,3.0,10.9,8.0,1.0,-3.21,-2.8,-1.64,-2.43,3.0,1.19,8.0,1.0,-10.4,-5.1,-1.6,-6.0,3.0,6.5,8.0,1.0,3.49,3.49,3.49,3.49,1.0,0.0,12.0,1.0,16.1,16.1,16.1,16.1,1.0,0.0,12.0,1.0,0.0,0.0,64.2,31.3,3.0,54.3,8.0,1.0,29.8,94.0,115.2,73.0,3.0,65.1,8.0,1.0,64.8,64.8,64.8,64.8,1.0,0.0,12.0,1.0,64.8,64.8,64.8,64.8,1.0,0.0,12.0,1.0,11.4,11.4,11.4,11.4,1.0,0.0,12.0,1.0,11.4,11.4,11.4,11.4,1.0,0.0,12.0,1.0,31.0,97.5,97.5,65.0,3.0,56.0,8.0,1.0,30.0,95.0,95.0,65.0,3.0,55.0,8.0,1.0
1887,9,134.3,-45.4,8.9,8.9,8.9,8.9,4.0,0.0,30.0,0.0,10.29,10.6,10.6,10.45,4.0,0.3,30.0,0.0,6.33,6.47,6.69,6.51,4.0,0.22,30.0,0.0,80.0,82.8,86.3,83.1,4.0,3.6,30.0,0.0,0.4,0.3,6.7,6.7,6.7,6.7,4.0,0.0,30.0,0.0,-0.96,-0.23,-0.23,-0.58,4.0,0.69,30.0,0.0,-6.7,-6.7,-6.59,-6.65,4.0,0.1,30.0,0.0,1012.34,1012.85,1013.2,1012.78,4.0,0.51,30.0,0.0,6.0,6.0,6.0,6.0,4.0,0.0,30.0,0.0,80.0,82.8,86.3,83.1,4.0,3.6,30.0,0.0,0.4,0.3,-6.4,-1.6,-1.6,-3.9,4.0,4.6,30.0,0.0,-44.9,-44.9,-44.2,-44.5,4.0,0.7,30.0,0.0,-1.7,-1.7,-1.39,-1.55,4.0,0.3,30.0,0.0,-11.4,-11.4,-9.3,-10.4,4.0,2.0,30.0,0.0,0.37,0.6,0.73,0.55,4.0,0.22,30.0,0.0,2.5,4.0,4.9,3.7,4.0,1.5,30.0,0.0,-10.2,-2.5,-2.4,-6.1,4.0,7.4,30.0,0.0,-71.0,-69.9,-67.9,-69.5,4.0,1.9,30.0,0.0,-6.1,-1.6,-1.5,-3.7,4.0,4.4,30.0,0.0,-44.8,-43.3,-41.7,-43.3,4.0,1.9,30.0,0.0,-0.7,-0.1,-0.1,-0.4,4.0,0.5,30.0,0.0,-4.8,-3.9,-2.5,-3.7,4.0,1.4,30.0,0.0,301.0,301.0,301.0,301.0,4.0,0.0,30.0,0.0,300.0,300.0,300.0,300.0,4.0,0.0,30.0,0.0
1887,9,134.3,-43.4,,,,,,,,,,,,,,,,,,,,,,,,,,,,,,,,,,,9.78,10.8,11.82,10.8,2.0,2.12,24.0,0.0,-5.79,-3.44,-1.09,-3.44,2.0,4.86,24.0,0.0,9.44,9.75,10.05,9.75,2.0,0.63,24.0,0.0,1001.32,1004.05,1010.94,1005.47,6.0,4.82,24.0,0.5,,,,,,,,,,,,,,,,,,,,,,,,,,,,,,,,,,,,,,,,,,,,,,,,,,,,,,,,,,,,,,,,,,,,,,,,,,,,,,,,,,,,,,,,,,,,,,,,,,,,,,,,,,,,,,,,,,,,,,,,,,,,,,,,,,
1887,9,134.3,-41.4,,,,,,,,,,,,,,,,,,,,,,,,,,,,,,,,,,,6.7,6.7,7.65,7.22,5.0,1.16,24.0,0.8,1.66,4.74,7.65,4.67,5.0,3.59,24.0,0.8,0.0,4.74,6.36,3.52,5.0,3.29,24.0,0.8,1013.83,1017.3,1019.28,1016.62,5.0,3.02,24.0,0.8,,,,,,,,,,,,,,,,,,,,,,,,,,,,,,,,,,,,,,,,,,,,,,,,,,,,,,,,,,,,,,,,,,,,,,,,,,,,,,,,,,,,,,,,,,,,,,,,,,,,,,,,,,,,,,,,,,,,,,,,,,,,,,,,,,
1887,9,134.3,-35.4,,,,,,,,,,,,,,,,,,,,,,,,,,,,,,,,,,,2.6,9.3,12.3,7.82,5.0,4.92,22.0,1.0,-10.71,-7.8,-0.09,-5.93,5.0,5.51,22.0,1.0,-5.66,-4.61,-2.6,-4.31,5.0,1.75,22.0,1.0,1003.13,1017.1,1025.2,1014.3,4.0,13.39,22.0,1.0,,,,,,,,,,,,,,,,,,,,,,,,,,,,,,,,,,,,,,,,,,,,,,,,,,,,,,,,,,,,,,,,,,,,,,,,,,,,,,,,,,,,,,,,,,,,,,,,,,,,,,,,,,,,,,,,,,,,,,,,,,,,,,,,,,
1887,9,134.3,-9.4,,,,,,,,,,,,,,,,,,,,,,,,,,,,,,,,,,,4.6,4.6,4.6,4.6,6.0,0.0,2.0,0.5,-3.46,-3.25,-3.25,-3.42,6.0,0.4,2.0,0.5,2.95,3.25,3.25,3.01,6.0,0.59,2.0,0.5,1011.23,1012.8,1013.47,1012.45,6.0,1.39,2.0,0.5,,,,,,,,,,,,,,,,,,,,,,,,,,,,,,,,,,,,,,,,,,,,,,,,,,,,,,,,,,,,,,,,,,,,,,,,,,,,,,,,,,,,,,,,,,,,,,,,,,,,,,,,,,,,,,,,,,,,,,,,,,,,,,,,,,
1887,9,134.3,28.6,28.3,28.3,28.3,28.3,12.0,0.0,6.0,0.6,27.2,27.8,29.55,28.23,12.0,1.08,6.0,0.6,17.68,18.07,19.78,18.58,12.0,1.1,6.0,0.6,76.4,78.3,79.3,78.0,12.0,1.6,6.0,0.6,0.8,0.8,2.6,4.6,6.7,5.03,12.0,2.21,6.0,0.6,-6.7,-4.6,-1.84,-4.77,12.0,2.52,6.0,0.6,-1.84,0.0,0.0,-0.61,12.0,0.91,6.0,0.6,1017.95,1018.45,1018.53,1018.28,12.0,0.39,6.0,0.6,2.0,3.0,4.5,3.3,12.0,1.4,6.0,0.6,76.4,78.3,79.3,78.0,12.0,1.6,6.0,0.6,0.8,0.8,-44.9,-21.2,-4.8,-29.1,12.0,24.9,6.0,0.6,-4.8,0.0,0.0,-1.6,12.0,2.4,6.0,0.6,-1.25,0.5,1.1,0.07,12.0,1.08,6.0,0.6,-8.4,1.3,5.1,-1.2,12.0,7.0,6.0,0.6,4.19,5.89,6.27,5.38,12.0,1.09,6.0,0.6,16.6,28.6,33.2,25.4,12.0,8.1,6.0,0.6,-198.0,-125.1,-51.1,-136.4,12.0,75.9,6.0,0.6,-51.1,0.0,0.0,-17.0,12.0,25.1,6.0,0.6,-132.5,-81.6,-32.5,-90.4,12.0,51.8,6.0,0.6,-32.3,0.0,0.0,-11.0,12.0,16.3,6.0,0.6,-33.2,-28.6,-11.7,-23.9,12.0,10.1,6.0,0.6,-11.5,0.0,0.0,-3.7,12.0,5.5,6.0,0.6,17.5,97.5,301.0,197.5,12.0,227.5,6.0,0.6,20.0,95.0,300.0,195.0,12.0,230.0,6.0,0.6
1887,9,134.3,32.6,25.6,26.7,27.25,26.43,17.0,0.91,10.0,0.5,26.36,27.8,29.33,27.23,12.0,3.06,12.0,0.4,20.3,20.4,20.66,20.41,6.0,0.27,10.0,0.5,85.8,87.3,91.5,87.5,6.0,4.2,10.0,0.5,0.6,0.4,2.6,4.6,9.8,5.97,15.0,3.65,10.0,0.5,-6.23,1.84,4.41,0.17,15.0,6.08,10.0,0.5,0.0,1.0,3.25,0.71,15.0,3.73,10.0,0.5,1006.53,1011.9,1011.9,1010.29,8.0,2.67,12.0,0.4,2.0,3.0,5.5,3.4,17.0,1.7,10.0,0.5,85.8,87.3,91.5,87.5,6.0,4.2,10.0,0.5,0.6,0.4,-39.6,4.8,28.0,-3.8,15.0,62.8,10.0,0.5,0.0,2.5,25.8,2.7,15.0,34.1,10.0,0.5,-2.63,-1.35,0.56,-0.9,12.0,2.55,12.0,0.4,-7.5,-4.2,6.1,1.4,11.0,17.4,12.0,0.5,-0.12,0.12,3.11,1.08,6.0,1.69,10.0,0.5,-0.3,0.6,14.3,5.1,6.0,7.7,10.0,0.5,30.0,65.6,120.9,88.6,11.0,83.2,12.0,0.5,-31.2,51.1,109.6,31.0,11.0,99.8,12.0,0.5,47.2,57.3,72.6,60.8,6.0,20.6,10.0,0.5,20.1,51.1,72.6,50.9,6.0,30.3,10.0,0.5,-0.3,0.4,10.1,3.6,6.0,5.5,10.0,0.5,-0.1,0.4,10.1,3.6,6.0,5.4,10.0,0.5,17.5,97.5,941.0,458.0,15.0,646.5,10.0,0.5,20.0,95.0,940.0,460.0,15.0,645.0,10.0,0.5
1887,9,134.3,42.6,,,,,,,,,,,,,,,,,,,,,,,,,,,,,,,,,,,6.7,6.7,6.7,6.7,1.0,0.0,4.0,1.0,6.21,6.21,6.21,6.21,1.0,0.0,4.0,1.0,2.51,2.51,2.51,2.51,1.0,0.0,4.0,1.0,1009.2,1009.2,1009.2,1009.2,1.0,0.0,4.0,1.0,,,,,,,,,,,,,,,,,,,,,,,,,,,,,,,,,,,,,,,,,,,,,,,,,,,,,,,,,,,,,,,,,,,,,,,,,,,,,,,,,,,,,,,,,,,,,,,,,,,,,,,,,,,,,,,,,,,,,,,,,,,,,,,,,,
1887,9,136.3,-45.4,,,,,,,,,,,,,,,,,,,,,,,,,,,,,,,,,,,6.7,6.7,7.65,7.22,5.0,1.16,30.0,0.4,-3.59,-3.15,-3.15,-3.39,5.0,0.55,30.0,0.4,-6.75,-5.92,-5.92,-6.37,5.0,1.03,30.0,0.4,1011.2,1011.2,1011.5,1011.32,5.0,0.16,30.0,0.4,,,,,,,,,,,,,,,,,,,,,,,,,,,,,,,,,,,,,,,,,,,,,,,,,,,,,,,,,,,,,,,,,,,,,,,,,,,,,,,,,,,,,,,,,,,,,,,,,,,,,,,,,,,,,,,,,,,,,,,,,,,,,,,,,,
1887,9,136.3,-41.4,,,,,,,,,,,,,,,,,,,,,,,,,,,,,,,,,,,6.7,6.7,8.5,8.15,6.0,3.55,24.0,0.5,4.89,6.43,8.24,6.65,6.0,4.5,24.0,0.5,-3.32,-1.31,1.38,-0.76,6.0,4.27,24.0,0.5,1013.17,1020.15,1021.53,1016.43,6.0,9.54,24.0,0.5,,,,,,,,,,,,,,,,,,,,,,,,,,,,,,,,,,,,,,,,,,,,,,,,,,,,,,,,,,,,,,,,,,,,,,,,,,,,,,,,,,,,,,,,,,,,,,,,,,,,,,,,,,,,,,,,,,,,,,,,,,,,,,,,,,
1887,9,136.3,-35.4,,,,,,,,,,,,,,,,,,,,,,,,,,,,,,,,,,,1.76,4.65,6.7,4.25,4.0,2.9,22.0,0.3,-5.85,-2.63,-0.09,-2.96,4.0,3.35,22.0,0.3,-1.84,0.31,3.03,0.58,4.0,3.03,22.0,0.3,1014.68,1021.3,1024.88,1019.85,4.0,6.48,22.0,0.3,,,,,,,,,,,,,,,,,,,,,,,,,,,,,,,,,,,,,,,,,,,,,,,,,,,,,,,,,,,,,,,,,,,,,,,,,,,,,,,,,,,,,,,,,,,,,,,,,,,,,,,,,,,,,,,,,,,,,,,,,,,,,,,,,,
1887,9,136.3,-11.4,,,,,,,,,,,,,,,,,,,,,,,,,,,,,,,,,,,4.6,4.6,5.03,4.95,6.0,0.86,2.0,0.5,-5.03,-4.23,-4.23,-4.71,6.0,0.99,2.0,0.5,0.0,1.8,1.8,1.2,6.0,0.93,2.0,0.5,1011.68,1012.25,1012.64,1012.2,6.0,0.69,2.0,0.5,,,,,,,,,,,,,,,,,,,,,,,,,,,,,,,,,,,,,,,,,,,,,,,,,,,,,,,,,,,,,,,,,,,,,,,,,,,,,,,,,,,,,,,,,,,,,,,,,,,,,,,,,,,,,,,,,,,,,,,,,,,,,,,,,,
1887,9,136.3,30.6,28.3,28.3,28.3,28.25,10.0,0.16,6.0,0.6,25.6,25.6,26.99,26.19,10.0,0.93,6.0,0.6,16.78,16.78,17.6,17.22,10.0,0.77,6.0,0.6,79.7,82.5,82.5,81.7,10.0,1.5,6.0,0.6,0.5,0.5,6.7,9.3,12.3,9.21,10.0,2.64,6.0,0.6,-11.32,-8.56,-6.7,-8.66,10.0,2.68,6.0,0.6,0.0,1.82,4.3,1.73,10.0,2.72,6.0,0.6,1018.64,1019.0,1019.0,1018.87,10.0,0.23,6.0,0.6,3.0,4.0,5.6,4.0,10.0,1.3,6.0,0.6,79.7,82.5,82.5,81.7,10.0,1.5,6.0,0.6,0.5,0.5,-139.3,-79.6,-44.9,-86.0,10.0,45.3,6.0,0.6,0.0,16.9,48.3,20.5,10.0,26.8,6.0,0.6,1.31,2.45,2.7,2.06,10.0,0.91,6.0,0.6,8.8,25.1,30.6,20.7,10.0,11.1,6.0,0.6,6.32,6.96,7.17,6.66,10.0,0.76,6.0,0.6,43.2,66.7,84.5,62.5,10.0,21.2,6.0,0.6,-289.8,-219.2,-180.3,-224.8,10.0,65.4,6.0,0.6,0.0,46.5,110.2,43.3,10.0,71.5,6.0,0.6,-190.0,-143.6,-116.8,-147.6,10.0,42.7,6.0,0.6,0.0,30.5,72.2,28.2,10.0,47.3,6.0,0.6,-80.5,-61.4,-43.2,-58.9,10.0,20.6,6.0,0.6,0.0,13.0,30.8,13.2,10.0,18.0,6.0,0.6,301.0,804.5,1861.0,950.0,10.0,678.5,6.0,0.6,300.0,805.0,1860.0,950.0,10.0,680.0,6.0,0.6
1887,9,136.3,32.6,25.6,25.7,27.33,26.28,10.0,0.91,10.0,0.3,26.4,27.8,28.43,27.31,10.0,1.54,10.0,0.3,17.97,20.01,20.43,19.23,4.0,1.88,8.0,0.0,81.1,85.5,87.3,84.3,4.0,4.1,8.0,0.0,0.6,0.7,4.6,6.7,9.59,7.46,10.0,2.62,10.0,0.3,3.25,4.12,7.34,3.38,10.0,5.97,10.0,0.3,0.14,3.25,4.74,1.57,10.0,4.2,10.0,0.3,1006.32,1009.3,1013.39,1010.33,6.0,4.82,10.0,0.2,2.0,3.0,5.7,3.6,10.0,2.0,10.0,0.3,81.1,85.5,87.3,84.3,4.0,4.1,8.0,0.0,0.6,0.7,15.0,31.2,64.8,19.7,10.0,65.7,10.0,0.3,1.3,15.0,31.7,5.8,10.0,35.5,10.0,0.3,-2.2,-1.65,1.4,-1.03,10.0,1.89,10.0,0.3,-14.7,-9.7,13.5,-3.9,10.0,14.2,10.0,0.3,0.12,0.55,4.01,2.0,4.0,3.21,8.0,0.0,0.8,3.7,46.8,22.9,4.0,40.4,8.0,0.0,88.9,111.3,198.8,93.5,10.0,157.9,10.0,0.3,3.7,92.2,131.7,48.0,10.0,107.3,10.0,0.3,-61.9,93.2,95.1,20.1,4.0,148.5,8.0,0.0,44.3,94.8,98.5,72.5,4.0,48.4,8.0,0.0,-43.4,0.6,2.7,-19.4,4.0,42.7,8.0,0.0,0.3,0.6,2.7,1.4,4.0,2.1,8.0,0.0,97.5,301.0,882.5,560.5,10.0,558.0,10.0,0.3,95.0,300.0,885.0,560.0,10.0,560.0,10.0,0.3
1887,9,136.3,34.6,24.25,25.0,25.41,24.83,3.0,0.86,20.0,1.0,22.21,23.3,26.37,24.27,3.0,3.16,20.0,1.0,19.62,19.62,19.62,19.62,1.0,0.0,10.0,1.0,83.8,83.8,83.8,83.8,1.0,0.0,10.0,1.0,0.9,0.1,7.04,12.3,12.3,9.73,3.0,4.45,20.0,1.0,3.6,4.61,9.19,6.36,3.0,4.36,20.0,1.0,-9.31,-4.81,0.77,-4.28,3.0,7.4,20.0,1.0,1008.8,1008.8,1008.8,1008.8,1.0,0.0,10.0,1.0,2.3,3.0,3.7,3.0,3.0,1.0,20.0,1.0,83.8,83.8,83.8,83.8,1.0,0.0,10.0,1.0,0.9,0.1,27.8,56.7,113.0,70.1,3.0,63.5,20.0,1.0,-114.5,-59.1,-8.2,-61.3,3.0,77.9,20.0,1.0,-1.31,0.6,2.44,0.57,3.0,2.75,20.0,1.0,-4.6,7.4,30.0,12.6,3.0,25.8,20.0,1.0,0.97,0.97,0.97,0.97,1.0,0.0,10.0,1.0,4.5,4.5,4.5,4.5,1.0,0.0,10.0,1.0,93.6,107.4,201.8,146.8,3.0,86.3,20.0,1.0,-214.5,-104.3,30.7,-92.2,3.0,179.9,20.0,1.0,61.6,61.6,61.6,61.6,1.0,0.0,10.0,1.0,66.0,66.0,66.0,66.0,1.0,0.0,10.0,1.0,3.0,3.0,3.0,3.0,1.0,0.0,10.0,1.0,3.3,3.3,3.3,3.3,1.0,0.0,10.0,1.0,657.0,1861.0,1861.0,1273.0,3.0,1018.0,20.0,1.0,655.0,1860.0,1860.0,1275.0,3.0,1020.0,20.0,1.0
1887,9,138.3,-45.4,,,,,,,,,,,,,,,,,,,,,,,,,,,,,,,,,,,4.6,6.7,9.3,6.54,7.0,2.1,30.0,0.4,-4.37,-3.15,-2.16,-3.07,7.0,0.99,30.0,0.4,-8.21,-5.92,-4.06,-5.78,7.0,1.86,30.0,0.4,1010.5,1011.2,1013.52,1011.94,7.0,1.52,30.0,0.4,,,,,,,,,,,,,,,,,,,,,,,,,,,,,,,,,,,,,,,,,,,,,,,,,,,,,,,,,,,,,,,,,,,,,,,,,,,,,,,,,,,,,,,,,,,,,,,,,,,,,,,,,,,,,,,,,,,,,,,,,,,,,,,,,,
1887,9,138.3,-41.4,,,,,,,,,,,,,,,,,,,,,,,,,,,,,,,,,,,6.7,6.7,9.32,7.51,7.0,1.4,18.0,0.7,6.33,6.41,7.04,6.68,7.0,1.35,18.0,0.7,-4.84,1.28,1.96,-0.64,7.0,3.67,18.0,0.7,1017.64,1022.0,1023.51,1020.38,5.0,4.92,24.0,0.6,,,,,,,,,,,,,,,,,,,,,,,,,,,,,,,,,,,,,,,,,,,,,,,,,,,,,,,,,,,,,,,,,,,,,,,,,,,,,,,,,,,,,,,,,,,,,,,,,,,,,,,,,,,,,,,,,,,,,,,,,,,,,,,,,,
1887,9,138.3,-39.4,,,,,,,,,,,,,,,,,,,,,,,,,,,,,,,,,,,4.6,4.6,4.6,4.6,1.0,0.0,28.0,1.0,1.8,1.8,1.8,1.8,1.0,0.0,28.0,1.0,4.23,4.23,4.23,4.23,1.0,0.0,28.0,1.0,1021.9,1021.9,1021.9,1021.9,1.0,0.0,28.0,1.0,,,,,,,,,,,,,,,,,,,,,,,,,,,,,,,,,,,,,,,,,,,,,,,,,,,,,,,,,,,,,,,,,,,,,,,,,,,,,,,,,,,,,,,,,,,,,,,,,,,,,,,,,,,,,,,,,,,,,,,,,,,,,,,,,,
1887,9,138.3,-37.4,,,,,,,,,,,,,,,,,,,,,,,,,,,,,,,,,,,4.6,6.7,7.65,6.38,5.0,1.94,22.0,0.2,4.05,4.58,5.35,4.72,5.0,1.23,22.0,0.2,0.4,0.58,6.69,3.08,5.0,3.67,22.0,0.2,1017.55,1019.1,1026.11,1021.16,5.0,4.71,22.0,0.2,,,,,,,,,,,,,,,,,,,,,,,,,,,,,,,,,,,,,,,,,,,,,,,,,,,,,,,,,,,,,,,,,,,,,,,,,,,,,,,,,,,,,,,,,,,,,,,,,,,,,,,,,,,,,,,,,,,,,,,,,,,,,,,,,,
1887,9,138.3,-35.4,,,,,,,,,,,,,,,,,,,,,,,,,,,,,,,,,,,2.14,4.6,6.03,4.1,3.0,2.88,24.0,0.0,0.26,2.96,3.16,1.74,3.0,2.37,24.0,0.0,1.19,3.52,5.12,3.16,3.0,2.89,24.0,0.0,1021.21,1025.1,1025.85,1023.57,3.0,3.65,24.0,0.0,,,,,,,,,,,,,,,,,,,,,,,,,,,,,,,,,,,,,,,,,,,,,,,,,,,,,,,,,,,,,,,,,,,,,,,,,,,,,,,,,,,,,,,,,,,,,,,,,,,,,,,,,,,,,,,,,,,,,,,,,,,,,,,,,,
1887,9,138.3,32.6,26.7,26.7,27.8,27.12,13.0,0.51,4.0,0.5,25.6,25.6,26.1,25.83,13.0,0.26,4.0,0.5,16.76,18.5,19.31,18.37,13.0,1.15,4.0,0.5,82.1,90.3,91.8,88.8,13.0,5.6,4.0,0.5,0.5,0.7,2.6,6.7,12.3,7.43,13.0,4.3,4.0,0.5,-12.3,-4.74,-1.66,-6.67,13.0,4.99,4.0,0.5,-0.45,0.0,1.91,-0.19,13.0,2.26,4.0,0.5,1014.33,1016.5,1018.56,1016.36,13.0,1.98,4.0,0.5,4.0,4.0,8.0,5.5,13.0,1.9,4.0,0.5,82.1,90.3,91.8,88.8,13.0,5.6,4.0,0.5,0.5,0.7,-151.3,-31.7,-4.3,-69.0,13.0,68.9,4.0,0.5,-3.0,0.0,5.0,-3.5,13.0,12.8,4.0,0.5,0.6,1.1,1.75,1.28,13.0,0.59,4.0,0.5,2.6,7.4,21.5,11.3,13.0,10.1,4.0,0.5,2.57,3.4,6.5,4.02,13.0,1.78,4.0,0.5,6.7,17.4,80.0,35.6,13.0,32.2,4.0,0.5,-315.5,-123.7,-42.6,-172.1,13.0,128.8,4.0,0.5,-11.6,0.0,49.1,-4.8,13.0,58.5,4.0,0.5,-207.5,-91.4,-30.6,-118.3,13.0,84.6,4.0,0.5,-8.4,0.0,35.4,-3.5,13.0,42.9,4.0,0.5,-80.0,-15.8,-5.5,-33.5,13.0,34.0,4.0,0.5,-1.2,0.0,6.7,-0.6,13.0,6.8,4.0,0.5,17.5,301.0,1861.0,798.0,13.0,881.0,4.0,0.5,20.0,300.0,1860.0,800.0,13.0,880.0,4.0,0.5
1887,9,138.3,34.6,21.64,25.6,26.1,24.1,13.0,2.31,12.0,0.7,21.64,24.5,28.9,24.98,13.0,2.97,12.0,0.7,16.26,17.73,19.37,17.81,4.0,1.8,10.0,1.0,85.4,89.0,92.8,89.1,4.0,4.7,10.0,1.0,0.5,0.3,5.17,6.7,9.67,7.38,9.0,3.3,12.0,0.6,2.79,4.74,9.53,6.21,9.0,4.07,12.0,0.6,0.0,1.87,4.74,2.23,9.0,2.58,12.0,0.6,1005.83,1010.3,1013.02,1009.32,6.0,4.27,12.0,1.0,2.0,5.0,8.0,5.0,12.0,2.8,12.0,0.7,85.4,89.0,92.8,89.1,4.0,4.7,10.0,1.0,0.5,0.3,15.7,31.7,92.2,57.2,9.0,49.8,12.0,0.6,0.0,15.0,31.7,15.6,9.0,16.2,12.0,0.6,-2.85,0.0,1.14,-0.88,13.0,2.03,12.0,0.7,-17.7,0.0,13.1,-3.0,9.0,14.1,12.0,0.6,1.21,1.57,1.88,1.54,4.0,0.46,10.0,1.0,4.5,4.5,4.5,4.5,1.0,0.0,10.0,1.0,79.6,136.9,227.3,151.5,9.0,86.7,12.0,0.6,0.0,39.5,136.9,63.2,9.0,73.8,12.0,0.6,63.8,63.8,63.8,63.8,1.0,0.0,10.0,1.0,63.8,63.8,63.8,63.8,1.0,0.0,10.0,1.0,3.2,3.2,3.2,3.2,1.0,0.0,10.0,1.0,3.2,3.2,3.2,3.2,1.0,0.0,10.0,1.0,152.0,301.0,904.5,601.5,9.0,577.5,12.0,0.6,150.0,300.0,905.0,600.0,9.0,580.0,12.0,0.6
1887,9,140.3,-45.4,,,,,,,,,,,,,,,,,,,,,,,,,,,,,,,,,,,6.7,6.7,6.7,6.7,4.0,0.0,30.0,0.3,-2.18,-2.18,-2.18,-2.18,4.0,0.0,30.0,0.3,-6.33,-6.33,-6.33,-6.33,4.0,0.0,30.0,0.3,1014.39,1014.9,1015.78,1015.08,4.0,0.91,30.0,0.3,,,,,,,,,,,,,,,,,,,,,,,,,,,,,,,,,,,,,,,,,,,,,,,,,,,,,,,,,,,,,,,,,,,,,,,,,,,,,,,,,,,,,,,,,,,,,,,,,,,,,,,,,,,,,,,,,,,,,,,,,,,,,,,,,,
1887,9,140.3,-41.4,,,,,,,,,,,,,,,,,,,,,,,,,,,,,,,,,,,9.8,9.8,9.8,9.8,2.0,0.0,10.0,0.0,-0.7,1.81,4.31,1.81,2.0,5.2,10.0,0.0,-9.38,-8.87,-8.36,-8.87,2.0,1.06,10.0,0.0,1023.54,1023.7,1024.22,1023.88,4.0,0.57,28.0,0.5,,,,,,,,,,,,,,,,,,,,,,,,,,,,,,,,,,,,,,,,,,,,,,,,,,,,,,,,,,,,,,,,,,,,,,,,,,,,,,,,,,,,,,,,,,,,,,,,,,,,,,,,,,,,,,,,,,,,,,,,,,,,,,,,,,
1887,9,140.3,-39.4,,,,,,,,,,,,,,,,,,,,,,,,,,,,,,,,,,,4.73,6.7,6.7,6.48,14.0,1.72,16.0,0.9,-5.94,0.12,3.21,-0.29,14.0,4.31,16.0,0.9,-6.51,-3.66,4.03,-2.53,14.0,4.76,16.0,0.9,1004.87,1017.0,1022.74,1014.03,11.0,11.7,20.0,0.9,,,,,,,,,,,,,,,,,,,,,,,,,,,,,,,,,,,,,,,,,,,,,,,,,,,,,,,,,,,,,,,,,,,,,,,,,,,,,,,,,,,,,,,,,,,,,,,,,,,,,,,,,,,,,,,,,,,,,,,,,,,,,,,,,,
1887,9,140.3,-37.4,,,,,,,,,,,,,,,,,,,,,,,,,,,,,,,,,,,9.3,9.3,9.3,9.3,1.0,0.0,28.0,1.0,4.51,4.51,4.51,4.51,1.0,0.0,28.0,1.0,8.13,8.13,8.13,8.13,1.0,0.0,28.0,1.0,1026.4,1026.4,1026.4,1026.4,1.0,0.0,28.0,1.0,,,,,,,,,,,,,,,,,,,,,,,,,,,,,,,,,,,,,,,,,,,,,,,,,,,,,,,,,,,,,,,,,,,,,,,,,,,,,,,,,,,,,,,,,,,,,,,,,,,,,,,,,,,,,,,,,,,,,,,,,,,,,,,,,,
1887,9,140.3,34.6,25.0,26.1,26.7,25.9,5.0,0.86,8.0,0.4,26.7,26.7,27.5,27.14,5.0,0.98,8.0,0.4,18.02,18.05,19.7,18.8,5.0,1.24,8.0,0.4,82.6,82.6,85.1,83.8,5.0,2.0,8.0,0.4,0.4,0.5,9.3,9.3,9.3,9.3,3.0,0.0,8.0,0.7,8.84,9.3,9.3,9.07,3.0,0.39,8.0,0.7,0.0,0.0,2.38,1.16,3.0,2.01,8.0,0.7,1013.28,1014.6,1015.2,1014.28,5.0,1.04,8.0,0.4,4.0,5.0,6.0,5.0,5.0,1.0,8.0,0.4,82.6,82.6,85.1,83.8,5.0,2.0,8.0,0.4,0.4,0.5,82.2,86.5,86.5,84.4,3.0,3.6,8.0,0.7,0.0,0.0,22.1,10.8,3.0,18.7,8.0,0.7,-1.88,-1.7,-0.38,-1.24,5.0,0.91,8.0,0.4,-15.7,-5.6,-1.8,-8.7,3.0,10.6,8.0,0.7,0.91,1.72,3.35,2.07,5.0,1.35,8.0,0.4,15.6,28.6,33.5,24.6,3.0,13.6,8.0,0.7,248.3,248.3,248.9,248.6,3.0,0.5,8.0,0.7,0.0,0.0,68.7,33.6,3.0,58.1,8.0,0.7,167.7,167.8,176.2,171.8,3.0,7.1,8.0,0.7,0.0,0.0,49.7,24.2,3.0,42.0,8.0,0.7,15.1,28.6,33.5,24.4,3.0,13.9,8.0,0.7,0.0,0.0,2.4,1.2,3.0,2.1,8.0,0.7,804.5,804.5,804.5,804.5,3.0,0.0,8.0,0.7,805.0,805.0,805.0,805.0,3.0,0.0,8.0,0.7
1887,9,142.3,-39.4,,,,,,,,,,,,,,,,,,,,,,,,,,,,,,,,,,,0.0,1.3,6.19,3.25,6.0,4.81,18.0,0.2,-1.11,0.0,0.74,0.04,6.0,2.02,18.0,0.2,-5.42,0.0,0.52,-2.17,6.0,5.11,18.0,0.2,1011.95,1021.3,1022.99,1016.16,9.0,9.77,22.0,0.2,,,,,,,,,,,,,,,,,,,,,,,,,,,,,,,,,,,,,,,,,,,,,,,,,,,,,,,,,,,,,,,,,,,,,,,,,,,,,,,,,,,,,,,,,,,,,,,,,,,,,,,,,,,,,,,,,,,,,,,,,,,,,,,,,,
1887,9,142.3,34.6,25.6,25.85,26.41,26.0,4.0,0.52,6.0,1.0,26.12,26.7,27.28,26.7,4.0,0.9,6.0,1.0,18.01,18.23,19.01,18.5,4.0,0.71,6.0,1.0,82.6,83.2,87.2,84.8,4.0,3.7,6.0,1.0,0.4,0.8,6.84,10.8,12.3,9.63,4.0,3.64,6.0,1.0,5.05,10.01,11.4,8.31,4.0,4.53,6.0,1.0,3.84,4.42,4.61,4.23,4.0,0.53,6.0,1.0,1014.38,1015.4,1015.9,1015.15,4.0,0.96,6.0,1.0,3.0,3.0,3.0,3.0,4.0,0.0,6.0,1.0,82.6,83.2,87.2,84.8,4.0,3.7,6.0,1.0,0.4,0.8,42.5,110.2,140.3,92.3,4.0,62.7,6.0,1.0,25.6,44.5,56.7,41.3,4.0,18.5,6.0,1.0,-1.1,-0.85,-0.29,-0.7,4.0,0.52,6.0,1.0,-12.0,-8.8,-3.5,-7.8,4.0,5.8,6.0,1.0,2.17,2.4,2.77,2.47,4.0,0.44,6.0,1.0,15.3,26.0,34.1,24.7,4.0,12.2,6.0,1.0,138.2,272.1,304.5,223.7,4.0,122.3,6.0,1.0,102.3,115.7,123.0,112.8,4.0,12.7,6.0,1.0,97.5,186.8,205.4,153.1,4.0,81.8,6.0,1.0,72.8,80.5,83.0,78.0,4.0,7.1,6.0,1.0,11.6,24.1,31.6,21.7,4.0,13.5,6.0,1.0,8.3,9.9,12.8,10.5,4.0,2.8,6.0,1.0,434.0,1332.5,1861.0,1156.0,4.0,863.5,6.0,1.0,435.0,1335.0,1860.0,1155.0,4.0,865.0,6.0,1.0
1887,9,144.3,-39.4,,,,,,,,,,,,,,,,,,,,,,,,,,,,,,,,,,,3.14,12.3,18.03,11.24,9.0,7.7,12.0,0.1,-5.12,0.0,15.18,5.12,9.0,11.0,12.0,0.1,-9.41,0.0,3.69,-2.14,9.0,6.78,12.0,0.1,1003.79,1013.3,1023.55,1013.47,12.0,9.95,16.0,0.3,,,,,,,,,,,,,,,,,,,,,,,,,,,,,,,,,,,,,,,,,,,,,,,,,,,,,,,,,,,,,,,,,,,,,,,,,,,,,,,,,,,,,,,,,,,,,,,,,,,,,,,,,,,,,,,,,,,,,,,,,,,,,,,,,,
1887,9,144.3,34.6,25.6,25.6,25.6,25.6,2.0,0.0,6.0,0.0,25.6,25.6,25.6,25.6,2.0,0.0,6.0,0.0,17.04,17.59,18.15,17.59,2.0,1.15,6.0,0.0,83.7,86.4,89.1,86.4,2.0,5.5,6.0,0.0,0.2,1.0,2.92,3.6,4.28,3.6,2.0,1.41,6.0,0.0,-1.29,-0.35,0.58,-0.35,2.0,1.94,6.0,0.0,2.69,3.33,3.97,3.33,2.0,1.32,6.0,0.0,1018.07,1018.45,1018.83,1018.45,2.0,0.78,6.0,0.0,3.0,3.0,3.0,3.0,2.0,0.0,6.0,0.0,83.7,86.4,89.1,86.4,2.0,5.5,6.0,0.0,0.2,1.0,-6.2,-2.6,1.0,-2.6,2.0,7.5,6.0,0.0,8.3,12.9,17.5,12.9,2.0,9.5,6.0,0.0,0.0,0.0,0.0,0.0,2.0,0.0,6.0,0.0,0.0,0.0,0.0,0.0,2.0,0.0,6.0,0.0,2.25,2.8,3.35,2.8,2.0,1.14,6.0,0.0,7.0,10.9,14.8,10.9,2.0,8.1,6.0,0.0,-33.0,-9.1,14.9,-9.1,2.0,49.6,6.0,0.0,68.9,85.2,101.6,85.2,2.0,33.9,6.0,0.0,-21.4,-5.1,11.1,-5.1,2.0,33.7,6.0,0.0,48.4,57.8,67.2,57.8,2.0,19.4,6.0,0.0,-4.9,-2.1,0.7,-2.1,2.0,5.8,6.0,0.0,6.5,10.1,13.7,10.1,2.0,7.5,6.0,0.0,30.0,57.5,84.5,57.5,2.0,56.5,6.0,0.0,30.0,55.0,85.0,55.0,2.0,55.0,6.0,0.0
1887,9,144.3,36.6,22.37,22.75,23.13,22.75,2.0,0.78,6.0,0.0,24.17,24.75,25.33,24.75,2.0,1.2,6.0,0.0,15.97,16.29,16.61,16.29,2.0,0.66,6.0,0.0,83.1,84.5,85.8,84.5,2.0,2.8,6.0,0.0,0.7,0.2,4.93,5.65,6.37,5.65,2.0,1.48,6.0,0.0,-2.39,-2.12,-1.85,-2.12,2.0,0.56,6.0,0.0,4.57,5.24,5.9,5.24,2.0,1.38,6.0,0.0,1020.57,1021.15,1021.73,1021.15,2.0,1.2,6.0,0.0,3.0,3.0,3.0,3.0,2.0,0.0,6.0,0.0,83.1,84.5,85.8,84.5,2.0,2.8,6.0,0.0,0.7,0.2,-15.4,-12.4,-9.3,-12.4,2.0,6.3,6.0,0.0,23.1,30.6,38.1,30.6,2.0,15.6,6.0,0.0,-2.2,-2.0,-1.8,-2.0,2.0,0.42,6.0,0.0,-14.2,-11.6,-9.0,-11.6,2.0,5.4,6.0,0.0,0.74,0.82,0.91,0.82,2.0,0.18,6.0,0.0,3.7,4.8,5.9,4.8,2.0,2.2,6.0,0.0,-60.6,-52.7,-44.8,-52.7,2.0,16.3,6.0,0.0,111.0,130.5,150.0,130.5,2.0,40.4,6.0,0.0,-39.7,-34.7,-29.6,-34.7,2.0,10.5,6.0,0.0,73.3,85.8,98.3,85.8,2.0,25.9,6.0,0.0,-2.2,-1.8,-1.4,-1.8,2.0,0.8,6.0,0.0,3.4,4.4,5.4,4.4,2.0,2.1,6.0,0.0,129.5,199.0,268.5,199.0,2.0,144.0,6.0,0.0,130.0,200.0,270.0,200.0,2.0,145.0,6.0,0.0
1887,9,146.3,-39.4,,,,,,,,,,,,,,,,,,,,,,,,,,,,,,,,,,,4.6,6.7,14.02,9.14,29.0,5.89,22.0,0.5,-5.77,0.71,12.69,2.6,29.0,8.87,22.0,0.5,-5.83,-0.71,4.89,-0.57,29.0,5.94,22.0,0.5,995.71,1012.9,1022.22,1010.67,29.0,11.69,24.0,0.5,,,,,,,,,,,,,,,,,,,,,,,,,,,,,,,,,,,,,,,,,,,,,,,,,,,,,,,,,,,,,,,,,,,,,,,,,,,,,,,,,,,,,,,,,,,,,,,,,,,,,,,,,,,,,,,,,,,,,,,,,,,,,,,,,,
1887,9,146.3,36.6,22.2,22.2,23.09,22.63,4.0,0.85,6.0,0.5,24.14,24.4,24.71,24.43,4.0,0.45,6.0,0.5,13.17,13.34,14.63,13.88,4.0,1.29,6.0,0.5,68.8,71.0,79.1,73.8,4.0,8.7,6.0,0.5,0.6,0.5,1.76,2.6,3.65,2.7,4.0,1.47,6.0,0.5,-2.18,-1.36,-0.99,-1.57,4.0,0.77,6.0,0.5,0.0,1.21,3.38,1.67,4.0,2.07,6.0,0.5,1023.54,1023.7,1023.86,1023.7,4.0,0.24,6.0,0.5,3.0,3.0,3.0,3.0,4.0,0.0,6.0,0.5,68.8,71.0,79.1,73.8,4.0,8.7,6.0,0.5,0.6,0.5,-7.4,-4.6,-1.7,-4.6,4.0,3.3,6.0,0.5,0.0,3.1,13.3,6.5,4.0,9.2,6.0,0.5,-2.2,-1.95,-1.39,-1.8,4.0,0.52,6.0,0.5,-6.8,-5.7,-3.3,-5.1,4.0,2.8,6.0,0.5,1.86,3.15,4.27,3.07,4.0,1.88,6.0,0.5,4.2,6.7,8.2,6.2,4.0,2.4,6.0,0.5,-52.8,-33.1,-24.4,-38.3,4.0,18.5,6.0,0.5,0.0,29.4,81.4,40.2,4.0,49.6,6.0,0.5,-31.1,-20.1,-13.0,-22.0,4.0,10.8,6.0,0.5,0.0,16.1,50.6,24.9,4.0,32.1,6.0,0.5,-6.8,-4.2,-2.1,-4.4,4.0,3.0,6.0,0.5,0.0,1.5,5.4,2.6,4.0,3.6,6.0,0.5,9.0,17.5,59.5,33.5,4.0,43.5,6.0,0.5,10.0,20.0,60.0,35.0,4.0,45.0,6.0,0.5
1887,9,148.3,-39.4,,,,,,,,,,,,,,,,,,,,,,,,,,,,,,,,,,,1.0,6.7,9.3,6.73,21.0,6.29,16.0,0.6,-0.8,1.0,8.85,3.65,21.0,6.18,16.0,0.6,-1.37,0.97,6.14,1.81,21.0,5.61,16.0,0.6,1009.44,1016.5,1020.49,1015.6,17.0,6.04,20.0,0.6,,,,,,,,,,,,,,,,,,,,,,,,,,,,,,,,,,,,,,,,,,,,,,,,,,,,,,,,,,,,,,,,,,,,,,,,,,,,,,,,,,,,,,,,,,,,,,,,,,,,,,,,,,,,,,,,,,,,,,,,,,,,,,,,,,
1887,9,148.3,-37.4,,,,,,,,,,,,,,,,,,,,,,,,,,,,,,,,,,,12.38,19.0,19.0,15.77,3.0,5.6,4.0,0.7,7.91,13.44,13.44,10.73,3.0,4.68,4.0,0.7,9.46,13.44,13.44,11.5,3.0,3.36,4.0,0.7,1010.8,1010.8,1010.8,1010.8,1.0,0.0,4.0,1.0,,,,,,,,,,,,,,,,,,,,,,,,,,,,,,,,,,,,,,,,,,,,,,,,,,,,,,,,,,,,,,,,,,,,,,,,,,,,,,,,,,,,,,,,,,,,,,,,,,,,,,,,,,,,,,,,,,,,,,,,,,,,,,,,,,
1887,9,148.3,36.6,23.9,23.9,23.9,23.9,3.0,0.0,6.0,1.0,24.4,24.4,24.81,24.6,3.0,0.35,6.0,1.0,13.8,13.9,13.9,13.85,3.0,0.08,6.0,1.0,71.8,74.1,74.1,73.0,3.0,2.0,6.0,1.0,0.5,0.7,1.0,1.0,1.0,1.0,3.0,0.0,6.0,1.0,-1.0,-1.0,-1.0,-1.0,3.0,0.0,6.0,1.0,0.0,0.0,0.0,0.0,3.0,0.0,6.0,1.0,1025.37,1026.8,1027.0,1026.2,3.0,1.31,6.0,1.0,3.0,3.0,3.0,3.0,3.0,0.0,6.0,1.0,71.8,74.1,74.1,73.0,3.0,2.0,6.0,1.0,0.5,0.7,-1.0,-1.0,-1.0,-1.0,3.0,0.0,6.0,1.0,0.0,0.0,0.0,0.0,3.0,0.0,6.0,1.0,-0.91,-0.5,-0.5,-0.7,3.0,0.35,6.0,1.0,-0.9,-0.5,-0.5,-0.7,3.0,0.3,6.0,1.0,4.34,4.34,4.47,4.41,3.0,0.11,6.0,1.0,4.3,4.3,4.5,4.4,3.0,0.1,6.0,1.0,-24.8,-24.4,-24.4,-24.6,3.0,0.3,6.0,1.0,0.0,0.0,0.0,0.0,3.0,0.0,6.0,1.0,-13.9,-13.9,-13.8,-13.9,3.0,0.1,6.0,1.0,0.0,0.0,0.0,0.0,3.0,0.0,6.0,1.0,-4.5,-4.3,-4.3,-4.4,3.0,0.1,6.0,1.0,0.0,0.0,0.0,0.0,3.0,0.0,6.0,1.0,1.0,1.0,1.0,1.0,3.0,0.0,6.0,1.0,0.0,0.0,0.0,0.0,3.0,0.0,6.0,1.0
1887,9,150.3,-39.4,,,,,,,,,,,,,,,,,,,,,,,,,,,,,,,,,,,2.71,5.65,11.26,6.93,4.0,6.12,8.0,0.3,1.74,4.0,7.96,4.81,4.0,4.44,8.0,0.3,1.06,4.0,7.96,4.49,4.0,4.9,8.0,0.3,1001.49,1008.1,1012.06,1007.34,5.0,6.72,10.0,0.4,,,,,,,,,,,,,,,,,,,,,,,,,,,,,,,,,,,,,,,,,,,,,,,,,,,,,,,,,,,,,,,,,,,,,,,,,,,,,,,,,,,,,,,,,,,,,,,,,,,,,,,,,,,,,,,,,,,,,,,,,,,,,,,,,,
1887,9,150.3,-37.4,,,,,,,,,,,,,,,,,,,,,,,,,,,,,,,,,,,3.04,6.7,9.3,7.11,15.0,3.73,10.0,0.4,-2.62,-0.45,7.68,1.18,15.0,4.84,10.0,0.4,-8.03,0.0,6.0,-0.31,15.0,6.56,10.0,0.4,999.15,1015.95,1023.97,1012.54,14.0,12.32,10.0,0.4,,,,,,,,,,,,,,,,,,,,,,,,,,,,,,,,,,,,,,,,,,,,,,,,,,,,,,,,,,,,,,,,,,,,,,,,,,,,,,,,,,,,,,,,,,,,,,,,,,,,,,,,,,,,,,,,,,,,,,,,,,,,,,,,,,
1887,9,150.3,-35.4,,,,,,,,,,,,,,,,,,,,,,,,,,,,,,,,,,,2.6,6.7,9.3,6.34,16.0,3.96,8.0,0.6,-0.72,2.45,5.62,2.39,16.0,4.62,8.0,0.6,-4.74,-1.02,7.4,0.55,16.0,5.55,8.0,0.6,1011.01,1016.85,1024.26,1017.27,6.0,7.01,12.0,0.5,,,,,,,,,,,,,,,,,,,,,,,,,,,,,,,,,,,,,,,,,,,,,,,,,,,,,,,,,,,,,,,,,,,,,,,,,,,,,,,,,,,,,,,,,,,,,,,,,,,,,,,,,,,,,,,,,,,,,,,,,,,,,,,,,,
1887,9,150.3,-33.4,,,,,,,,,,,,,,,,,,,,,,,,,,,,,,,,,,,2.6,5.65,12.3,7.58,12.0,5.09,16.0,0.8,-2.04,2.64,11.57,3.83,12.0,6.09,16.0,0.8,-3.89,1.8,5.81,0.69,12.0,5.91,16.0,0.8,1011.09,1016.1,1020.43,1015.78,4.0,5.81,18.0,0.8,,,,,,,,,,,,,,,,,,,,,,,,,,,,,,,,,,,,,,,,,,,,,,,,,,,,,,,,,,,,,,,,,,,,,,,,,,,,,,,,,,,,,,,,,,,,,,,,,,,,,,,,,,,,,,,,,,,,,,,,,,,,,,,,,,
1887,9,150.3,36.6,23.04,23.6,23.9,23.48,4.0,0.53,6.0,0.5,23.3,23.3,23.61,23.45,4.0,0.3,6.0,0.5,13.73,13.73,13.96,13.84,4.0,0.22,6.0,0.5,78.0,78.2,78.2,78.1,4.0,0.2,6.0,0.5,0.5,0.8,2.6,2.6,2.6,2.6,2.0,0.0,6.0,1.0,1.84,1.84,1.84,1.84,2.0,0.0,6.0,1.0,-1.84,-1.84,-1.84,-1.84,2.0,0.0,6.0,1.0,1026.73,1027.1,1027.26,1027.0,4.0,0.42,6.0,0.5,3.0,3.0,3.0,3.0,4.0,0.0,6.0,0.5,78.0,78.2,78.2,78.1,4.0,0.2,6.0,0.5,0.5,0.8,4.8,4.8,4.8,4.8,2.0,0.0,6.0,1.0,-4.8,-4.8,-4.8,-4.8,2.0,0.0,6.0,1.0,-0.26,0.0,0.31,0.03,4.0,0.45,6.0,0.5,0.2,0.8,1.3,0.8,2.0,1.1,6.0,1.0,3.58,3.97,4.31,3.95,4.0,0.49,6.0,0.5,10.8,11.2,11.6,11.2,2.0,0.8,6.0,1.0,43.0,43.4,43.8,43.4,2.0,0.8,6.0,1.0,-43.8,-43.4,-43.0,-43.4,2.0,0.8,6.0,1.0,25.4,25.6,25.9,25.6,2.0,0.6,6.0,1.0,-25.9,-25.6,-25.4,-25.6,2.0,0.6,6.0,1.0,7.6,7.9,8.2,7.9,2.0,0.6,6.0,1.0,-8.2,-7.9,-7.6,-7.9,2.0,0.6,6.0,1.0,17.5,17.5,17.5,17.5,2.0,0.0,6.0,1.0,20.0,20.0,20.0,20.0,2.0,0.0,6.0,1.0
1887,9,152.3,-39.4,,,,,,,,,,,,,,,,,,,,,,,,,,,,,,,,,,,5.6,14.65,22.6,14.13,4.0,9.82,10.0,0.3,3.5,10.29,15.98,9.77,4.0,7.22,10.0,0.3,-3.25,7.99,15.98,6.44,4.0,11.31,10.0,0.3,997.09,998.35,999.61,998.35,2.0,2.62,14.0,0.5,,,,,,,,,,,,,,,,,,,,,,,,,,,,,,,,,,,,,,,,,,,,,,,,,,,,,,,,,,,,,,,,,,,,,,,,,,,,,,,,,,,,,,,,,,,,,,,,,,,,,,,,,,,,,,,,,,,,,,,,,,,,,,,,,,
1887,9,152.3,-37.4,,,,,,,,,,,,,,,,,,,,,,,,,,,,,,,,,,,2.6,9.3,17.83,9.01,21.0,6.56,10.0,0.4,1.0,6.58,11.65,6.84,21.0,6.01,10.0,0.4,-1.84,1.28,7.81,2.33,21.0,6.11,10.0,0.4,998.72,1004.75,1019.99,1008.38,16.0,10.14,10.0,0.5,,,,,,,,,,,,,,,,,,,,,,,,,,,,,,,,,,,,,,,,,,,,,,,,,,,,,,,,,,,,,,,,,,,,,,,,,,,,,,,,,,,,,,,,,,,,,,,,,,,,,,,,,,,,,,,,,,,,,,,,,,,,,,,,,,
1887,9,152.3,-35.4,,,,,,,,,,,,,,,,,,,,,,,,,,,,,,,,,,,0.38,2.6,8.31,4.34,16.0,4.49,12.0,0.4,-2.41,1.22,4.31,1.79,16.0,4.28,12.0,0.4,-3.62,0.0,1.51,-0.72,16.0,4.24,12.0,0.4,998.59,1004.9,1013.21,1006.09,9.0,6.82,8.0,0.2,,,,,,,,,,,,,,,,,,,,,,,,,,,,,,,,,,,,,,,,,,,,,,,,,,,,,,,,,,,,,,,,,,,,,,,,,,,,,,,,,,,,,,,,,,,,,,,,,,,,,,,,,,,,,,,,,,,,,,,,,,,,,,,,,,
1887,9,152.3,-33.4,,,,,,,,,,,,,,,,,,,,,,,,,,,,,,,,,,,2.6,4.6,9.8,5.87,24.0,4.42,18.0,0.3,-4.4,-0.69,2.31,-0.01,24.0,5.35,18.0,0.3,-2.51,1.93,6.62,2.37,24.0,4.58,18.0,0.3,1010.89,1019.9,1020.79,1016.16,11.0,5.73,16.0,0.5,,,,,,,,,,,,,,,,,,,,,,,,,,,,,,,,,,,,,,,,,,,,,,,,,,,,,,,,,,,,,,,,,,,,,,,,,,,,,,,,,,,,,,,,,,,,,,,,,,,,,,,,,,,,,,,,,,,,,,,,,,,,,,,,,,
1887,9,152.3,38.6,21.94,23.05,23.9,22.93,4.0,1.14,6.0,0.0,23.04,23.3,23.88,23.45,4.0,0.68,6.0,0.0,10.56,10.77,10.92,10.74,4.0,0.28,6.0,0.0,60.0,61.3,61.5,60.8,4.0,1.2,6.0,0.0,0.6,0.2,0.0,0.0,0.0,0.0,2.0,0.0,6.0,0.0,0.0,0.0,0.0,0.0,2.0,0.0,6.0,0.0,0.0,0.0,0.0,0.0,2.0,0.0,6.0,0.0,1027.1,1027.45,1027.96,1027.53,4.0,0.51,6.0,0.0,2.0,2.0,2.0,2.0,4.0,0.0,6.0,0.0,60.0,61.3,61.5,60.8,4.0,1.2,6.0,0.0,0.6,0.2,0.0,0.0,0.0,0.0,2.0,0.0,6.0,0.0,0.0,0.0,0.0,0.0,2.0,0.0,6.0,0.0,-1.1,-0.8,0.08,-0.52,4.0,0.8,6.0,0.0,0.0,0.0,0.0,0.0,2.0,0.0,6.0,0.0,5.62,6.42,7.33,6.47,4.0,0.99,6.0,0.0,0.0,0.0,0.0,0.0,2.0,0.0,6.0,0.0,0.0,0.0,0.0,0.0,2.0,0.0,6.0,0.0,0.0,0.0,0.0,0.0,2.0,0.0,6.0,0.0,0.0,0.0,0.0,0.0,2.0,0.0,6.0,0.0,0.0,0.0,0.0,0.0,2.0,0.0,6.0,0.0,0.0,0.0,0.0,0.0,2.0,0.0,6.0,0.0,0.0,0.0,0.0,0.0,2.0,0.0,6.0,0.0,0.0,0.0,0.0,0.0,2.0,0.0,6.0,0.0,0.0,0.0,0.0,0.0,2.0,0.0,6.0,0.0
1887,9,154.3,-37.4,,,,,,,,,,,,,,,,,,,,,,,,,,,,,,,,,,,4.6,4.6,5.37,5.02,5.0,0.94,14.0,0.6,-4.65,-3.25,-1.44,-2.82,5.0,2.64,14.0,0.6,-3.62,-3.25,1.73,-1.21,5.0,3.69,14.0,0.6,1016.33,1016.8,1019.58,1017.8,5.0,1.92,14.0,0.6,,,,,,,,,,,,,,,,,,,,,,,,,,,,,,,,,,,,,,,,,,,,,,,,,,,,,,,,,,,,,,,,,,,,,,,,,,,,,,,,,,,,,,,,,,,,,,,,,,,,,,,,,,,,,,,,,,,,,,,,,,,,,,,,,,
1887,9,154.3,-35.4,,,,,,,,,,,,,,,,,,,,,,,,,,,,,,,,,,,2.52,4.6,4.7,4.1,7.0,1.81,16.0,0.6,-3.25,-1.84,0.04,-1.53,7.0,1.81,16.0,0.6,-4.7,-3.25,-1.77,-3.33,7.0,1.99,16.0,0.6,1006.3,1006.3,1006.3,1006.3,1.0,0.0,2.0,1.0,,,,,,,,,,,,,,,,,,,,,,,,,,,,,,,,,,,,,,,,,,,,,,,,,,,,,,,,,,,,,,,,,,,,,,,,,,,,,,,,,,,,,,,,,,,,,,,,,,,,,,,,,,,,,,,,,,,,,,,,,,,,,,,,,,
1887,9,154.3,-33.4,,,,,,,,,,,,,,,,,,,,,,,,,,,,,,,,,,,0.11,12.3,12.3,8.2,8.0,6.61,18.0,0.8,-9.07,0.5,12.04,2.22,8.0,9.58,18.0,0.8,0.0,1.86,6.88,3.08,8.0,3.49,18.0,0.8,1011.1,1016.75,1022.42,1016.77,6.0,5.96,18.0,0.7,,,,,,,,,,,,,,,,,,,,,,,,,,,,,,,,,,,,,,,,,,,,,,,,,,,,,,,,,,,,,,,,,,,,,,,,,,,,,,,,,,,,,,,,,,,,,,,,,,,,,,,,,,,,,,,,,,,,,,,,,,,,,,,,,,
1887,9,154.3,38.6,22.4,23.9,23.9,23.17,3.0,1.27,6.0,1.0,23.49,23.9,24.24,23.87,3.0,0.55,6.0,1.0,11.71,11.86,12.06,11.89,3.0,0.26,6.0,1.0,63.2,65.3,68.1,65.6,3.0,3.6,6.0,1.0,0.5,0.3,,,,,,,,,,,,,,,,,,,,,,,,,,,,,,,,,,,,,,,,,,,,,,,,,,,,,,,,,,,,,,,,,,,,,,,,,,,,,,,,,,,,,,,,,,,,,,,,,,,,,,,,,,,,,,,,,,,,,,,,,,,,,,,,,,,,,,,,,,,,,,,,,,,,,,,,,,,,,,,,,,
1887,9,156.3,-37.4,,,,,,,,,,,,,,,,,,,,,,,,,,,,,,,,,,,6.7,6.7,7.65,7.22,5.0,1.16,14.0,0.4,-4.74,-4.74,-3.13,-4.04,5.0,1.01,14.0,0.4,4.74,4.74,7.09,5.81,5.0,1.7,14.0,0.4,1020.82,1021.5,1022.65,1021.62,5.0,1.2,14.0,0.4,,,,,,,,,,,,,,,,,,,,,,,,,,,,,,,,,,,,,,,,,,,,,,,,,,,,,,,,,,,,,,,,,,,,,,,,,,,,,,,,,,,,,,,,,,,,,,,,,,,,,,,,,,,,,,,,,,,,,,,,,,,,,,,,,,
1887,9,156.3,-33.4,,,,,,,,,,,,,,,,,,,,,,,,,,,,,,,,,,,2.6,2.6,2.6,2.6,1.0,0.0,30.0,0.0,0.27,0.27,0.27,0.27,1.0,0.0,30.0,0.0,2.59,2.59,2.59,2.59,1.0,0.0,30.0,0.0,1021.8,1021.8,1021.8,1021.8,1.0,0.0,30.0,0.0,,,,,,,,,,,,,,,,,,,,,,,,,,,,,,,,,,,,,,,,,,,,,,,,,,,,,,,,,,,,,,,,,,,,,,,,,,,,,,,,,,,,,,,,,,,,,,,,,,,,,,,,,,,,,,,,,,,,,,,,,,,,,,,,,,
1887,9,156.3,-31.4,,,,,,,,,,,,,,,,,,,,,,,,,,,,,,,,,,,5.6,8.0,12.5,9.0,4.0,4.68,12.0,0.5,0.23,3.49,7.82,4.0,4.0,4.47,12.0,0.5,-7.3,1.94,3.47,-1.74,4.0,9.2,12.0,0.5,1011.1,1011.85,1016.42,1013.68,4.0,4.21,12.0,0.5,,,,,,,,,,,,,,,,,,,,,,,,,,,,,,,,,,,,,,,,,,,,,,,,,,,,,,,,,,,,,,,,,,,,,,,,,,,,,,,,,,,,,,,,,,,,,,,,,,,,,,,,,,,,,,,,,,,,,,,,,,,,,,,,,,
1887,9,156.3,38.6,20.84,21.4,21.7,21.28,4.0,0.53,4.0,0.8,21.39,21.7,21.96,21.68,4.0,0.45,4.0,0.8,11.88,12.62,13.14,12.51,4.0,0.85,4.0,0.8,76.0,80.7,81.3,78.7,4.0,4.6,4.0,0.8,0.4,0.4,2.6,2.6,3.97,3.27,3.0,1.15,4.0,0.7,1.84,1.84,2.8,2.31,3.0,0.82,4.0,0.7,-2.8,-1.84,-1.84,-2.31,3.0,0.82,4.0,0.7,1025.18,1026.4,1027.78,1026.48,4.0,1.62,4.0,0.8,2.0,2.0,2.5,2.3,4.0,0.5,4.0,0.8,76.0,80.7,81.3,78.7,4.0,4.6,4.0,0.8,0.4,0.4,4.8,4.8,11.7,8.2,3.0,5.9,4.0,0.7,-11.7,-4.8,-4.8,-8.2,3.0,5.9,4.0,0.7,-1.12,-0.3,0.31,-0.4,4.0,0.94,4.0,0.8,-5.5,-1.6,0.6,-2.5,3.0,4.5,4.0,0.7,2.01,3.05,4.05,3.03,4.0,1.29,4.0,0.8,6.7,6.9,8.5,7.6,3.0,1.4,4.0,0.7,39.1,39.9,62.0,50.3,3.0,19.0,4.0,0.7,-62.0,-39.9,-39.1,-50.3,3.0,19.0,4.0,0.7,23.1,23.6,37.3,30.0,3.0,11.8,4.0,0.7,-37.3,-23.6,-23.1,-30.0,3.0,11.8,4.0,0.7,4.8,4.9,6.0,5.4,3.0,1.0,4.0,0.7,-6.0,-4.9,-4.8,-5.4,3.0,1.0,4.0,0.7,17.5,17.5,72.0,44.0,3.0,46.0,4.0,0.7,20.0,20.0,70.0,45.0,3.0,45.0,4.0,0.7
1887,9,158.3,-37.4,,,,,,,,,,,,,,,,,,,,,,,,,,,,,,,,,,,7.11,8.0,8.89,8.0,2.0,1.84,14.0,0.5,-3.33,-3.0,-2.66,-3.0,2.0,0.69,14.0,0.5,6.59,7.42,8.24,7.42,2.0,1.7,14.0,0.5,1022.13,1022.85,1023.57,1022.85,2.0,1.48,14.0,0.5,,,,,,,,,,,,,,,,,,,,,,,,,,,,,,,,,,,,,,,,,,,,,,,,,,,,,,,,,,,,,,,,,,,,,,,,,,,,,,,,,,,,,,,,,,,,,,,,,,,,,,,,,,,,,,,,,,,,,,,,,,,,,,,,,,
1887,9,158.3,-35.4,,,,,,,,,,,,,,,,,,,,,,,,,,,,,,,,,,,4.6,12.3,12.3,9.22,5.0,4.22,14.0,0.2,1.14,4.61,6.23,3.98,5.0,3.31,14.0,0.2,-1.48,4.6,9.66,3.49,5.0,8.83,14.0,0.2,1023.03,1023.1,1023.17,1023.1,2.0,0.14,14.0,0.0,,,,,,,,,,,,,,,,,,,,,,,,,,,,,,,,,,,,,,,,,,,,,,,,,,,,,,,,,,,,,,,,,,,,,,,,,,,,,,,,,,,,,,,,,,,,,,,,,,,,,,,,,,,,,,,,,,,,,,,,,,,,,,,,,,
1887,9,158.3,-31.4,,,,,,,,,,,,,,,,,,,,,,,,,,,,,,,,,,,2.6,4.6,5.03,4.28,6.0,1.54,22.0,0.7,2.1,2.81,3.94,3.13,6.0,1.25,22.0,0.7,1.53,3.07,3.96,2.86,6.0,1.12,22.0,0.7,1013.75,1019.1,1019.84,1017.47,6.0,3.19,22.0,0.7,,,,,,,,,,,,,,,,,,,,,,,,,,,,,,,,,,,,,,,,,,,,,,,,,,,,,,,,,,,,,,,,,,,,,,,,,,,,,,,,,,,,,,,,,,,,,,,,,,,,,,,,,,,,,,,,,,,,,,,,,,,,,,,,,,
1887,9,158.3,38.6,20.6,20.6,20.6,20.6,4.0,0.0,4.0,0.0,23.04,23.3,23.3,23.18,4.0,0.25,4.0,0.0,14.26,14.52,14.53,14.4,4.0,0.24,4.0,0.0,82.2,82.2,82.2,82.2,4.0,0.0,4.0,0.0,0.4,0.6,2.6,3.6,4.6,3.6,4.0,1.15,4.0,0.0,2.6,2.93,3.96,3.26,4.0,0.94,4.0,0.0,-1.7,0.0,0.0,-0.81,4.0,1.63,4.0,0.0,1020.49,1021.2,1022.75,1021.6,4.0,1.52,4.0,0.0,3.0,3.5,4.5,3.8,4.0,1.0,4.0,0.0,82.2,82.2,82.2,82.2,4.0,0.0,4.0,0.0,0.4,0.6,6.8,10.9,18.2,12.4,4.0,7.0,4.0,0.0,-7.8,0.0,0.0,-3.7,4.0,7.5,4.0,0.0,-2.7,-2.7,-2.44,-2.57,4.0,0.25,4.0,0.0,-11.3,-8.6,-7.0,-9.1,4.0,2.6,4.0,0.0,0.46,0.46,0.69,0.57,4.0,0.22,4.0,0.0,1.2,1.7,3.2,2.2,4.0,1.4,4.0,0.0,60.6,67.4,91.5,75.6,4.0,22.0,4.0,0.0,-38.9,0.0,0.0,-18.5,4.0,37.1,4.0,0.0,37.7,41.7,56.7,47.0,4.0,13.7,4.0,0.0,-23.9,0.0,0.0,-11.4,4.0,22.8,4.0,0.0,1.2,1.7,2.5,1.9,4.0,0.8,4.0,0.0,-1.5,0.0,0.0,-0.7,4.0,1.5,4.0,0.0,17.5,57.5,97.5,57.5,4.0,46.0,4.0,0.0,20.0,55.0,95.0,55.0,4.0,45.0,4.0,0.0
1887,9,160.3,-37.4,,,,,,,,,,,,,,,,,,,,,,,,,,,,,,,,,,,3.55,5.65,6.7,5.15,4.0,1.97,12.0,0.3,3.39,5.22,6.19,4.81,4.0,1.73,12.0,0.3,-1.37,0.86,2.14,0.4,4.0,2.27,12.0,0.3,1013.15,1018.85,1020.05,1016.7,4.0,5.82,12.0,0.3,,,,,,,,,,,,,,,,,,,,,,,,,,,,,,,,,,,,,,,,,,,,,,,,,,,,,,,,,,,,,,,,,,,,,,,,,,,,,,,,,,,,,,,,,,,,,,,,,,,,,,,,,,,,,,,,,,,,,,,,,,,,,,,,,,
1887,9,160.3,-35.4,,,,,,,,,,,,,,,,,,,,,,,,,,,,,,,,,,,4.6,6.7,9.74,7.08,8.0,3.21,14.0,0.8,2.42,3.93,6.37,4.11,8.0,1.92,14.0,0.8,-5.96,3.74,6.01,0.79,8.0,6.62,14.0,0.8,998.67,1001.45,1019.78,1005.53,12.0,9.33,8.0,0.5,,,,,,,,,,,,,,,,,,,,,,,,,,,,,,,,,,,,,,,,,,,,,,,,,,,,,,,,,,,,,,,,,,,,,,,,,,,,,,,,,,,,,,,,,,,,,,,,,,,,,,,,,,,,,,,,,,,,,,,,,,,,,,,,,,
1887,9,160.3,-33.4,,,,,,,,,,,,,,,,,,,,,,,,,,,,,,,,,,,4.6,9.3,9.3,7.73,6.0,2.43,4.0,0.8,4.32,6.58,8.62,6.38,6.0,2.15,4.0,0.8,-3.94,1.74,4.12,0.62,6.0,4.88,4.0,0.8,1004.08,1010.1,1010.37,1007.52,9.0,3.39,4.0,0.8,,,,,,,,,,,,,,,,,,,,,,,,,,,,,,,,,,,,,,,,,,,,,,,,,,,,,,,,,,,,,,,,,,,,,,,,,,,,,,,,,,,,,,,,,,,,,,,,,,,,,,,,,,,,,,,,,,,,,,,,,,,,,,,,,,
1887,9,160.3,-31.4,,,,,,,,,,,,,,,,,,,,,,,,,,,,,,,,,,,4.6,6.7,9.3,6.4,11.0,3.07,10.0,0.5,1.79,3.67,6.59,4.02,11.0,3.42,10.0,0.5,-7.4,-1.05,2.62,-1.76,11.0,4.65,10.0,0.5,1007.38,1014.5,1018.33,1013.56,11.0,5.33,10.0,0.5,,,,,,,,,,,,,,,,,,,,,,,,,,,,,,,,,,,,,,,,,,,,,,,,,,,,,,,,,,,,,,,,,,,,,,,,,,,,,,,,,,,,,,,,,,,,,,,,,,,,,,,,,,,,,,,,,,,,,,,,,,,,,,,,,,
1887,9,160.3,-29.4,,,,,,,,,,,,,,,,,,,,,,,,,,,,,,,,,,,9.3,9.3,9.3,9.3,1.0,0.0,10.0,1.0,9.19,9.19,9.19,9.19,1.0,0.0,10.0,1.0,-1.45,-1.45,-1.45,-1.45,1.0,0.0,10.0,1.0,1014.4,1014.4,1014.4,1014.4,1.0,0.0,10.0,1.0,,,,,,,,,,,,,,,,,,,,,,,,,,,,,,,,,,,,,,,,,,,,,,,,,,,,,,,,,,,,,,,,,,,,,,,,,,,,,,,,,,,,,,,,,,,,,,,,,,,,,,,,,,,,,,,,,,,,,,,,,,,,,,,,,,
1887,9,160.3,38.6,20.6,20.6,20.86,20.73,4.0,0.25,4.0,1.0,22.8,23.05,23.61,23.2,4.0,0.52,4.0,1.0,14.74,15.41,16.41,15.56,4.0,0.99,4.0,1.0,85.8,88.3,90.7,88.3,4.0,2.9,4.0,1.0,0.5,0.8,4.55,8.0,9.3,6.98,4.0,3.16,4.0,1.0,3.09,4.42,5.92,4.5,4.0,1.75,4.0,1.0,-0.67,3.86,8.16,3.75,4.0,5.1,4.0,1.0,1017.57,1018.45,1018.81,1018.2,4.0,0.91,4.0,1.0,4.4,6.0,6.0,5.3,4.0,1.5,4.0,1.0,85.8,88.3,90.7,88.3,4.0,2.9,4.0,1.0,0.5,0.8,19.6,38.9,46.3,33.2,4.0,18.7,4.0,1.0,-4.5,35.9,75.8,35.7,4.0,46.4,4.0,1.0,-2.75,-2.45,-2.2,-2.47,4.0,0.32,4.0,1.0,-23.4,-19.3,-11.6,-17.6,4.0,8.6,4.0,1.0,-1.13,-0.39,0.28,-0.42,4.0,0.81,4.0,1.0,-9.2,-3.2,1.7,-3.7,4.0,6.5,4.0,1.0,70.5,103.6,139.5,104.9,4.0,42.0,4.0,1.0,-15.6,92.1,190.0,87.4,4.0,118.8,4.0,1.0,45.6,70.2,96.8,71.1,4.0,30.7,4.0,1.0,-10.8,63.1,127.6,58.6,4.0,80.0,4.0,1.0,-6.6,-2.7,0.9,-2.9,4.0,4.3,4.0,1.0,-4.8,0.7,1.9,-1.4,4.0,5.3,4.0,1.0,152.5,552.5,804.5,482.0,4.0,390.0,4.0,1.0,150.0,555.0,805.0,480.0,4.0,390.0,4.0,1.0
1887,9,162.3,-35.4,,,,,,,,,,,,,,,,,,,,,,,,,,,,,,,,,,,3.87,6.7,7.83,6.08,5.0,2.69,16.0,0.2,1.14,2.39,6.7,3.52,5.0,3.04,16.0,0.2,-4.22,0.0,1.55,-1.32,5.0,5.16,16.0,0.2,1008.42,1009.1,1009.44,1008.93,3.0,0.76,10.0,0.3,,,,,,,,,,,,,,,,,,,,,,,,,,,,,,,,,,,,,,,,,,,,,,,,,,,,,,,,,,,,,,,,,,,,,,,,,,,,,,,,,,,,,,,,,,,,,,,,,,,,,,,,,,,,,,,,,,,,,,,,,,,,,,,,,,
1887,9,162.3,-31.4,,,,,,,,,,,,,,,,,,,,,,,,,,,,,,,,,,,5.6,6.7,8.06,6.83,4.0,1.92,16.0,0.3,3.56,4.21,5.7,4.61,4.0,1.43,16.0,0.3,-5.7,-0.98,4.33,-0.7,4.0,5.9,16.0,0.3,1017.1,1018.4,1019.07,1018.1,4.0,1.37,16.0,0.3,,,,,,,,,,,,,,,,,,,,,,,,,,,,,,,,,,,,,,,,,,,,,,,,,,,,,,,,,,,,,,,,,,,,,,,,,,,,,,,,,,,,,,,,,,,,,,,,,,,,,,,,,,,,,,,,,,,,,,,,,,,,,,,,,,
1887,9,162.3,-29.4,,,,,,,,,,,,,,,,,,,,,,,,,,,,,,,,,,,6.7,9.3,9.3,8.19,7.0,1.39,8.0,0.7,4.64,6.58,6.7,6.0,7.0,2.01,8.0,0.7,-6.58,-3.45,6.19,-1.44,7.0,5.62,8.0,0.7,1015.88,1017.8,1022.47,1018.78,6.0,3.34,8.0,0.7,,,,,,,,,,,,,,,,,,,,,,,,,,,,,,,,,,,,,,,,,,,,,,,,,,,,,,,,,,,,,,,,,,,,,,,,,,,,,,,,,,,,,,,,,,,,,,,,,,,,,,,,,,,,,,,,,,,,,,,,,,,,,,,,,,
1887,9,162.3,38.6,20.6,20.6,20.6,20.6,3.0,0.0,4.0,1.0,22.2,22.2,22.61,22.4,3.0,0.35,4.0,1.0,15.09,15.86,15.86,15.48,3.0,0.65,4.0,1.0,89.0,95.8,95.8,92.5,3.0,5.8,4.0,1.0,0.5,0.8,9.3,9.3,9.3,9.3,3.0,0.0,4.0,1.0,3.63,3.63,3.63,3.63,3.0,0.0,4.0,1.0,8.56,8.56,8.56,8.56,3.0,0.0,4.0,1.0,1019.32,1020.0,1020.0,1019.67,3.0,0.58,4.0,1.0,3.0,3.0,4.4,3.7,3.0,1.2,4.0,1.0,89.0,95.8,95.8,92.5,3.0,5.8,4.0,1.0,0.5,0.8,33.8,33.8,33.8,33.8,3.0,0.0,4.0,1.0,79.6,79.6,79.6,79.6,3.0,0.0,4.0,1.0,-2.01,-1.6,-1.6,-1.8,3.0,0.35,4.0,1.0,-18.7,-14.9,-14.9,-16.7,3.0,3.2,4.0,1.0,-0.86,-0.86,-0.08,-0.48,3.0,0.66,4.0,1.0,-8.0,-8.0,-0.8,-4.5,3.0,6.1,4.0,1.0,80.7,80.7,82.2,81.4,3.0,1.3,4.0,1.0,190.0,190.0,193.6,191.8,3.0,3.0,4.0,1.0,54.8,57.6,57.6,56.3,3.0,2.4,4.0,1.0,129.2,135.7,135.7,132.5,3.0,5.6,4.0,1.0,-3.1,-3.1,-0.3,-1.8,3.0,2.4,4.0,1.0,-7.4,-7.4,-0.7,-4.1,3.0,5.6,4.0,1.0,804.5,804.5,804.5,804.5,3.0,0.0,4.0,1.0,805.0,805.0,805.0,805.0,3.0,0.0,4.0,1.0
1887,9,164.3,-29.4,,,,,,,,,,,,,,,,,,,,,,,,,,,,,,,,,,,4.6,6.7,7.77,6.41,11.0,1.74,10.0,0.5,-3.25,3.25,5.51,1.88,11.0,4.1,10.0,0.5,-4.57,-3.25,5.66,-0.9,11.0,5.16,10.0,0.5,1014.76,1018.1,1025.21,1019.92,11.0,5.01,10.0,0.5,,,,,,,,,,,,,,,,,,,,,,,,,,,,,,,,,,,,,,,,,,,,,,,,,,,,,,,,,,,,,,,,,,,,,,,,,,,,,,,,,,,,,,,,,,,,,,,,,,,,,,,,,,,,,,,,,,,,,,,,,,,,,,,,,,
1887,9,164.3,38.6,20.19,20.6,20.6,20.4,3.0,0.35,4.0,0.0,20.76,21.1,21.85,21.3,3.0,0.82,4.0,0.0,12.61,13.96,14.17,13.4,3.0,1.24,4.0,0.0,82.2,86.3,89.2,85.7,3.0,5.1,4.0,0.0,0.4,0.8,4.73,9.3,9.3,7.07,3.0,3.87,4.0,0.0,0.0,0.0,0.0,0.0,3.0,0.0,4.0,0.0,4.73,9.3,9.3,7.07,3.0,3.87,4.0,0.0,1020.97,1022.4,1023.77,1022.37,3.0,2.05,4.0,0.0,4.3,5.0,5.0,4.7,3.0,0.6,4.0,0.0,82.2,86.3,89.2,85.7,3.0,5.1,4.0,0.0,0.4,0.8,0.0,0.0,0.0,0.0,3.0,0.0,4.0,0.0,32.1,86.5,86.5,59.9,3.0,46.0,4.0,0.0,-1.28,-0.6,-0.53,-0.9,3.0,0.61,4.0,0.0,-11.6,-4.6,-2.5,-7.0,3.0,7.0,4.0,0.0,0.81,0.99,1.96,1.38,3.0,0.9,4.0,0.0,6.4,6.8,8.5,7.4,3.0,1.6,4.0,0.0,0.0,0.0,0.0,0.0,3.0,0.0,4.0,0.0,98.8,196.2,203.2,152.1,3.0,85.5,4.0,0.0,0.0,0.0,0.0,0.0,3.0,0.0,4.0,0.0,62.5,129.9,131.7,97.9,3.0,57.8,4.0,0.0,0.0,0.0,0.0,0.0,3.0,0.0,4.0,0.0,6.4,6.8,8.5,7.4,3.0,1.6,4.0,0.0,267.5,804.5,804.5,542.0,3.0,454.0,4.0,0.0,265.0,805.0,805.0,540.0,3.0,455.0,4.0,0.0
1887,9,166.3,-29.4,,,,,,,,,,,,,,,,,,,,,,,,,,,,,,,,,,,12.3,12.3,12.3,12.3,2.0,0.0,28.0,0.5,10.22,11.06,11.91,11.06,2.0,1.75,28.0,0.5,1.17,3.7,6.23,3.7,2.0,5.23,28.0,0.5,1008.24,1009.2,1010.36,1009.3,3.0,1.55,28.0,0.7,,,,,,,,,,,,,,,,,,,,,,,,,,,,,,,,,,,,,,,,,,,,,,,,,,,,,,,,,,,,,,,,,,,,,,,,,,,,,,,,,,,,,,,,,,,,,,,,,,,,,,,,,,,,,,,,,,,,,,,,,,,,,,,,,,
1887,9,166.3,-27.4,,,,,,,,,,,,,,,,,,,,,,,,,,,,,,,,,,,2.6,2.6,2.6,2.6,2.0,0.0,12.0,0.5,2.57,2.57,2.57,2.57,2.0,0.0,12.0,0.5,-0.41,-0.41,-0.41,-0.41,2.0,0.0,12.0,0.5,1017.34,1017.65,1017.96,1017.65,2.0,0.64,12.0,0.5,,,,,,,,,,,,,,,,,,,,,,,,,,,,,,,,,,,,,,,,,,,,,,,,,,,,,,,,,,,,,,,,,,,,,,,,,,,,,,,,,,,,,,,,,,,,,,,,,,,,,,,,,,,,,,,,,,,,,,,,,,,,,,,,,,
1887,9,166.3,38.6,18.59,19.15,19.71,19.15,4.0,0.72,4.0,0.5,19.4,19.7,20.31,19.85,4.0,0.57,4.0,0.5,10.97,11.08,11.21,11.09,4.0,0.18,4.0,0.5,75.8,78.0,80.2,78.0,4.0,2.5,4.0,0.5,0.5,0.9,5.27,6.7,6.7,6.0,3.0,1.21,4.0,0.7,1.97,2.51,4.03,2.99,3.0,1.56,4.0,0.7,-5.74,-4.74,-4.42,-5.07,3.0,1.02,4.0,0.7,1023.51,1024.75,1025.26,1024.4,4.0,1.21,4.0,0.5,3.0,3.5,4.5,3.8,4.0,1.0,4.0,0.5,75.8,78.0,80.2,78.0,4.0,2.5,4.0,0.5,0.5,0.9,10.7,16.8,27.0,18.8,3.0,12.0,4.0,0.7,-38.5,-31.7,-23.5,-31.0,3.0,11.0,4.0,0.7,-1.73,-0.55,0.31,-0.7,4.0,1.28,4.0,0.5,-12.9,-7.4,-2.3,-7.6,3.0,7.7,4.0,0.7,2.06,2.65,3.04,2.56,4.0,0.7,4.0,0.5,11.4,12.7,15.7,13.5,3.0,3.2,4.0,0.7,38.8,50.2,82.6,60.4,3.0,33.3,4.0,0.7,-115.8,-97.6,-87.5,-101.5,3.0,21.0,4.0,0.7,21.7,27.3,45.3,33.3,3.0,18.1,4.0,0.7,-63.1,-53.6,-49.3,-56.1,3.0,10.4,4.0,0.7,5.3,6.4,7.3,6.3,3.0,1.5,4.0,0.7,-14.5,-11.8,-9.0,-11.8,3.0,4.1,4.0,0.7,162.0,301.0,301.0,233.0,3.0,117.5,4.0,0.7,160.0,300.0,300.0,235.0,3.0,115.0,4.0,0.7
1887,9,168.3,-35.4,,,,,,,,,,,,,,,,,,,,,,,,,,,,,,,,,,,4.6,4.6,4.6,4.6,1.0,0.0,2.0,1.0,0.0,0.0,0.0,0.0,1.0,0.0,2.0,1.0,-4.6,-4.6,-4.6,-4.6,1.0,0.0,2.0,1.0,1030.1,1030.1,1030.1,1030.1,1.0,0.0,2.0,1.0,,,,,,,,,,,,,,,,,,,,,,,,,,,,,,,,,,,,,,,,,,,,,,,,,,,,,,,,,,,,,,,,,,,,,,,,,,,,,,,,,,,,,,,,,,,,,,,,,,,,,,,,,,,,,,,,,,,,,,,,,,,,,,,,,,
1887,9,168.3,-29.4,,,,,,,,,,,,,,,,,,,,,,,,,,,,,,,,,,,9.78,10.8,11.82,10.8,2.0,2.12,26.0,0.5,9.52,10.6,11.68,10.6,2.0,2.23,26.0,0.5,-1.08,0.27,1.62,0.27,2.0,2.8,26.0,0.5,1008.12,1008.6,1009.08,1008.6,2.0,0.99,26.0,0.5,,,,,,,,,,,,,,,,,,,,,,,,,,,,,,,,,,,,,,,,,,,,,,,,,,,,,,,,,,,,,,,,,,,,,,,,,,,,,,,,,,,,,,,,,,,,,,,,,,,,,,,,,,,,,,,,,,,,,,,,,,,,,,,,,,
1887,9,168.3,-27.4,,,,,,,,,,,,,,,,,,,,,,,,,,,,,,,,,,,1.0,1.0,5.35,3.08,4.0,4.15,14.0,0.3,0.33,0.74,3.33,1.78,4.0,2.48,14.0,0.3,-3.83,0.55,0.93,-1.36,4.0,4.12,14.0,0.3,1013.34,1019.2,1020.5,1017.03,4.0,5.98,14.0,0.3,,,,,,,,,,,,,,,,,,,,,,,,,,,,,,,,,,,,,,,,,,,,,,,,,,,,,,,,,,,,,,,,,,,,,,,,,,,,,,,,,,,,,,,,,,,,,,,,,,,,,,,,,,,,,,,,,,,,,,,,,,,,,,,,,,
1887,9,168.3,38.6,18.3,18.3,18.3,18.3,1.0,0.0,4.0,1.0,20.6,20.6,20.6,20.6,1.0,0.0,4.0,1.0,11.32,11.32,11.32,11.32,1.0,0.0,4.0,1.0,75.9,75.9,75.9,75.9,1.0,0.0,4.0,1.0,0.2,1.0,6.7,6.7,6.7,6.7,1.0,0.0,4.0,1.0,4.74,4.74,4.74,4.74,1.0,0.0,4.0,1.0,-4.74,-4.74,-4.74,-4.74,1.0,0.0,4.0,1.0,1022.7,1022.7,1022.7,1022.7,1.0,0.0,4.0,1.0,3.0,3.0,3.0,3.0,1.0,0.0,4.0,1.0,75.9,75.9,75.9,75.9,1.0,0.0,4.0,1.0,0.2,1.0,31.7,31.7,31.7,31.7,1.0,0.0,4.0,1.0,-31.7,-31.7,-31.7,-31.7,1.0,0.0,4.0,1.0,-2.3,-2.3,-2.3,-2.3,1.0,0.0,4.0,1.0,-15.4,-15.4,-15.4,-15.4,1.0,0.0,4.0,1.0,1.62,1.62,1.62,1.62,1.0,0.0,4.0,1.0,10.9,10.9,10.9,10.9,1.0,0.0,4.0,1.0,97.6,97.6,97.6,97.6,1.0,0.0,4.0,1.0,-97.6,-97.6,-97.6,-97.6,1.0,0.0,4.0,1.0,53.6,53.6,53.6,53.6,1.0,0.0,4.0,1.0,-53.6,-53.6,-53.6,-53.6,1.0,0.0,4.0,1.0,7.7,7.7,7.7,7.7,1.0,0.0,4.0,1.0,-7.7,-7.7,-7.7,-7.7,1.0,0.0,4.0,1.0,301.0,301.0,301.0,301.0,1.0,0.0,4.0,1.0,300.0,300.0,300.0,300.0,1.0,0.0,4.0,1.0
1887,9,168.3,40.6,17.96,18.3,18.71,18.33,3.0,0.55,2.0,1.0,18.49,18.9,18.9,18.7,3.0,0.35,2.0,1.0,10.19,10.38,10.64,10.41,3.0,0.33,2.0,1.0,76.7,80.0,80.1,78.4,3.0,2.9,2.0,1.0,0.7,0.0,6.7,6.7,6.7,6.7,3.0,0.0,2.0,1.0,5.55,5.55,5.55,5.55,3.0,0.0,2.0,1.0,-3.75,-3.75,-3.75,-3.75,3.0,0.0,2.0,1.0,1019.36,1021.0,1021.96,1020.67,3.0,1.92,2.0,1.0,3.0,3.0,3.0,3.0,3.0,0.0,2.0,1.0,76.7,80.0,80.1,78.4,3.0,2.9,2.0,1.0,0.7,0.0,37.2,37.2,37.2,37.2,3.0,0.0,2.0,1.0,-25.1,-25.1,-25.1,-25.1,3.0,0.0,2.0,1.0,-0.94,-0.6,0.22,-0.37,3.0,0.87,2.0,1.0,-6.3,-4.0,1.5,-2.5,3.0,5.9,2.0,1.0,2.13,2.87,3.04,2.59,3.0,0.71,2.0,1.0,14.3,19.2,20.3,17.4,3.0,4.7,2.0,1.0,102.7,105.0,105.0,103.9,3.0,1.9,2.0,1.0,-70.8,-70.8,-69.3,-70.1,3.0,1.3,2.0,1.0,56.6,57.7,59.1,57.8,3.0,1.8,2.0,1.0,-39.9,-38.9,-38.2,-39.0,3.0,1.2,2.0,1.0,11.8,15.9,16.9,14.4,3.0,3.9,2.0,1.0,-11.4,-10.8,-8.0,-9.7,3.0,2.6,2.0,1.0,301.0,301.0,301.0,301.0,3.0,0.0,2.0,1.0,300.0,300.0,300.0,300.0,3.0,0.0,2.0,1.0
1887,9,170.3,-27.4,,,,,,,,,,,,,,,,,,,,,,,,,,,,,,,,,,,5.6,6.7,8.06,6.83,4.0,1.92,20.0,0.8,1.56,1.71,3.72,2.6,4.0,1.92,20.0,0.8,-7.05,-1.15,5.42,-0.83,4.0,7.23,20.0,0.8,1011.79,1015.65,1019.77,1015.78,4.0,4.61,20.0,0.8,,,,,,,,,,,,,,,,,,,,,,,,,,,,,,,,,,,,,,,,,,,,,,,,,,,,,,,,,,,,,,,,,,,,,,,,,,,,,,,,,,,,,,,,,,,,,,,,,,,,,,,,,,,,,,,,,,,,,,,,,,,,,,,,,,
1887,9,170.3,-25.4,,,,,,,,,,,,,,,,,,,,,,,,,,,,,,,,,,,1.9,3.85,5.8,3.85,2.0,4.03,16.0,0.5,0.87,3.04,5.2,3.04,2.0,4.49,16.0,0.5,1.23,1.75,2.27,1.75,2.0,1.07,16.0,0.5,1021.2,1021.2,1021.2,1021.2,1.0,0.0,12.0,0.0,,,,,,,,,,,,,,,,,,,,,,,,,,,,,,,,,,,,,,,,,,,,,,,,,,,,,,,,,,,,,,,,,,,,,,,,,,,,,,,,,,,,,,,,,,,,,,,,,,,,,,,,,,,,,,,,,,,,,,,,,,,,,,,,,,
1887,9,170.3,40.6,18.3,18.3,18.61,18.45,4.0,0.3,2.0,0.3,18.59,19.15,19.4,19.0,4.0,0.52,2.0,0.3,10.61,11.01,11.59,11.09,4.0,0.66,2.0,0.3,80.1,80.2,82.9,81.4,4.0,2.7,2.0,0.3,0.5,0.0,7.94,9.3,9.3,8.65,4.0,1.3,2.0,0.3,7.26,9.13,9.13,8.24,4.0,1.79,2.0,0.3,-1.12,1.77,1.77,0.39,4.0,2.76,2.0,0.3,1014.15,1015.2,1016.09,1015.13,4.0,1.51,2.0,0.3,4.0,4.0,4.0,4.0,4.0,0.0,2.0,0.3,80.1,80.2,82.9,81.4,4.0,2.7,2.0,0.3,0.5,0.0,59.9,84.9,84.9,73.0,4.0,23.8,2.0,0.3,-5.3,16.5,16.5,6.1,4.0,20.8,2.0,0.3,-1.1,-0.85,0.03,-0.55,4.0,0.8,2.0,0.3,-10.2,-7.9,-0.6,-5.5,4.0,6.7,2.0,0.3,1.47,2.03,2.68,2.07,4.0,0.83,2.0,0.3,13.6,18.9,20.7,17.3,4.0,4.9,2.0,0.3,135.4,174.8,177.1,157.1,4.0,37.0,2.0,0.3,-20.0,34.0,34.4,8.5,4.0,51.3,2.0,0.3,77.4,100.5,105.8,92.0,4.0,23.2,2.0,0.3,-11.3,19.5,20.6,5.3,4.0,29.5,2.0,0.3,13.4,17.1,18.8,16.1,4.0,4.2,2.0,0.3,-5.2,2.6,3.6,-0.6,4.0,7.4,2.0,0.3,540.5,804.5,804.5,678.5,4.0,252.0,2.0,0.3,540.0,805.0,805.0,680.0,4.0,250.0,2.0,0.3
1887,9,172.3,-35.4,,,,,,,,,,,,,,,,,,,,,,,,,,,,,,,,,,,9.54,9.8,9.8,9.68,4.0,0.25,18.0,0.8,8.11,9.8,9.8,8.99,4.0,1.61,18.0,0.8,-3.45,0.0,0.0,-1.64,4.0,3.29,18.0,0.8,1024.8,1024.8,1024.8,1024.8,1.0,0.0,2.0,1.0,,,,,,,,,,,,,,,,,,,,,,,,,,,,,,,,,,,,,,,,,,,,,,,,,,,,,,,,,,,,,,,,,,,,,,,,,,,,,,,,,,,,,,,,,,,,,,,,,,,,,,,,,,,,,,,,,,,,,,,,,,,,,,,,,,
1887,9,172.3,-27.4,,,,,,,,,,,,,,,,,,,,,,,,,,,,,,,,,,,3.9,6.7,6.7,5.33,3.0,2.37,26.0,0.7,1.4,1.42,2.16,1.77,3.0,0.64,26.0,0.7,-6.45,-6.21,-0.48,-3.53,3.0,4.95,26.0,0.7,1014.22,1014.7,1016.54,1015.37,3.0,1.8,26.0,0.7,,,,,,,,,,,,,,,,,,,,,,,,,,,,,,,,,,,,,,,,,,,,,,,,,,,,,,,,,,,,,,,,,,,,,,,,,,,,,,,,,,,,,,,,,,,,,,,,,,,,,,,,,,,,,,,,,,,,,,,,,,,,,,,,,,
1887,9,172.3,-25.4,,,,,,,,,,,,,,,,,,,,,,,,,,,,,,,,,,,2.92,3.6,4.28,3.6,2.0,1.41,12.0,0.0,-0.6,-0.5,-0.41,-0.5,2.0,0.2,12.0,0.0,2.89,3.56,4.24,3.56,2.0,1.4,12.0,0.0,1020.46,1020.8,1021.14,1020.8,2.0,0.71,12.0,0.0,,,,,,,,,,,,,,,,,,,,,,,,,,,,,,,,,,,,,,,,,,,,,,,,,,,,,,,,,,,,,,,,,,,,,,,,,,,,,,,,,,,,,,,,,,,,,,,,,,,,,,,,,,,,,,,,,,,,,,,,,,,,,,,,,,
1887,9,172.3,40.6,18.3,18.6,18.9,18.6,4.0,0.35,2.0,0.5,19.14,19.4,19.4,19.28,4.0,0.25,2.0,0.5,10.64,10.91,11.31,10.97,4.0,0.4,2.0,0.5,76.2,78.2,82.4,79.2,4.0,3.9,2.0,0.5,0.6,0.1,9.3,10.8,12.3,10.8,4.0,1.73,2.0,0.5,4.02,4.61,6.98,5.46,4.0,2.5,2.0,0.5,-11.4,-10.01,-3.18,-7.41,4.0,6.26,2.0,0.5,1013.5,1013.85,1014.72,1014.1,4.0,0.8,2.0,0.5,4.0,4.0,4.0,4.0,4.0,0.0,2.0,0.5,76.2,78.2,82.4,79.2,4.0,3.9,2.0,0.5,0.6,0.1,44.0,56.7,71.5,57.7,4.0,21.5,2.0,0.5,-140.3,-110.2,-29.5,-86.1,4.0,74.0,2.0,0.5,-1.1,-0.8,-0.24,-0.67,4.0,0.53,2.0,0.5,-10.2,-8.2,-2.9,-6.7,4.0,4.8,2.0,0.5,1.99,2.28,2.68,2.33,4.0,0.46,2.0,0.5,19.7,24.4,31.4,25.5,4.0,7.9,2.0,0.5,76.9,88.2,135.3,105.3,4.0,48.9,2.0,0.5,-218.5,-191.4,-61.6,-142.4,4.0,120.4,2.0,0.5,42.8,50.8,78.6,60.2,4.0,28.7,2.0,0.5,-126.0,-106.5,-33.3,-80.9,4.0,69.1,2.0,0.5,9.1,11.7,15.3,12.2,4.0,3.8,2.0,0.5,-29.1,-22.6,-8.2,-18.8,4.0,15.7,2.0,0.5,804.5,1332.5,1861.0,1332.5,4.0,610.0,2.0,0.5,805.0,1335.0,1860.0,1335.0,4.0,610.0,2.0,0.5
1887,9,174.3,-27.4,,,,,,,,,,,,,,,,,,,,,,,,,,,,,,,,,,,1.0,1.0,1.0,1.0,1.0,0.0,26.0,0.0,0.53,0.53,0.53,0.53,1.0,0.0,26.0,0.0,0.85,0.85,0.85,0.85,1.0,0.0,26.0,0.0,1016.5,1016.5,1016.5,1016.5,1.0,0.0,26.0,0.0,,,,,,,,,,,,,,,,,,,,,,,,,,,,,,,,,,,,,,,,,,,,,,,,,,,,,,,,,,,,,,,,,,,,,,,,,,,,,,,,,,,,,,,,,,,,,,,,,,,,,,,,,,,,,,,,,,,,,,,,,,,,,,,,,,
1887,9,174.3,-25.4,,,,,,,,,,,,,,,,,,,,,,,,,,,,,,,,,,,4.19,5.65,6.7,5.32,6.0,1.68,16.0,0.8,-3.55,-1.58,1.6,-1.07,6.0,2.56,16.0,0.8,3.55,5.12,5.79,4.71,6.0,1.49,16.0,0.8,1014.26,1018.85,1019.99,1017.72,6.0,2.99,16.0,0.8,,,,,,,,,,,,,,,,,,,,,,,,,,,,,,,,,,,,,,,,,,,,,,,,,,,,,,,,,,,,,,,,,,,,,,,,,,,,,,,,,,,,,,,,,,,,,,,,,,,,,,,,,,,,,,,,,,,,,,,,,,,,,,,,,,
1887,9,174.3,0.6,,,,,,,,,,,,,,,,,,,,,,,,,,,,,,,,,,,9.3,9.3,9.3,9.3,1.0,0.0,8.0,1.0,-8.62,-8.62,-8.62,-8.62,1.0,0.0,8.0,1.0,-3.48,-3.48,-3.48,-3.48,1.0,0.0,8.0,1.0,1009.7,1009.7,1009.7,1009.7,1.0,0.0,8.0,1.0,,,,,,,,,,,,,,,,,,,,,,,,,,,,,,,,,,,,,,,,,,,,,,,,,,,,,,,,,,,,,,,,,,,,,,,,,,,,,,,,,,,,,,,,,,,,,,,,,,,,,,,,,,,,,,,,,,,,,,,,,,,,,,,,,,
1887,9,174.3,40.6,18.3,18.3,18.3,18.3,4.0,0.0,2.0,1.0,18.04,18.3,18.61,18.33,4.0,0.45,2.0,1.0,11.9,12.44,12.58,12.25,4.0,0.57,2.0,1.0,89.4,95.1,97.7,93.6,4.0,6.6,2.0,1.0,0.5,0.1,12.3,12.3,12.3,12.3,4.0,0.0,2.0,1.0,7.27,10.2,10.2,8.8,4.0,2.79,2.0,1.0,-9.25,-6.88,-6.88,-8.01,4.0,2.26,2.0,1.0,1010.12,1011.65,1013.02,1011.58,4.0,1.78,2.0,1.0,4.0,4.0,4.0,4.0,4.0,0.0,2.0,1.0,89.4,95.1,97.7,93.6,4.0,6.6,2.0,1.0,0.5,0.1,89.4,125.4,125.4,108.2,4.0,34.4,2.0,1.0,-113.8,-84.6,-84.6,-98.5,4.0,27.8,2.0,1.0,-0.31,0.0,0.26,-0.02,4.0,0.45,2.0,1.0,-3.9,0.0,3.2,-0.3,4.0,5.5,2.0,1.0,0.52,0.65,1.17,0.84,4.0,0.55,2.0,1.0,6.4,8.0,14.3,10.3,4.0,6.7,2.0,1.0,132.0,184.1,186.6,160.5,4.0,49.0,2.0,1.0,-172.8,-125.9,-124.1,-147.4,4.0,45.4,2.0,1.0,87.9,126.8,128.3,109.0,4.0,37.6,2.0,1.0,-109.9,-86.5,-85.5,-97.2,4.0,22.1,2.0,1.0,5.3,6.6,7.1,6.2,4.0,1.4,2.0,1.0,-11.9,-4.5,-3.6,-7.6,4.0,7.4,2.0,1.0,1861.0,1861.0,1861.0,1861.0,4.0,0.0,2.0,1.0,1860.0,1860.0,1860.0,1860.0,4.0,0.0,2.0,1.0
1887,9,176.3,-25.4,,,,,,,,,,,,,,,,,,,,,,,,,,,,,,,,,,,2.6,3.6,5.7,4.13,4.0,1.96,22.0,0.5,0.28,2.36,3.63,1.97,4.0,2.47,22.0,0.5,-0.46,1.46,4.28,1.89,4.0,3.24,22.0,0.5,1013.79,1014.65,1017.14,1015.43,4.0,2.42,22.0,0.5,,,,,,,,,,,,,,,,,,,,,,,,,,,,,,,,,,,,,,,,,,,,,,,,,,,,,,,,,,,,,,,,,,,,,,,,,,,,,,,,,,,,,,,,,,,,,,,,,,,,,,,,,,,,,,,,,,,,,,,,,,,,,,,,,,
1887,9,176.3,-23.4,,,,,,,,,,,,,,,,,,,,,,,,,,,,,,,,,,,6.7,6.7,6.7,6.7,2.0,0.0,14.0,0.0,-5.62,-5.62,-5.62,-5.62,2.0,0.0,14.0,0.0,3.65,3.65,3.65,3.65,2.0,0.0,14.0,0.0,1017.91,1018.35,1018.79,1018.35,2.0,0.92,14.0,0.0,,,,,,,,,,,,,,,,,,,,,,,,,,,,,,,,,,,,,,,,,,,,,,,,,,,,,,,,,,,,,,,,,,,,,,,,,,,,,,,,,,,,,,,,,,,,,,,,,,,,,,,,,,,,,,,,,,,,,,,,,,,,,,,,,,
1887,9,176.3,-15.4,,,,,,,,,,,,,,,,,,,,,,,,,,,,,,,,,,,9.78,10.8,11.82,10.8,2.0,2.12,2.0,1.0,-11.82,-10.8,-9.78,-10.8,2.0,2.12,2.0,1.0,0.0,0.0,0.0,0.0,2.0,0.0,2.0,1.0,1014.13,1014.2,1014.27,1014.2,2.0,0.14,2.0,1.0,,,,,,,,,,,,,,,,,,,,,,,,,,,,,,,,,,,,,,,,,,,,,,,,,,,,,,,,,,,,,,,,,,,,,,,,,,,,,,,,,,,,,,,,,,,,,,,,,,,,,,,,,,,,,,,,,,,,,,,,,,,,,,,,,,
1887,9,176.3,-13.4,,,,,,,,,,,,,,,,,,,,,,,,,,,,,,,,,,,6.7,6.7,9.63,8.1,4.0,2.8,20.0,0.8,-9.07,-6.59,-5.61,-7.31,4.0,2.81,20.0,0.8,1.22,3.01,4.77,3.0,4.0,2.05,20.0,0.8,1011.9,1012.75,1013.6,1012.75,2.0,1.77,2.0,1.0,,,,,,,,,,,,,,,,,,,,,,,,,,,,,,,,,,,,,,,,,,,,,,,,,,,,,,,,,,,,,,,,,,,,,,,,,,,,,,,,,,,,,,,,,,,,,,,,,,,,,,,,,,,,,,,,,,,,,,,,,,,,,,,,,,
1887,9,176.3,-9.4,,,,,,,,,,,,,,,,,,,,,,,,,,,,,,,,,,,6.7,6.7,8.06,7.35,4.0,1.3,22.0,0.8,-7.52,-5.55,-5.55,-6.49,4.0,1.87,22.0,0.8,-3.75,-3.75,-1.78,-2.81,4.0,1.87,22.0,0.8,1010.0,1010.0,1010.0,1010.0,1.0,0.0,4.0,1.0,,,,,,,,,,,,,,,,,,,,,,,,,,,,,,,,,,,,,,,,,,,,,,,,,,,,,,,,,,,,,,,,,,,,,,,,,,,,,,,,,,,,,,,,,,,,,,,,,,,,,,,,,,,,,,,,,,,,,,,,,,,,,,,,,,
1887,9,176.3,-5.4,,,,,,,,,,,,,,,,,,,,,,,,,,,,,,,,,,,6.7,6.7,6.7,6.7,1.0,0.0,4.0,1.0,-6.21,-6.21,-6.21,-6.21,1.0,0.0,4.0,1.0,-2.51,-2.51,-2.51,-2.51,1.0,0.0,4.0,1.0,1009.5,1009.5,1009.5,1009.5,1.0,0.0,4.0,1.0,,,,,,,,,,,,,,,,,,,,,,,,,,,,,,,,,,,,,,,,,,,,,,,,,,,,,,,,,,,,,,,,,,,,,,,,,,,,,,,,,,,,,,,,,,,,,,,,,,,,,,,,,,,,,,,,,,,,,,,,,,,,,,,,,,
1887,9,176.3,-3.4,,,,,,,,,,,,,,,,,,,,,,,,,,,,,,,,,,,6.7,6.7,6.7,6.7,1.0,0.0,6.0,1.0,-6.7,-6.7,-6.7,-6.7,1.0,0.0,6.0,1.0,0.0,0.0,0.0,0.0,1.0,0.0,6.0,1.0,1009.0,1009.0,1009.0,1009.0,1.0,0.0,6.0,1.0,,,,,,,,,,,,,,,,,,,,,,,,,,,,,,,,,,,,,,,,,,,,,,,,,,,,,,,,,,,,,,,,,,,,,,,,,,,,,,,,,,,,,,,,,,,,,,,,,,,,,,,,,,,,,,,,,,,,,,,,,,,,,,,,,,
1887,9,176.3,-1.4,,,,,,,,,,,,,,,,,,,,,,,,,,,,,,,,,,,6.7,6.7,6.7,6.7,1.0,0.0,6.0,1.0,-6.21,-6.21,-6.21,-6.21,1.0,0.0,6.0,1.0,-2.51,-2.51,-2.51,-2.51,1.0,0.0,6.0,1.0,1009.5,1009.5,1009.5,1009.5,1.0,0.0,6.0,1.0,,,,,,,,,,,,,,,,,,,,,,,,,,,,,,,,,,,,,,,,,,,,,,,,,,,,,,,,,,,,,,,,,,,,,,,,,,,,,,,,,,,,,,,,,,,,,,,,,,,,,,,,,,,,,,,,,,,,,,,,,,,,,,,,,,
1887,9,176.3,40.6,18.9,18.9,19.08,19.0,5.0,0.22,2.0,0.0,19.0,19.4,19.62,19.3,5.0,0.62,2.0,0.0,10.89,13.15,14.09,12.6,5.0,1.66,2.0,0.0,76.0,100.0,100.0,90.4,5.0,13.2,2.0,0.0,0.5,0.2,9.3,12.3,12.3,11.1,5.0,1.64,2.0,0.0,9.13,10.2,12.07,10.52,5.0,1.48,2.0,0.0,-1.39,1.77,2.35,0.27,5.0,4.01,2.0,0.0,1006.37,1008.5,1010.82,1008.56,5.0,2.64,2.0,0.0,4.0,4.0,5.0,4.4,5.0,0.5,2.0,0.0,76.0,100.0,100.0,90.4,5.0,13.2,2.0,0.0,0.5,0.2,84.9,125.4,148.5,118.4,5.0,32.0,2.0,0.0,-20.4,16.5,28.9,1.2,5.0,48.4,2.0,0.0,-0.72,-0.5,0.08,-0.3,5.0,0.82,2.0,0.0,-7.6,-6.1,2.0,-2.7,5.0,9.3,2.0,0.0,-0.44,0.94,2.71,1.12,5.0,1.6,2.0,0.0,-5.4,11.6,25.2,10.4,5.0,15.6,2.0,0.0,180.6,186.6,234.2,203.0,5.0,28.8,2.0,0.0,-24.1,35.5,45.5,7.0,5.0,74.5,2.0,0.0,99.4,134.0,170.1,134.5,5.0,35.6,2.0,0.0,-21.0,19.6,33.1,2.8,5.0,52.6,2.0,0.0,-5.3,9.6,24.7,9.9,5.0,15.3,2.0,0.0,-3.0,-1.0,4.8,0.2,5.0,4.8,2.0,0.0,804.5,1861.0,1861.0,1438.5,5.0,578.5,2.0,0.0,805.0,1860.0,1860.0,1440.0,5.0,580.0,2.0,0.0
1887,9,178.3,-25.4,,,,,,,,,,,,,,,,,,,,,,,,,,,,,,,,,,,2.6,2.6,2.6,2.6,1.0,0.0,24.0,0.0,0.41,0.41,0.41,0.41,1.0,0.0,24.0,0.0,-2.57,-2.57,-2.57,-2.57,1.0,0.0,24.0,0.0,1014.4,1014.4,1014.4,1014.4,1.0,0.0,24.0,0.0,,,,,,,,,,,,,,,,,,,,,,,,,,,,,,,,,,,,,,,,,,,,,,,,,,,,,,,,,,,,,,,,,,,,,,,,,,,,,,,,,,,,,,,,,,,,,,,,,,,,,,,,,,,,,,,,,,,,,,,,,,,,,,,,,,
1887,9,178.3,-23.4,,,,,,,,,,,,,,,,,,,,,,,,,,,,,,,,,,,2.6,4.6,5.37,4.22,5.0,1.71,18.0,0.8,-3.77,-2.6,-2.03,-2.92,5.0,1.65,18.0,0.8,-3.99,-0.5,1.33,-1.01,5.0,3.25,18.0,0.8,1015.1,1015.8,1018.81,1016.8,5.0,2.38,18.0,0.8,,,,,,,,,,,,,,,,,,,,,,,,,,,,,,,,,,,,,,,,,,,,,,,,,,,,,,,,,,,,,,,,,,,,,,,,,,,,,,,,,,,,,,,,,,,,,,,,,,,,,,,,,,,,,,,,,,,,,,,,,,,,,,,,,,
1887,9,178.3,40.6,18.59,19.15,19.4,19.0,4.0,0.52,2.0,0.8,19.14,19.4,19.4,19.28,4.0,0.25,2.0,0.8,10.92,11.25,11.37,11.15,4.0,0.34,2.0,0.8,78.1,80.4,82.6,80.3,4.0,3.3,2.0,0.8,0.6,0.3,6.7,6.7,8.06,7.35,4.0,1.3,2.0,0.8,6.58,6.58,7.91,7.21,4.0,1.28,2.0,0.8,-1.54,-1.28,-1.28,-1.4,4.0,0.25,2.0,0.8,1012.04,1012.2,1012.88,1012.45,4.0,0.71,2.0,0.8,5.5,6.0,6.0,5.8,4.0,0.5,2.0,0.8,78.1,80.4,82.6,80.3,4.0,3.3,2.0,0.8,0.6,0.3,44.1,44.1,65.5,54.3,4.0,20.4,2.0,0.8,-12.7,-8.6,-8.6,-10.5,4.0,4.0,2.0,0.8,-0.81,-0.25,0.26,-0.27,4.0,0.68,2.0,0.8,-7.0,-1.7,1.8,-2.6,4.0,5.8,2.0,0.8,2.16,2.69,2.86,2.52,4.0,0.51,2.0,0.8,16.9,18.0,19.2,18.1,4.0,1.4,2.0,0.8,125.9,127.6,153.5,139.1,4.0,25.4,2.0,0.8,-29.8,-24.8,-24.5,-27.0,4.0,4.9,2.0,0.8,71.8,74.5,89.8,80.5,4.0,15.2,2.0,0.8,-17.5,-14.5,-14.0,-15.7,4.0,3.0,2.0,0.8,16.6,17.7,18.8,17.7,4.0,1.3,2.0,0.8,-3.7,-3.4,-3.2,-3.4,4.0,0.3,2.0,0.8,301.0,301.0,564.5,426.5,4.0,252.0,2.0,0.8,300.0,300.0,565.0,425.0,4.0,250.0,2.0,0.8
1887,9,180.3,-23.4,,,,,,,,,,,,,,,,,,,,,,,,,,,,,,,,,,,2.6,2.6,5.4,3.97,3.0,2.37,20.0,0.7,-5.29,-2.52,-2.45,-3.84,3.0,2.37,20.0,0.7,-1.18,-0.97,0.12,-0.54,3.0,1.02,20.0,0.7,1015.56,1015.7,1016.86,1016.2,3.0,1.04,20.0,0.7,,,,,,,,,,,,,,,,,,,,,,,,,,,,,,,,,,,,,,,,,,,,,,,,,,,,,,,,,,,,,,,,,,,,,,,,,,,,,,,,,,,,,,,,,,,,,,,,,,,,,,,,,,,,,,,,,,,,,,,,,,,,,,,,,,
1887,9,180.3,-21.4,,,,,,,,,,,,,,,,,,,,,,,,,,,,,,,,,,,6.7,6.7,6.7,6.7,2.0,0.0,14.0,0.0,-5.32,-4.68,-4.04,-4.68,2.0,1.32,14.0,0.0,-5.25,-4.6,-3.95,-4.6,2.0,1.35,14.0,0.0,1012.61,1012.85,1013.09,1012.85,2.0,0.49,14.0,0.0,,,,,,,,,,,,,,,,,,,,,,,,,,,,,,,,,,,,,,,,,,,,,,,,,,,,,,,,,,,,,,,,,,,,,,,,,,,,,,,,,,,,,,,,,,,,,,,,,,,,,,,,,,,,,,,,,,,,,,,,,,,,,,,,,,
1887,9,180.3,-9.4,,,,,,,,,,,,,,,,,,,,,,,,,,,,,,,,,,,2.92,3.6,4.28,3.6,2.0,1.41,6.0,1.0,-3.88,-3.05,-2.22,-3.05,2.0,1.72,6.0,1.0,-1.82,-1.78,-1.74,-1.78,2.0,0.08,6.0,1.0,1010.02,1010.05,1010.08,1010.05,2.0,0.07,6.0,1.0,,,,,,,,,,,,,,,,,,,,,,,,,,,,,,,,,,,,,,,,,,,,,,,,,,,,,,,,,,,,,,,,,,,,,,,,,,,,,,,,,,,,,,,,,,,,,,,,,,,,,,,,,,,,,,,,,,,,,,,,,,,,,,,,,,
1887,9,180.3,-7.4,,,,,,,,,,,,,,,,,,,,,,,,,,,,,,,,,,,9.3,9.3,9.3,9.3,1.0,0.0,8.0,1.0,-9.3,-9.3,-9.3,-9.3,1.0,0.0,8.0,1.0,0.0,0.0,0.0,0.0,1.0,0.0,8.0,1.0,1011.7,1011.7,1011.7,1011.7,1.0,0.0,8.0,1.0,,,,,,,,,,,,,,,,,,,,,,,,,,,,,,,,,,,,,,,,,,,,,,,,,,,,,,,,,,,,,,,,,,,,,,,,,,,,,,,,,,,,,,,,,,,,,,,,,,,,,,,,,,,,,,,,,,,,,,,,,,,,,,,,,,
1887,9,180.3,40.6,18.9,19.15,19.4,19.15,4.0,0.29,2.0,1.0,19.4,19.7,20.31,19.85,4.0,0.57,2.0,1.0,10.83,11.08,11.57,11.2,4.0,0.53,2.0,1.0,73.4,78.0,82.9,78.2,4.0,6.1,2.0,1.0,0.5,0.3,5.6,6.7,6.7,6.18,4.0,1.05,2.0,1.0,5.5,6.58,6.58,6.06,4.0,1.03,2.0,1.0,-1.28,-1.28,-1.07,-1.18,4.0,0.2,2.0,1.0,1014.89,1015.2,1015.41,1015.15,4.0,0.41,2.0,1.0,5.5,6.0,7.0,6.3,4.0,1.3,2.0,1.0,73.4,78.0,82.9,78.2,4.0,6.1,2.0,1.0,0.5,0.3,31.9,44.1,44.1,38.2,4.0,11.6,2.0,1.0,-8.6,-8.6,-6.2,-7.4,4.0,2.3,2.0,1.0,-1.41,-0.55,0.0,-0.7,4.0,0.84,2.0,1.0,-9.5,-3.7,0.0,-4.7,4.0,5.7,2.0,1.0,2.3,2.68,2.82,2.56,4.0,0.37,2.0,1.0,13.2,15.5,18.2,15.7,4.0,3.0,2.0,1.0,106.6,129.6,133.6,120.6,4.0,22.2,2.0,1.0,-26.0,-25.2,-20.7,-23.4,4.0,4.3,2.0,1.0,60.0,71.3,75.5,67.9,4.0,12.1,2.0,1.0,-14.7,-13.9,-11.7,-13.2,4.0,2.4,2.0,1.0,13.0,15.2,17.9,15.4,4.0,2.9,2.0,1.0,-3.5,-3.0,-2.5,-3.0,4.0,0.6,2.0,1.0,194.0,301.0,301.0,250.0,4.0,101.5,2.0,1.0,195.0,300.0,300.0,250.0,4.0,100.0,2.0,1.0
1887,9,182.3,-35.4,,,,,,,,,,,,,,,,,,,,,,,,,,,,,,,,,,,10.99,12.3,15.81,13.35,4.0,3.95,22.0,0.8,0.0,0.0,7.04,3.36,4.0,6.72,22.0,0.8,-12.89,-12.3,-10.99,-11.96,4.0,1.54,22.0,0.8,1005.6,1005.6,1005.6,1005.6,1.0,0.0,4.0,1.0,,,,,,,,,,,,,,,,,,,,,,,,,,,,,,,,,,,,,,,,,,,,,,,,,,,,,,,,,,,,,,,,,,,,,,,,,,,,,,,,,,,,,,,,,,,,,,,,,,,,,,,,,,,,,,,,,,,,,,,,,,,,,,,,,,
1887,9,182.3,-23.4,,,,,,,,,,,,,,,,,,,,,,,,,,,,,,,,,,,4.6,4.6,4.6,4.6,2.0,0.0,24.0,0.0,-4.46,-4.46,-4.46,-4.46,2.0,0.0,24.0,0.0,1.11,1.11,1.11,1.11,2.0,0.0,24.0,0.0,1016.67,1017.25,1017.83,1017.25,2.0,1.2,24.0,0.0,,,,,,,,,,,,,,,,,,,,,,,,,,,,,,,,,,,,,,,,,,,,,,,,,,,,,,,,,,,,,,,,,,,,,,,,,,,,,,,,,,,,,,,,,,,,,,,,,,,,,,,,,,,,,,,,,,,,,,,,,,,,,,,,,,
1887,9,182.3,-21.4,,,,,,,,,,,,,,,,,,,,,,,,,,,,,,,,,,,4.6,4.6,6.03,5.3,3.0,1.21,18.0,0.7,-3.74,-3.72,-3.4,-3.57,3.0,0.28,18.0,0.7,-4.82,-3.25,0.81,-2.03,3.0,4.26,18.0,0.7,1012.86,1013.2,1016.07,1014.43,3.0,2.58,18.0,0.7,,,,,,,,,,,,,,,,,,,,,,,,,,,,,,,,,,,,,,,,,,,,,,,,,,,,,,,,,,,,,,,,,,,,,,,,,,,,,,,,,,,,,,,,,,,,,,,,,,,,,,,,,,,,,,,,,,,,,,,,,,,,,,,,,,
1887,9,182.3,-19.4,,,,,,,,,,,,,,,,,,,,,,,,,,,,,,,,,,,4.6,4.6,4.6,4.6,1.0,0.0,16.0,1.0,-2.64,-2.64,-2.64,-2.64,1.0,0.0,16.0,1.0,-3.77,-3.77,-3.77,-3.77,1.0,0.0,16.0,1.0,1011.2,1011.2,1011.2,1011.2,1.0,0.0,16.0,1.0,,,,,,,,,,,,,,,,,,,,,,,,,,,,,,,,,,,,,,,,,,,,,,,,,,,,,,,,,,,,,,,,,,,,,,,,,,,,,,,,,,,,,,,,,,,,,,,,,,,,,,,,,,,,,,,,,,,,,,,,,,,,,,,,,,
1887,9,182.3,40.6,19.4,19.4,19.4,19.4,3.0,0.0,2.0,0.0,20.19,20.6,21.35,20.77,3.0,0.86,2.0,0.0,13.42,14.24,14.93,14.18,3.0,1.11,2.0,0.0,91.4,94.6,94.6,93.0,3.0,2.7,2.0,0.0,0.4,0.3,9.3,9.3,9.3,9.3,3.0,0.0,2.0,0.0,4.93,7.71,8.68,6.82,3.0,2.85,2.0,0.0,0.44,5.2,7.49,4.0,3.0,5.27,2.0,0.0,1015.2,1015.2,1015.2,1015.2,3.0,0.0,2.0,0.0,5.3,8.0,8.0,6.7,3.0,2.3,2.0,0.0,91.4,94.6,94.6,93.0,3.0,2.7,2.0,0.0,0.4,0.3,45.8,71.7,80.7,63.5,3.0,26.5,2.0,0.0,4.1,48.4,69.7,37.2,3.0,49.0,2.0,0.0,-1.95,-1.2,-0.79,-1.37,3.0,0.86,2.0,0.0,-18.1,-11.2,-7.4,-12.7,3.0,8.0,2.0,0.0,-0.96,-0.27,0.55,-0.2,3.0,1.11,2.0,0.0,-8.9,-2.5,5.2,-1.9,3.0,10.3,2.0,0.0,104.2,158.8,175.0,140.1,3.0,54.3,2.0,0.0,9.8,107.1,160.8,85.8,3.0,112.2,2.0,0.0,72.7,109.8,116.1,94.8,3.0,34.4,2.0,0.0,7.7,74.1,112.6,60.5,3.0,77.8,2.0,0.0,-3.8,-2.0,5.2,0.6,3.0,7.0,2.0,0.0,-8.0,-1.7,-1.5,-4.7,3.0,5.4,2.0,0.0,804.5,804.5,804.5,804.5,3.0,0.0,2.0,0.0,805.0,805.0,805.0,805.0,3.0,0.0,2.0,0.0
1887,9,184.3,-21.4,,,,,,,,,,,,,,,,,,,,,,,,,,,,,,,,,,,7.53,9.3,9.3,8.43,3.0,1.5,24.0,1.0,-6.22,-5.47,-2.76,-4.52,3.0,2.66,24.0,1.0,6.54,6.58,7.22,6.88,3.0,0.56,24.0,1.0,1016.93,1017.0,1017.0,1016.97,3.0,0.06,24.0,1.0,,,,,,,,,,,,,,,,,,,,,,,,,,,,,,,,,,,,,,,,,,,,,,,,,,,,,,,,,,,,,,,,,,,,,,,,,,,,,,,,,,,,,,,,,,,,,,,,,,,,,,,,,,,,,,,,,,,,,,,,,,,,,,,,,,
1887,9,184.3,-19.4,,,,,,,,,,,,,,,,,,,,,,,,,,,,,,,,,,,4.6,4.6,4.6,4.6,2.0,0.0,16.0,0.0,-2.64,-2.64,-2.64,-2.64,2.0,0.0,16.0,0.0,-3.77,-3.77,-3.77,-3.77,2.0,0.0,16.0,0.0,1011.58,1012.6,1013.35,1012.47,3.0,1.31,16.0,0.0,,,,,,,,,,,,,,,,,,,,,,,,,,,,,,,,,,,,,,,,,,,,,,,,,,,,,,,,,,,,,,,,,,,,,,,,,,,,,,,,,,,,,,,,,,,,,,,,,,,,,,,,,,,,,,,,,,,,,,,,,,,,,,,,,,
1887,9,184.3,40.6,18.9,19.15,19.4,19.15,4.0,0.29,2.0,0.3,21.39,21.7,21.96,21.68,4.0,0.45,2.0,0.3,14.58,15.23,15.58,15.09,4.0,0.79,2.0,0.3,92.5,94.6,95.2,93.9,4.0,2.3,2.0,0.3,0.4,0.3,5.6,6.7,8.06,6.83,4.0,1.92,2.0,0.3,-1.54,-0.2,1.09,-0.22,4.0,1.53,2.0,0.3,5.5,6.58,7.91,6.7,4.0,1.89,2.0,0.3,1016.71,1017.75,1019.16,1017.93,4.0,1.81,2.0,0.3,4.5,5.0,5.5,5.0,4.0,0.8,2.0,0.3,92.5,94.6,95.2,93.9,4.0,2.3,2.0,0.3,0.4,0.3,-12.7,-2.3,6.4,-3.1,4.0,11.5,2.0,0.3,31.9,44.1,65.5,48.5,4.0,26.7,2.0,0.3,-2.82,-2.3,-2.25,-2.52,4.0,0.52,2.0,0.3,-21.3,-17.9,-12.9,-17.1,4.0,5.2,2.0,0.3,-1.86,-1.28,-0.88,-1.36,4.0,0.77,2.0,0.3,-12.4,-7.2,-5.3,-8.8,4.0,5.0,2.0,0.3,-33.1,-4.7,23.6,-4.8,4.0,32.9,2.0,0.3,119.3,144.4,170.4,144.8,4.0,38.7,2.0,0.3,-22.7,-3.5,16.6,-3.1,4.0,22.7,2.0,0.3,83.7,102.4,116.7,100.3,4.0,24.3,2.0,0.3,-1.4,-0.1,2.0,0.3,4.0,2.1,2.0,0.3,-12.2,-7.1,-5.2,-8.6,4.0,4.9,2.0,0.3,194.0,301.0,564.5,376.0,4.0,301.5,2.0,0.3,195.0,300.0,565.0,375.0,4.0,300.0,2.0,0.3
1887,9,186.3,-35.4,,,,,,,,,,,,,,,,,,,,,,,,,,,,,,,,,,,6.7,9.8,13.43,10.18,5.0,3.75,24.0,0.6,0.0,0.0,2.11,1.15,5.0,2.58,24.0,0.6,-13.02,-9.8,-6.7,-9.96,5.0,3.37,24.0,0.6,997.2,997.2,997.2,997.2,1.0,0.0,6.0,1.0,,,,,,,,,,,,,,,,,,,,,,,,,,,,,,,,,,,,,,,,,,,,,,,,,,,,,,,,,,,,,,,,,,,,,,,,,,,,,,,,,,,,,,,,,,,,,,,,,,,,,,,,,,,,,,,,,,,,,,,,,,,,,,,,,,
1887,9,186.3,-23.4,,,,,,,,,,,,,,,,,,,,,,,,,,,,,,,,,,,6.7,6.7,6.7,6.7,1.0,0.0,4.0,1.0,-6.21,-6.21,-6.21,-6.21,1.0,0.0,4.0,1.0,-2.51,-2.51,-2.51,-2.51,1.0,0.0,4.0,1.0,1010.7,1010.7,1010.7,1010.7,1.0,0.0,4.0,1.0,,,,,,,,,,,,,,,,,,,,,,,,,,,,,,,,,,,,,,,,,,,,,,,,,,,,,,,,,,,,,,,,,,,,,,,,,,,,,,,,,,,,,,,,,,,,,,,,,,,,,,,,,,,,,,,,,,,,,,,,,,,,,,,,,,
1887,9,186.3,-21.4,,,,,,,,,,,,,,,,,,,,,,,,,,,,,,,,,,,2.81,6.7,8.47,5.67,3.0,4.25,16.0,0.3,-6.31,-5.47,-2.14,-4.25,3.0,3.23,16.0,0.3,0.26,0.81,5.39,2.78,3.0,4.13,16.0,0.3,1014.98,1017.1,1017.65,1016.33,3.0,2.06,16.0,0.3,,,,,,,,,,,,,,,,,,,,,,,,,,,,,,,,,,,,,,,,,,,,,,,,,,,,,,,,,,,,,,,,,,,,,,,,,,,,,,,,,,,,,,,,,,,,,,,,,,,,,,,,,,,,,,,,,,,,,,,,,,,,,,,,,,
1887,9,186.3,-19.4,,,,,,,,,,,,,,,,,,,,,,,,,,,,,,,,,,,3.87,6.7,10.4,7.1,5.0,3.83,14.0,0.8,-8.39,-3.72,-2.71,-5.32,5.0,3.85,14.0,0.8,-2.39,0.0,6.2,1.7,5.0,4.88,14.0,0.8,1014.83,1015.5,1016.96,1015.84,5.0,1.17,14.0,0.8,,,,,,,,,,,,,,,,,,,,,,,,,,,,,,,,,,,,,,,,,,,,,,,,,,,,,,,,,,,,,,,,,,,,,,,,,,,,,,,,,,,,,,,,,,,,,,,,,,,,,,,,,,,,,,,,,,,,,,,,,,,,,,,,,,
1887,9,186.3,-17.4,,,,,,,,,,,,,,,,,,,,,,,,,,,,,,,,,,,9.3,9.3,11.35,10.3,3.0,1.73,14.0,0.7,-10.64,-9.19,-9.19,-9.9,3.0,1.23,14.0,0.7,1.45,1.45,3.74,2.57,3.0,1.93,14.0,0.7,1013.43,1014.0,1015.14,1014.22,5.0,0.89,14.0,0.8,,,,,,,,,,,,,,,,,,,,,,,,,,,,,,,,,,,,,,,,,,,,,,,,,,,,,,,,,,,,,,,,,,,,,,,,,,,,,,,,,,,,,,,,,,,,,,,,,,,,,,,,,,,,,,,,,,,,,,,,,,,,,,,,,,
1887,9,186.3,-15.4,,,,,,,,,,,,,,,,,,,,,,,,,,,,,,,,,,,6.09,9.3,9.3,7.73,3.0,2.71,20.0,0.3,-9.19,-9.19,-6.02,-7.64,3.0,2.68,20.0,0.3,0.95,1.45,1.45,1.21,3.0,0.42,20.0,0.3,1013.48,1014.15,1014.89,1014.2,6.0,0.91,18.0,0.2,,,,,,,,,,,,,,,,,,,,,,,,,,,,,,,,,,,,,,,,,,,,,,,,,,,,,,,,,,,,,,,,,,,,,,,,,,,,,,,,,,,,,,,,,,,,,,,,,,,,,,,,,,,,,,,,,,,,,,,,,,,,,,,,,,
1887,9,186.3,-13.4,,,,,,,,,,,,,,,,,,,,,,,,,,,,,,,,,,,2.6,2.6,2.6,2.6,1.0,0.0,20.0,1.0,-2.57,-2.57,-2.57,-2.57,1.0,0.0,20.0,1.0,-0.41,-0.41,-0.41,-0.41,1.0,0.0,20.0,1.0,1012.88,1013.9,1014.92,1013.9,2.0,2.12,18.0,1.0,,,,,,,,,,,,,,,,,,,,,,,,,,,,,,,,,,,,,,,,,,,,,,,,,,,,,,,,,,,,,,,,,,,,,,,,,,,,,,,,,,,,,,,,,,,,,,,,,,,,,,,,,,,,,,,,,,,,,,,,,,,,,,,,,,
1887,9,186.3,40.6,18.9,18.9,18.9,18.9,2.0,0.0,2.0,1.0,20.1,20.3,20.5,20.3,2.0,0.42,2.0,1.0,12.38,12.78,13.18,12.78,2.0,0.83,2.0,1.0,85.7,87.2,88.7,87.2,2.0,3.1,2.0,1.0,0.3,0.3,5.35,6.95,8.55,6.95,2.0,3.32,2.0,1.0,-1.77,-1.75,-1.73,-1.75,2.0,0.04,2.0,1.0,5.04,6.7,8.36,6.7,2.0,3.44,2.0,1.0,1022.88,1023.9,1024.92,1023.9,2.0,2.12,2.0,1.0,4.2,4.5,4.8,4.5,2.0,0.7,2.0,1.0,85.7,87.2,88.7,87.2,2.0,3.1,2.0,1.0,0.3,0.3,-15.1,-12.2,-9.3,-12.2,2.0,6.1,2.0,1.0,30.0,52.3,74.5,52.3,2.0,46.2,2.0,1.0,-1.6,-1.4,-1.2,-1.4,2.0,0.42,2.0,1.0,-14.1,-10.4,-6.8,-10.4,2.0,7.6,2.0,1.0,0.26,0.65,1.04,0.65,2.0,0.8,2.0,1.0,1.5,3.2,4.8,3.2,2.0,3.4,2.0,1.0,-36.2,-35.5,-34.8,-35.5,2.0,1.5,2.0,1.0,101.6,136.7,171.8,136.7,2.0,72.7,2.0,1.0,-23.3,-22.4,-21.4,-22.4,2.0,1.9,2.0,1.0,63.1,87.0,110.9,87.0,2.0,49.5,2.0,1.0,-1.8,-1.1,-0.5,-1.1,2.0,1.4,2.0,1.0,1.5,3.0,4.5,3.0,2.0,3.1,2.0,1.0,209.5,451.0,692.0,451.0,2.0,500.0,2.0,1.0,210.0,450.0,690.0,450.0,2.0,500.0,2.0,1.0
1887,9,188.3,-25.4,,,,,,,,,,,,,,,,,,,,,,,,,,,,,,,,,,,3.25,4.65,6.05,4.65,2.0,2.9,6.0,1.0,1.27,1.82,2.36,1.82,2.0,1.13,6.0,1.0,2.99,4.28,5.57,4.28,2.0,2.67,6.0,1.0,1010.69,1013.25,1015.81,1013.25,2.0,5.3,6.0,1.0,,,,,,,,,,,,,,,,,,,,,,,,,,,,,,,,,,,,,,,,,,,,,,,,,,,,,,,,,,,,,,,,,,,,,,,,,,,,,,,,,,,,,,,,,,,,,,,,,,,,,,,,,,,,,,,,,,,,,,,,,,,,,,,,,,
1887,9,188.3,-13.4,,,,,,,,,,,,,,,,,,,,,,,,,,,,,,,,,,,2.6,2.6,2.6,2.6,1.0,0.0,20.0,1.0,-2.6,-2.6,-2.6,-2.6,1.0,0.0,20.0,1.0,0.0,0.0,0.0,0.0,1.0,0.0,20.0,1.0,1012.6,1012.6,1012.6,1012.6,1.0,0.0,20.0,1.0,,,,,,,,,,,,,,,,,,,,,,,,,,,,,,,,,,,,,,,,,,,,,,,,,,,,,,,,,,,,,,,,,,,,,,,,,,,,,,,,,,,,,,,,,,,,,,,,,,,,,,,,,,,,,,,,,,,,,,,,,,,,,,,,,,
1887,9,188.3,28.6,,,,,,,,,,,,,,,,,,,,,,,,,,,,,,,,,,,6.7,6.7,6.7,6.7,1.0,0.0,30.0,1.0,-6.21,-6.21,-6.21,-6.21,1.0,0.0,30.0,1.0,-2.51,-2.51,-2.51,-2.51,1.0,0.0,30.0,1.0,1020.3,1020.3,1020.3,1020.3,1.0,0.0,30.0,1.0,,,,,,,,,,,,,,,,,,,,,,,,,,,,,,,,,,,,,,,,,,,,,,,,,,,,,,,,,,,,,,,,,,,,,,,,,,,,,,,,,,,,,,,,,,,,,,,,,,,,,,,,,,,,,,,,,,,,,,,,,,,,,,,,,,
1887,9,190.3,-33.4,,,,,,,,,,,,,,,,,,,,,,,,,,,,,,,,,,,2.6,4.6,4.82,4.41,7.0,2.38,26.0,0.6,0.0,1.8,4.69,2.34,7.0,2.46,26.0,0.6,-4.69,0.0,2.68,-0.83,7.0,3.9,26.0,0.6,1003.1,1003.1,1003.1,1003.1,1.0,0.0,6.0,1.0,,,,,,,,,,,,,,,,,,,,,,,,,,,,,,,,,,,,,,,,,,,,,,,,,,,,,,,,,,,,,,,,,,,,,,,,,,,,,,,,,,,,,,,,,,,,,,,,,,,,,,,,,,,,,,,,,,,,,,,,,,,,,,,,,,
1887,9,190.3,-31.4,,,,,,,,,,,,,,,,,,,,,,,,,,,,,,,,,,,9.3,9.3,9.3,9.3,1.0,0.0,10.0,1.0,6.58,6.58,6.58,6.58,1.0,0.0,10.0,1.0,6.58,6.58,6.58,6.58,1.0,0.0,10.0,1.0,1017.9,1017.9,1017.9,1017.9,1.0,0.0,10.0,1.0,,,,,,,,,,,,,,,,,,,,,,,,,,,,,,,,,,,,,,,,,,,,,,,,,,,,,,,,,,,,,,,,,,,,,,,,,,,,,,,,,,,,,,,,,,,,,,,,,,,,,,,,,,,,,,,,,,,,,,,,,,,,,,,,,,
1887,9,190.3,-29.4,,,,,,,,,,,,,,,,,,,,,,,,,,,,,,,,,,,4.6,4.6,4.6,4.6,1.0,0.0,8.0,1.0,4.27,4.27,4.27,4.27,1.0,0.0,8.0,1.0,1.72,1.72,1.72,1.72,1.0,0.0,8.0,1.0,1016.7,1016.7,1016.7,1016.7,1.0,0.0,8.0,1.0,,,,,,,,,,,,,,,,,,,,,,,,,,,,,,,,,,,,,,,,,,,,,,,,,,,,,,,,,,,,,,,,,,,,,,,,,,,,,,,,,,,,,,,,,,,,,,,,,,,,,,,,,,,,,,,,,,,,,,,,,,,,,,,,,,
1887,9,190.3,-27.4,,,,,,,,,,,,,,,,,,,,,,,,,,,,,,,,,,,2.6,2.6,2.6,2.6,1.0,0.0,8.0,1.0,-1.02,-1.02,-1.02,-1.02,1.0,0.0,8.0,1.0,-2.39,-2.39,-2.39,-2.39,1.0,0.0,8.0,1.0,1019.4,1019.4,1019.4,1019.4,1.0,0.0,8.0,1.0,,,,,,,,,,,,,,,,,,,,,,,,,,,,,,,,,,,,,,,,,,,,,,,,,,,,,,,,,,,,,,,,,,,,,,,,,,,,,,,,,,,,,,,,,,,,,,,,,,,,,,,,,,,,,,,,,,,,,,,,,,,,,,,,,,
1887,9,190.3,18.6,,,,,,,,,,,,,,,,,,,,,,,,,,,,,,,,,,,6.7,6.7,6.7,6.7,1.0,0.0,26.0,1.0,-6.7,-6.7,-6.7,-6.7,1.0,0.0,26.0,1.0,0.0,0.0,0.0,0.0,1.0,0.0,26.0,1.0,1016.0,1016.0,1016.0,1016.0,1.0,0.0,26.0,1.0,,,,,,,,,,,,,,,,,,,,,,,,,,,,,,,,,,,,,,,,,,,,,,,,,,,,,,,,,,,,,,,,,,,,,,,,,,,,,,,,,,,,,,,,,,,,,,,,,,,,,,,,,,,,,,,,,,,,,,,,,,,,,,,,,,
1887,9,192.3,-33.4,,,,,,,,,,,,,,,,,,,,,,,,,,,,,,,,,,,12.3,12.3,12.3,12.3,1.0,0.0,10.0,1.0,12.3,12.3,12.3,12.3,1.0,0.0,10.0,1.0,0.0,0.0,0.0,0.0,1.0,0.0,10.0,1.0,1010.9,1010.9,1010.9,1010.9,1.0,0.0,10.0,1.0,,,,,,,,,,,,,,,,,,,,,,,,,,,,,,,,,,,,,,,,,,,,,,,,,,,,,,,,,,,,,,,,,,,,,,,,,,,,,,,,,,,,,,,,,,,,,,,,,,,,,,,,,,,,,,,,,,,,,,,,,,,,,,,,,,
1887,9,194.3,-33.4,,,,,,,,,,,,,,,,,,,,,,,,,,,,,,,,,,,6.7,6.7,6.7,6.7,1.0,0.0,6.0,1.0,6.7,6.7,6.7,6.7,1.0,0.0,6.0,1.0,0.0,0.0,0.0,0.0,1.0,0.0,6.0,1.0,1014.9,1014.9,1014.9,1014.9,1.0,0.0,6.0,1.0,,,,,,,,,,,,,,,,,,,,,,,,,,,,,,,,,,,,,,,,,,,,,,,,,,,,,,,,,,,,,,,,,,,,,,,,,,,,,,,,,,,,,,,,,,,,,,,,,,,,,,,,,,,,,,,,,,,,,,,,,,,,,,,,,,
1887,9,196.3,-35.4,,,,,,,,,,,,,,,,,,,,,,,,,,,,,,,,,,,6.7,6.7,9.8,7.94,5.0,1.7,4.0,0.4,2.8,3.83,5.93,4.18,5.0,2.09,4.0,0.4,3.53,6.6,8.45,5.86,5.0,3.54,4.0,0.4,1007.3,1007.3,1007.3,1007.3,1.0,0.0,12.0,1.0,,,,,,,,,,,,,,,,,,,,,,,,,,,,,,,,,,,,,,,,,,,,,,,,,,,,,,,,,,,,,,,,,,,,,,,,,,,,,,,,,,,,,,,,,,,,,,,,,,,,,,,,,,,,,,,,,,,,,,,,,,,,,,,,,,
1887,9,196.3,-31.4,,,,,,,,,,,,,,,,,,,,,,,,,,,,,,,,,,,2.6,2.6,2.6,2.6,1.0,0.0,8.0,1.0,0.97,0.97,0.97,0.97,1.0,0.0,8.0,1.0,-2.41,-2.41,-2.41,-2.41,1.0,0.0,8.0,1.0,1021.3,1021.3,1021.3,1021.3,1.0,0.0,8.0,1.0,,,,,,,,,,,,,,,,,,,,,,,,,,,,,,,,,,,,,,,,,,,,,,,,,,,,,,,,,,,,,,,,,,,,,,,,,,,,,,,,,,,,,,,,,,,,,,,,,,,,,,,,,,,,,,,,,,,,,,,,,,,,,,,,,,
1887,9,198.3,-39.4,,,,,,,,,,,,,,,,,,,,,,,,,,,,,,,,,,,4.6,4.6,4.6,4.6,1.0,0.0,14.0,1.0,4.6,4.6,4.6,4.6,1.0,0.0,14.0,1.0,0.0,0.0,0.0,0.0,1.0,0.0,14.0,1.0,990.1,990.1,990.1,990.1,1.0,0.0,14.0,1.0,,,,,,,,,,,,,,,,,,,,,,,,,,,,,,,,,,,,,,,,,,,,,,,,,,,,,,,,,,,,,,,,,,,,,,,,,,,,,,,,,,,,,,,,,,,,,,,,,,,,,,,,,,,,,,,,,,,,,,,,,,,,,,,,,,
1887,9,198.3,-31.4,,,,,,,,,,,,,,,,,,,,,,,,,,,,,,,,,,,4.6,4.6,4.6,4.6,1.0,0.0,8.0,1.0,0.0,0.0,0.0,0.0,1.0,0.0,8.0,1.0,-4.6,-4.6,-4.6,-4.6,1.0,0.0,8.0,1.0,1020.0,1020.0,1020.0,1020.0,1.0,0.0,8.0,1.0,,,,,,,,,,,,,,,,,,,,,,,,,,,,,,,,,,,,,,,,,,,,,,,,,,,,,,,,,,,,,,,,,,,,,,,,,,,,,,,,,,,,,,,,,,,,,,,,,,,,,,,,,,,,,,,,,,,,,,,,,,,,,,,,,,
1887,9,200.3,-27.4,,,,,,,,,,,,,,,,,,,,,,,,,,,,,,,,,,,1.57,2.8,4.03,2.8,2.0,2.55,10.0,1.0,1.11,1.98,2.85,1.98,2.0,1.8,10.0,1.0,-2.85,-1.98,-1.11,-1.98,2.0,1.8,10.0,1.0,1019.2,1019.4,1019.6,1019.4,2.0,0.42,10.0,1.0,,,,,,,,,,,,,,,,,,,,,,,,,,,,,,,,,,,,,,,,,,,,,,,,,,,,,,,,,,,,,,,,,,,,,,,,,,,,,,,,,,,,,,,,,,,,,,,,,,,,,,,,,,,,,,,,,,,,,,,,,,,,,,,,,,
1887,9,202.3,-41.4,,,,,,,,,,,,,,,,,,,,,,,,,,,,,,,,,,,12.3,12.3,12.3,12.3,4.0,0.0,6.0,0.5,3.27,6.88,7.83,5.61,4.0,3.84,6.0,0.5,-10.2,-9.45,2.3,-4.2,4.0,11.02,6.0,0.5,996.3,996.3,996.3,996.3,1.0,0.0,16.0,1.0,,,,,,,,,,,,,,,,,,,,,,,,,,,,,,,,,,,,,,,,,,,,,,,,,,,,,,,,,,,,,,,,,,,,,,,,,,,,,,,,,,,,,,,,,,,,,,,,,,,,,,,,,,,,,,,,,,,,,,,,,,,,,,,,,,
1887,9,202.3,-25.4,,,,,,,,,,,,,,,,,,,,,,,,,,,,,,,,,,,4.6,4.6,4.6,4.6,1.0,0.0,12.0,1.0,3.25,3.25,3.25,3.25,1.0,0.0,12.0,1.0,3.25,3.25,3.25,3.25,1.0,0.0,12.0,1.0,1017.2,1017.2,1017.2,1017.2,1.0,0.0,12.0,1.0,,,,,,,,,,,,,,,,,,,,,,,,,,,,,,,,,,,,,,,,,,,,,,,,,,,,,,,,,,,,,,,,,,,,,,,,,,,,,,,,,,,,,,,,,,,,,,,,,,,,,,,,,,,,,,,,,,,,,,,,,,,,,,,,,,
1887,9,204.3,18.6,24.4,25.0,25.6,25.0,8.0,0.56,8.0,0.6,25.6,25.6,27.15,26.33,6.0,1.33,8.0,0.5,15.29,15.77,16.0,15.67,6.0,0.38,8.0,0.5,69.5,76.5,78.6,73.9,6.0,6.5,8.0,0.5,0.6,0.9,4.6,4.6,4.6,4.35,8.0,0.71,8.0,0.6,-4.27,-4.27,-4.27,-4.06,8.0,0.67,8.0,0.6,-1.72,-1.72,-1.06,-1.52,8.0,0.37,8.0,0.6,1015.94,1016.75,1017.3,1016.65,8.0,0.67,8.0,0.6,3.0,3.0,3.0,3.0,8.0,0.5,8.0,0.6,69.5,76.5,78.6,73.9,6.0,6.5,8.0,0.5,0.6,0.9,-19.6,-19.6,-19.6,-18.1,8.0,4.8,8.0,0.6,-7.9,-7.9,-4.5,-6.8,8.0,2.2,8.0,0.6,-1.76,-1.2,-1.0,-1.53,6.0,1.18,8.0,0.5,-8.1,-5.5,-4.6,-7.1,6.0,5.4,8.0,0.5,2.99,3.69,4.64,3.81,6.0,0.91,8.0,0.5,13.8,17.0,21.4,17.5,6.0,4.2,8.0,0.5,-117.3,-109.2,-109.2,-113.5,6.0,8.5,8.0,0.5,-44.5,-44.1,-40.2,-41.3,6.0,7.8,8.0,0.5,-68.5,-68.2,-65.9,-67.5,6.0,1.7,8.0,0.5,-27.6,-27.2,-23.5,-24.8,6.0,5.6,8.0,0.5,-20.0,-16.1,-12.8,-16.4,6.0,4.0,8.0,0.5,-8.0,-5.2,-4.9,-5.9,6.0,1.8,8.0,0.5,97.5,97.5,97.5,87.5,8.0,28.0,8.0,0.6,95.0,95.0,95.0,85.0,8.0,30.0,8.0,0.6
1887,9,204.3,20.6,24.4,24.7,25.6,24.83,18.0,0.5,24.0,0.5,24.4,25.0,27.11,25.58,17.0,1.63,24.0,0.5,15.75,16.98,18.11,16.88,17.0,1.29,24.0,0.5,77.7,82.9,88.5,83.1,17.0,5.7,24.0,0.5,0.6,0.4,2.6,3.6,5.23,3.95,18.0,1.56,24.0,0.5,-5.03,-3.43,-2.55,-3.8,18.0,1.54,24.0,0.5,-1.54,-0.5,0.15,-0.55,18.0,0.99,24.0,0.5,1018.3,1019.0,1019.3,1018.78,18.0,0.67,24.0,0.5,2.0,6.0,6.3,5.0,18.0,1.8,24.0,0.5,77.7,82.9,88.5,83.1,17.0,5.7,24.0,0.5,0.6,0.4,-27.1,-13.2,-6.6,-17.3,18.0,13.7,24.0,0.5,-5.2,-1.3,0.4,-2.3,18.0,5.4,24.0,0.5,-1.89,0.0,0.0,-0.79,17.0,1.24,24.0,0.5,-7.5,0.0,0.0,-2.4,17.0,3.8,24.0,0.5,1.55,2.67,3.28,2.54,17.0,0.89,24.0,0.5,4.9,7.6,17.6,10.7,17.0,6.3,24.0,0.5,-130.7,-104.1,-65.0,-97.8,17.0,36.5,24.0,0.5,-39.8,-14.3,6.5,-14.2,17.0,25.0,24.0,0.5,-87.5,-65.0,-43.2,-64.3,17.0,23.3,24.0,0.5,-27.4,-9.4,4.4,-9.9,17.0,16.8,24.0,0.5,-17.3,-7.1,-4.3,-10.3,17.0,6.3,24.0,0.5,-3.1,-1.6,0.3,-1.2,17.0,2.6,24.0,0.5,17.5,57.5,159.0,91.5,18.0,103.0,24.0,0.5,20.0,55.0,160.0,90.0,18.0,105.0,24.0,0.5
1887,9,204.3,22.6,24.4,25.0,25.6,24.84,41.0,0.62,26.0,0.5,24.4,25.0,26.1,25.24,29.0,1.33,26.0,0.3,15.95,16.3,17.31,16.45,24.0,0.58,26.0,0.3,77.3,82.5,86.6,81.5,24.0,5.7,26.0,0.3,0.6,0.6,0.0,1.0,3.9,2.13,41.0,1.98,26.0,0.5,-3.35,-0.98,0.0,-1.87,41.0,1.71,26.0,0.5,-1.45,0.0,0.19,-0.59,41.0,1.32,26.0,0.5,1016.9,1017.45,1018.08,1017.55,36.0,0.72,26.0,0.5,0.0,2.0,6.0,2.5,41.0,2.5,26.0,0.5,77.3,82.5,86.6,81.5,24.0,5.7,26.0,0.3,0.6,0.6,-13.8,-1.0,0.0,-7.2,41.0,11.1,26.0,0.5,-3.8,0.0,0.2,-2.9,41.0,8.1,26.0,0.5,-1.2,-0.6,0.28,-0.67,29.0,1.15,26.0,0.3,-1.6,-0.6,0.7,-0.8,29.0,3.1,26.0,0.3,2.18,2.69,3.62,2.8,24.0,0.7,26.0,0.3,0.0,2.7,7.4,3.7,24.0,3.0,26.0,0.3,-82.1,-25.6,-7.0,-46.4,29.0,39.0,26.0,0.3,-37.9,0.0,2.7,-18.6,29.0,35.1,26.0,0.3,-42.0,-16.0,0.0,-21.4,24.0,16.6,26.0,0.3,-11.5,0.0,3.1,-3.9,24.0,9.1,26.0,0.3,-7.2,-2.6,0.0,-3.4,24.0,2.9,26.0,0.3,-1.7,0.0,0.4,-0.7,24.0,1.5,26.0,0.3,0.0,1.0,69.5,42.5,41.0,89.5,26.0,0.5,0.0,0.0,70.0,40.0,41.0,90.0,26.0,0.5
1887,9,204.3,24.6,24.4,25.0,25.6,24.85,23.0,0.58,28.0,0.6,24.33,25.0,26.19,25.25,19.0,1.28,28.0,0.4,15.58,16.27,16.46,16.12,14.0,0.54,30.0,0.4,75.0,80.5,82.9,79.6,14.0,4.5,30.0,0.4,0.7,0.4,0.65,4.6,6.7,3.72,24.0,2.34,28.0,0.5,-5.78,-4.56,0.0,-3.33,24.0,2.38,28.0,0.5,-1.71,0.0,0.0,-0.68,24.0,1.5,28.0,0.5,1017.56,1017.9,1019.09,1018.14,19.0,0.87,30.0,0.5,0.7,3.5,6.0,3.7,24.0,2.6,28.0,0.5,75.0,80.5,82.9,79.6,14.0,4.5,30.0,0.4,0.7,0.4,-38.8,-21.0,0.0,-17.2,24.0,15.9,28.0,0.5,-11.5,0.0,0.0,-3.7,24.0,8.1,28.0,0.5,-1.35,-0.6,0.0,-0.75,18.0,1.04,28.0,0.4,-4.3,-1.6,0.0,-2.2,18.0,4.5,28.0,0.4,2.69,2.9,3.56,3.02,14.0,0.47,30.0,0.4,3.2,11.9,17.9,11.2,14.0,7.0,30.0,0.4,-152.8,-115.0,-21.9,-91.8,19.0,57.4,28.0,0.4,-65.0,0.0,0.0,-22.1,19.0,38.5,28.0,0.4,-99.7,-74.9,-17.7,-61.8,14.0,36.2,30.0,0.4,0.0,0.0,0.0,-1.5,14.0,5.6,30.0,0.4,-17.6,-11.9,-3.2,-11.2,14.0,7.0,30.0,0.4,0.0,0.0,0.0,-0.2,14.0,0.9,30.0,0.4,0.5,97.5,301.0,105.5,24.0,110.5,28.0,0.5,0.0,95.0,300.0,105.0,24.0,110.0,28.0,0.5
1887,9,204.3,26.6,23.9,24.15,25.0,24.36,14.0,0.52,26.0,0.4,23.3,23.6,25.0,23.88,12.0,0.87,26.0,0.3,15.21,15.61,15.95,15.58,4.0,0.45,30.0,0.3,84.3,86.7,88.9,86.6,4.0,3.5,30.0,0.3,0.8,0.3,4.6,4.6,6.7,5.5,14.0,1.08,26.0,0.4,-6.58,-4.6,-4.52,-5.4,14.0,1.06,26.0,0.4,-1.28,-0.44,0.88,-0.29,14.0,1.07,26.0,0.4,1020.3,1020.85,1021.76,1021.0,6.0,0.72,30.0,0.5,1.0,2.5,6.9,3.4,14.0,2.7,26.0,0.4,84.3,86.7,88.9,86.6,4.0,3.5,30.0,0.3,0.8,0.3,-44.1,-21.2,-20.8,-30.7,14.0,12.0,26.0,0.4,-8.6,-2.0,4.0,-2.5,14.0,6.1,26.0,0.4,0.0,0.6,0.73,0.43,12.0,0.58,26.0,0.3,0.0,2.8,4.3,2.2,12.0,2.8,26.0,0.3,2.41,2.76,3.15,2.78,4.0,0.44,30.0,0.3,16.2,18.5,21.1,18.6,4.0,2.9,30.0,0.3,-154.2,-111.4,-106.7,-124.0,12.0,23.3,26.0,0.3,-30.0,0.0,21.9,-2.5,12.0,26.0,26.0,0.3,-104.9,-102.6,-100.0,-102.5,4.0,2.9,30.0,0.3,-20.4,-20.0,-19.4,-19.9,4.0,0.6,30.0,0.3,-20.7,-18.1,-15.9,-18.3,4.0,2.9,30.0,0.3,-4.0,-3.5,-3.1,-3.6,4.0,0.6,30.0,0.3,97.5,97.5,301.0,184.5,14.0,104.5,26.0,0.4,95.0,95.0,300.0,185.0,14.0,105.0,26.0,0.4
1887,9,206.3,-43.4,,,,,,,,,,,,,,,,,,,,,,,,,,,,,,,,,,,2.6,6.7,10.71,6.8,5.0,4.32,6.0,0.8,-1.68,1.87,4.54,1.7,5.0,4.57,6.0,0.8,-7.04,-1.45,4.8,-1.08,5.0,7.1,6.0,0.8,1003.0,1003.0,1003.0,1003.0,1.0,0.0,16.0,1.0,,,,,,,,,,,,,,,,,,,,,,,,,,,,,,,,,,,,,,,,,,,,,,,,,,,,,,,,,,,,,,,,,,,,,,,,,,,,,,,,,,,,,,,,,,,,,,,,,,,,,,,,,,,,,,,,,,,,,,,,,,,,,,,,,,
1887,9,206.3,-21.4,,,,,,,,,,,,,,,,,,,,,,,,,,,,,,,,,,,2.6,2.6,2.6,2.6,1.0,0.0,12.0,1.0,0.0,0.0,0.0,0.0,1.0,0.0,12.0,1.0,-2.6,-2.6,-2.6,-2.6,1.0,0.0,12.0,1.0,1009.7,1009.7,1009.7,1009.7,1.0,0.0,14.0,1.0,,,,,,,,,,,,,,,,,,,,,,,,,,,,,,,,,,,,,,,,,,,,,,,,,,,,,,,,,,,,,,,,,,,,,,,,,,,,,,,,,,,,,,,,,,,,,,,,,,,,,,,,,,,,,,,,,,,,,,,,,,,,,,,,,,
1887,9,206.3,20.6,24.25,24.4,25.18,24.65,18.0,0.56,10.0,0.4,23.9,24.4,25.83,24.73,17.0,1.36,10.0,0.4,14.53,15.12,15.78,15.18,13.0,0.63,6.0,0.4,71.0,78.9,82.4,77.5,13.0,5.6,6.0,0.4,0.5,0.3,4.6,4.6,6.7,5.3,18.0,1.02,10.0,0.4,-5.55,-4.52,-4.23,-4.77,18.0,0.7,10.0,0.4,-3.75,-1.3,1.8,-0.91,18.0,2.3,10.0,0.4,1017.3,1017.9,1018.3,1017.79,14.0,0.66,6.0,0.4,2.7,5.0,6.0,4.6,18.0,1.5,10.0,0.4,71.0,78.9,82.4,77.5,13.0,5.6,6.0,0.4,0.5,0.3,-37.2,-20.8,-19.5,-25.9,18.0,8.8,10.0,0.4,-25.1,-6.0,8.3,-6.1,18.0,14.1,10.0,0.4,-0.82,0.0,0.6,-0.14,17.0,1.03,10.0,0.4,-3.8,0.0,4.0,-0.2,17.0,5.2,10.0,0.4,3.38,3.86,4.71,4.05,13.0,0.68,6.0,0.4,15.6,17.9,25.2,19.9,13.0,4.3,6.0,0.4,-134.0,-115.0,-102.7,-118.5,17.0,15.9,10.0,0.4,-89.5,-24.4,43.4,-21.2,17.0,56.7,10.0,0.4,-76.4,-67.3,-63.7,-70.3,13.0,10.2,6.0,0.4,-26.2,0.0,27.2,1.3,13.0,26.3,6.0,0.4,-24.0,-16.6,-15.2,-18.7,13.0,4.0,6.0,0.4,-6.7,0.0,8.5,0.5,13.0,7.1,6.0,0.4,97.5,97.5,301.0,165.0,18.0,98.5,10.0,0.4,95.0,95.0,300.0,165.0,18.0,100.0,10.0,0.4
1887,9,208.3,-17.4,,,,,,,,,,,,,,,,,,,,,,,,,,,,,,,,,,,1.0,1.0,1.0,1.0,1.0,0.0,16.0,1.0,0.71,0.71,0.71,0.71,1.0,0.0,16.0,1.0,-0.71,-0.71,-0.71,-0.71,1.0,0.0,16.0,1.0,1015.0,1015.0,1015.0,1015.0,1.0,0.0,16.0,1.0,,,,,,,,,,,,,,,,,,,,,,,,,,,,,,,,,,,,,,,,,,,,,,,,,,,,,,,,,,,,,,,,,,,,,,,,,,,,,,,,,,,,,,,,,,,,,,,,,,,,,,,,,,,,,,,,,,,,,,,,,,,,,,,,,,
1887,9,208.3,20.6,23.9,23.9,24.4,24.12,9.0,0.26,6.0,0.6,23.3,24.4,27.64,25.23,9.0,2.05,6.0,0.6,14.54,14.8,15.45,14.94,9.0,0.59,6.0,0.6,64.9,82.2,82.3,75.7,9.0,8.8,6.0,0.6,0.6,0.6,6.7,6.7,6.7,6.7,9.0,0.0,6.0,0.6,-6.48,-5.55,-3.75,-5.25,9.0,1.2,6.0,0.6,-5.55,-3.75,-1.61,-3.66,9.0,1.71,6.0,0.6,1019.0,1019.3,1019.89,1019.41,9.0,0.53,6.0,0.6,3.5,7.0,7.7,5.9,9.0,2.1,6.0,0.6,64.9,82.2,82.3,75.7,9.0,8.8,6.0,0.6,0.6,0.6,-43.4,-37.2,-25.1,-35.2,9.0,8.0,6.0,0.6,-37.2,-25.1,-10.8,-24.5,9.0,11.5,6.0,0.6,-3.6,0.0,0.6,-1.11,9.0,1.93,6.0,0.6,-24.1,0.0,4.0,-7.4,9.0,12.9,6.0,0.6,3.31,3.84,4.05,3.7,9.0,0.43,6.0,0.6,22.2,25.7,27.2,24.8,9.0,2.9,6.0,0.6,-174.3,-129.4,-92.6,-133.4,9.0,36.7,6.0,0.6,-134.8,-87.3,-42.2,-90.8,9.0,41.3,6.0,0.6,-92.5,-80.8,-57.1,-78.1,9.0,16.6,6.0,0.6,-83.9,-54.5,-23.7,-55.2,9.0,26.7,6.0,0.6,-26.3,-21.3,-13.1,-19.6,9.0,6.0,6.0,0.6,-18.6,-14.4,-6.5,-13.1,9.0,5.8,6.0,0.6,301.0,301.0,301.0,301.0,9.0,0.0,6.0,0.6,300.0,300.0,300.0,300.0,9.0,0.0,6.0,0.6
1887,9,210.3,-15.4,,,,,,,,,,,,,,,,,,,,,,,,,,,,,,,,,,,4.6,4.6,4.6,4.6,1.0,0.0,16.0,1.0,-4.6,-4.6,-4.6,-4.6,1.0,0.0,16.0,1.0,0.0,0.0,0.0,0.0,1.0,0.0,16.0,1.0,1016.6,1016.6,1016.6,1016.6,1.0,0.0,16.0,1.0,,,,,,,,,,,,,,,,,,,,,,,,,,,,,,,,,,,,,,,,,,,,,,,,,,,,,,,,,,,,,,,,,,,,,,,,,,,,,,,,,,,,,,,,,,,,,,,,,,,,,,,,,,,,,,,,,,,,,,,,,,,,,,,,,,
1887,9,210.3,-13.4,,,,,,,,,,,,,,,,,,,,,,,,,,,,,,,,,,,6.7,6.7,6.7,6.7,1.0,0.0,18.0,1.0,-6.7,-6.7,-6.7,-6.7,1.0,0.0,18.0,1.0,0.0,0.0,0.0,0.0,1.0,0.0,18.0,1.0,1014.6,1014.6,1014.6,1014.6,1.0,0.0,18.0,1.0,,,,,,,,,,,,,,,,,,,,,,,,,,,,,,,,,,,,,,,,,,,,,,,,,,,,,,,,,,,,,,,,,,,,,,,,,,,,,,,,,,,,,,,,,,,,,,,,,,,,,,,,,,,,,,,,,,,,,,,,,,,,,,,,,,
1887,9,210.3,-11.4,,,,,,,,,,,,,,,,,,,,,,,,,,,,,,,,,,,4.6,4.6,4.6,4.6,1.0,0.0,18.0,1.0,-3.25,-3.25,-3.25,-3.25,1.0,0.0,18.0,1.0,-3.25,-3.25,-3.25,-3.25,1.0,0.0,18.0,1.0,1015.3,1015.3,1015.3,1015.3,1.0,0.0,18.0,1.0,,,,,,,,,,,,,,,,,,,,,,,,,,,,,,,,,,,,,,,,,,,,,,,,,,,,,,,,,,,,,,,,,,,,,,,,,,,,,,,,,,,,,,,,,,,,,,,,,,,,,,,,,,,,,,,,,,,,,,,,,,,,,,,,,,
1887,9,210.3,-5.4,,,,,,,,,,,,,,,,,,,,,,,,,,,,,,,,,,,9.3,9.3,9.3,9.3,1.0,0.0,20.0,1.0,-9.3,-9.3,-9.3,-9.3,1.0,0.0,20.0,1.0,0.0,0.0,0.0,0.0,1.0,0.0,20.0,1.0,1012.6,1012.6,1012.6,1012.6,1.0,0.0,20.0,1.0,,,,,,,,,,,,,,,,,,,,,,,,,,,,,,,,,,,,,,,,,,,,,,,,,,,,,,,,,,,,,,,,,,,,,,,,,,,,,,,,,,,,,,,,,,,,,,,,,,,,,,,,,,,,,,,,,,,,,,,,,,,,,,,,,,
1887,9,210.3,20.6,23.3,23.3,23.3,23.3,3.0,0.0,6.0,0.7,22.96,23.3,23.71,23.33,3.0,0.55,6.0,0.7,14.13,14.26,14.44,14.29,3.0,0.22,6.0,0.7,79.2,82.2,82.2,80.7,3.0,2.5,6.0,0.7,0.1,0.9,6.7,6.7,6.7,6.7,3.0,0.0,6.0,0.7,-6.58,-6.58,-6.58,-6.58,3.0,0.0,6.0,0.7,-1.28,-1.28,-1.28,-1.28,3.0,0.0,6.0,0.7,1020.43,1020.7,1020.7,1020.57,3.0,0.23,6.0,0.7,5.0,5.0,5.0,5.0,3.0,0.0,6.0,0.7,79.2,82.2,82.2,80.7,3.0,2.5,6.0,0.7,0.1,0.9,-44.1,-44.1,-44.1,-44.1,3.0,0.0,6.0,0.7,-8.6,-8.6,-8.6,-8.6,3.0,0.0,6.0,0.7,-0.41,0.0,0.34,-0.03,3.0,0.55,6.0,0.7,-2.7,0.0,2.3,-0.2,3.0,3.7,6.0,0.7,3.26,3.45,3.57,3.42,3.0,0.23,6.0,0.7,21.9,23.1,23.9,22.9,3.0,1.5,6.0,0.7,-155.9,-153.2,-151.0,-153.5,3.0,3.6,6.0,0.7,-30.3,-29.8,-29.4,-29.8,3.0,0.7,6.0,0.7,-95.0,-93.8,-93.0,-94.0,3.0,1.5,6.0,0.7,-18.5,-18.2,-18.1,-18.3,3.0,0.3,6.0,0.7,-23.5,-22.7,-21.5,-22.5,3.0,1.5,6.0,0.7,-4.6,-4.4,-4.2,-4.4,3.0,0.3,6.0,0.7,301.0,301.0,301.0,301.0,3.0,0.0,6.0,0.7,300.0,300.0,300.0,300.0,3.0,0.0,6.0,0.7
1887,9,210.3,22.6,23.3,23.3,23.92,23.54,7.0,0.44,6.0,0.4,23.28,23.3,23.98,23.73,7.0,0.91,6.0,0.4,14.25,14.52,15.08,14.58,7.0,0.38,6.0,0.4,77.7,82.2,82.2,80.5,7.0,3.2,6.0,0.4,0.6,0.2,6.7,6.7,6.7,6.7,7.0,0.0,6.0,0.4,-6.23,-6.21,-6.21,-6.26,7.0,0.14,6.0,0.4,-2.51,-2.51,-2.45,-2.33,7.0,0.47,6.0,0.4,1020.29,1020.7,1021.0,1020.63,7.0,0.36,6.0,0.4,4.0,5.0,6.0,5.0,7.0,1.2,6.0,0.4,77.7,82.2,82.2,80.5,7.0,3.2,6.0,0.4,0.6,0.2,-41.7,-41.6,-41.6,-42.0,7.0,0.9,6.0,0.4,-16.8,-16.8,-16.4,-15.6,7.0,3.1,6.0,0.4,-0.63,0.0,0.02,-0.19,7.0,0.55,6.0,0.4,-4.2,0.0,0.2,-1.2,7.0,3.7,6.0,0.4,3.15,3.18,3.86,3.39,7.0,0.5,6.0,0.4,21.1,21.3,25.9,22.7,7.0,3.4,6.0,0.4,-153.5,-148.5,-144.6,-148.6,7.0,5.9,6.0,0.4,-60.2,-58.5,-55.9,-55.5,7.0,11.5,6.0,0.4,-93.8,-90.2,-88.6,-91.3,7.0,3.0,6.0,0.4,-37.8,-36.4,-34.5,-34.0,7.0,6.9,6.0,0.4,-24.0,-20.9,-19.6,-21.2,7.0,3.1,6.0,0.4,-9.7,-8.0,-6.5,-7.9,7.0,2.1,6.0,0.4,301.0,301.0,301.0,301.0,7.0,0.0,6.0,0.4,300.0,300.0,300.0,300.0,7.0,0.0,6.0,0.4
1887,9,212.3,-1.4,,,,,,,,,,,,,,,,,,,,,,,,,,,,,,,,,,,9.3,9.3,9.3,9.3,1.0,0.0,22.0,1.0,-9.3,-9.3,-9.3,-9.3,1.0,0.0,22.0,1.0,0.0,0.0,0.0,0.0,1.0,0.0,22.0,1.0,1011.7,1011.7,1011.7,1011.7,1.0,0.0,22.0,1.0,,,,,,,,,,,,,,,,,,,,,,,,,,,,,,,,,,,,,,,,,,,,,,,,,,,,,,,,,,,,,,,,,,,,,,,,,,,,,,,,,,,,,,,,,,,,,,,,,,,,,,,,,,,,,,,,,,,,,,,,,,,,,,,,,,
1887,9,212.3,0.6,,,,,,,,,,,,,,,,,,,,,,,,,,,,,,,,,,,5.35,6.95,8.55,6.95,2.0,3.32,22.0,1.0,-8.55,-6.95,-5.35,-6.95,2.0,3.32,22.0,1.0,0.0,0.0,0.0,0.0,2.0,0.0,22.0,1.0,1011.21,1011.65,1012.09,1011.65,2.0,0.92,22.0,1.0,,,,,,,,,,,,,,,,,,,,,,,,,,,,,,,,,,,,,,,,,,,,,,,,,,,,,,,,,,,,,,,,,,,,,,,,,,,,,,,,,,,,,,,,,,,,,,,,,,,,,,,,,,,,,,,,,,,,,,,,,,,,,,,,,,
1887,9,212.3,22.6,22.8,23.05,23.64,23.22,10.0,0.55,4.0,0.4,22.2,23.05,24.53,23.38,10.0,1.48,4.0,0.4,12.73,13.05,14.15,13.3,10.0,0.74,4.0,0.4,74.0,75.9,77.1,75.0,10.0,3.0,4.0,0.4,0.5,0.6,6.7,6.7,6.7,6.7,10.0,0.0,4.0,0.4,-6.58,-6.39,-6.21,-6.39,10.0,0.19,4.0,0.4,-2.51,-1.89,-1.28,-1.89,10.0,0.65,4.0,0.4,1020.47,1020.7,1021.17,1020.8,10.0,0.35,4.0,0.4,2.4,4.0,5.6,4.1,10.0,1.4,4.0,0.4,74.0,75.9,77.1,75.0,10.0,3.0,4.0,0.4,0.5,0.6,-44.1,-42.8,-41.6,-42.8,10.0,1.3,4.0,0.4,-16.8,-12.7,-8.6,-12.7,10.0,4.3,4.0,0.4,-1.1,0.0,0.89,-0.16,10.0,1.1,4.0,0.4,-7.4,0.0,5.9,-1.1,10.0,7.4,4.0,0.4,3.83,4.38,4.83,4.32,10.0,0.47,4.0,0.4,25.7,29.3,32.4,28.9,10.0,3.2,4.0,0.4,-156.4,-148.0,-140.8,-149.4,10.0,8.8,4.0,0.4,-60.9,-43.1,-28.7,-44.6,10.0,16.5,4.0,0.4,-90.0,-84.8,-79.9,-85.0,10.0,4.4,4.0,0.4,-35.0,-24.6,-16.5,-25.3,10.0,9.3,4.0,0.4,-30.2,-28.0,-24.7,-27.6,10.0,2.7,4.0,0.4,-12.1,-7.5,-5.1,-8.3,10.0,3.3,4.0,0.4,301.0,301.0,301.0,301.0,10.0,0.0,4.0,0.4,300.0,300.0,300.0,300.0,10.0,0.0,4.0,0.4
1887,9,214.3,6.6,,,,,,,,,,,,,,,,,,,,,,,,,,,,,,,,,,,4.6,4.6,4.6,4.6,1.0,0.0,24.0,1.0,-1.72,-1.72,-1.72,-1.72,1.0,0.0,24.0,1.0,4.27,4.27,4.27,4.27,1.0,0.0,24.0,1.0,1012.0,1012.0,1012.0,1012.0,1.0,0.0,24.0,1.0,,,,,,,,,,,,,,,,,,,,,,,,,,,,,,,,,,,,,,,,,,,,,,,,,,,,,,,,,,,,,,,,,,,,,,,,,,,,,,,,,,,,,,,,,,,,,,,,,,,,,,,,,,,,,,,,,,,,,,,,,,,,,,,,,,
1887,9,214.3,8.6,,,,,,,,,,,,,,,,,,,,,,,,,,,,,,,,,,,0.0,0.0,0.0,0.0,1.0,0.0,26.0,1.0,0.0,0.0,0.0,0.0,1.0,0.0,26.0,1.0,0.0,0.0,0.0,0.0,1.0,0.0,26.0,1.0,1012.3,1012.3,1012.3,1012.3,1.0,0.0,26.0,1.0,,,,,,,,,,,,,,,,,,,,,,,,,,,,,,,,,,,,,,,,,,,,,,,,,,,,,,,,,,,,,,,,,,,,,,,,,,,,,,,,,,,,,,,,,,,,,,,,,,,,,,,,,,,,,,,,,,,,,,,,,,,,,,,,,,
1887,9,214.3,22.6,23.3,23.3,23.3,23.3,2.0,0.0,4.0,1.0,25.27,25.85,26.43,25.85,2.0,1.2,4.0,1.0,14.6,14.6,14.61,14.6,2.0,0.0,4.0,1.0,68.7,71.1,73.6,71.1,2.0,5.1,4.0,1.0,0.1,0.9,6.7,6.7,6.7,6.7,2.0,0.0,4.0,1.0,-6.58,-6.58,-6.58,-6.58,2.0,0.0,4.0,1.0,-1.28,-1.28,-1.28,-1.28,2.0,0.0,4.0,1.0,1021.36,1021.5,1021.64,1021.5,2.0,0.28,4.0,1.0,3.0,3.0,3.0,3.0,2.0,0.0,4.0,1.0,68.7,71.1,73.6,71.1,2.0,5.1,4.0,1.0,0.1,0.9,-44.1,-44.1,-44.1,-44.1,2.0,0.0,4.0,1.0,-8.6,-8.6,-8.6,-8.6,2.0,0.0,4.0,1.0,-3.13,-2.55,-1.97,-2.55,2.0,1.2,4.0,1.0,-21.0,-17.1,-13.2,-17.1,2.0,8.1,4.0,1.0,3.08,3.08,3.08,3.08,2.0,0.0,4.0,1.0,20.6,20.7,20.7,20.7,2.0,0.0,4.0,1.0,-173.8,-170.0,-166.2,-170.0,2.0,7.9,4.0,1.0,-33.8,-33.0,-32.3,-33.0,2.0,1.5,4.0,1.0,-96.1,-96.0,-96.0,-96.0,2.0,0.0,4.0,1.0,-18.7,-18.7,-18.7,-18.7,2.0,0.0,4.0,1.0,-20.3,-20.3,-20.3,-20.3,2.0,0.0,4.0,1.0,-3.9,-3.9,-3.9,-3.9,2.0,0.0,4.0,1.0,301.0,301.0,301.0,301.0,2.0,0.0,4.0,1.0,300.0,300.0,300.0,300.0,2.0,0.0,4.0,1.0
1887,9,214.3,24.6,22.2,22.2,22.73,22.41,8.0,0.42,4.0,0.5,21.7,22.2,24.03,22.94,7.0,1.82,4.0,0.4,12.89,13.46,13.56,13.37,7.0,0.37,4.0,0.4,73.6,80.5,81.6,77.7,7.0,6.5,4.0,0.4,0.6,0.2,6.7,6.7,6.7,6.44,8.0,0.74,4.0,0.5,-6.58,-6.58,-6.58,-6.32,8.0,0.73,4.0,0.5,-1.28,-1.28,-1.28,-1.23,8.0,0.14,4.0,0.5,1021.0,1021.3,1021.3,1021.2,8.0,0.3,4.0,0.5,3.1,5.5,6.0,4.8,8.0,1.6,4.0,0.5,73.6,80.5,81.6,77.7,7.0,6.5,4.0,0.4,0.6,0.2,-44.1,-44.1,-44.1,-41.2,8.0,8.2,4.0,0.5,-8.6,-8.6,-8.6,-8.0,8.0,1.6,4.0,0.5,-1.81,0.0,0.5,-0.66,7.0,1.61,4.0,0.4,-12.1,0.0,3.4,-4.4,7.0,10.8,4.0,0.4,3.07,3.07,3.66,3.25,7.0,0.29,4.0,0.4,19.7,20.6,24.5,20.9,7.0,3.5,4.0,0.4,-158.1,-146.0,-140.7,-144.4,7.0,22.7,4.0,0.4,-30.7,-28.4,-27.3,-28.1,7.0,4.4,4.0,0.4,-89.2,-88.5,-83.6,-84.0,7.0,10.5,4.0,0.4,-17.3,-17.2,-16.2,-16.3,7.0,2.0,4.0,0.4,-24.0,-20.2,-19.4,-20.5,7.0,3.4,4.0,0.4,-4.7,-3.9,-3.8,-4.0,7.0,0.7,4.0,0.4,301.0,301.0,301.0,275.5,8.0,72.0,4.0,0.5,300.0,300.0,300.0,275.0,8.0,70.0,4.0,0.5
1887,9,216.3,8.6,,,,,,,,,,,,,,,,,,,,,,,,,,,,,,,,,,,1.0,1.0,1.0,1.0,1.0,0.0,26.0,1.0,-0.71,-0.71,-0.71,-0.71,1.0,0.0,26.0,1.0,-0.71,-0.71,-0.71,-0.71,1.0,0.0,26.0,1.0,1011.1,1011.1,1011.1,1011.1,1.0,0.0,26.0,1.0,,,,,,,,,,,,,,,,,,,,,,,,,,,,,,,,,,,,,,,,,,,,,,,,,,,,,,,,,,,,,,,,,,,,,,,,,,,,,,,,,,,,,,,,,,,,,,,,,,,,,,,,,,,,,,,,,,,,,,,,,,,,,,,,,,
1887,9,216.3,24.6,21.7,22.2,22.93,22.33,12.0,0.64,2.0,0.5,21.1,22.2,24.71,22.73,12.0,1.9,2.0,0.5,13.13,13.47,15.07,13.9,12.0,1.01,2.0,0.5,77.5,81.9,85.1,81.5,12.0,4.0,2.0,0.5,0.5,0.6,4.6,4.6,4.6,4.6,12.0,0.0,2.0,0.5,-4.6,-4.52,-4.52,-4.48,12.0,0.21,2.0,0.5,-0.88,0.44,0.88,0.36,12.0,1.01,2.0,0.5,1020.7,1021.0,1021.3,1020.94,12.0,0.3,2.0,0.5,6.0,7.0,8.0,6.9,12.0,0.8,2.0,0.5,77.5,81.9,85.1,81.5,12.0,4.0,2.0,0.5,0.5,0.6,-21.2,-20.8,-20.8,-20.6,12.0,1.0,2.0,0.5,-4.0,2.0,4.0,1.7,12.0,4.6,2.0,0.5,-1.78,0.0,0.6,-0.4,12.0,1.27,2.0,0.5,-8.2,0.0,2.8,-1.8,12.0,5.9,2.0,0.5,2.23,2.91,3.14,2.78,12.0,0.46,2.0,0.5,10.2,13.4,14.4,12.8,12.0,2.1,2.0,0.5,-111.6,-100.2,-95.1,-101.8,12.0,10.5,2.0,0.5,-18.8,9.3,22.6,8.6,12.0,22.2,2.0,0.5,-68.1,-60.8,-59.1,-62.3,12.0,5.7,2.0,0.5,-11.6,5.8,13.4,5.3,12.0,13.7,2.0,0.5,-14.2,-13.1,-10.1,-12.5,12.0,2.2,2.0,0.5,-2.6,0.9,2.4,0.8,12.0,2.9,2.0,0.5,97.5,97.5,97.5,97.5,12.0,0.0,2.0,0.5,95.0,95.0,95.0,95.0,12.0,0.0,2.0,0.5
1887,9,218.3,-47.4,,,,,,,,,,,,,,,,,,,,,,,,,,,,,,,,,,,19.0,19.0,19.0,19.0,1.0,0.0,20.0,1.0,7.42,7.42,7.42,7.42,1.0,0.0,20.0,1.0,17.49,17.49,17.49,17.49,1.0,0.0,20.0,1.0,987.3,987.3,987.3,987.3,1.0,0.0,20.0,1.0,,,,,,,,,,,,,,,,,,,,,,,,,,,,,,,,,,,,,,,,,,,,,,,,,,,,,,,,,,,,,,,,,,,,,,,,,,,,,,,,,,,,,,,,,,,,,,,,,,,,,,,,,,,,,,,,,,,,,,,,,,,,,,,,,,
1887,9,218.3,8.6,,,,,,,,,,,,,,,,,,,,,,,,,,,,,,,,,,,0.41,1.3,2.19,1.3,2.0,1.84,28.0,1.0,0.38,1.21,2.03,1.21,2.0,1.7,28.0,1.0,0.15,0.49,0.82,0.49,2.0,0.69,28.0,1.0,1009.08,1009.25,1009.42,1009.25,2.0,0.35,28.0,1.0,,,,,,,,,,,,,,,,,,,,,,,,,,,,,,,,,,,,,,,,,,,,,,,,,,,,,,,,,,,,,,,,,,,,,,,,,,,,,,,,,,,,,,,,,,,,,,,,,,,,,,,,,,,,,,,,,,,,,,,,,,,,,,,,,,
1887,9,218.3,10.6,,,,,,,,,,,,,,,,,,,,,,,,,,,,,,,,,,,4.6,4.6,4.6,4.6,1.0,0.0,30.0,1.0,-4.23,-4.23,-4.23,-4.23,1.0,0.0,30.0,1.0,1.8,1.8,1.8,1.8,1.0,0.0,30.0,1.0,1010.4,1010.4,1010.4,1010.4,1.0,0.0,30.0,1.0,,,,,,,,,,,,,,,,,,,,,,,,,,,,,,,,,,,,,,,,,,,,,,,,,,,,,,,,,,,,,,,,,,,,,,,,,,,,,,,,,,,,,,,,,,,,,,,,,,,,,,,,,,,,,,,,,,,,,,,,,,,,,,,,,,
1887,9,218.3,24.6,21.7,21.7,22.2,21.84,7.0,0.24,2.0,0.9,22.18,24.4,25.65,23.97,7.0,1.83,2.0,0.9,13.64,14.07,15.44,14.28,7.0,1.21,2.0,0.9,73.2,74.6,82.5,77.7,7.0,5.6,2.0,0.9,0.2,0.9,4.6,4.6,4.6,4.6,7.0,0.0,2.0,0.9,-4.6,-4.23,-3.81,-4.22,7.0,0.32,2.0,0.9,0.0,1.8,2.57,1.51,7.0,1.09,2.0,0.9,1020.99,1021.3,1022.0,1021.39,7.0,0.52,2.0,0.9,4.0,5.0,6.0,5.1,7.0,1.3,2.0,0.9,73.2,74.6,82.5,77.7,7.0,5.6,2.0,0.9,0.2,0.9,-21.2,-19.5,-17.5,-19.4,7.0,1.5,2.0,0.9,0.0,8.3,11.8,6.9,7.0,5.0,2.0,0.9,-3.45,-2.7,-0.48,-2.13,7.0,1.64,2.0,0.9,-15.9,-12.4,-2.2,-9.8,7.0,7.5,2.0,0.9,1.06,1.96,2.39,1.89,7.0,1.1,2.0,0.9,4.9,9.0,11.0,8.7,7.0,5.0,2.0,0.9,-108.6,-102.1,-95.9,-101.0,7.0,9.5,2.0,0.9,0.0,43.9,56.4,36.5,7.0,26.6,2.0,0.9,-64.7,-59.6,-55.4,-60.1,7.0,5.0,2.0,0.9,0.0,27.1,35.5,22.2,7.0,16.0,2.0,0.9,-9.5,-8.3,-4.0,-8.1,7.0,5.1,2.0,0.9,0.0,2.6,3.6,2.3,7.0,2.2,2.0,0.9,97.5,97.5,97.5,97.5,7.0,0.0,2.0,0.9,95.0,95.0,95.0,95.0,7.0,0.0,2.0,0.9
1887,9,218.3,26.6,21.1,21.1,21.63,21.25,8.0,0.28,2.0,0.3,20.6,20.85,21.63,21.2,8.0,0.94,2.0,0.3,12.56,12.72,12.87,12.84,8.0,0.73,2.0,0.3,80.6,81.8,85.0,82.6,8.0,2.1,2.0,0.3,0.7,0.1,4.6,4.6,4.6,4.6,8.0,0.0,2.0,0.3,-4.6,-4.52,-4.52,-4.51,8.0,0.12,2.0,0.3,-0.78,0.0,0.88,0.22,8.0,0.92,2.0,0.3,1020.7,1021.0,1021.27,1020.91,8.0,0.34,2.0,0.3,6.0,6.5,8.0,6.8,8.0,1.2,2.0,0.3,80.6,81.8,85.0,82.6,8.0,2.1,2.0,0.3,0.7,0.1,-21.2,-20.8,-20.8,-20.8,8.0,0.6,2.0,0.3,-3.6,0.0,4.0,1.0,8.0,4.2,2.0,0.3,-0.53,0.25,0.5,0.05,8.0,0.83,2.0,0.3,-2.5,1.2,2.3,0.2,8.0,3.8,2.0,0.3,2.59,2.73,2.89,2.76,8.0,0.68,2.0,0.3,11.9,12.6,13.3,12.7,8.0,3.1,2.0,0.3,-97.9,-95.0,-93.2,-95.7,8.0,5.0,2.0,0.3,-16.5,0.0,20.2,4.7,8.0,19.4,2.0,0.3,-58.6,-58.0,-56.8,-58.0,8.0,4.0,2.0,0.3,-9.8,0.0,12.6,2.9,8.0,11.6,2.0,0.3,-13.3,-12.6,-11.7,-12.4,8.0,2.8,2.0,0.3,-2.0,0.0,2.3,0.8,8.0,3.1,2.0,0.3,97.5,97.5,97.5,97.5,8.0,0.0,2.0,0.3,95.0,95.0,95.0,95.0,8.0,0.0,2.0,0.3
1887,9,220.3,-47.4,,,,,,,,,,,,,,,,,,,,,,,,,,,,,,,,,,,15.4,15.4,15.4,15.4,1.0,0.0,22.0,1.0,14.28,14.28,14.28,14.28,1.0,0.0,22.0,1.0,5.77,5.77,5.77,5.77,1.0,0.0,22.0,1.0,993.3,993.3,993.3,993.3,1.0,0.0,22.0,1.0,,,,,,,,,,,,,,,,,,,,,,,,,,,,,,,,,,,,,,,,,,,,,,,,,,,,,,,,,,,,,,,,,,,,,,,,,,,,,,,,,,,,,,,,,,,,,,,,,,,,,,,,,,,,,,,,,,,,,,,,,,,,,,,,,,
1887,9,222.3,-43.4,,,,,,,,,,,,,,,,,,,,,,,,,,,,,,,,,,,6.7,6.7,6.7,6.7,1.0,0.0,12.0,1.0,2.51,2.51,2.51,2.51,1.0,0.0,12.0,1.0,-6.21,-6.21,-6.21,-6.21,1.0,0.0,12.0,1.0,1005.6,1005.6,1005.6,1005.6,1.0,0.0,12.0,1.0,,,,,,,,,,,,,,,,,,,,,,,,,,,,,,,,,,,,,,,,,,,,,,,,,,,,,,,,,,,,,,,,,,,,,,,,,,,,,,,,,,,,,,,,,,,,,,,,,,,,,,,,,,,,,,,,,,,,,,,,,,,,,,,,,,
1887,9,222.3,44.6,,,,,,,,,,,,,,,,,,,,,,,,,,,,,,,,,,,6.7,6.7,6.7,6.7,1.0,0.0,18.0,0.0,-6.17,-6.17,-6.17,-6.17,1.0,0.0,18.0,0.0,2.62,2.62,2.62,2.62,1.0,0.0,18.0,0.0,1022.07,1023.5,1025.34,1023.7,3.0,2.41,28.0,0.3,,,,,,,,,,,,,,,,,,,,,,,,,,,,,,,,,,,,,,,,,,,,,,,,,,,,,,,,,,,,,,,,,,,,,,,,,,,,,,,,,,,,,,,,,,,,,,,,,,,,,,,,,,,,,,,,,,,,,,,,,,,,,,,,,,
1887,9,224.3,-49.4,,,,,,,,,,,,,,,,,,,,,,,,,,,,,,,,,,,12.3,12.3,12.3,12.3,1.0,0.0,22.0,1.0,12.3,12.3,12.3,12.3,1.0,0.0,22.0,1.0,0.0,0.0,0.0,0.0,1.0,0.0,22.0,1.0,989.3,989.3,989.3,989.3,1.0,0.0,22.0,1.0,,,,,,,,,,,,,,,,,,,,,,,,,,,,,,,,,,,,,,,,,,,,,,,,,,,,,,,,,,,,,,,,,,,,,,,,,,,,,,,,,,,,,,,,,,,,,,,,,,,,,,,,,,,,,,,,,,,,,,,,,,,,,,,,,,
1887,9,224.3,40.6,19.4,19.7,20.0,19.7,4.0,0.35,2.0,0.5,20.68,20.85,21.02,20.85,2.0,0.35,2.0,0.0,14.0,14.07,14.13,14.07,2.0,0.13,2.0,0.0,91.2,92.6,93.9,92.6,2.0,2.8,2.0,0.0,0.3,0.9,6.7,6.7,6.7,6.7,4.0,0.0,2.0,0.5,1.28,1.95,2.62,1.95,4.0,0.77,2.0,0.5,6.17,6.37,6.58,6.37,4.0,0.24,2.0,0.5,1021.33,1021.85,1022.0,1021.68,4.0,0.47,2.0,0.5,6.5,7.0,7.5,7.0,4.0,0.8,2.0,0.5,91.2,92.6,93.9,92.6,2.0,2.8,2.0,0.0,0.3,0.9,8.6,13.1,17.5,13.1,4.0,5.2,2.0,0.5,41.3,42.7,44.1,42.7,4.0,1.6,2.0,0.5,-1.02,-0.85,-0.68,-0.85,2.0,0.35,2.0,0.0,-6.8,-5.7,-4.6,-5.7,2.0,2.4,2.0,0.0,0.3,0.36,0.42,0.36,2.0,0.12,2.0,0.0,2.0,2.4,2.8,2.4,2.0,0.8,2.0,0.0,54.1,54.6,55.0,54.6,2.0,0.9,2.0,0.0,127.5,128.6,129.6,128.6,2.0,2.2,2.0,0.0,36.7,36.8,37.0,36.8,2.0,0.3,2.0,0.0,86.4,86.8,87.2,86.8,2.0,0.8,2.0,0.0,0.8,0.9,1.1,0.9,2.0,0.3,2.0,0.0,1.8,2.2,2.6,2.2,2.0,0.8,2.0,0.0,301.0,301.0,301.0,301.0,4.0,0.0,2.0,0.5,300.0,300.0,300.0,300.0,4.0,0.0,2.0,0.5
1887,9,224.3,42.6,18.37,19.4,19.4,19.08,8.0,0.71,2.0,0.6,18.12,20.0,20.0,19.22,5.0,1.08,2.0,0.4,12.58,13.64,14.45,13.48,5.0,1.09,2.0,0.4,94.5,100.0,100.0,97.8,5.0,3.0,2.0,0.4,0.6,0.3,6.7,8.0,9.3,8.0,8.0,1.39,2.0,0.6,2.62,3.13,6.42,4.06,8.0,1.79,2.0,0.6,6.17,6.17,6.58,4.83,8.0,5.13,2.0,0.6,1019.13,1019.75,1019.8,1019.68,8.0,0.51,2.0,0.6,8.0,8.0,8.0,8.0,8.0,0.0,2.0,0.6,94.5,100.0,100.0,97.8,5.0,3.0,2.0,0.4,0.6,0.3,17.5,25.7,59.7,34.3,8.0,19.9,2.0,0.6,41.3,41.3,61.2,36.9,8.0,46.1,2.0,0.6,-0.6,0.0,0.0,-0.24,5.0,0.33,2.0,0.4,-4.0,0.0,0.0,-1.6,5.0,2.2,2.0,0.4,-0.53,0.0,0.73,0.09,5.0,0.64,2.0,0.4,-3.6,0.0,5.8,0.9,5.0,4.8,2.0,0.4,52.4,52.4,102.7,74.0,5.0,31.2,2.0,0.4,26.3,123.3,123.3,70.6,5.0,116.2,2.0,0.4,37.1,37.8,70.4,51.7,5.0,21.7,2.0,0.4,20.0,85.4,89.1,51.2,5.0,79.9,2.0,0.4,-1.4,0.0,2.6,0.6,5.0,2.2,2.0,0.4,-4.1,-3.3,1.8,-1.4,5.0,4.0,2.0,0.4,301.0,552.5,804.5,552.5,8.0,269.0,2.0,0.6,300.0,555.0,805.0,555.0,8.0,270.0,2.0,0.6
1887,9,224.3,44.6,,,,,,,,,,,,,,,,,,,,,,,,,,,,,,,,,,,2.71,5.65,8.32,5.53,4.0,3.7,18.0,0.5,-3.8,-1.43,-0.93,-2.32,4.0,2.2,18.0,0.5,-7.19,-4.13,-1.68,-4.42,4.0,4.03,18.0,0.5,1020.38,1027.8,1030.23,1026.36,7.0,4.48,28.0,0.9,,,,,,,,,,,,,,,,,,,,,,,,,,,,,,,,,,,,,,,,,,,,,,,,,,,,,,,,,,,,,,,,,,,,,,,,,,,,,,,,,,,,,,,,,,,,,,,,,,,,,,,,,,,,,,,,,,,,,,,,,,,,,,,,,,
1887,9,226.3,-49.4,,,,,,,,,,,,,,,,,,,,,,,,,,,,,,,,,,,6.7,6.7,6.7,6.7,1.0,0.0,24.0,1.0,4.74,4.74,4.74,4.74,1.0,0.0,24.0,1.0,4.74,4.74,4.74,4.74,1.0,0.0,24.0,1.0,994.6,994.6,994.6,994.6,1.0,0.0,24.0,1.0,,,,,,,,,,,,,,,,,,,,,,,,,,,,,,,,,,,,,,,,,,,,,,,,,,,,,,,,,,,,,,,,,,,,,,,,,,,,,,,,,,,,,,,,,,,,,,,,,,,,,,,,,,,,,,,,,,,,,,,,,,,,,,,,,,
1887,9,226.3,24.6,,,,,,,,,,,,,,,,,,,,,,,,,,,,,,,,,,,2.6,4.6,9.46,5.41,8.0,3.05,18.0,0.8,-3.77,-2.23,-0.11,-2.13,8.0,2.11,18.0,0.8,-7.91,-3.93,-2.4,-4.73,8.0,2.76,18.0,0.8,1014.93,1015.65,1016.37,1015.65,2.0,1.48,28.0,1.0,,,,,,,,,,,,,,,,,,,,,,,,,,,,,,,,,,,,,,,,,,,,,,,,,,,,,,,,,,,,,,,,,,,,,,,,,,,,,,,,,,,,,,,,,,,,,,,,,,,,,,,,,,,,,,,,,,,,,,,,,,,,,,,,,,
1887,9,226.3,26.6,20.63,20.7,20.77,20.7,2.0,0.14,30.0,1.0,21.28,21.45,21.62,21.45,2.0,0.35,30.0,1.0,12.97,12.97,12.97,12.97,1.0,0.0,30.0,1.0,80.5,80.5,80.5,80.5,1.0,0.0,30.0,1.0,1.0,1.0,6.7,6.7,6.7,6.7,2.0,0.0,30.0,1.0,-4.4,-3.68,-2.95,-3.68,2.0,1.5,30.0,1.0,-5.94,-5.45,-4.96,-5.45,2.0,1.01,30.0,1.0,1015.7,1018.05,1020.41,1018.05,2.0,4.88,30.0,1.0,8.0,8.0,8.0,8.0,2.0,0.0,30.0,1.0,80.5,80.5,80.5,80.5,1.0,0.0,30.0,1.0,1.0,1.0,-29.5,-24.6,-19.8,-24.6,2.0,10.0,30.0,1.0,-39.8,-36.5,-33.3,-36.5,2.0,6.8,30.0,1.0,-0.99,-0.75,-0.51,-0.75,2.0,0.49,30.0,1.0,-6.6,-5.0,-3.4,-5.0,2.0,3.3,30.0,1.0,2.11,2.11,2.11,2.11,1.0,0.0,30.0,1.0,14.1,14.1,14.1,14.1,1.0,0.0,30.0,1.0,-93.5,-78.6,-63.7,-78.6,2.0,30.9,30.0,1.0,-128.5,-117.1,-105.7,-117.1,2.0,23.6,30.0,1.0,-33.9,-33.9,-33.9,-33.9,1.0,0.0,30.0,1.0,-80.0,-80.0,-80.0,-80.0,1.0,0.0,30.0,1.0,-5.5,-5.5,-5.5,-5.5,1.0,0.0,30.0,1.0,-13.0,-13.0,-13.0,-13.0,1.0,0.0,30.0,1.0,301.0,301.0,301.0,301.0,2.0,0.0,30.0,1.0,300.0,300.0,300.0,300.0,2.0,0.0,30.0,1.0
1887,9,226.3,28.6,20.6,20.6,20.6,20.6,1.0,0.0,30.0,1.0,22.2,22.2,22.2,22.2,1.0,0.0,30.0,1.0,13.56,13.56,13.56,13.56,1.0,0.0,30.0,1.0,81.6,81.6,81.6,81.6,1.0,0.0,30.0,1.0,0.9,0.0,6.7,6.7,6.7,6.7,1.0,0.0,30.0,1.0,-3.75,-3.75,-3.75,-3.75,1.0,0.0,30.0,1.0,-5.55,-5.55,-5.55,-5.55,1.0,0.0,30.0,1.0,1013.9,1013.9,1013.9,1013.9,1.0,0.0,30.0,1.0,8.0,8.0,8.0,8.0,1.0,0.0,30.0,1.0,81.6,81.6,81.6,81.6,1.0,0.0,30.0,1.0,0.9,0.0,-25.1,-25.1,-25.1,-25.1,1.0,0.0,30.0,1.0,-37.2,-37.2,-37.2,-37.2,1.0,0.0,30.0,1.0,-1.6,-1.6,-1.6,-1.6,1.0,0.0,30.0,1.0,-10.7,-10.7,-10.7,-10.7,1.0,0.0,30.0,1.0,1.52,1.52,1.52,1.52,1.0,0.0,30.0,1.0,10.2,10.2,10.2,10.2,1.0,0.0,30.0,1.0,-83.2,-83.2,-83.2,-83.2,1.0,0.0,30.0,1.0,-123.3,-123.3,-123.3,-123.3,1.0,0.0,30.0,1.0,-50.8,-50.8,-50.8,-50.8,1.0,0.0,30.0,1.0,-75.3,-75.3,-75.3,-75.3,1.0,0.0,30.0,1.0,-5.7,-5.7,-5.7,-5.7,1.0,0.0,30.0,1.0,-8.5,-8.5,-8.5,-8.5,1.0,0.0,30.0,1.0,301.0,301.0,301.0,301.0,1.0,0.0,30.0,1.0,300.0,300.0,300.0,300.0,1.0,0.0,30.0,1.0
1887,9,226.3,42.6,16.48,17.2,17.42,17.0,5.0,0.64,2.0,0.4,16.7,17.2,17.42,17.12,5.0,0.45,2.0,0.4,10.19,10.78,10.96,10.61,5.0,0.55,2.0,0.4,87.1,89.2,89.4,88.2,5.0,2.6,2.0,0.4,0.3,0.8,11.2,12.3,12.3,11.7,5.0,1.34,2.0,0.4,6.27,6.88,6.88,6.54,5.0,0.75,2.0,0.4,-10.2,-10.2,-9.29,-9.7,5.0,1.11,2.0,0.4,1020.05,1020.5,1020.5,1020.3,5.0,0.31,2.0,0.4,2.6,5.0,6.7,4.8,5.0,2.4,2.0,0.4,87.1,89.2,89.4,88.2,5.0,2.6,2.0,0.4,0.3,0.8,71.4,84.6,84.6,77.4,5.0,16.2,2.0,0.4,-125.4,-125.4,-105.8,-114.7,5.0,24.0,2.0,0.4,-0.22,0.0,0.0,-0.12,5.0,0.27,2.0,0.4,-2.7,0.0,0.0,-1.5,5.0,3.3,2.0,0.4,1.29,1.32,1.39,1.34,5.0,0.09,2.0,0.4,14.4,16.2,17.0,15.7,5.0,2.3,2.0,0.4,106.7,114.9,118.3,111.8,5.0,10.9,2.0,0.4,-175.4,-170.3,-158.2,-165.7,5.0,16.1,2.0,0.4,64.1,71.8,74.1,69.2,5.0,6.5,2.0,0.4,-109.9,-106.4,-95.0,-102.6,5.0,9.7,2.0,0.4,8.1,9.1,9.5,8.8,5.0,1.3,2.0,0.4,-14.1,-13.5,-11.9,-13.1,5.0,1.9,2.0,0.4,1475.0,1861.0,1861.0,1649.5,5.0,472.5,2.0,0.4,1475.0,1860.0,1860.0,1650.0,5.0,470.0,2.0,0.4
1887,9,226.3,44.6,14.94,15.0,15.65,15.19,13.0,0.62,20.0,0.4,13.84,14.4,16.01,14.69,13.0,1.13,20.0,0.4,9.42,9.49,9.55,9.49,2.0,0.13,2.0,0.0,84.2,85.7,87.2,85.7,2.0,3.1,2.0,0.0,0.9,0.0,8.73,9.8,12.3,9.77,6.0,2.81,10.0,0.3,0.0,0.93,6.88,2.6,6.0,3.39,10.0,0.3,-10.2,-9.8,-8.58,-9.04,6.0,2.19,10.0,0.3,1023.48,1030.4,1031.72,1028.77,9.0,4.42,22.0,0.3,2.8,3.5,7.0,4.3,6.0,2.2,10.0,0.3,84.2,85.7,87.2,85.7,2.0,3.1,2.0,0.0,0.9,0.0,0.0,9.2,84.6,31.3,6.0,41.9,10.0,0.3,-125.4,-96.0,-79.2,-93.1,6.0,38.2,10.0,0.3,-0.08,0.6,1.1,0.5,13.0,0.73,20.0,0.4,-0.8,5.9,7.1,4.2,6.0,5.1,10.0,0.3,1.72,1.78,1.84,1.78,2.0,0.13,2.0,0.0,21.1,21.9,22.7,21.9,2.0,1.6,2.0,0.0,0.0,12.4,108.0,40.5,6.0,54.0,10.0,0.3,-160.1,-138.7,-116.7,-133.7,6.0,32.5,10.0,0.3,64.8,65.2,65.7,65.2,2.0,0.9,2.0,0.0,-97.4,-96.7,-96.1,-96.7,2.0,1.3,2.0,0.0,11.8,12.2,12.7,12.2,2.0,0.9,2.0,0.0,-18.8,-18.2,-17.5,-18.2,2.0,1.4,2.0,0.0,767.0,941.0,1861.0,1107.0,6.0,669.0,10.0,0.3,765.0,940.0,1860.0,1105.0,6.0,670.0,10.0,0.3
1887,9,228.3,-49.4,,,,,,,,,,,,,,,,,,,,,,,,,,,,,,,,,,,4.6,4.6,4.6,4.6,1.0,0.0,24.0,1.0,1.8,1.8,1.8,1.8,1.0,0.0,24.0,1.0,4.23,4.23,4.23,4.23,1.0,0.0,24.0,1.0,1007.0,1007.0,1007.0,1007.0,1.0,0.0,24.0,1.0,,,,,,,,,,,,,,,,,,,,,,,,,,,,,,,,,,,,,,,,,,,,,,,,,,,,,,,,,,,,,,,,,,,,,,,,,,,,,,,,,,,,,,,,,,,,,,,,,,,,,,,,,,,,,,,,,,,,,,,,,,,,,,,,,,
1887,9,228.3,-27.4,,,,,,,,,,,,,,,,,,,,,,,,,,,,,,,,,,,9.3,9.3,9.3,9.3,1.0,0.0,30.0,1.0,0.0,0.0,0.0,0.0,1.0,0.0,30.0,1.0,-9.3,-9.3,-9.3,-9.3,1.0,0.0,30.0,1.0,1015.0,1015.0,1015.0,1015.0,1.0,0.0,30.0,1.0,,,,,,,,,,,,,,,,,,,,,,,,,,,,,,,,,,,,,,,,,,,,,,,,,,,,,,,,,,,,,,,,,,,,,,,,,,,,,,,,,,,,,,,,,,,,,,,,,,,,,,,,,,,,,,,,,,,,,,,,,,,,,,,,,,
1887,9,228.3,-25.4,,,,,,,,,,,,,,,,,,,,,,,,,,,,,,,,,,,4.6,4.6,4.6,4.6,1.0,0.0,28.0,1.0,-4.6,-4.6,-4.6,-4.6,1.0,0.0,28.0,1.0,0.0,0.0,0.0,0.0,1.0,0.0,28.0,1.0,1022.7,1022.7,1022.7,1022.7,1.0,0.0,28.0,1.0,,,,,,,,,,,,,,,,,,,,,,,,,,,,,,,,,,,,,,,,,,,,,,,,,,,,,,,,,,,,,,,,,,,,,,,,,,,,,,,,,,,,,,,,,,,,,,,,,,,,,,,,,,,,,,,,,,,,,,,,,,,,,,,,,,
1887,9,228.3,-23.4,,,,,,,,,,,,,,,,,,,,,,,,,,,,,,,,,,,6.7,6.7,6.7,6.7,1.0,0.0,28.0,1.0,-4.74,-4.74,-4.74,-4.74,1.0,0.0,28.0,1.0,4.74,4.74,4.74,4.74,1.0,0.0,28.0,1.0,1023.0,1023.0,1023.0,1023.0,1.0,0.0,28.0,1.0,,,,,,,,,,,,,,,,,,,,,,,,,,,,,,,,,,,,,,,,,,,,,,,,,,,,,,,,,,,,,,,,,,,,,,,,,,,,,,,,,,,,,,,,,,,,,,,,,,,,,,,,,,,,,,,,,,,,,,,,,,,,,,,,,,
1887,9,228.3,22.6,,,,,,,,,,,,,,,,,,,,,,,,,,,,,,,,,,,2.27,4.6,5.67,4.53,6.0,2.97,18.0,0.8,-3.71,-2.53,-0.81,-2.47,6.0,1.95,18.0,0.8,-5.04,-3.25,-2.11,-3.71,6.0,2.42,18.0,0.8,1014.35,1014.45,1014.55,1014.45,2.0,0.21,26.0,1.0,,,,,,,,,,,,,,,,,,,,,,,,,,,,,,,,,,,,,,,,,,,,,,,,,,,,,,,,,,,,,,,,,,,,,,,,,,,,,,,,,,,,,,,,,,,,,,,,,,,,,,,,,,,,,,,,,,,,,,,,,,,,,,,,,,
1887,9,228.3,24.6,20.6,20.6,20.6,20.6,3.0,0.0,30.0,1.0,22.39,22.8,22.8,22.6,3.0,0.35,30.0,1.0,14.47,14.47,14.47,14.47,1.0,0.0,30.0,1.0,82.2,82.2,85.3,83.7,3.0,2.7,30.0,1.0,0.9,0.9,4.6,4.6,6.03,5.3,3.0,1.21,30.0,1.0,-2.36,-1.8,-1.17,-1.76,3.0,0.87,30.0,1.0,-5.64,-4.52,-4.32,-4.97,3.0,1.04,30.0,1.0,1011.7,1011.7,1011.7,1011.7,1.0,0.0,30.0,1.0,8.0,8.0,8.0,8.0,3.0,0.0,30.0,1.0,82.2,82.2,85.3,83.7,3.0,2.7,30.0,1.0,0.9,0.9,-14.6,-8.3,-5.4,-9.9,3.0,6.9,30.0,1.0,-34.8,-20.8,-19.9,-27.2,3.0,12.3,30.0,1.0,-2.2,-2.2,-1.79,-2.0,3.0,0.35,30.0,1.0,-13.3,-10.1,-8.2,-10.7,3.0,3.7,30.0,1.0,0.65,0.65,0.65,0.65,1.0,0.0,30.0,1.0,3.0,3.0,3.0,3.0,1.0,0.0,30.0,1.0,-53.8,-41.0,-26.3,-40.1,3.0,20.1,30.0,1.0,-127.8,-100.2,-97.7,-112.5,3.0,24.4,30.0,1.0,-12.7,-12.7,-12.7,-12.7,1.0,0.0,30.0,1.0,-65.3,-65.3,-65.3,-65.3,1.0,0.0,30.0,1.0,-0.6,-0.6,-0.6,-0.6,1.0,0.0,30.0,1.0,-2.9,-2.9,-2.9,-2.9,1.0,0.0,30.0,1.0,97.5,97.5,236.0,165.0,3.0,117.5,30.0,1.0,95.0,95.0,235.0,165.0,3.0,115.0,30.0,1.0
1887,9,228.3,26.6,20.6,20.6,20.6,20.6,10.0,0.0,30.0,0.4,20.6,21.1,21.7,21.24,10.0,0.56,30.0,0.4,12.8,12.98,13.23,12.96,9.0,0.23,30.0,0.3,80.5,83.3,85.4,83.1,10.0,2.3,30.0,0.4,0.5,0.5,6.7,6.7,6.7,6.7,10.0,0.0,30.0,0.4,-3.75,-3.75,-3.1,-3.52,10.0,0.48,30.0,0.4,-5.9,-5.55,-5.55,-5.68,10.0,0.26,30.0,0.4,1012.43,1013.4,1014.44,1013.33,9.0,1.1,30.0,0.3,8.0,8.0,8.0,8.0,10.0,0.0,30.0,0.4,80.5,83.3,85.4,83.1,10.0,2.3,30.0,0.4,0.5,0.5,-25.1,-25.1,-20.8,-23.6,10.0,3.2,30.0,0.4,-39.6,-37.2,-37.2,-38.0,10.0,1.7,30.0,0.4,-1.1,-0.5,0.0,-0.64,10.0,0.56,30.0,0.4,-7.4,-3.3,0.0,-4.3,10.0,3.8,30.0,0.4,1.87,2.12,2.28,2.13,9.0,0.22,30.0,0.3,12.5,14.2,15.3,14.3,9.0,1.5,30.0,0.3,-80.3,-78.1,-66.3,-74.6,10.0,9.2,30.0,0.4,-128.1,-117.2,-114.4,-120.7,10.0,8.1,30.0,0.4,-49.6,-48.1,-47.5,-46.9,9.0,4.9,30.0,0.3,-74.0,-72.1,-71.1,-72.9,9.0,3.0,30.0,0.3,-8.5,-7.9,-6.7,-7.7,9.0,1.2,30.0,0.3,-12.9,-12.6,-10.4,-12.0,9.0,1.3,30.0,0.3,301.0,301.0,301.0,301.0,10.0,0.0,30.0,0.4,300.0,300.0,300.0,300.0,10.0,0.0,30.0,0.4
1887,9,228.3,42.6,,,,,,,,,,,,,,,,,,,,,,,,,,,,,,,,,,,6.7,6.7,6.7,6.7,1.0,0.0,2.0,1.0,4.74,4.74,4.74,4.74,1.0,0.0,2.0,1.0,4.74,4.74,4.74,4.74,1.0,0.0,2.0,1.0,1019.29,1021.9,1025.06,1022.13,9.0,2.95,28.0,0.3,,,,,,,,,,,,,,,,,,,,,,,,,,,,,,,,,,,,,,,,,,,,,,,,,,,,,,,,,,,,,,,,,,,,,,,,,,,,,,,,,,,,,,,,,,,,,,,,,,,,,,,,,,,,,,,,,,,,,,,,,,,,,,,,,,
1887,9,228.3,44.6,14.4,15.6,15.73,15.3,12.0,0.62,8.0,0.9,13.75,15.6,16.1,15.34,12.0,1.29,8.0,0.9,9.02,9.37,9.56,9.32,6.0,0.25,2.0,1.0,82.9,83.5,87.9,84.7,6.0,2.5,2.0,1.0,0.4,0.5,9.59,15.4,15.4,12.53,11.0,3.41,8.0,0.9,1.1,12.77,12.77,7.47,11.0,6.12,8.0,0.9,-9.62,-8.61,-8.61,-8.78,11.0,0.83,8.0,0.9,1021.97,1023.4,1023.67,1023.6,7.0,2.51,6.0,1.0,2.0,4.0,6.4,4.5,11.0,2.0,8.0,0.9,82.9,83.5,87.9,84.7,6.0,2.5,2.0,1.0,0.4,0.5,10.8,196.6,196.6,112.2,11.0,97.1,8.0,0.9,-132.6,-132.6,-91.1,-110.0,11.0,29.3,8.0,0.9,-0.58,0.0,0.65,-0.04,12.0,0.91,8.0,0.9,-7.5,0.0,9.0,1.6,11.0,7.2,8.0,0.9,1.47,1.6,1.95,1.69,6.0,0.32,2.0,1.0,22.7,24.6,30.0,26.1,6.0,5.0,2.0,1.0,14.6,199.2,201.8,116.7,11.0,97.6,8.0,0.9,-138.6,-134.3,-127.9,-132.3,11.0,11.6,8.0,0.9,115.2,119.7,122.1,119.0,6.0,3.2,2.0,1.0,-82.3,-80.7,-77.7,-80.3,6.0,2.1,2.0,1.0,18.8,20.4,24.9,21.6,6.0,4.1,2.0,1.0,-16.8,-13.8,-12.7,-14.6,6.0,2.8,2.0,1.0,884.5,3652.5,3652.5,2349.5,11.0,1507.0,8.0,0.9,885.0,3650.0,3650.0,2350.0,11.0,1505.0,8.0,0.9
1887,9,230.3,-45.4,,,,,,,,,,,,,,,,,,,,,,,,,,,,,,,,,,,12.3,12.3,12.3,12.3,1.0,0.0,14.0,1.0,0.0,0.0,0.0,0.0,1.0,0.0,14.0,1.0,-12.3,-12.3,-12.3,-12.3,1.0,0.0,14.0,1.0,1000.0,1000.0,1000.0,1000.0,1.0,0.0,14.0,1.0,,,,,,,,,,,,,,,,,,,,,,,,,,,,,,,,,,,,,,,,,,,,,,,,,,,,,,,,,,,,,,,,,,,,,,,,,,,,,,,,,,,,,,,,,,,,,,,,,,,,,,,,,,,,,,,,,,,,,,,,,,,,,,,,,,
1887,9,230.3,-29.4,,,,,,,,,,,,,,,,,,,,,,,,,,,,,,,,,,,4.6,4.6,4.6,4.6,1.0,0.0,30.0,1.0,0.0,0.0,0.0,0.0,1.0,0.0,30.0,1.0,4.6,4.6,4.6,4.6,1.0,0.0,30.0,1.0,1020.6,1020.6,1020.6,1020.6,1.0,0.0,30.0,1.0,,,,,,,,,,,,,,,,,,,,,,,,,,,,,,,,,,,,,,,,,,,,,,,,,,,,,,,,,,,,,,,,,,,,,,,,,,,,,,,,,,,,,,,,,,,,,,,,,,,,,,,,,,,,,,,,,,,,,,,,,,,,,,,,,,
1887,9,230.3,-21.4,,,,,,,,,,,,,,,,,,,,,,,,,,,,,,,,,,,4.6,4.6,4.6,4.6,1.0,0.0,26.0,1.0,-3.25,-3.25,-3.25,-3.25,1.0,0.0,26.0,1.0,3.25,3.25,3.25,3.25,1.0,0.0,26.0,1.0,1021.1,1021.1,1021.1,1021.1,1.0,0.0,26.0,1.0,,,,,,,,,,,,,,,,,,,,,,,,,,,,,,,,,,,,,,,,,,,,,,,,,,,,,,,,,,,,,,,,,,,,,,,,,,,,,,,,,,,,,,,,,,,,,,,,,,,,,,,,,,,,,,,,,,,,,,,,,,,,,,,,,,
1887,9,230.3,18.6,,,,,,,,,,,,,,,,,,,,,,,,,,,,,,,,,,,4.6,4.6,4.6,4.6,1.0,0.0,24.0,1.0,-1.8,-1.8,-1.8,-1.8,1.0,0.0,24.0,1.0,-4.23,-4.23,-4.23,-4.23,1.0,0.0,24.0,1.0,1014.3,1014.3,1014.3,1014.3,1.0,0.0,24.0,1.0,,,,,,,,,,,,,,,,,,,,,,,,,,,,,,,,,,,,,,,,,,,,,,,,,,,,,,,,,,,,,,,,,,,,,,,,,,,,,,,,,,,,,,,,,,,,,,,,,,,,,,,,,,,,,,,,,,,,,,,,,,,,,,,,,,
1887,9,230.3,20.6,,,,,,,,,,,,,,,,,,,,,,,,,,,,,,,,,,,3.87,4.6,5.37,4.62,5.0,1.45,16.0,0.8,-3.97,-2.57,-1.46,-2.63,5.0,1.75,16.0,0.8,-4.26,-3.81,-2.83,-3.62,5.0,0.85,16.0,0.8,1014.3,1014.3,1014.3,1014.3,1.0,0.0,26.0,1.0,,,,,,,,,,,,,,,,,,,,,,,,,,,,,,,,,,,,,,,,,,,,,,,,,,,,,,,,,,,,,,,,,,,,,,,,,,,,,,,,,,,,,,,,,,,,,,,,,,,,,,,,,,,,,,,,,,,,,,,,,,,,,,,,,,
1887,9,230.3,24.6,,,,,,,,,,,,,,,,,,,,,,,,,,,,,,,,,,,,,,,,,,,,,,,,,,,,,,,,,,,,,,,,,,,6.0,7.0,8.0,6.9,36.0,1.2,28.0,0.6,81.0,85.0,90.6,84.2,36.0,4.2,28.0,0.6,0.7,0.3,-8.1,-1.3,0.0,-2.6,33.0,3.7,28.0,0.6,-19.3,-5.6,-0.8,-6.9,33.0,7.6,28.0,0.6,,,,,,,,,,,,,,,,,,,,,,,,,,,,,,,,,,,,,,,,,,,,,,,,,,,,,,,,,,,,,,,,,,,,,,,,,,,,,,,,,,,,,,,,,,,,,,,,
1887,9,230.3,42.6,,,,,,,,,,,,,,,,,,,,,,,,,,,,,,,,,,,9.3,9.3,9.3,9.3,1.0,0.0,2.0,1.0,3.48,3.48,3.48,3.48,1.0,0.0,2.0,1.0,-8.62,-8.62,-8.62,-8.62,1.0,0.0,2.0,1.0,1021.29,1025.1,1025.67,1023.8,5.0,2.57,30.0,1.0,,,,,,,,,,,,,,,,,,,,,,,,,,,,,,,,,,,,,,,,,,,,,,,,,,,,,,,,,,,,,,,,,,,,,,,,,,,,,,,,,,,,,,,,,,,,,,,,,,,,,,,,,,,,,,,,,,,,,,,,,,,,,,,,,,
1887,9,230.3,44.6,13.9,15.55,15.6,14.91,12.0,0.95,10.0,0.3,13.3,15.3,16.1,14.89,12.0,1.38,10.0,0.3,9.38,9.57,9.58,9.5,5.0,0.11,4.0,0.0,83.5,87.9,87.9,86.1,5.0,2.4,4.0,0.0,0.5,0.8,9.01,12.6,15.4,12.08,12.0,3.63,10.0,0.3,6.74,9.51,12.77,9.46,12.0,3.47,10.0,0.3,-8.61,-7.77,-5.48,-7.3,12.0,2.16,10.0,0.3,1021.1,1022.1,1022.96,1022.08,5.0,1.01,4.0,0.0,1.7,5.0,7.0,4.8,12.0,2.3,10.0,0.3,83.5,87.9,87.9,86.1,5.0,2.4,4.0,0.0,0.5,0.8,61.1,123.7,196.6,125.3,12.0,71.9,10.0,0.3,-132.6,-100.3,-50.6,-94.4,12.0,48.7,10.0,0.3,-0.63,0.0,0.73,0.02,12.0,0.72,10.0,0.3,-8.5,0.0,6.3,-1.2,12.0,7.8,10.0,0.3,1.33,1.33,1.51,1.4,5.0,0.1,4.0,0.0,20.5,20.5,23.3,21.6,5.0,1.6,4.0,0.0,88.8,146.6,200.8,143.5,12.0,60.9,10.0,0.3,-138.6,-119.1,-72.9,-111.2,12.0,40.8,10.0,0.3,119.7,122.2,122.3,121.2,5.0,1.4,4.0,0.0,-82.5,-82.4,-80.7,-81.8,5.0,1.0,4.0,0.0,17.0,17.0,19.3,17.9,5.0,1.3,4.0,0.0,-13.0,-11.5,-11.4,-12.1,5.0,0.9,4.0,0.0,778.5,2296.5,3652.5,2190.0,12.0,1543.5,10.0,0.3,780.0,2295.0,3650.0,2190.0,12.0,1545.0,10.0,0.3
1887,9,232.3,-51.4,,,,,,,,,,,,,,,,,,,,,,,,,,,,,,,,,,,6.7,6.7,6.7,6.7,1.0,0.0,26.0,1.0,0.0,0.0,0.0,0.0,1.0,0.0,26.0,1.0,6.7,6.7,6.7,6.7,1.0,0.0,26.0,1.0,1016.7,1016.7,1016.7,1016.7,1.0,0.0,26.0,1.0,,,,,,,,,,,,,,,,,,,,,,,,,,,,,,,,,,,,,,,,,,,,,,,,,,,,,,,,,,,,,,,,,,,,,,,,,,,,,,,,,,,,,,,,,,,,,,,,,,,,,,,,,,,,,,,,,,,,,,,,,,,,,,,,,,
1887,9,232.3,-27.4,20.0,21.1,21.7,20.82,17.0,0.83,2.0,0.5,17.8,20.6,22.2,20.25,16.0,2.0,2.0,0.4,11.38,13.83,14.4,13.18,16.0,1.43,2.0,0.4,85.7,89.5,93.1,88.8,16.0,3.9,2.0,0.4,0.7,0.4,3.25,4.65,6.05,4.65,2.0,2.9,2.0,0.5,1.21,2.64,4.07,2.64,2.0,2.97,2.0,0.5,-1.39,1.1,3.58,1.1,2.0,5.15,2.0,0.5,1010.4,1011.5,1012.54,1011.51,17.0,1.03,2.0,0.5,6.0,6.0,8.0,6.6,15.0,1.4,2.0,0.5,85.7,89.5,93.1,88.8,16.0,3.9,2.0,0.4,0.7,0.4,6.2,16.6,26.9,16.6,2.0,21.5,2.0,0.5,-0.5,12.6,25.7,12.6,2.0,27.1,2.0,0.5,-0.6,0.5,2.2,0.51,16.0,1.22,2.0,0.4,1.7,2.7,3.6,2.7,2.0,1.9,2.0,0.5,1.3,1.86,3.15,2.11,16.0,0.78,2.0,0.4,4.9,8.3,11.6,8.3,2.0,6.9,2.0,0.5,24.0,51.5,79.1,51.5,2.0,57.1,2.0,0.5,-29.5,19.8,69.0,19.8,2.0,102.0,2.0,0.5,16.0,33.8,51.5,33.8,2.0,36.8,2.0,0.5,-21.1,11.7,44.5,11.7,2.0,68.0,2.0,0.5,2.1,5.0,8.0,5.0,2.0,6.1,2.0,0.5,-1.3,3.0,7.3,3.0,2.0,8.9,2.0,0.5,62.5,159.0,256.0,159.0,2.0,200.0,2.0,0.5,65.0,160.0,255.0,160.0,2.0,200.0,2.0,0.5
1887,9,232.3,-15.4,,,,,,,,,,,,,,,,,,,,,,,,,,,,,,,,,,,1.57,2.8,4.03,2.8,2.0,2.55,22.0,1.0,-3.72,-2.62,-1.51,-2.62,2.0,2.29,22.0,1.0,0.29,0.9,1.51,0.9,2.0,1.27,22.0,1.0,1020.01,1020.25,1020.49,1020.25,2.0,0.49,22.0,1.0,,,,,,,,,,,,,,,,,,,,,,,,,,,,,,,,,,,,,,,,,,,,,,,,,,,,,,,,,,,,,,,,,,,,,,,,,,,,,,,,,,,,,,,,,,,,,,,,,,,,,,,,,,,,,,,,,,,,,,,,,,,,,,,,,,
1887,9,232.3,-5.4,,,,,,,,,,,,,,,,,,,,,,,,,,,,,,,,,,,6.7,6.7,6.7,6.7,1.0,0.0,16.0,1.0,-4.74,-4.74,-4.74,-4.74,1.0,0.0,16.0,1.0,4.74,4.74,4.74,4.74,1.0,0.0,16.0,1.0,1017.6,1017.6,1017.6,1017.6,1.0,0.0,16.0,1.0,,,,,,,,,,,,,,,,,,,,,,,,,,,,,,,,,,,,,,,,,,,,,,,,,,,,,,,,,,,,,,,,,,,,,,,,,,,,,,,,,,,,,,,,,,,,,,,,,,,,,,,,,,,,,,,,,,,,,,,,,,,,,,,,,,
1887,9,232.3,16.6,,,,,,,,,,,,,,,,,,,,,,,,,,,,,,,,,,,6.7,6.7,6.7,6.7,1.0,0.0,24.0,1.0,-4.74,-4.74,-4.74,-4.74,1.0,0.0,24.0,1.0,-4.74,-4.74,-4.74,-4.74,1.0,0.0,24.0,1.0,1013.3,1013.3,1013.3,1013.3,1.0,0.0,24.0,1.0,,,,,,,,,,,,,,,,,,,,,,,,,,,,,,,,,,,,,,,,,,,,,,,,,,,,,,,,,,,,,,,,,,,,,,,,,,,,,,,,,,,,,,,,,,,,,,,,,,,,,,,,,,,,,,,,,,,,,,,,,,,,,,,,,,
1887,9,232.3,22.6,,,,,,,,,,,,,,,,,,,,,,,,,,,,,,,,,,,,,,,,,,,,,,,,,,,,,,,,,,,,,,,,,,,6.0,7.0,8.0,6.6,15.0,1.9,26.0,0.5,85.7,89.4,90.7,88.4,15.0,2.2,26.0,0.5,0.5,0.6,-33.8,-17.5,-8.3,-22.2,15.0,14.4,26.0,0.5,-79.6,-71.7,-25.3,-56.8,15.0,26.9,26.0,0.5,,,,,,,,,,,,,,,,,,,,,,,,,,,,,,,,,,,,,,,,,,,,,,,,,,,,,,,,,,,,,,,,,,,,,,,,,,,,,,,,,,,,,,,,,,,,,,,,
1887,9,232.3,24.6,,,,,,,,,,,,,,,,,,,,,,,,,,,,,,,,,,,,,,,,,,,,,,,,,,,,,,,,,,,,,,,,,,,6.0,7.0,8.0,7.0,6.0,1.1,26.0,0.0,85.6,85.6,85.6,85.6,1.0,0.0,26.0,0.0,0.0,0.0,-2.8,-0.7,0.5,-1.5,6.0,3.7,26.0,0.0,-14.4,-6.5,-0.8,-10.8,6.0,16.6,26.0,0.0,,,,,,,,,,,,,,,,,,,,,,,,,,,,,,,,,,,,,,,,,,,,,,,,,,,,,,,,,,,,,,,,,,,,,,,,,,,,,,,,,,,,,,,,,,,,,,,,
1887,9,232.3,44.6,14.4,15.3,15.6,15.06,8.0,0.75,10.0,0.6,14.47,15.85,16.1,15.41,8.0,0.88,10.0,0.6,9.4,9.41,9.5,9.45,4.0,0.09,4.0,0.5,83.5,83.5,85.8,84.6,4.0,2.2,4.0,0.5,0.5,0.9,3.87,4.6,15.4,8.52,5.0,6.33,12.0,0.8,-1.58,-0.88,7.64,2.44,5.0,5.71,12.0,0.8,-12.13,-4.52,-3.29,-7.18,5.0,5.14,12.0,0.8,1019.54,1019.9,1020.41,1019.98,4.0,0.56,4.0,0.5,2.3,5.0,6.0,4.5,8.0,2.3,10.0,0.6,83.5,83.5,85.8,84.6,4.0,2.2,4.0,0.5,0.5,0.9,-6.9,-2.6,117.6,47.6,5.0,78.8,12.0,0.8,-186.8,-20.8,-13.4,-86.4,5.0,99.9,12.0,0.8,-0.59,-0.3,0.0,-0.35,8.0,0.4,10.0,0.6,-7.2,-1.5,0.0,-4.0,5.0,7.3,12.0,0.8,1.21,1.42,1.52,1.37,4.0,0.2,4.0,0.5,17.0,17.0,17.0,17.0,1.0,0.0,4.0,1.0,-22.7,-12.6,123.0,40.9,5.0,90.4,12.0,0.8,-195.2,-65.0,-46.8,-111.8,5.0,85.7,12.0,0.8,102.5,102.5,102.5,102.5,1.0,0.0,4.0,1.0,-102.5,-102.5,-102.5,-102.5,1.0,0.0,4.0,1.0,12.0,12.0,12.0,12.0,1.0,0.0,4.0,1.0,-12.0,-12.0,-12.0,-12.0,1.0,0.0,4.0,1.0,68.0,97.5,3652.5,1503.5,5.0,1962.0,12.0,0.8,70.0,95.0,3650.0,1505.0,5.0,1960.0,12.0,0.8
1887,9,234.3,-45.4,,,,,,,,,,,,,,,,,,,,,,,,,,,,,,,,,,,3.25,4.65,6.05,4.65,2.0,2.9,22.0,1.0,-2.04,-0.8,0.44,-0.8,2.0,2.57,22.0,1.0,-4.81,-1.89,1.03,-1.89,2.0,6.05,22.0,1.0,999.1,999.1,999.1,999.1,1.0,0.0,16.0,1.0,,,,,,,,,,,,,,,,,,,,,,,,,,,,,,,,,,,,,,,,,,,,,,,,,,,,,,,,,,,,,,,,,,,,,,,,,,,,,,,,,,,,,,,,,,,,,,,,,,,,,,,,,,,,,,,,,,,,,,,,,,,,,,,,,,
1887,9,234.3,-31.4,15.6,16.1,16.1,15.97,18.0,0.3,6.0,0.5,14.53,15.6,17.8,16.23,15.0,2.16,6.0,0.5,8.71,9.06,9.89,9.27,15.0,0.68,6.0,0.5,75.0,82.8,88.4,81.5,15.0,6.8,6.0,0.5,0.6,0.2,6.7,6.7,8.06,7.35,4.0,1.3,6.0,0.5,-4.43,1.98,5.11,0.41,4.0,6.49,6.0,0.5,2.99,4.56,6.12,4.56,4.0,1.91,6.0,0.5,1014.38,1015.9,1017.23,1015.88,18.0,1.53,6.0,0.5,2.0,5.5,8.0,4.9,16.0,2.7,6.0,0.5,75.0,82.8,88.4,81.5,15.0,6.8,6.0,0.5,0.6,0.2,-41.3,13.3,34.2,-2.8,4.0,53.9,6.0,0.5,24.5,35.3,41.0,32.9,4.0,12.1,6.0,0.5,-1.7,0.5,1.18,-0.33,15.0,2.04,6.0,0.5,-5.2,8.0,9.5,2.3,3.0,11.9,6.0,0.3,1.44,2.01,2.46,1.91,15.0,0.57,6.0,0.5,10.3,13.5,16.6,13.5,3.0,4.7,6.0,0.3,-87.0,2.1,62.1,-12.1,3.0,109.9,6.0,0.3,40.9,54.5,98.7,69.4,3.0,44.3,6.0,0.3,-54.6,1.2,38.6,-7.8,3.0,68.7,6.0,0.3,25.5,34.2,56.7,40.9,3.0,23.5,6.0,0.3,-11.3,0.2,8.6,-1.3,3.0,14.7,6.0,0.3,5.5,7.1,8.2,6.9,3.0,2.0,6.0,0.3,301.0,301.0,564.5,426.5,4.0,252.0,6.0,0.5,300.0,300.0,565.0,425.0,4.0,250.0,6.0,0.5
1887,9,234.3,-29.4,17.92,18.9,18.9,18.61,34.0,0.48,4.0,0.5,16.7,17.5,20.46,18.26,34.0,1.86,4.0,0.5,8.6,8.98,9.97,9.26,34.0,0.73,4.0,0.5,62.6,73.3,79.2,71.7,34.0,8.5,4.0,0.5,0.3,0.6,0.11,1.8,2.6,2.39,8.0,3.0,4.0,0.5,-2.36,-0.66,0.0,-1.61,8.0,3.2,4.0,0.5,0.0,0.47,2.19,0.58,8.0,1.39,4.0,0.5,1012.57,1016.5,1018.43,1015.93,36.0,2.71,4.0,0.5,3.0,6.0,8.0,5.4,31.0,2.1,4.0,0.5,62.6,73.3,79.2,71.7,34.0,8.5,4.0,0.5,0.3,0.6,-6.0,-0.9,0.0,-11.5,8.0,29.8,4.0,0.5,0.0,0.5,5.7,-0.2,8.0,7.1,4.0,0.5,-2.08,1.1,2.2,0.35,34.0,1.91,4.0,0.5,-5.5,0.0,5.2,-4.1,8.0,13.6,4.0,0.5,3.16,4.22,4.63,4.04,34.0,0.68,4.0,0.5,0.5,6.4,12.4,8.4,8.0,9.0,4.0,0.5,-40.0,-12.4,0.0,-33.5,8.0,68.8,4.0,0.5,0.0,8.9,37.7,10.5,8.0,27.9,4.0,0.5,-20.4,-6.0,0.0,-14.9,8.0,30.9,4.0,0.5,0.0,4.2,23.0,5.9,8.0,14.1,4.0,0.5,-11.5,-2.8,0.0,-5.7,8.0,9.8,4.0,0.5,0.0,2.1,7.0,2.3,8.0,4.6,4.0,0.5,0.0,9.5,17.5,107.5,8.0,281.5,4.0,0.5,0.0,10.0,20.0,105.0,8.0,280.0,4.0,0.5
1887,9,234.3,-3.4,,,,,,,,,,,,,,,,,,,,,,,,,,,,,,,,,,,6.7,6.7,6.7,6.7,1.0,0.0,16.0,1.0,-2.51,-2.51,-2.51,-2.51,1.0,0.0,16.0,1.0,6.21,6.21,6.21,6.21,1.0,0.0,16.0,1.0,1016.3,1016.3,1016.3,1016.3,1.0,0.0,16.0,1.0,,,,,,,,,,,,,,,,,,,,,,,,,,,,,,,,,,,,,,,,,,,,,,,,,,,,,,,,,,,,,,,,,,,,,,,,,,,,,,,,,,,,,,,,,,,,,,,,,,,,,,,,,,,,,,,,,,,,,,,,,,,,,,,,,,
1887,9,234.3,14.6,,,,,,,,,,,,,,,,,,,,,,,,,,,,,,,,,,,6.7,6.7,6.7,6.7,1.0,0.0,22.0,1.0,-2.62,-2.62,-2.62,-2.62,1.0,0.0,22.0,1.0,-6.17,-6.17,-6.17,-6.17,1.0,0.0,22.0,1.0,1011.9,1011.9,1011.9,1011.9,1.0,0.0,22.0,1.0,,,,,,,,,,,,,,,,,,,,,,,,,,,,,,,,,,,,,,,,,,,,,,,,,,,,,,,,,,,,,,,,,,,,,,,,,,,,,,,,,,,,,,,,,,,,,,,,,,,,,,,,,,,,,,,,,,,,,,,,,,,,,,,,,,
1887,9,234.3,20.6,21.82,23.05,23.3,22.78,8.0,0.7,24.0,0.3,21.7,22.25,22.8,22.31,8.0,0.67,24.0,0.3,14.23,14.23,14.23,14.23,1.0,0.0,24.0,0.0,82.6,88.2,90.6,87.3,8.0,3.8,24.0,0.3,0.6,0.8,6.7,9.3,9.3,8.33,8.0,1.35,24.0,0.3,-3.75,-3.69,-3.63,-3.87,8.0,0.54,24.0,0.3,-8.56,-8.14,-5.55,-7.33,8.0,1.5,24.0,0.3,1009.7,1009.7,1009.7,1009.7,1.0,0.0,24.0,0.0,7.0,8.0,8.0,7.5,8.0,0.8,24.0,0.3,82.6,88.2,90.6,87.3,8.0,3.8,24.0,0.3,0.6,0.8,-33.8,-33.8,-25.1,-32.4,8.0,7.8,24.0,0.3,-79.6,-75.7,-37.2,-62.7,8.0,21.3,24.0,0.3,0.0,0.5,1.03,0.46,8.0,0.46,24.0,0.3,0.0,4.7,7.1,3.6,8.0,3.2,24.0,0.3,3.66,3.66,3.66,3.66,1.0,0.0,24.0,0.0,34.1,34.1,34.1,34.1,1.0,0.0,24.0,0.0,-84.5,-82.9,-81.3,-86.2,8.0,10.8,24.0,0.3,-195.2,-181.2,-120.5,-164.2,8.0,37.5,24.0,0.3,-51.7,-51.7,-51.7,-51.7,1.0,0.0,24.0,0.0,-121.8,-121.8,-121.8,-121.8,1.0,0.0,24.0,0.0,-13.3,-13.3,-13.3,-13.3,1.0,0.0,24.0,0.0,-31.4,-31.4,-31.4,-31.4,1.0,0.0,24.0,0.0,301.0,804.5,804.5,615.5,8.0,260.5,24.0,0.3,300.0,805.0,805.0,615.0,8.0,260.0,24.0,0.3
1887,9,234.3,22.6,,,,,,,,,,,,,,,,,,,,,,,,,,,,,,,,,,,,,,,,,,,,,,,,,,,,,,,,,,,,,,,,,,,7.0,7.0,7.7,7.3,3.0,0.6,24.0,1.0,86.8,86.8,89.4,88.1,3.0,2.2,24.0,1.0,0.2,0.1,-17.5,-17.5,-16.8,-17.2,3.0,0.6,24.0,1.0,-71.1,-41.3,-41.3,-55.8,3.0,25.2,24.0,1.0,,,,,,,,,,,,,,,,,,,,,,,,,,,,,,,,,,,,,,,,,,,,,,,,,,,,,,,,,,,,,,,,,,,,,,,,,,,,,,,,,,,,,,,,,,,,,,,,
1887,9,234.3,38.6,12.8,13.3,16.23,14.07,10.0,1.63,20.0,0.4,14.4,15.0,15.63,15.1,10.0,0.75,20.0,0.4,8.95,9.37,9.87,9.46,7.0,0.42,24.0,0.4,88.4,89.0,93.7,90.8,7.0,2.7,24.0,0.4,0.7,0.6,6.7,6.7,6.7,6.81,9.0,1.32,22.0,0.4,-1.37,0.0,0.0,-0.21,9.0,1.41,22.0,0.4,-6.7,-6.7,-6.34,-6.65,9.0,1.46,22.0,0.4,1016.99,1017.1,1017.81,1017.3,7.0,0.5,24.0,0.4,6.4,8.0,8.0,7.3,10.0,1.3,20.0,0.4,88.4,89.0,93.7,90.8,7.0,2.7,24.0,0.4,0.7,0.6,-8.6,0.0,0.0,-1.5,9.0,9.6,22.0,0.4,-44.9,-44.9,-42.5,-47.0,9.0,19.9,22.0,0.4,-2.2,-1.35,0.34,-1.03,10.0,1.13,20.0,0.4,-14.7,-10.7,-1.3,-8.3,9.0,6.8,22.0,0.4,-0.75,0.06,0.51,0.01,7.0,0.66,24.0,0.4,-5.0,0.4,3.4,0.1,7.0,4.4,24.0,0.4,-19.7,0.0,0.0,-3.7,9.0,21.7,22.0,0.4,-100.5,-100.5,-91.3,-99.0,9.0,19.1,22.0,0.4,0.0,0.0,1.1,3.2,7.0,8.5,24.0,0.4,-66.1,-62.8,-59.7,-62.8,7.0,4.0,24.0,0.4,0.0,0.0,0.0,0.1,7.0,0.2,24.0,0.4,-3.4,-0.4,5.0,-0.1,7.0,4.4,24.0,0.4,301.0,301.0,301.0,349.5,9.0,232.0,22.0,0.4,300.0,300.0,300.0,350.0,9.0,230.0,22.0,0.4
1887,9,234.3,40.6,10.61,12.2,13.3,12.39,20.0,1.46,24.0,0.6,13.3,13.9,14.4,14.16,20.0,1.03,24.0,0.6,8.32,8.94,9.17,8.9,18.0,0.44,24.0,0.5,88.3,93.7,94.3,91.2,18.0,3.6,24.0,0.5,0.5,0.5,2.6,2.6,4.6,3.38,18.0,1.0,24.0,0.5,-1.56,-0.95,0.29,-0.69,18.0,1.32,24.0,0.5,-4.27,-2.6,-2.32,-3.07,18.0,0.91,24.0,0.5,1016.72,1018.85,1019.23,1018.16,18.0,1.23,24.0,0.5,3.5,8.0,8.0,6.4,12.0,2.4,24.0,0.5,88.3,93.7,94.3,91.2,18.0,3.6,24.0,0.5,0.5,0.5,-5.3,-2.6,0.8,-2.4,18.0,5.7,24.0,0.5,-19.6,-6.8,-6.0,-11.2,18.0,6.5,24.0,0.5,-2.69,-1.7,-1.1,-1.76,20.0,0.8,24.0,0.6,-10.8,-4.4,-2.9,-6.5,18.0,4.4,24.0,0.5,-0.75,-0.41,0.48,-0.22,18.0,0.58,24.0,0.5,-3.4,-1.1,1.5,-0.9,18.0,2.3,24.0,0.5,-21.3,-13.1,3.9,-9.4,18.0,18.2,24.0,0.5,-59.3,-37.4,-31.3,-42.6,18.0,12.7,24.0,0.5,-14.1,-8.1,2.4,-6.2,18.0,11.8,24.0,0.5,-37.0,-24.4,-19.9,-27.2,18.0,7.6,24.0,0.5,-0.5,0.2,1.2,0.3,18.0,1.0,24.0,0.5,-1.5,0.9,3.2,0.7,18.0,2.1,24.0,0.5,17.5,17.5,97.5,48.5,18.0,40.0,24.0,0.5,20.0,20.0,95.0,50.0,18.0,40.0,24.0,0.5
1887,9,234.3,42.6,10.6,12.2,13.3,12.02,14.0,1.12,22.0,0.4,13.9,14.4,15.0,14.56,14.0,0.6,22.0,0.4,9.19,9.71,10.11,9.62,14.0,0.46,22.0,0.4,88.3,93.7,100.0,94.0,14.0,4.7,22.0,0.4,0.6,0.5,2.6,4.6,4.6,4.03,14.0,0.94,22.0,0.4,-1.68,0.97,1.72,0.42,14.0,1.83,22.0,0.4,-4.27,-4.25,-2.41,-3.61,14.0,0.88,22.0,0.4,1016.4,1016.9,1017.8,1017.24,14.0,1.0,22.0,0.4,2.0,2.0,6.9,3.6,14.0,2.5,22.0,0.4,88.3,93.7,100.0,94.0,14.0,4.7,22.0,0.4,0.6,0.5,-7.7,2.5,7.9,1.4,14.0,8.3,22.0,0.4,-19.6,-19.5,-6.3,-15.2,14.0,6.1,22.0,0.4,-3.39,-2.8,-1.13,-2.54,14.0,1.17,22.0,0.4,-15.6,-7.5,-5.1,-10.3,14.0,5.9,22.0,0.4,-1.3,-1.03,-0.46,-0.93,14.0,0.39,22.0,0.4,-5.9,-3.4,-2.1,-3.6,14.0,1.7,22.0,0.4,-24.2,14.6,24.8,6.2,14.0,26.8,22.0,0.4,-63.8,-59.3,-36.2,-52.5,14.0,12.5,22.0,0.4,-17.1,9.9,15.8,3.8,14.0,17.6,22.0,0.4,-41.0,-37.6,-24.4,-34.5,14.0,7.8,22.0,0.4,-2.2,-1.2,0.6,-0.9,14.0,1.3,22.0,0.4,1.8,3.1,5.5,3.3,14.0,1.6,22.0,0.4,17.5,97.5,97.5,74.5,14.0,37.5,22.0,0.4,20.0,95.0,95.0,75.0,14.0,35.0,22.0,0.4
1887,9,234.3,44.6,12.2,12.2,12.8,12.38,10.0,0.29,22.0,0.6,14.4,15.0,15.89,15.22,10.0,0.78,22.0,0.6,9.11,9.6,10.48,9.7,10.0,0.72,22.0,0.6,87.9,89.1,95.0,90.9,10.0,4.9,22.0,0.6,0.6,0.2,1.0,2.6,3.74,2.36,10.0,1.4,22.0,0.6,-1.46,0.37,0.97,-0.07,10.0,1.37,22.0,0.6,-3.45,-1.69,-0.61,-1.89,10.0,1.51,22.0,0.6,1018.43,1019.25,1019.47,1019.04,10.0,0.55,22.0,0.6,2.0,2.0,2.0,1.9,10.0,0.3,22.0,0.6,87.9,89.1,95.0,90.9,10.0,4.9,22.0,0.6,0.6,0.2,-4.0,0.4,2.5,0.0,10.0,4.6,22.0,0.6,-13.8,-4.4,-0.6,-6.3,10.0,7.4,22.0,0.6,-3.69,-2.8,-1.6,-2.84,10.0,1.01,22.0,0.6,-8.2,-5.9,-3.1,-5.9,10.0,2.7,22.0,0.6,-1.73,-0.85,-0.11,-0.84,10.0,0.85,22.0,0.6,-2.6,-1.5,0.2,-1.2,10.0,2.2,22.0,0.6,-21.9,5.7,15.5,-0.9,10.0,20.3,22.0,0.6,-51.5,-25.3,-9.2,-28.3,10.0,22.0,22.0,0.6,-13.1,3.8,10.1,-0.5,10.0,12.9,22.0,0.6,-31.5,-16.4,-5.8,-17.8,10.0,13.3,22.0,0.6,-1.2,-0.5,0.9,-0.2,10.0,1.1,22.0,0.6,-0.4,0.6,2.4,0.9,10.0,2.1,22.0,0.6,1.0,17.5,63.0,27.0,10.0,38.0,22.0,0.6,0.0,20.0,65.0,25.0,10.0,40.0,22.0,0.6
1887,9,234.3,46.6,13.3,13.9,14.9,14.05,21.0,0.7,18.0,0.5,13.3,14.4,15.6,14.35,40.0,1.1,24.0,0.6,9.2,9.6,9.6,9.42,5.0,0.29,4.0,0.8,87.9,88.4,91.2,89.6,5.0,3.0,4.0,0.8,0.4,0.1,2.6,4.6,9.1,4.99,33.0,2.83,24.0,0.5,-1.87,0.0,2.57,0.14,33.0,2.47,24.0,0.5,-6.69,-4.52,1.77,-2.81,33.0,4.41,24.0,0.5,1018.4,1018.4,1018.85,1018.6,5.0,0.31,4.0,0.8,0.0,4.0,8.0,4.0,23.0,3.2,20.0,0.7,87.9,88.4,91.2,89.6,5.0,3.0,4.0,0.8,0.4,0.1,-17.5,0.0,11.8,1.3,33.0,18.4,24.0,0.5,-59.9,-20.8,4.5,-21.7,33.0,35.0,24.0,0.5,-1.6,-0.6,0.5,-0.5,21.0,0.95,18.0,0.5,-8.5,-1.4,0.2,-2.4,18.0,6.3,20.0,0.4,0.05,0.44,0.64,0.37,5.0,0.41,4.0,0.8,0.1,4.1,4.4,2.3,3.0,3.5,4.0,0.7,-30.0,0.0,43.3,1.7,31.0,37.3,24.0,0.5,-98.1,-61.2,29.0,-38.6,31.0,64.3,24.0,0.5,31.6,32.6,33.2,32.4,3.0,1.2,4.0,0.7,-82.1,-80.7,-78.2,-80.2,3.0,2.9,4.0,0.7,0.0,1.5,1.6,0.9,3.0,1.3,4.0,0.7,-4.0,-3.8,-0.1,-2.1,3.0,3.2,4.0,0.7,17.5,97.5,765.0,244.5,33.0,308.0,24.0,0.5,20.0,95.0,765.0,245.0,33.0,310.0,24.0,0.5
1887,9,236.3,-33.4,14.85,15.0,15.6,15.1,12.0,0.43,8.0,0.5,12.8,14.4,17.11,14.9,12.0,1.99,8.0,0.5,7.98,8.41,9.78,8.64,12.0,0.78,8.0,0.5,76.9,83.2,88.2,82.7,12.0,4.5,8.0,0.5,0.7,0.4,1.43,4.6,6.7,4.29,9.0,2.52,8.0,0.4,1.01,3.55,5.49,3.46,9.0,2.24,8.0,0.4,-3.84,0.45,0.93,-1.16,9.0,2.65,8.0,0.4,1017.8,1018.85,1019.68,1018.77,12.0,0.89,8.0,0.5,6.0,7.0,8.0,7.0,6.0,0.9,8.0,0.3,76.9,83.2,88.2,82.7,12.0,4.5,8.0,0.5,0.7,0.4,2.0,20.8,36.8,19.5,9.0,16.9,8.0,0.4,-25.7,0.8,2.9,-9.9,9.0,15.9,8.0,0.4,-1.51,0.0,2.2,0.2,12.0,1.73,8.0,0.5,-3.7,0.0,2.0,-0.7,9.0,3.2,8.0,0.4,1.14,1.99,2.49,1.95,12.0,0.57,8.0,0.5,2.6,5.5,12.5,7.8,9.0,5.1,8.0,0.4,13.9,53.3,79.0,53.1,9.0,34.2,8.0,0.4,-55.3,8.3,13.1,-17.2,9.0,39.0,8.0,0.4,8.4,30.9,45.7,30.4,9.0,19.6,8.0,0.4,-31.8,4.4,7.8,-9.7,9.0,22.5,8.0,0.4,1.8,5.2,11.5,6.2,9.0,4.4,8.0,0.4,-8.2,0.5,2.3,-2.2,9.0,5.1,8.0,0.4,5.5,97.5,301.0,148.5,9.0,147.0,8.0,0.4,5.0,95.0,300.0,150.0,9.0,145.0,8.0,0.4
1887,9,236.3,-31.4,,,,,,,,,,,,,,,,,,,,,,,,,,,,,,,,,,,6.7,6.7,6.7,6.7,2.0,0.0,6.0,0.5,1.6,2.06,2.51,2.06,2.0,0.94,6.0,0.5,6.19,6.34,6.48,6.34,2.0,0.31,6.0,0.5,1017.54,1018.5,1019.42,1018.47,6.0,0.95,6.0,0.5,5.3,6.0,6.7,6.0,3.0,1.0,6.0,0.3,77.7,77.8,77.9,77.8,2.0,0.3,6.0,1.0,0.1,0.1,10.7,13.8,16.8,13.8,2.0,6.3,6.0,0.5,41.5,42.5,43.4,42.5,2.0,2.1,6.0,0.5,,,,,,,,,,,,,,,,,,,,,,,,,,,,,,,,,42.5,42.5,42.5,42.5,1.0,0.0,6.0,1.0,95.5,95.5,95.5,95.5,1.0,0.0,6.0,1.0,23.1,23.1,23.1,23.1,1.0,0.0,6.0,1.0,51.9,51.9,51.9,51.9,1.0,0.0,6.0,1.0,,,,,,,,,,,,,,,,,,,,,,,,,,,,,,,,
1887,9,236.3,-9.4,23.9,24.4,25.0,24.51,7.0,0.5,30.0,0.6,24.4,25.0,26.8,25.45,6.0,1.2,30.0,0.5,17.94,18.01,18.25,18.05,6.0,0.18,30.0,0.5,81.9,91.4,95.9,89.4,6.0,6.9,30.0,0.5,0.4,0.7,9.18,9.3,9.3,8.93,7.0,0.98,30.0,0.6,-8.56,-8.56,-8.45,-8.22,7.0,0.9,30.0,0.6,3.59,3.63,3.63,3.49,7.0,0.38,30.0,0.6,1014.57,1015.9,1016.93,1015.81,7.0,1.32,30.0,0.6,1.0,1.0,2.0,1.6,7.0,0.8,30.0,0.6,81.9,91.4,95.9,89.4,6.0,6.9,30.0,0.5,0.4,0.7,-79.6,-79.6,-77.8,-74.1,7.0,14.5,30.0,0.6,33.0,33.8,33.8,31.5,7.0,6.1,30.0,0.6,-1.8,-0.6,-0.5,-1.02,6.0,0.74,30.0,0.5,-13.3,-5.6,-4.6,-8.7,6.0,6.3,30.0,0.5,0.22,1.01,1.76,1.02,6.0,0.72,30.0,0.5,2.1,9.4,12.8,8.7,6.0,6.0,30.0,0.5,-217.9,-211.4,-199.8,-207.2,6.0,22.7,30.0,0.5,84.8,89.8,92.5,88.0,6.0,9.6,30.0,0.5,-156.2,-154.2,-143.6,-147.3,6.0,17.9,30.0,0.5,61.0,65.4,66.3,62.5,6.0,7.6,30.0,0.5,-11.8,-8.7,-1.9,-8.1,6.0,5.6,30.0,0.5,0.8,3.7,5.0,3.4,6.0,2.4,30.0,0.5,780.5,804.5,804.5,732.5,7.0,190.5,30.0,0.6,780.0,805.0,805.0,730.0,7.0,190.0,30.0,0.6
1887,9,236.3,-7.4,24.4,24.4,25.0,24.63,8.0,0.31,30.0,0.6,23.9,24.4,24.56,24.74,7.0,1.37,30.0,0.6,17.37,17.37,18.15,17.79,5.0,0.95,30.0,0.4,88.6,91.4,91.4,89.8,5.0,3.4,30.0,0.4,0.6,0.6,9.3,9.3,9.3,9.3,8.0,0.0,30.0,0.6,-9.07,-8.14,-7.71,-8.28,8.0,0.64,30.0,0.6,1.98,4.42,5.2,3.95,8.0,1.51,30.0,0.6,1014.6,1015.05,1015.56,1014.95,8.0,0.58,30.0,0.6,2.0,2.5,5.7,3.4,8.0,2.0,30.0,0.6,88.6,91.4,91.4,89.8,5.0,3.4,30.0,0.4,0.6,0.6,-84.3,-75.7,-71.7,-77.0,8.0,6.0,30.0,0.6,18.4,41.1,48.4,36.8,8.0,14.0,30.0,0.6,-0.16,0.0,1.1,-0.17,7.0,1.52,30.0,0.6,-1.5,0.0,10.2,-1.6,7.0,14.1,30.0,0.6,0.89,1.66,1.66,1.24,5.0,0.95,30.0,0.4,8.2,15.5,15.5,11.5,5.0,8.9,30.0,0.4,-207.0,-188.1,-188.1,-202.2,7.0,24.0,30.0,0.6,85.1,126.9,126.9,104.4,7.0,30.7,30.0,0.6,-150.0,-133.9,-133.9,-142.7,5.0,19.7,30.0,0.4,70.0,90.3,90.3,79.2,5.0,24.9,30.0,0.4,-12.8,-12.8,-6.6,-9.4,5.0,7.6,30.0,0.4,5.2,8.6,8.7,6.8,5.0,4.2,30.0,0.4,804.5,804.5,804.5,804.5,8.0,0.0,30.0,0.6,805.0,805.0,805.0,805.0,8.0,0.0,30.0,0.6
1887,9,236.3,-5.4,23.9,23.9,23.9,23.83,8.0,0.21,30.0,0.3,23.9,24.4,24.93,24.36,8.0,0.46,30.0,0.3,16.32,16.55,17.06,16.63,5.0,0.46,30.0,0.4,86.5,86.5,87.0,86.7,5.0,0.3,30.0,0.4,0.7,0.7,9.3,9.3,9.3,9.3,3.0,0.0,30.0,0.3,-9.13,-9.13,-8.74,-8.94,3.0,0.33,30.0,0.3,1.77,1.77,3.04,2.39,3.0,1.07,30.0,0.3,1013.93,1014.2,1014.6,1014.19,8.0,0.47,30.0,0.3,2.0,2.5,5.9,3.5,8.0,1.9,30.0,0.3,86.5,86.5,87.0,86.7,5.0,0.3,30.0,0.4,0.7,0.7,-84.9,-84.9,-81.3,-83.1,3.0,3.1,30.0,0.3,16.5,16.5,28.3,22.3,3.0,10.0,30.0,0.3,-1.04,-0.5,-0.06,-0.54,8.0,0.42,30.0,0.3,-7.0,0.0,0.0,-3.4,3.0,5.9,30.0,0.3,1.41,1.87,1.93,1.71,5.0,0.27,30.0,0.4,13.1,13.1,13.1,13.1,1.0,0.0,30.0,1.0,-218.2,-218.2,-215.3,-216.8,3.0,2.4,30.0,0.3,42.4,42.4,75.5,58.6,3.0,28.0,30.0,0.3,-146.1,-146.1,-146.1,-146.1,1.0,0.0,30.0,1.0,62.0,62.0,62.0,62.0,1.0,0.0,30.0,1.0,-12.1,-12.1,-12.1,-12.1,1.0,0.0,30.0,1.0,5.1,5.1,5.1,5.1,1.0,0.0,30.0,1.0,804.5,804.5,804.5,804.5,3.0,0.0,30.0,0.3,805.0,805.0,805.0,805.0,3.0,0.0,30.0,0.3
1887,9,236.3,-3.4,22.8,23.3,24.03,23.51,12.0,0.58,28.0,0.5,23.56,24.15,25.34,24.39,10.0,0.87,28.0,0.4,16.77,16.91,17.65,17.05,8.0,0.45,28.0,0.5,86.5,86.8,90.8,88.2,8.0,2.1,28.0,0.5,0.8,0.5,6.7,8.0,9.3,8.0,4.0,1.5,28.0,0.8,-8.56,-6.15,-3.75,-6.15,4.0,2.78,28.0,0.8,3.63,4.59,5.55,4.59,4.0,1.11,28.0,0.8,1013.12,1013.9,1014.9,1013.89,12.0,0.78,28.0,0.5,2.0,3.5,5.3,3.7,12.0,1.9,28.0,0.5,86.5,86.8,90.8,88.2,8.0,2.1,28.0,0.5,0.8,0.5,-79.6,-52.4,-25.1,-52.4,4.0,31.5,28.0,0.8,33.8,35.5,37.2,35.5,4.0,2.0,28.0,0.8,-1.2,-1.1,-0.54,-0.96,10.0,0.39,28.0,0.4,-11.3,-11.2,-9.2,-10.3,4.0,1.9,28.0,0.8,0.78,1.16,1.34,1.09,8.0,0.32,28.0,0.5,7.1,11.0,12.5,9.9,4.0,3.5,28.0,0.8,-219.2,-156.4,-93.7,-156.4,4.0,72.5,28.0,0.8,93.0,115.9,138.9,115.9,4.0,26.5,28.0,0.8,-151.8,-107.8,-63.9,-107.8,4.0,50.7,28.0,0.8,64.4,79.6,94.7,79.6,4.0,17.5,28.0,0.8,-11.5,-8.4,-4.0,-7.8,4.0,4.4,28.0,0.8,4.5,4.9,6.4,5.4,4.0,1.6,28.0,0.8,301.0,552.5,804.5,552.5,4.0,291.0,28.0,0.8,300.0,555.0,805.0,555.0,4.0,290.0,28.0,0.8
1887,9,236.3,-1.4,,,,,,,,,,,,,,,,,,,,,,,,,,,,,,,,,,,9.3,9.3,9.3,9.3,2.0,0.0,28.0,1.0,-6.58,-6.58,-6.58,-6.58,2.0,0.0,28.0,1.0,6.58,6.58,6.58,6.58,2.0,0.0,28.0,1.0,1012.09,1012.5,1013.66,1012.87,3.0,1.19,28.0,1.0,,,,,,,,,,,,,,,,,,,,,,,,,,,,,,,,,,,,,,,,,,,,,,,,,,,,,,,,,,,,,,,,,,,,,,,,,,,,,,,,,,,,,,,,,,,,,,,,,,,,,,,,,,,,,,,,,,,,,,,,,,,,,,,,,,
1887,9,236.3,0.6,,,,,,,,,,,,,,,,,,,,,,,,,,,,,,,,,,,4.6,4.6,4.6,4.6,1.0,0.0,14.0,1.0,-3.25,-3.25,-3.25,-3.25,1.0,0.0,14.0,1.0,3.25,3.25,3.25,3.25,1.0,0.0,14.0,1.0,1015.7,1015.7,1015.7,1015.7,1.0,0.0,14.0,1.0,,,,,,,,,,,,,,,,,,,,,,,,,,,,,,,,,,,,,,,,,,,,,,,,,,,,,,,,,,,,,,,,,,,,,,,,,,,,,,,,,,,,,,,,,,,,,,,,,,,,,,,,,,,,,,,,,,,,,,,,,,,,,,,,,,
1887,9,236.3,4.6,,,,,,,,,,,,,,,,,,,,,,,,,,,,,,,,,,,6.7,6.7,6.7,6.7,1.0,0.0,18.0,1.0,-4.74,-4.74,-4.74,-4.74,1.0,0.0,18.0,1.0,4.74,4.74,4.74,4.74,1.0,0.0,18.0,1.0,1012.8,1012.8,1012.8,1012.8,1.0,0.0,18.0,1.0,,,,,,,,,,,,,,,,,,,,,,,,,,,,,,,,,,,,,,,,,,,,,,,,,,,,,,,,,,,,,,,,,,,,,,,,,,,,,,,,,,,,,,,,,,,,,,,,,,,,,,,,,,,,,,,,,,,,,,,,,,,,,,,,,,
1887,9,236.3,6.6,,,,,,,,,,,,,,,,,,,,,,,,,,,,,,,,,,,9.18,9.3,9.3,8.93,7.0,0.98,26.0,0.6,-2.41,-2.41,-2.29,-2.06,7.0,0.91,26.0,0.6,8.87,8.98,8.98,8.66,7.0,0.86,26.0,0.6,1007.79,1008.65,1009.47,1008.94,10.0,1.62,26.0,0.6,,,,,,,,,,,,,,,,,,,,,,,,,,,,,,,,,,,,,,,,,,,,,,,,,,,,,,,,,,,,,,,,,,,,,,,,,,,,,,,,,,,,,,,,,,,,,,,,,,,,,,,,,,,,,,,,,,,,,,,,,,,,,,,,,,
1887,9,236.3,8.6,,,,,,,,,,,,,,,,,,,,,,,,,,,,,,,,,,,2.6,4.6,6.32,4.74,5.0,2.74,28.0,1.0,2.59,3.98,5.59,4.22,5.0,1.95,28.0,1.0,-1.04,0.18,2.29,0.72,5.0,2.99,28.0,1.0,1007.28,1008.8,1009.58,1008.54,8.0,1.16,28.0,0.5,,,,,,,,,,,,,,,,,,,,,,,,,,,,,,,,,,,,,,,,,,,,,,,,,,,,,,,,,,,,,,,,,,,,,,,,,,,,,,,,,,,,,,,,,,,,,,,,,,,,,,,,,,,,,,,,,,,,,,,,,,,,,,,,,,
1887,9,236.3,10.6,26.7,26.7,27.8,27.08,10.0,0.63,28.0,0.4,25.6,26.1,26.1,25.96,10.0,0.36,28.0,0.4,18.59,19.39,20.93,19.54,9.0,1.11,28.0,0.4,90.3,91.5,96.4,92.7,10.0,3.9,28.0,0.4,0.6,0.5,6.7,6.7,6.7,6.7,1.0,0.0,28.0,1.0,6.68,6.68,6.68,6.68,1.0,0.0,28.0,1.0,0.47,0.47,0.47,0.47,1.0,0.0,28.0,1.0,1006.55,1007.4,1008.4,1007.62,9.0,1.07,28.0,0.4,6.0,6.0,7.0,6.5,10.0,0.7,28.0,0.4,90.3,91.5,96.4,92.7,10.0,3.9,28.0,0.4,0.6,0.5,44.8,44.8,44.8,44.8,1.0,0.0,28.0,1.0,3.1,3.1,3.1,3.1,1.0,0.0,28.0,1.0,0.6,1.1,1.44,1.12,10.0,0.66,28.0,0.4,18.1,18.1,18.1,18.1,1.0,0.0,28.0,1.0,1.27,3.42,3.92,3.06,9.0,1.53,28.0,0.4,37.7,37.7,37.7,37.7,1.0,0.0,28.0,1.0,171.1,171.1,171.1,171.1,1.0,0.0,28.0,1.0,12.0,12.0,12.0,12.0,1.0,0.0,28.0,1.0,124.5,124.5,124.5,124.5,1.0,0.0,28.0,1.0,8.7,8.7,8.7,8.7,1.0,0.0,28.0,1.0,37.6,37.6,37.6,37.6,1.0,0.0,28.0,1.0,2.6,2.6,2.6,2.6,1.0,0.0,28.0,1.0,301.0,301.0,301.0,301.0,1.0,0.0,28.0,1.0,300.0,300.0,300.0,300.0,1.0,0.0,28.0,1.0
1887,9,236.3,12.6,27.8,27.8,27.8,27.84,15.0,0.32,28.0,0.6,24.4,25.0,27.8,25.99,15.0,1.64,28.0,0.6,20.71,21.46,21.62,21.02,6.0,1.43,30.0,0.8,90.8,91.6,91.6,91.0,6.0,1.3,30.0,0.8,0.3,0.8,4.6,6.7,6.7,6.0,9.0,1.05,28.0,0.8,4.35,6.63,6.67,5.87,9.0,1.17,28.0,0.8,-1.35,-0.93,0.47,-0.45,9.0,1.09,28.0,0.8,1007.44,1008.4,1009.41,1008.5,13.0,1.48,28.0,0.5,4.0,5.0,6.0,5.3,15.0,1.5,28.0,0.6,90.8,91.6,91.6,91.0,6.0,1.3,30.0,0.8,0.3,0.8,20.0,44.5,44.7,36.3,9.0,12.3,28.0,0.8,-6.7,-6.2,3.1,-2.7,9.0,5.8,28.0,0.8,0.0,2.8,3.4,1.85,15.0,1.61,28.0,0.6,-1.7,0.5,17.7,6.6,9.0,9.7,28.0,0.8,1.87,2.07,3.95,2.74,6.0,1.48,30.0,0.8,8.5,13.4,17.3,13.4,5.0,6.7,30.0,1.0,123.1,167.1,184.4,157.3,9.0,28.6,28.0,0.8,-37.9,-25.9,11.6,-12.9,9.0,29.9,28.0,0.8,95.1,142.4,142.5,123.3,5.0,26.2,30.0,1.0,-32.4,-20.0,-20.0,-25.0,5.0,6.9,30.0,1.0,8.1,13.3,17.1,13.1,5.0,6.7,30.0,1.0,-3.3,-2.0,-1.9,-2.5,5.0,0.7,30.0,1.0,97.5,301.0,301.0,233.0,9.0,101.5,28.0,0.8,95.0,300.0,300.0,235.0,9.0,100.0,28.0,0.8
1887,9,236.3,14.6,26.7,27.2,27.8,27.14,11.0,0.48,30.0,0.5,26.1,26.1,26.91,26.46,11.0,0.45,30.0,0.5,19.35,19.39,20.11,19.64,11.0,0.48,30.0,0.5,89.9,91.5,91.5,90.8,11.0,1.6,30.0,0.5,0.3,0.1,0.0,1.8,3.74,2.01,10.0,2.28,28.0,0.5,0.0,0.0,2.54,1.13,10.0,1.68,28.0,0.5,-1.22,0.0,0.08,-0.9,10.0,2.14,28.0,0.5,1008.5,1009.9,1010.42,1009.6,11.0,1.06,30.0,0.5,0.4,2.0,3.0,2.1,16.0,1.4,24.0,0.4,89.9,91.5,91.5,90.8,11.0,1.6,30.0,0.5,0.3,0.1,0.0,0.0,6.6,3.9,10.0,6.5,28.0,0.5,-4.9,0.0,0.2,-5.5,10.0,14.0,28.0,0.5,0.56,0.6,0.81,0.67,11.0,0.21,30.0,0.5,0.0,0.6,2.1,1.0,9.0,1.1,30.0,0.6,2.59,2.61,3.42,2.92,11.0,0.58,30.0,0.5,0.0,2.8,8.0,4.1,9.0,4.5,30.0,0.6,0.0,0.0,67.2,33.0,9.0,46.0,30.0,0.6,-22.5,0.0,2.6,-6.6,9.0,18.3,30.0,0.6,0.0,0.0,50.1,24.7,9.0,34.6,30.0,0.6,-16.8,0.0,1.9,-4.9,9.0,13.8,30.0,0.6,0.0,0.0,7.7,3.4,9.0,4.7,30.0,0.6,-2.6,0.0,0.3,-0.7,9.0,1.9,30.0,0.6,0.0,9.5,63.0,45.0,10.0,94.5,28.0,0.5,0.0,10.0,65.0,45.0,10.0,95.0,28.0,0.5
1887,9,236.3,20.6,23.37,23.9,24.34,23.88,8.0,0.42,24.0,0.6,23.3,23.6,24.4,23.86,8.0,0.67,24.0,0.6,15.59,15.68,15.78,15.68,2.0,0.2,24.0,1.0,82.2,82.9,86.9,83.7,8.0,3.0,24.0,0.6,0.4,0.4,9.3,9.3,9.3,9.3,8.0,0.0,24.0,0.6,-3.63,-3.63,-1.77,-3.13,8.0,1.24,24.0,0.6,-9.13,-8.56,-8.56,-8.67,8.0,0.48,24.0,0.6,1009.05,1009.15,1009.25,1009.15,2.0,0.21,24.0,1.0,6.0,6.5,8.0,6.9,8.0,1.0,24.0,0.6,82.2,82.9,86.9,83.7,8.0,3.0,24.0,0.6,0.4,0.4,-33.8,-33.8,-16.5,-29.1,8.0,11.6,24.0,0.6,-84.9,-79.6,-79.6,-80.6,8.0,4.4,24.0,0.6,-0.59,0.0,0.6,0.01,8.0,0.73,24.0,0.6,-5.5,0.0,5.6,0.1,8.0,6.8,24.0,0.6,2.79,2.89,2.99,2.89,2.0,0.21,24.0,1.0,25.9,26.8,27.8,26.8,2.0,1.9,24.0,1.0,-88.5,-84.7,-41.6,-75.1,8.0,31.2,24.0,0.6,-212.7,-206.7,-199.5,-206.7,8.0,9.5,24.0,0.6,-77.1,-69.2,-61.2,-69.2,2.0,16.5,24.0,1.0,-133.0,-127.7,-122.3,-127.7,2.0,11.1,24.0,1.0,-14.9,-12.9,-10.9,-12.9,2.0,4.1,24.0,1.0,-23.4,-23.4,-23.4,-23.4,2.0,0.1,24.0,1.0,804.5,804.5,804.5,804.5,8.0,0.0,24.0,0.6,805.0,805.0,805.0,805.0,8.0,0.0,24.0,0.6
1887,9,236.3,34.6,14.4,14.4,15.0,14.62,22.0,0.3,28.0,0.5,15.0,15.6,15.6,15.36,21.0,0.53,28.0,0.6,9.89,10.28,10.29,10.19,21.0,0.33,28.0,0.6,93.7,93.8,95.0,94.3,21.0,1.4,28.0,0.6,0.7,0.8,1.0,1.0,2.07,1.43,22.0,1.39,28.0,0.5,-0.13,0.19,0.83,0.3,22.0,1.27,28.0,0.5,-0.56,0.81,0.98,0.5,22.0,1.45,28.0,0.5,1014.4,1014.85,1015.7,1015.1,22.0,0.87,28.0,0.5,8.0,8.0,8.0,7.8,22.0,0.9,28.0,0.5,93.7,93.8,95.0,94.3,21.0,1.4,28.0,0.6,0.7,0.8,-0.1,0.2,0.8,0.2,22.0,5.4,28.0,0.5,-0.6,0.8,1.0,1.2,22.0,6.0,28.0,0.5,-1.2,-0.6,0.0,-0.73,21.0,0.58,28.0,0.6,-1.2,-0.6,0.0,-0.9,21.0,1.6,28.0,0.6,-0.13,0.26,0.52,0.11,21.0,0.38,28.0,0.6,-0.1,0.3,0.5,0.2,21.0,0.5,28.0,0.6,-2.3,3.0,12.8,1.9,21.0,15.7,28.0,0.6,-8.4,14.1,15.3,10.0,21.0,20.2,28.0,0.6,-1.5,2.0,8.5,1.3,21.0,10.4,28.0,0.6,-5.5,9.5,10.1,6.6,21.0,13.4,28.0,0.6,0.0,0.0,0.3,0.2,21.0,0.3,28.0,0.6,-0.5,-0.1,0.2,-0.1,21.0,0.4,28.0,0.6,1.0,1.0,12.0,15.0,22.0,34.0,28.0,0.5,0.0,0.0,10.0,15.0,22.0,35.0,28.0,0.5
1887,9,236.3,36.6,11.7,12.2,14.12,12.83,36.0,1.12,16.0,0.5,11.46,12.2,15.0,13.07,30.0,1.63,16.0,0.6,9.17,9.92,10.33,9.83,13.0,0.54,26.0,0.6,93.2,93.7,95.4,94.1,13.0,3.4,26.0,0.6,0.5,0.4,2.6,4.6,6.7,4.99,36.0,2.42,16.0,0.5,0.0,1.72,2.51,0.96,36.0,1.77,16.0,0.5,-6.21,-4.27,-1.72,-4.42,36.0,2.7,16.0,0.5,1012.67,1014.5,1018.66,1015.31,19.0,2.61,20.0,0.5,2.0,7.0,8.0,5.8,22.0,2.4,18.0,0.5,93.2,93.7,95.4,94.1,13.0,3.4,26.0,0.6,0.5,0.4,0.0,6.4,16.8,5.2,36.0,9.6,16.0,0.5,-41.6,-19.6,-4.8,-28.2,36.0,26.0,16.0,0.5,-0.6,0.0,1.1,0.06,30.0,0.81,16.0,0.6,-3.6,0.0,7.4,0.9,30.0,5.2,16.0,0.6,-0.16,0.19,0.32,0.13,13.0,0.4,26.0,0.6,-0.7,0.9,2.0,0.9,13.0,2.4,26.0,0.6,0.0,21.0,33.2,11.9,30.0,27.4,16.0,0.6,-89.5,-66.5,-45.2,-65.5,30.0,26.0,16.0,0.6,-21.4,16.6,22.6,1.3,13.0,25.1,26.0,0.6,-55.9,-44.8,-38.9,-43.9,13.0,13.2,26.0,0.6,0.0,0.6,0.9,0.6,13.0,0.8,26.0,0.6,-1.9,-0.8,0.4,-0.9,13.0,2.2,26.0,0.6,17.5,97.5,301.0,210.5,36.0,250.0,16.0,0.5,20.0,95.0,300.0,210.0,36.0,250.0,16.0,0.5
1887,9,236.3,38.6,12.88,13.05,13.22,13.05,2.0,0.35,26.0,0.0,13.98,14.15,14.32,14.15,2.0,0.35,26.0,0.0,8.99,9.08,9.16,9.08,2.0,0.17,26.0,0.0,89.2,91.0,92.8,91.0,2.0,3.8,26.0,0.0,0.1,0.1,6.7,6.7,6.7,6.7,2.0,0.0,26.0,0.0,2.51,2.51,2.51,2.51,2.0,0.0,26.0,0.0,-6.21,-6.21,-6.21,-6.21,2.0,0.0,26.0,0.0,1016.0,1016.0,1016.0,1016.0,2.0,0.0,26.0,0.0,3.0,3.0,3.0,3.0,2.0,0.0,26.0,0.0,89.2,91.0,92.8,91.0,2.0,3.8,26.0,0.0,0.1,0.1,16.8,16.8,16.8,16.8,2.0,0.0,26.0,0.0,-41.6,-41.6,-41.6,-41.6,2.0,0.0,26.0,0.0,-1.44,-1.1,-0.76,-1.1,2.0,0.71,26.0,0.0,-9.7,-7.4,-5.1,-7.4,2.0,4.7,26.0,0.0,0.19,0.21,0.23,0.21,2.0,0.05,26.0,0.0,1.3,1.4,1.6,1.4,2.0,0.3,26.0,0.0,35.1,35.5,35.9,35.5,2.0,0.9,26.0,0.0,-89.0,-87.9,-86.8,-87.9,2.0,2.2,26.0,0.0,22.6,22.8,23.0,22.8,2.0,0.4,26.0,0.0,-56.9,-56.4,-55.9,-56.4,2.0,1.1,26.0,0.0,0.5,0.5,0.6,0.5,2.0,0.1,26.0,0.0,-1.5,-1.3,-1.2,-1.3,2.0,0.3,26.0,0.0,301.0,301.0,301.0,301.0,2.0,0.0,26.0,0.0,300.0,300.0,300.0,300.0,2.0,0.0,26.0,0.0
1887,9,238.3,-37.4,,,,,,,,,,,,,,,,,,,,,,,,,,,,,,,,,,,5.35,6.95,8.55,6.95,2.0,3.32,10.0,0.5,5.29,6.88,8.47,6.88,2.0,3.29,10.0,0.5,0.74,0.97,1.19,0.97,2.0,0.46,10.0,0.5,1014.72,1016.15,1017.45,1016.04,12.0,1.28,10.0,0.4,,,,,,,,,,,,,,,,,,,,,,,,,,,,,,,,,,,,,,,,,,,,,,,,,,,,,,,,,,,,,,,,,,,,,,,,,,,,,,,,,,,,,,,,,,,,,,,,,,,,,,,,,,,,,,,,,,,,,,,,,,,,,,,,,,
1887,9,238.3,-35.4,13.3,14.4,14.55,14.14,12.0,0.68,8.0,0.4,12.2,14.4,15.73,14.3,12.0,1.58,8.0,0.4,7.71,8.45,9.6,8.63,12.0,1.02,8.0,0.4,81.8,83.3,89.0,85.1,12.0,4.4,8.0,0.4,0.1,0.3,7.94,10.8,13.92,10.93,4.0,3.76,8.0,0.3,7.21,10.37,12.03,9.66,4.0,3.14,8.0,0.3,-6.62,-1.24,2.9,-1.83,4.0,5.88,8.0,0.3,1011.25,1013.25,1014.23,1013.0,12.0,1.87,8.0,0.4,2.0,5.0,8.0,4.6,11.0,2.9,8.0,0.5,81.8,83.3,89.0,85.1,12.0,4.4,8.0,0.4,0.1,0.3,59.7,113.8,168.2,113.9,4.0,67.6,8.0,0.3,-85.6,-6.4,33.6,-25.1,4.0,82.6,8.0,0.3,-1.33,0.0,1.1,-0.16,12.0,1.0,8.0,0.4,-9.7,0.0,5.4,-2.1,4.0,12.0,8.0,0.3,0.89,1.71,1.76,1.38,12.0,0.72,8.0,0.4,4.4,13.9,19.2,11.9,4.0,10.2,8.0,0.3,94.2,136.4,178.3,136.3,4.0,51.5,8.0,0.3,-101.0,-19.5,39.1,-30.4,4.0,87.9,8.0,0.3,57.6,82.1,112.0,84.7,4.0,35.3,8.0,0.3,-64.8,-11.0,23.2,-20.4,4.0,56.2,8.0,0.3,3.5,12.7,18.4,11.1,4.0,9.7,8.0,0.3,-2.9,1.9,5.1,1.1,4.0,5.9,8.0,0.3,540.5,1332.5,2799.5,1654.5,4.0,1482.0,8.0,0.3,540.0,1335.0,2800.0,1655.0,4.0,1480.0,8.0,0.3
1887,9,238.3,-1.4,,,,,,,,,,,,,,,,,,,,,,,,,,,,,,,,,,,6.7,6.7,6.7,6.7,1.0,0.0,16.0,1.0,-6.17,-6.17,-6.17,-6.17,1.0,0.0,16.0,1.0,2.62,2.62,2.62,2.62,1.0,0.0,16.0,1.0,1012.93,1013.2,1013.86,1013.29,8.0,0.61,26.0,0.4,,,,,,,,,,,,,,,,,,,,,,,,,,,,,,,,,,,,,,,,,,,,,,,,,,,,,,,,,,,,,,,,,,,,,,,,,,,,,,,,,,,,,,,,,,,,,,,,,,,,,,,,,,,,,,,,,,,,,,,,,,,,,,,,,,
1887,9,238.3,0.6,,,,,,,,,,,,,,,,,,,,,,,,,,,,,,,,,,,9.3,9.3,9.3,9.3,7.0,0.0,24.0,0.9,-5.2,-5.2,-4.32,-4.72,7.0,0.67,24.0,0.9,7.71,7.71,8.23,7.98,7.0,0.37,24.0,0.9,1008.03,1011.3,1013.84,1011.31,14.0,2.61,24.0,0.7,,,,,,,,,,,,,,,,,,,,,,,,,,,,,,,,,,,,,,,,,,,,,,,,,,,,,,,,,,,,,,,,,,,,,,,,,,,,,,,,,,,,,,,,,,,,,,,,,,,,,,,,,,,,,,,,,,,,,,,,,,,,,,,,,,
1887,9,238.3,2.6,,,,,,,,,,,,,,,,,,,,,,,,,,,,,,,,,,,6.7,6.7,6.7,6.7,2.0,0.0,22.0,0.5,-6.69,-6.68,-6.66,-6.68,2.0,0.04,22.0,0.5,0.13,0.41,0.69,0.41,2.0,0.58,22.0,0.5,1009.39,1010.55,1011.51,1010.48,10.0,1.44,24.0,0.4,,,,,,,,,,,,,,,,,,,,,,,,,,,,,,,,,,,,,,,,,,,,,,,,,,,,,,,,,,,,,,,,,,,,,,,,,,,,,,,,,,,,,,,,,,,,,,,,,,,,,,,,,,,,,,,,,,,,,,,,,,,,,,,,,,
1887,9,238.3,4.6,,,,,,,,,,,,,,,,,,,,,,,,,,,,,,,,,,,9.3,9.3,9.3,9.3,3.0,0.0,26.0,0.0,-5.73,-5.73,-5.73,-5.73,3.0,0.0,26.0,0.0,7.33,7.33,7.33,7.33,3.0,0.0,26.0,0.0,1008.74,1009.8,1010.46,1009.63,8.0,1.07,26.0,0.6,,,,,,,,,,,,,,,,,,,,,,,,,,,,,,,,,,,,,,,,,,,,,,,,,,,,,,,,,,,,,,,,,,,,,,,,,,,,,,,,,,,,,,,,,,,,,,,,,,,,,,,,,,,,,,,,,,,,,,,,,,,,,,,,,,
1887,9,238.3,10.6,,,,,,,,,,,,,,,,,,,,,,,,,,,,,,,,,,,6.7,6.7,6.7,6.7,1.0,0.0,20.0,1.0,0.0,0.0,0.0,0.0,1.0,0.0,20.0,1.0,6.7,6.7,6.7,6.7,1.0,0.0,20.0,1.0,1013.2,1013.2,1013.2,1013.2,1.0,0.0,20.0,1.0,,,,,,,,,,,,,,,,,,,,,,,,,,,,,,,,,,,,,,,,,,,,,,,,,,,,,,,,,,,,,,,,,,,,,,,,,,,,,,,,,,,,,,,,,,,,,,,,,,,,,,,,,,,,,,,,,,,,,,,,,,,,,,,,,,
1887,9,238.3,18.6,24.4,24.4,24.4,24.45,11.0,0.18,22.0,0.6,24.4,25.0,25.6,24.89,11.0,0.52,22.0,0.6,14.91,15.09,16.14,15.3,6.0,0.73,22.0,0.7,74.7,78.6,78.9,77.9,11.0,2.5,22.0,0.6,0.5,0.6,8.23,9.3,9.3,8.83,11.0,1.05,22.0,0.6,-3.63,-1.77,0.0,-1.64,11.0,1.71,22.0,0.6,-9.3,-8.56,-7.79,-8.53,11.0,0.96,22.0,0.6,1007.72,1007.95,1008.2,1007.92,6.0,0.31,22.0,0.7,3.6,4.0,6.0,4.5,11.0,1.1,22.0,0.6,74.7,78.6,78.9,77.9,11.0,2.5,22.0,0.6,0.5,0.6,-33.8,-16.5,0.0,-15.3,11.0,15.9,22.0,0.6,-86.5,-79.6,-65.3,-76.1,11.0,15.7,22.0,0.6,-1.2,-0.6,0.0,-0.44,11.0,0.61,22.0,0.6,-8.0,-5.6,0.0,-3.5,11.0,4.9,22.0,0.6,3.02,4.09,4.26,3.87,6.0,0.73,22.0,0.7,20.2,38.0,39.6,33.4,6.0,10.6,22.0,0.7,-89.6,-44.4,0.0,-40.8,11.0,42.4,22.0,0.6,-227.5,-214.0,-193.5,-212.0,11.0,21.7,22.0,0.6,-52.4,0.0,0.0,-17.8,6.0,27.5,22.0,0.7,-140.3,-125.5,-108.2,-124.7,6.0,14.6,22.0,0.7,-15.5,0.0,0.0,-5.4,6.0,8.5,22.0,0.7,-38.9,-36.5,-20.2,-32.3,6.0,9.6,22.0,0.7,596.5,804.5,804.5,713.0,11.0,203.5,22.0,0.6,595.0,805.0,805.0,715.0,11.0,205.0,22.0,0.6
1887,9,238.3,32.6,15.0,15.0,16.1,15.56,9.0,0.68,26.0,0.3,16.1,16.1,16.1,16.1,2.0,0.0,30.0,0.0,10.77,10.77,10.77,10.77,2.0,0.0,30.0,0.0,95.0,95.0,95.0,95.0,2.0,0.0,30.0,0.0,0.8,1.0,1.18,4.6,6.47,3.98,8.0,2.26,26.0,0.4,0.56,2.57,5.22,2.31,8.0,2.44,26.0,0.4,-3.81,-3.75,-0.83,-2.3,8.0,2.24,26.0,0.4,1014.47,1015.6,1016.52,1015.57,9.0,0.97,26.0,0.3,8.0,8.0,8.0,7.9,9.0,0.3,26.0,0.3,95.0,95.0,95.0,95.0,2.0,0.0,30.0,0.0,0.8,1.0,0.6,11.8,34.4,13.4,8.0,15.9,26.0,0.4,-24.3,-17.5,-0.8,-12.4,8.0,11.9,26.0,0.4,0.1,0.3,0.5,0.3,2.0,0.42,30.0,0.0,0.6,2.0,3.4,2.0,2.0,2.8,30.0,0.0,0.64,0.79,0.94,0.79,2.0,0.31,30.0,0.0,4.3,5.3,6.3,5.3,2.0,2.1,30.0,0.0,89.4,89.4,89.4,89.4,2.0,0.0,30.0,0.0,-60.3,-60.3,-60.3,-60.3,2.0,0.0,30.0,0.0,59.8,59.8,59.8,59.8,2.0,0.0,30.0,0.0,-40.4,-40.4,-40.4,-40.4,2.0,0.0,30.0,0.0,3.6,4.4,5.2,4.4,2.0,1.7,30.0,0.0,-3.5,-3.0,-2.4,-3.0,2.0,1.2,30.0,0.0,3.0,97.5,278.0,114.0,8.0,122.5,26.0,0.4,5.0,95.0,280.0,115.0,8.0,125.0,26.0,0.4
1887,9,238.3,34.6,15.0,16.1,16.7,15.61,23.0,1.19,18.0,0.7,15.0,16.1,16.54,15.74,9.0,0.74,28.0,0.8,9.89,10.49,10.77,10.32,9.0,0.42,28.0,0.8,90.4,93.7,95.0,93.1,9.0,2.4,28.0,0.8,0.3,0.2,1.0,2.6,5.67,3.26,23.0,2.08,18.0,0.7,-0.71,1.84,4.28,1.96,23.0,2.12,18.0,0.7,-3.67,-1.84,0.63,-1.49,23.0,2.14,18.0,0.7,1014.45,1016.9,1017.9,1016.52,23.0,1.68,18.0,0.7,4.0,8.0,8.0,6.8,23.0,1.9,18.0,0.7,90.4,93.7,95.0,93.1,9.0,2.4,28.0,0.8,0.3,0.2,-0.7,4.8,24.8,10.1,23.0,12.4,18.0,0.7,-22.0,-4.8,0.6,-8.6,23.0,12.1,18.0,0.7,-0.57,0.0,0.6,0.01,9.0,0.51,28.0,0.8,-3.3,0.0,1.6,-0.5,9.0,2.2,28.0,0.8,0.57,0.85,1.08,0.77,9.0,0.3,28.0,0.8,2.0,2.8,5.2,3.3,9.0,1.7,28.0,0.8,27.6,27.6,78.4,49.4,9.0,26.9,28.0,0.8,-78.4,-34.7,-27.6,-50.6,9.0,25.8,28.0,0.8,18.2,18.2,50.7,32.2,9.0,17.3,28.0,0.8,-50.7,-23.2,-18.2,-33.1,9.0,16.5,28.0,0.8,1.4,2.0,3.7,2.3,9.0,1.2,28.0,0.8,-3.7,-2.0,-1.4,-2.3,9.0,1.2,28.0,0.8,1.0,17.5,201.0,79.0,23.0,110.0,18.0,0.7,0.0,20.0,200.0,80.0,23.0,110.0,18.0,0.7
1887,9,238.3,36.6,,,,,,,,,,,,,,,,,,,,,,,,,,,,,,,,,,,1.0,1.0,1.0,1.0,1.0,0.0,8.0,1.0,0.39,0.39,0.39,0.39,1.0,0.0,8.0,1.0,0.92,0.92,0.92,0.92,1.0,0.0,8.0,1.0,1019.0,1019.0,1019.0,1019.0,1.0,0.0,8.0,1.0,,,,,,,,,,,,,,,,,,,,,,,,,,,,,,,,,,,,,,,,,,,,,,,,,,,,,,,,,,,,,,,,,,,,,,,,,,,,,,,,,,,,,,,,,,,,,,,,,,,,,,,,,,,,,,,,,,,,,,,,,,,,,,,,,,
1887,9,240.3,-51.4,,,,,,,,,,,,,,,,,,,,,,,,,,,,,,,,,,,6.6,6.7,9.92,8.09,7.0,2.63,8.0,0.4,1.78,3.25,6.17,3.51,7.0,2.29,8.0,0.4,-9.88,-6.21,-2.62,-6.5,7.0,3.77,8.0,0.4,1013.5,1013.5,1013.5,1013.5,1.0,0.0,28.0,1.0,,,,,,,,,,,,,,,,,,,,,,,,,,,,,,,,,,,,,,,,,,,,,,,,,,,,,,,,,,,,,,,,,,,,,,,,,,,,,,,,,,,,,,,,,,,,,,,,,,,,,,,,,,,,,,,,,,,,,,,,,,,,,,,,,,
1887,9,240.3,-45.4,,,,,,,,,,,,,,,,,,,,,,,,,,,,,,,,,,,4.6,4.6,4.6,4.6,1.0,0.0,18.0,1.0,1.8,1.8,1.8,1.8,1.0,0.0,18.0,1.0,4.23,4.23,4.23,4.23,1.0,0.0,18.0,1.0,993.3,993.3,993.3,993.3,1.0,0.0,18.0,1.0,,,,,,,,,,,,,,,,,,,,,,,,,,,,,,,,,,,,,,,,,,,,,,,,,,,,,,,,,,,,,,,,,,,,,,,,,,,,,,,,,,,,,,,,,,,,,,,,,,,,,,,,,,,,,,,,,,,,,,,,,,,,,,,,,,
1887,9,240.3,-41.4,,,,,,,,,,,,,,,,,,,,,,,,,,,,,,,,,,,19.0,19.0,19.0,19.0,3.0,0.0,12.0,0.3,10.78,14.77,14.77,12.82,3.0,3.38,12.0,0.3,-15.25,-11.96,-11.96,-13.56,3.0,2.78,12.0,0.3,1006.71,1006.95,1007.19,1006.95,2.0,0.49,12.0,1.0,,,,,,,,,,,,,,,,,,,,,,,,,,,,,,,,,,,,,,,,,,,,,,,,,,,,,,,,,,,,,,,,,,,,,,,,,,,,,,,,,,,,,,,,,,,,,,,,,,,,,,,,,,,,,,,,,,,,,,,,,,,,,,,,,,
1887,9,240.3,-39.4,,,,,,,,,,,,,,,,,,,,,,,,,,,,,,,,,,,3.23,4.6,6.03,4.63,3.0,2.05,10.0,0.7,-1.56,-1.19,1.02,-0.29,3.0,2.05,10.0,0.7,-5.83,-4.44,-2.5,-4.17,3.0,2.45,10.0,0.7,1008.89,1013.75,1016.18,1012.88,12.0,3.87,10.0,0.4,,,,,,,,,,,,,,,,,,,,,,,,,,,,,,,,,,,,,,,,,,,,,,,,,,,,,,,,,,,,,,,,,,,,,,,,,,,,,,,,,,,,,,,,,,,,,,,,,,,,,,,,,,,,,,,,,,,,,,,,,,,,,,,,,,
1887,9,240.3,-3.4,24.38,25.0,25.0,24.69,7.0,0.41,22.0,0.7,23.75,24.4,25.65,24.63,12.0,1.0,22.0,0.6,16.71,17.42,17.69,17.33,6.0,0.73,22.0,0.8,87.2,91.1,91.4,88.4,6.0,6.6,22.0,0.8,0.6,0.7,4.6,6.7,6.7,6.07,10.0,1.01,22.0,0.6,-6.65,-6.65,-4.23,-5.91,10.0,1.21,22.0,0.6,0.67,0.82,1.66,1.01,10.0,0.73,22.0,0.6,1010.47,1011.95,1012.75,1011.65,12.0,1.2,22.0,0.6,2.0,2.0,3.0,2.4,12.0,0.5,22.0,0.6,87.2,91.1,91.4,88.4,6.0,6.6,22.0,0.8,0.6,0.7,-44.6,-44.6,-19.5,-37.0,10.0,12.3,22.0,0.6,3.8,5.5,8.4,5.7,10.0,3.2,22.0,0.6,-1.7,0.0,1.7,-0.03,7.0,1.56,22.0,0.7,-8.2,0.0,11.4,0.3,7.0,9.9,22.0,0.7,1.09,2.34,3.22,2.16,4.0,1.3,22.0,0.8,7.3,13.4,18.0,12.7,4.0,7.0,22.0,0.8,-166.8,-156.9,-107.8,-145.3,10.0,28.9,22.0,0.6,16.7,19.7,41.0,24.6,10.0,17.7,22.0,0.6,-118.6,-115.7,-98.2,-108.3,5.0,19.2,22.0,0.8,12.1,14.2,14.6,13.3,5.0,2.4,22.0,0.8,-17.9,-13.3,-7.3,-12.6,4.0,6.9,22.0,0.8,0.9,1.6,2.2,1.5,4.0,0.8,22.0,0.8,97.5,301.0,301.0,239.5,10.0,98.5,22.0,0.6,95.0,300.0,300.0,240.0,10.0,100.0,22.0,0.6
1887,9,240.3,-1.4,,,,,,,,,,,,,,,,,,,,,,,,,,,,,,,,,,,4.6,6.7,6.7,5.8,7.0,1.12,24.0,0.6,-5.8,-5.8,-2.83,-4.69,7.0,1.43,24.0,0.6,3.3,3.35,3.62,3.28,7.0,0.45,24.0,0.6,1009.39,1010.9,1012.19,1010.77,10.0,1.35,24.0,0.6,5.0,5.0,6.0,5.4,10.0,0.5,24.0,0.6,91.4,93.0,94.7,93.0,6.0,1.8,24.0,0.5,0.2,0.6,-38.9,-38.9,-13.0,-28.6,7.0,13.0,24.0,0.6,16.4,22.4,22.4,19.1,7.0,4.6,24.0,0.6,,,,,,,,,,,,,,,,,,,,,,,,,,,,,,,,,-132.4,-132.3,-69.1,-109.0,7.0,31.0,24.0,0.6,75.3,76.4,88.4,76.8,7.0,11.6,24.0,0.6,-95.2,-95.2,-95.2,-95.2,3.0,0.1,24.0,0.3,54.9,54.9,55.0,55.0,3.0,0.0,24.0,0.3,,,,,,,,,,,,,,,,,,,,,,,,,,,,,,,,
1887,9,240.3,0.6,,,,,,,,,,,,,,,,,,,,,,,,,,,,,,,,,,,9.3,9.3,9.3,9.3,3.0,0.0,24.0,0.0,-5.73,-5.73,-5.73,-5.73,3.0,0.0,24.0,0.0,7.33,7.33,7.33,7.33,3.0,0.0,24.0,0.0,1010.79,1011.2,1011.47,1011.13,3.0,0.5,24.0,0.0,,,,,,,,,,,,,,,,,,,,,,,,,,,,,,,,,,,,,,,,,,,,,,,,,,,,,,,,,,,,,,,,,,,,,,,,,,,,,,,,,,,,,,,,,,,,,,,,,,,,,,,,,,,,,,,,,,,,,,,,,,,,,,,,,,
1887,9,240.3,2.6,,,,,,,,,,,,,,,,,,,,,,,,,,,,,,,,,,,9.3,9.3,9.3,9.3,1.0,0.0,12.0,1.0,0.0,0.0,0.0,0.0,1.0,0.0,12.0,1.0,9.3,9.3,9.3,9.3,1.0,0.0,12.0,1.0,1016.0,1016.0,1016.0,1016.0,1.0,0.0,12.0,1.0,,,,,,,,,,,,,,,,,,,,,,,,,,,,,,,,,,,,,,,,,,,,,,,,,,,,,,,,,,,,,,,,,,,,,,,,,,,,,,,,,,,,,,,,,,,,,,,,,,,,,,,,,,,,,,,,,,,,,,,,,,,,,,,,,,
1887,9,240.3,8.6,26.7,27.2,27.2,27.1,34.0,0.21,12.0,0.5,28.25,28.9,28.9,28.64,13.0,0.43,12.0,0.2,23.12,23.12,23.12,23.12,1.0,0.0,12.0,0.0,91.2,92.2,95.5,92.4,13.0,2.8,12.0,0.2,0.3,0.6,0.0,1.0,2.6,1.71,35.0,1.43,12.0,0.5,0.0,0.5,1.0,0.53,35.0,0.4,12.0,0.5,0.0,0.0,2.55,1.38,35.0,1.63,12.0,0.5,1006.35,1006.5,1006.81,1006.58,4.0,0.31,12.0,0.5,0.0,1.0,1.0,0.8,34.0,0.9,12.0,0.5,91.2,92.2,95.5,92.4,13.0,2.8,12.0,0.2,0.3,0.6,0.0,1.0,1.3,1.0,35.0,0.9,12.0,0.5,0.0,0.0,6.6,4.5,35.0,6.7,12.0,0.5,-1.7,-1.7,-1.05,-1.44,13.0,0.43,12.0,0.2,-4.4,-1.7,0.0,-2.2,13.0,1.8,12.0,0.2,-0.41,-0.41,-0.41,-0.41,1.0,0.0,12.0,0.0,-1.1,-1.1,-1.1,-1.1,1.0,0.0,12.0,0.0,0.0,14.0,15.7,12.5,13.0,9.5,12.0,0.2,0.0,71.0,73.8,41.4,13.0,36.2,12.0,0.2,11.5,11.5,11.5,11.5,1.0,0.0,12.0,0.0,59.0,59.0,59.0,59.0,1.0,0.0,12.0,0.0,-0.2,-0.2,-0.2,-0.2,1.0,0.0,12.0,0.0,-1.0,-1.0,-1.0,-1.0,1.0,0.0,12.0,0.0,0.0,1.0,17.5,17.0,35.0,30.5,12.0,0.5,0.0,0.0,20.0,15.0,35.0,30.0,12.0,0.5
1887,9,240.3,10.6,,,,,,,,,,,,,,,,,,,,,,,,,,,,,,,,,,,1.0,2.6,4.6,2.74,31.0,1.72,14.0,0.6,0.56,1.45,4.52,2.01,31.0,1.62,14.0,0.6,-2.85,-0.56,0.0,-1.04,31.0,1.68,14.0,0.6,1011.86,1013.7,1013.9,1012.9,3.0,1.65,2.0,1.0,1.0,2.0,4.2,2.8,31.0,1.8,14.0,0.6,87.4,91.6,92.2,90.6,22.0,2.5,14.0,0.5,0.6,0.7,0.8,3.8,20.8,7.7,31.0,8.2,14.0,0.6,-10.5,-0.8,0.0,-3.9,31.0,7.6,14.0,0.6,,,,,,,,,,,,,,,,,,,,,,,,,,,,,,,,,,,,,,,,,,,,,,,,,,,,,,,,,,,,,,,,,,,,,,,,,,,,,,,,,,,,,,,,,,,,,,,,
1887,9,240.3,12.6,,,,,,,,,,,,,,,,,,,,,,,,,,,,,,,,,,,,,,,,,,,,,,,,,,,,,,,,,,,,,,,,,,,5.0,6.0,8.0,6.6,19.0,1.5,16.0,0.5,88.5,91.6,96.0,92.3,17.0,3.3,16.0,0.5,0.6,0.5,3.6,8.6,19.9,11.7,3.0,12.2,16.0,0.7,-41.9,-37.2,-16.3,-29.3,3.0,19.9,16.0,0.7,,,,,,,,,,,,,,,,,,,,,,,,,,,,,,,,,,,,,,,,,,,,,,,,,,,,,,,,,,,,,,,,,,,,,,,,,,,,,,,,,,,,,,,,,,,,,,,,
1887,9,240.3,14.6,,,,,,,,,,,,,,,,,,,,,,,,,,,,,,,,,,,,,,,,,,,,,,,,,,,,,,,,,,,,,,,,,,,0.0,8.0,8.0,5.6,17.0,3.8,14.0,0.5,91.5,91.5,93.7,92.3,10.0,1.6,18.0,0.6,0.8,0.4,0.0,0.0,2.5,1.2,3.0,2.1,8.0,0.3,-44.9,-44.9,-28.5,-36.9,3.0,13.9,8.0,0.3,,,,,,,,,,,,,,,,,,,,,,,,,,,,,,,,,,,,,,,,,,,,,,,,,,,,,,,,,,,,,,,,,,,,,,,,,,,,,,,,,,,,,,,,,,,,,,,,
1887,9,240.3,18.6,,,,,,,,,,,,,,,,,,,,,,,,,,,,,,,,,,,,,,,,,,,,,,,,,,,,,,,,,,,,,,,,,,,3.6,5.0,6.4,5.0,5.0,1.6,22.0,0.0,82.9,86.6,88.6,86.2,5.0,3.5,22.0,0.0,0.6,0.2,0.0,0.0,0.0,0.0,5.0,0.0,22.0,0.0,-86.5,-86.5,-71.3,-78.2,5.0,18.6,22.0,0.0,,,,,,,,,,,,,,,,,,,,,,,,,,,,,,,,,,,,,,,,,,,,,,,,,,,,,,,,,,,,,,,,,,,,,,,,,,,,,,,,,,,,,,,,,,,,,,,,
1887,9,240.3,28.6,,,,,,,,,,,,,,,,,,,,,,,,,,,,,,,,,,,1.25,1.8,2.35,1.8,2.0,1.13,28.0,0.0,-2.03,-1.56,-1.09,-1.56,2.0,0.98,28.0,0.0,0.63,0.9,1.17,0.9,2.0,0.57,28.0,0.0,1017.65,1017.75,1017.85,1017.75,2.0,0.21,28.0,0.0,,,,,,,,,,,,,,,,,,,,,,,,,,,,,,,,,,,,,,,,,,,,,,,,,,,,,,,,,,,,,,,,,,,,,,,,,,,,,,,,,,,,,,,,,,,,,,,,,,,,,,,,,,,,,,,,,,,,,,,,,,,,,,,,,,
1887,9,240.3,30.6,,,,,,,,,,,,,,,,,,,,,,,,,,,,,,,,,,,2.52,2.6,2.6,2.37,7.0,0.6,26.0,0.9,-1.84,-1.84,-0.95,-1.41,7.0,0.55,26.0,0.9,1.79,1.84,2.41,1.86,7.0,0.53,26.0,0.9,1016.6,1017.6,1018.6,1017.7,7.0,0.86,26.0,0.9,,,,,,,,,,,,,,,,,,,,,,,,,,,,,,,,,,,,,,,,,,,,,,,,,,,,,,,,,,,,,,,,,,,,,,,,,,,,,,,,,,,,,,,,,,,,,,,,,,,,,,,,,,,,,,,,,,,,,,,,,,,,,,,,,,
1887,9,240.3,32.6,16.1,18.3,20.0,18.16,17.0,1.51,24.0,0.6,18.62,18.9,20.6,19.27,12.0,1.15,30.0,0.6,11.94,12.79,13.45,12.66,12.0,0.88,30.0,0.6,89.4,89.9,94.5,91.3,12.0,3.2,30.0,0.6,0.4,0.8,1.0,1.0,4.6,2.35,17.0,1.78,24.0,0.6,0.91,0.98,4.52,2.12,17.0,1.74,24.0,0.6,-0.71,-0.19,0.19,-0.32,17.0,1.07,24.0,0.6,1015.28,1016.2,1016.6,1016.0,17.0,0.86,24.0,0.6,2.0,3.0,5.8,3.6,17.0,2.2,24.0,0.6,89.4,89.9,94.5,91.3,12.0,3.2,30.0,0.6,0.4,0.8,0.9,1.0,20.8,7.8,17.0,10.7,24.0,0.6,-2.6,-0.2,0.2,-2.0,17.0,6.2,24.0,0.6,-0.6,-0.3,0.0,-0.34,12.0,0.38,30.0,0.6,-1.2,-0.3,0.0,-0.5,12.0,0.6,30.0,0.6,0.73,0.88,1.3,0.92,12.0,0.31,30.0,0.6,0.7,1.0,3.2,2.1,12.0,2.6,30.0,0.6,17.8,20.2,56.4,35.2,12.0,27.3,30.0,0.6,-11.9,-6.7,3.8,-9.3,12.0,18.7,30.0,0.6,12.1,13.2,37.4,22.8,12.0,17.2,30.0,0.6,-7.9,-4.3,2.5,-6.0,12.0,11.8,30.0,0.6,0.7,0.9,3.2,1.9,12.0,2.3,30.0,0.6,-0.7,-0.2,0.2,-0.6,12.0,1.4,30.0,0.6,1.0,1.0,97.5,39.5,17.0,76.5,24.0,0.6,0.0,0.0,95.0,40.0,17.0,75.0,24.0,0.6
1887,9,240.3,34.6,,,,,,,,,,,,,,,,,,,,,,,,,,,,,,,,,,,2.92,3.6,4.28,3.6,2.0,1.41,6.0,0.5,2.74,3.5,4.25,3.5,2.0,1.56,6.0,0.5,-0.85,-0.51,-0.16,-0.51,2.0,0.72,6.0,0.5,1015.96,1016.1,1016.24,1016.1,2.0,0.28,6.0,0.5,,,,,,,,,,,,,,,,,,,,,,,,,,,,,,,,,,,,,,,,,,,,,,,,,,,,,,,,,,,,,,,,,,,,,,,,,,,,,,,,,,,,,,,,,,,,,,,,,,,,,,,,,,,,,,,,,,,,,,,,,,,,,,,,,,
1887,9,242.3,-43.4,,,,,,,,,,,,,,,,,,,,,,,,,,,,,,,,,,,1.0,1.0,3.99,2.43,4.0,2.85,12.0,0.3,0.6,0.86,3.95,2.21,4.0,2.98,12.0,0.3,-0.77,-0.48,0.16,-0.31,4.0,0.64,12.0,0.3,1018.94,1024.0,1027.33,1023.18,12.0,3.85,12.0,0.5,,,,,,,,,,,,,,,,,,,,,,,,,,,,,,,,,,,,,,,,,,,,,,,,,,,,,,,,,,,,,,,,,,,,,,,,,,,,,,,,,,,,,,,,,,,,,,,,,,,,,,,,,,,,,,,,,,,,,,,,,,,,,,,,,,
1887,9,242.3,-7.4,24.4,24.8,25.62,25.04,7.0,0.71,20.0,0.6,23.9,25.6,25.84,25.13,7.0,1.07,20.0,0.6,15.92,16.42,17.14,16.59,6.0,0.86,20.0,0.5,82.5,82.7,86.4,83.9,6.0,2.0,20.0,0.5,0.9,0.7,9.3,9.3,9.3,9.3,2.0,0.0,18.0,0.5,-9.29,-9.25,-9.22,-9.25,2.0,0.06,18.0,0.5,0.21,0.65,1.09,0.65,2.0,0.92,18.0,0.5,1010.9,1013.5,1014.21,1012.93,7.0,1.47,20.0,0.6,2.0,2.0,2.0,1.9,7.0,0.4,20.0,0.6,82.5,82.7,86.4,83.9,6.0,2.0,20.0,0.5,0.9,0.7,-86.4,-86.1,-85.8,-86.1,2.0,0.6,18.0,0.5,1.9,6.0,10.1,6.0,2.0,8.5,18.0,0.5,-1.0,0.0,0.5,-0.09,7.0,0.7,20.0,0.6,-7.1,-2.3,2.4,-2.3,2.0,9.9,18.0,0.5,2.97,3.21,3.76,3.31,6.0,0.6,20.0,0.5,28.8,28.8,28.8,28.8,1.0,0.0,22.0,0.0,-236.8,-230.0,-223.3,-230.0,2.0,14.0,18.0,0.5,4.9,15.5,26.0,15.5,2.0,21.9,18.0,0.5,-146.9,-146.9,-146.9,-146.9,1.0,0.0,22.0,0.0,20.6,20.6,20.6,20.6,1.0,0.0,22.0,0.0,-28.6,-28.6,-28.6,-28.6,1.0,0.0,22.0,0.0,4.0,4.0,4.0,4.0,1.0,0.0,22.0,0.0,804.5,804.5,804.5,804.5,2.0,0.0,18.0,0.5,805.0,805.0,805.0,805.0,2.0,0.0,18.0,0.5
1887,9,242.3,-5.4,24.4,24.4,25.34,24.7,10.0,0.51,22.0,0.6,23.3,24.4,26.23,24.6,10.0,1.31,22.0,0.6,16.56,16.61,19.04,17.48,7.0,1.32,22.0,0.7,87.0,87.0,87.4,87.5,7.0,1.3,22.0,0.7,0.4,0.6,,,,,,,,,,,,,,,,,,,,,,,,,,,,,,,,,,,,,,,,,,,,,,,,,,,,,,,,,,,,,,,,,,,,,,,,,,,,,,,,,,,,,,,,,,,,,,,,,,,,,,,,,,,,,,,,,,,,,,,,,,,,,,,,,,,,,,,,,,,,,,,,,,,,,,,,,,,,,,,,,,
1887,9,242.3,-3.4,25.0,25.0,25.0,25.0,3.0,0.0,22.0,0.0,23.3,23.3,23.71,23.5,3.0,0.35,22.0,0.0,16.16,16.16,16.58,16.36,3.0,0.36,22.0,0.0,90.7,90.7,90.8,90.7,3.0,0.0,22.0,0.0,0.2,0.1,6.7,6.7,6.7,6.7,3.0,0.0,22.0,0.0,-6.47,-6.47,-6.47,-6.47,3.0,0.0,22.0,0.0,-1.73,-1.73,-1.73,-1.73,3.0,0.0,22.0,0.0,1012.95,1013.5,1013.5,1013.23,3.0,0.46,22.0,0.0,2.0,2.0,2.0,2.0,3.0,0.0,22.0,0.0,90.7,90.7,90.8,90.7,3.0,0.0,22.0,0.0,0.2,0.1,-43.4,-43.4,-43.4,-43.4,3.0,0.0,22.0,0.0,-11.6,-11.6,-11.6,-11.6,3.0,0.0,22.0,0.0,1.29,1.7,1.7,1.5,3.0,0.35,22.0,0.0,8.6,11.4,11.4,10.1,3.0,2.3,22.0,0.0,3.2,3.61,3.61,3.41,3.0,0.35,22.0,0.0,21.4,24.2,24.2,22.8,3.0,2.3,22.0,0.0,-153.4,-150.8,-150.8,-152.1,3.0,2.2,22.0,0.0,-41.1,-40.4,-40.4,-40.8,3.0,0.6,22.0,0.0,-107.3,-104.6,-104.6,-105.9,3.0,2.3,22.0,0.0,-28.8,-28.0,-28.0,-28.4,3.0,0.6,22.0,0.0,-23.4,-23.4,-20.7,-22.1,3.0,2.3,22.0,0.0,-6.3,-6.3,-5.5,-5.9,3.0,0.6,22.0,0.0,301.0,301.0,301.0,301.0,3.0,0.0,22.0,0.0,300.0,300.0,300.0,300.0,3.0,0.0,22.0,0.0
1887,9,242.3,2.6,,,,,,,,,,,,,,,,,,,,,,,,,,,,,,,,,,,4.6,6.7,6.7,5.83,12.0,1.38,8.0,0.6,-3.75,-2.57,-2.2,-2.81,12.0,0.97,8.0,0.6,3.81,5.55,6.21,5.05,12.0,1.27,8.0,0.6,1016.6,1016.6,1016.6,1016.6,1.0,0.0,12.0,1.0,,,,,,,,,,,,,,,,,,,,,,,,,,,,,,,,,,,,,,,,,,,,,,,,,,,,,,,,,,,,,,,,,,,,,,,,,,,,,,,,,,,,,,,,,,,,,,,,,,,,,,,,,,,,,,,,,,,,,,,,,,,,,,,,,,
1887,9,242.3,8.6,,,,,,,,,,,,,,,,,,,,,,,,,,,,,,,,,,,9.3,9.3,9.3,9.3,1.0,0.0,4.0,1.0,3.63,3.63,3.63,3.63,1.0,0.0,4.0,1.0,8.56,8.56,8.56,8.56,1.0,0.0,4.0,1.0,1014.4,1014.4,1014.4,1014.4,1.0,0.0,4.0,1.0,,,,,,,,,,,,,,,,,,,,,,,,,,,,,,,,,,,,,,,,,,,,,,,,,,,,,,,,,,,,,,,,,,,,,,,,,,,,,,,,,,,,,,,,,,,,,,,,,,,,,,,,,,,,,,,,,,,,,,,,,,,,,,,,,,
1887,9,242.3,14.6,,,,,,,,,,,,,,,,,,,,,,,,,,,,,,,,,,,,,,,,,,,,,,,,,,,,,,,,,,,,,,,,,,,4.0,7.5,8.0,6.2,16.0,2.8,14.0,0.6,89.4,91.5,91.9,90.9,10.0,1.7,18.0,0.6,0.1,0.7,8.0,23.4,36.6,19.0,8.0,19.2,12.0,0.6,-40.3,-28.4,-20.2,-29.2,8.0,10.1,12.0,0.6,,,,,,,,,,,,,,,,,,,,,,,,,,,,,,,,,,,,,,,,,,,,,,,,,,,,,,,,,,,,,,,,,,,,,,,,,,,,,,,,,,,,,,,,,,,,,,,,
1887,9,242.3,16.6,25.98,26.1,26.7,26.29,31.0,0.42,20.0,0.5,25.6,26.7,29.02,27.2,31.0,1.42,20.0,0.5,18.32,19.07,21.51,19.69,12.0,1.68,20.0,0.7,83.7,87.2,88.4,86.3,31.0,2.9,20.0,0.5,0.5,0.6,1.0,4.6,6.7,4.45,31.0,2.14,20.0,0.5,0.0,1.45,4.74,2.18,31.0,2.07,20.0,0.5,-4.93,-3.75,-0.98,-3.52,31.0,1.75,20.0,0.5,1006.12,1006.8,1007.58,1006.78,12.0,0.7,20.0,0.7,2.0,4.0,6.0,3.9,31.0,1.8,20.0,0.5,83.7,87.2,88.4,86.3,31.0,2.9,20.0,0.5,0.5,0.6,0.0,4.0,31.7,12.5,31.0,13.7,20.0,0.5,-33.1,-20.8,-1.0,-18.9,31.0,13.7,20.0,0.5,-2.7,-0.5,0.5,-0.91,31.0,1.45,20.0,0.5,-11.4,-0.6,0.5,-4.0,31.0,6.5,20.0,0.5,-0.87,2.19,2.77,1.38,12.0,1.89,20.0,0.7,-1.7,2.6,15.5,5.2,12.0,8.1,20.0,0.7,0.0,43.6,126.5,60.4,31.0,58.1,20.0,0.5,-135.0,-110.1,-28.1,-95.8,31.0,47.9,20.0,0.5,0.0,3.8,35.5,17.7,12.0,33.2,20.0,0.7,-92.7,-39.0,-18.2,-53.2,12.0,40.8,20.0,0.7,-0.6,0.0,0.7,0.7,12.0,3.1,20.0,0.7,-15.5,-2.6,1.4,-4.8,12.0,7.8,20.0,0.7,1.0,97.5,301.0,143.0,31.0,124.5,20.0,0.5,0.0,95.0,300.0,145.0,31.0,125.0,20.0,0.5
1887,9,242.3,18.6,26.1,26.1,26.1,26.1,3.0,0.0,22.0,1.0,26.86,27.2,27.95,27.4,3.0,0.82,22.0,1.0,19.41,19.41,19.41,19.41,1.0,0.0,22.0,1.0,81.1,82.6,83.3,82.2,3.0,1.7,22.0,1.0,0.1,0.0,6.7,6.7,6.7,6.7,3.0,0.0,22.0,1.0,-0.87,0.0,0.0,-0.43,3.0,0.74,22.0,1.0,-6.7,-6.7,-6.62,-6.66,3.0,0.07,22.0,1.0,1007.7,1007.7,1007.7,1007.7,1.0,0.0,22.0,1.0,2.6,4.0,4.7,3.7,3.0,1.5,22.0,1.0,81.1,82.6,83.3,82.2,3.0,1.7,22.0,1.0,0.1,0.0,-5.8,0.0,0.0,-2.9,3.0,4.9,22.0,1.0,-44.9,-44.9,-44.3,-44.6,3.0,0.5,22.0,1.0,-1.85,-1.1,-0.76,-1.3,3.0,0.82,22.0,1.0,-12.4,-7.4,-5.1,-8.7,3.0,5.5,22.0,1.0,1.84,1.84,1.84,1.84,1.0,0.0,22.0,1.0,12.3,12.3,12.3,12.3,1.0,0.0,22.0,1.0,-24.7,0.0,0.0,-12.1,3.0,20.9,22.0,1.0,-184.9,-182.2,-180.0,-182.4,3.0,3.6,22.0,1.0,-24.8,-24.8,-24.8,-24.8,1.0,0.0,22.0,1.0,-127.6,-127.6,-127.6,-127.6,1.0,0.0,22.0,1.0,-2.3,-2.3,-2.3,-2.3,1.0,0.0,22.0,1.0,-12.1,-12.1,-12.1,-12.1,1.0,0.0,22.0,1.0,301.0,301.0,301.0,301.0,3.0,0.0,22.0,1.0,300.0,300.0,300.0,300.0,3.0,0.0,22.0,1.0
1887,9,242.3,26.6,,,,,,,,,,,,,,,,,,,,,,,,,,,,,,,,,,,4.6,4.6,4.6,4.6,2.0,0.0,28.0,1.0,0.0,0.0,0.0,0.0,2.0,0.0,28.0,1.0,-4.6,-4.6,-4.6,-4.6,2.0,0.0,28.0,1.0,1015.47,1016.05,1016.63,1016.05,2.0,1.2,28.0,1.0,,,,,,,,,,,,,,,,,,,,,,,,,,,,,,,,,,,,,,,,,,,,,,,,,,,,,,,,,,,,,,,,,,,,,,,,,,,,,,,,,,,,,,,,,,,,,,,,,,,,,,,,,,,,,,,,,,,,,,,,,,,,,,,,,,
1887,9,242.3,28.6,,,,,,,,,,,,,,,,,,,,,,,,,,,,,,,,,,,2.6,2.6,3.01,2.93,6.0,0.82,28.0,0.5,-1.92,-1.43,0.0,-1.16,6.0,0.98,28.0,0.5,-3.01,-2.12,-1.19,-2.0,6.0,1.91,28.0,0.5,1016.3,1017.3,1017.66,1017.12,6.0,0.67,28.0,0.5,,,,,,,,,,,,,,,,,,,,,,,,,,,,,,,,,,,,,,,,,,,,,,,,,,,,,,,,,,,,,,,,,,,,,,,,,,,,,,,,,,,,,,,,,,,,,,,,,,,,,,,,,,,,,,,,,,,,,,,,,,,,,,,,,,
1887,9,242.3,30.6,,,,,,,,,,,,,,,,,,,,,,,,,,,,,,,,,,,1.0,1.0,2.17,1.36,9.0,0.71,4.0,0.7,0.1,0.71,1.53,0.65,9.0,0.81,4.0,0.7,-1.61,-0.93,-0.71,-1.04,9.0,0.47,4.0,0.7,1012.98,1013.5,1013.79,1013.38,9.0,0.58,4.0,0.7,,,,,,,,,,,,,,,,,,,,,,,,,,,,,,,,,,,,,,,,,,,,,,,,,,,,,,,,,,,,,,,,,,,,,,,,,,,,,,,,,,,,,,,,,,,,,,,,,,,,,,,,,,,,,,,,,,,,,,,,,,,,,,,,,,
1887,9,242.3,32.6,,,,,,,,,,,,,,,,,,,,,,,,,,,,,,,,,,,1.0,1.0,1.33,1.27,6.0,0.65,6.0,0.3,0.0,0.35,1.0,0.45,6.0,0.51,6.0,0.3,0.0,0.85,1.33,0.88,6.0,0.96,6.0,0.3,1014.76,1015.2,1015.74,1015.23,6.0,0.7,6.0,0.3,,,,,,,,,,,,,,,,,,,,,,,,,,,,,,,,,,,,,,,,,,,,,,,,,,,,,,,,,,,,,,,,,,,,,,,,,,,,,,,,,,,,,,,,,,,,,,,,,,,,,,,,,,,,,,,,,,,,,,,,,,,,,,,,,,
1887,9,244.3,-53.4,,,,,,,,,,,,,,,,,,,,,,,,,,,,,,,,,,,6.25,9.8,9.8,8.07,3.0,3.0,10.0,1.0,-1.85,-1.8,-0.57,-1.22,3.0,1.06,10.0,1.0,-9.74,-9.62,-5.94,-7.88,3.0,3.16,10.0,1.0,1014.7,1014.7,1014.7,1014.7,1.0,0.0,2.0,1.0,,,,,,,,,,,,,,,,,,,,,,,,,,,,,,,,,,,,,,,,,,,,,,,,,,,,,,,,,,,,,,,,,,,,,,,,,,,,,,,,,,,,,,,,,,,,,,,,,,,,,,,,,,,,,,,,,,,,,,,,,,,,,,,,,,
1887,9,244.3,-45.4,,,,,,,,,,,,,,,,,,,,,,,,,,,,,,,,,,,3.23,4.6,6.03,4.63,3.0,2.05,14.0,0.3,-4.82,-3.67,-1.74,-3.29,3.0,2.28,14.0,0.3,-3.63,-2.77,-2.56,-3.09,3.0,0.83,14.0,0.3,1025.62,1026.55,1027.18,1026.53,12.0,0.75,14.0,0.5,,,,,,,,,,,,,,,,,,,,,,,,,,,,,,,,,,,,,,,,,,,,,,,,,,,,,,,,,,,,,,,,,,,,,,,,,,,,,,,,,,,,,,,,,,,,,,,,,,,,,,,,,,,,,,,,,,,,,,,,,,,,,,,,,,
1887,9,244.3,-43.4,,,,,,,,,,,,,,,,,,,,,,,,,,,,,,,,,,,9.3,9.3,9.3,9.3,1.0,0.0,18.0,1.0,0.0,0.0,0.0,0.0,1.0,0.0,18.0,1.0,-9.3,-9.3,-9.3,-9.3,1.0,0.0,18.0,1.0,999.4,999.4,999.4,999.4,1.0,0.0,18.0,1.0,,,,,,,,,,,,,,,,,,,,,,,,,,,,,,,,,,,,,,,,,,,,,,,,,,,,,,,,,,,,,,,,,,,,,,,,,,,,,,,,,,,,,,,,,,,,,,,,,,,,,,,,,,,,,,,,,,,,,,,,,,,,,,,,,,
1887,9,244.3,-11.4,23.9,24.1,24.35,24.13,4.0,0.26,18.0,0.5,22.8,23.05,23.93,23.35,4.0,0.8,18.0,0.5,15.47,15.47,15.47,15.47,1.0,0.0,20.0,1.0,86.9,86.9,86.9,86.9,1.0,0.0,20.0,1.0,0.6,1.0,6.7,6.7,8.06,7.35,4.0,1.3,18.0,0.5,-8.03,-6.63,-6.63,-7.3,4.0,1.33,18.0,0.5,0.44,0.93,0.93,0.7,4.0,0.47,18.0,0.5,1013.7,1013.75,1014.11,1013.9,4.0,0.34,18.0,0.5,1.0,1.0,1.0,1.0,4.0,0.0,18.0,0.5,86.9,86.9,86.9,86.9,1.0,0.0,20.0,1.0,0.6,1.0,-66.5,-44.5,-44.5,-55.0,4.0,21.0,18.0,0.5,3.0,6.2,6.2,4.7,4.0,3.1,18.0,0.5,0.42,1.1,1.1,0.78,4.0,0.65,18.0,0.5,2.5,7.4,7.4,5.1,4.0,4.6,18.0,0.5,3.59,3.59,3.59,3.59,1.0,0.0,20.0,1.0,24.0,24.0,24.0,24.0,1.0,0.0,20.0,1.0,-193.0,-152.9,-151.3,-171.2,4.0,37.8,18.0,0.5,10.1,21.3,21.5,16.1,4.0,10.7,18.0,0.5,-102.6,-102.6,-102.6,-102.6,1.0,0.0,20.0,1.0,14.4,14.4,14.4,14.4,1.0,0.0,20.0,1.0,-23.8,-23.8,-23.8,-23.8,1.0,0.0,20.0,1.0,3.3,3.3,3.3,3.3,1.0,0.0,20.0,1.0,301.0,301.0,564.5,426.5,4.0,252.0,18.0,0.5,300.0,300.0,565.0,425.0,4.0,250.0,18.0,0.5
1887,9,244.3,-9.4,24.11,24.4,24.74,24.42,10.0,0.37,20.0,0.5,23.3,24.4,25.34,24.37,10.0,0.87,20.0,0.5,15.47,16.58,17.4,16.51,10.0,0.83,20.0,0.5,86.6,86.9,87.0,86.9,10.0,0.2,20.0,0.5,0.4,0.5,6.7,6.7,6.7,6.7,3.0,0.0,20.0,1.0,-6.63,-6.63,-6.63,-6.63,3.0,0.0,20.0,1.0,0.93,0.93,0.93,0.93,3.0,0.0,20.0,1.0,1012.23,1013.45,1015.51,1013.61,10.0,1.71,20.0,0.5,1.0,2.0,2.0,1.7,10.0,0.5,20.0,0.5,86.6,86.9,87.0,86.9,10.0,0.2,20.0,0.5,0.4,0.5,-44.5,-44.5,-44.5,-44.5,3.0,0.0,20.0,1.0,6.2,6.2,6.2,6.2,3.0,0.0,20.0,1.0,-0.94,0.3,0.89,0.05,10.0,0.88,20.0,0.5,-8.0,-8.0,-5.3,-6.7,3.0,2.3,20.0,1.0,1.59,2.76,3.43,2.57,10.0,0.88,20.0,0.5,9.0,9.0,11.9,10.4,3.0,2.5,20.0,1.0,-169.9,-169.9,-167.1,-168.5,3.0,2.3,20.0,1.0,23.5,23.9,23.9,23.7,3.0,0.3,20.0,1.0,-117.3,-117.2,-114.4,-115.9,3.0,2.4,20.0,1.0,16.1,16.5,16.5,16.3,3.0,0.3,20.0,1.0,-11.8,-8.9,-8.9,-10.3,3.0,2.4,20.0,1.0,1.2,1.3,1.7,1.4,3.0,0.3,20.0,1.0,301.0,301.0,301.0,301.0,3.0,0.0,20.0,1.0,300.0,300.0,300.0,300.0,3.0,0.0,20.0,1.0
1887,9,244.3,-7.4,24.4,24.7,25.31,24.85,4.0,0.57,20.0,0.8,23.3,25.0,26.7,25.0,4.0,1.96,20.0,0.8,15.48,16.75,18.02,16.75,4.0,1.46,20.0,0.8,82.6,84.8,86.9,84.8,4.0,2.5,20.0,0.8,0.1,0.2,,,,,,,,,,,,,,,,,,,,,,,,,,,,,,,,,,,,,,,,,,,,,,,,,,,,,,,,,,,,,,,,,,,,,,,,,,,,,,,,,,,,,,,,,,,,,,,,,,,,,,,,,,,,,,,,,,,,,,,,,,,,,,,,,,,,,,,,,,,,,,,,,,,,,,,,,,,,,,,,,,
1887,9,244.3,0.6,,,,,,,,,,,,,,,,,,,,,,,,,,,,,,,,,,,,,,,,,,,,,,,,,,,,,,,,,,,,,,,,,,,1.0,2.0,2.0,1.5,15.0,0.7,6.0,0.6,86.5,87.0,87.0,86.4,8.0,1.5,6.0,0.3,0.6,0.7,-15.0,-4.8,-1.6,-8.0,15.0,6.1,6.0,0.6,1.6,4.8,15.0,8.0,15.0,6.1,6.0,0.6,,,,,,,,,,,,,,,,,,,,,,,,,,,,,,,,,,,,,,,,,,,,,,,,,,,,,,,,,,,,,,,,,,,,,,,,,,,,,,,,,,,,,,,,,,,,,,,,
1887,9,244.3,4.6,,,,,,,,,,,,,,,,,,,,,,,,,,,,,,,,,,,1.25,1.8,2.35,1.8,2.0,1.13,10.0,1.0,0.0,0.0,0.0,0.0,2.0,0.0,10.0,1.0,1.25,1.8,2.35,1.8,2.0,1.13,10.0,1.0,1016.6,1016.6,1016.6,1016.6,2.0,0.0,10.0,1.0,,,,,,,,,,,,,,,,,,,,,,,,,,,,,,,,,,,,,,,,,,,,,,,,,,,,,,,,,,,,,,,,,,,,,,,,,,,,,,,,,,,,,,,,,,,,,,,,,,,,,,,,,,,,,,,,,,,,,,,,,,,,,,,,,,
1887,9,244.3,6.6,,,,,,,,,,,,,,,,,,,,,,,,,,,,,,,,,,,5.27,6.7,6.7,6.0,3.0,1.21,4.0,1.0,2.06,2.62,4.06,3.05,3.0,1.52,4.0,1.0,4.39,4.74,5.71,5.05,3.0,1.0,4.0,1.0,1016.2,1016.2,1016.2,1016.2,1.0,0.0,6.0,1.0,,,,,,,,,,,,,,,,,,,,,,,,,,,,,,,,,,,,,,,,,,,,,,,,,,,,,,,,,,,,,,,,,,,,,,,,,,,,,,,,,,,,,,,,,,,,,,,,,,,,,,,,,,,,,,,,,,,,,,,,,,,,,,,,,,
1887,9,244.3,26.6,,,,,,,,,,,,,,,,,,,,,,,,,,,,,,,,,,,4.6,4.6,6.7,5.02,14.0,2.2,16.0,0.2,0.0,2.12,3.21,1.88,14.0,1.85,16.0,0.2,-6.21,-4.6,-3.25,-4.43,14.0,1.92,16.0,0.2,1012.36,1013.2,1014.13,1013.31,15.0,0.79,16.0,0.3,,,,,,,,,,,,,,,,,,,,,,,,,,,,,,,,,,,,,,,,,,,,,,,,,,,,,,,,,,,,,,,,,,,,,,,,,,,,,,,,,,,,,,,,,,,,,,,,,,,,,,,,,,,,,,,,,,,,,,,,,,,,,,,,,,
1887,9,244.3,28.6,,,,,,,,,,,,,,,,,,,,,,,,,,,,,,,,,,,1.43,4.6,4.6,3.58,9.0,1.6,4.0,0.4,0.19,3.25,3.25,2.18,9.0,1.63,4.0,0.4,-3.25,-3.25,-1.31,-2.63,9.0,1.08,4.0,0.4,1012.2,1012.9,1013.12,1012.69,9.0,0.52,4.0,0.4,,,,,,,,,,,,,,,,,,,,,,,,,,,,,,,,,,,,,,,,,,,,,,,,,,,,,,,,,,,,,,,,,,,,,,,,,,,,,,,,,,,,,,,,,,,,,,,,,,,,,,,,,,,,,,,,,,,,,,,,,,,,,,,,,,
1887,9,246.3,-15.4,23.9,23.9,23.9,23.9,1.0,0.0,18.0,1.0,23.3,23.3,23.3,23.3,1.0,0.0,18.0,1.0,15.42,15.42,15.42,15.42,1.0,0.0,18.0,1.0,86.9,86.9,86.9,86.9,1.0,0.0,18.0,1.0,1.0,0.9,12.3,12.3,12.3,12.3,1.0,0.0,18.0,1.0,-11.98,-11.98,-11.98,-11.98,1.0,0.0,18.0,1.0,-2.77,-2.77,-2.77,-2.77,1.0,0.0,18.0,1.0,1016.6,1016.6,1016.6,1016.6,1.0,0.0,18.0,1.0,6.0,6.0,6.0,6.0,1.0,0.0,18.0,1.0,86.9,86.9,86.9,86.9,1.0,0.0,18.0,1.0,1.0,0.9,-147.4,-147.4,-147.4,-147.4,1.0,0.0,18.0,1.0,-34.0,-34.0,-34.0,-34.0,1.0,0.0,18.0,1.0,0.6,0.6,0.6,0.6,1.0,0.0,18.0,1.0,7.4,7.4,7.4,7.4,1.0,0.0,18.0,1.0,3.01,3.01,3.01,3.01,1.0,0.0,18.0,1.0,37.0,37.0,37.0,37.0,1.0,0.0,18.0,1.0,-279.2,-279.2,-279.2,-279.2,1.0,0.0,18.0,1.0,-64.5,-64.5,-64.5,-64.5,1.0,0.0,18.0,1.0,-184.8,-184.8,-184.8,-184.8,1.0,0.0,18.0,1.0,-42.7,-42.7,-42.7,-42.7,1.0,0.0,18.0,1.0,-36.1,-36.1,-36.1,-36.1,1.0,0.0,18.0,1.0,-8.3,-8.3,-8.3,-8.3,1.0,0.0,18.0,1.0,1861.0,1861.0,1861.0,1861.0,1.0,0.0,18.0,1.0,1860.0,1860.0,1860.0,1860.0,1.0,0.0,18.0,1.0
1887,9,246.3,-13.4,23.3,23.9,23.9,23.66,11.0,0.29,18.0,0.5,22.8,22.8,23.3,23.03,11.0,0.34,18.0,0.5,15.63,15.64,16.15,15.79,10.0,0.25,18.0,0.5,90.7,90.7,90.7,90.7,10.0,0.0,18.0,0.5,0.7,0.4,9.3,9.3,9.3,9.3,11.0,0.0,18.0,0.5,-9.06,-9.06,-9.02,-9.07,11.0,0.08,18.0,0.5,-2.25,-2.09,-2.09,-1.96,11.0,0.65,18.0,0.5,1014.0,1015.0,1016.05,1015.03,11.0,1.08,18.0,0.5,4.0,4.0,4.0,4.0,11.0,0.0,18.0,0.5,90.7,90.7,90.7,90.7,10.0,0.0,18.0,0.5,0.7,0.4,-84.3,-84.3,-83.9,-84.3,11.0,0.7,18.0,0.5,-20.9,-19.5,-19.5,-18.2,11.0,6.1,18.0,0.5,0.29,0.6,1.1,0.64,11.0,0.43,18.0,0.5,2.7,5.6,10.2,5.9,11.0,4.0,18.0,0.5,2.16,2.33,2.82,2.41,10.0,0.4,18.0,0.5,20.1,21.7,26.2,22.4,10.0,3.7,18.0,0.5,-211.1,-206.6,-205.7,-208.9,11.0,4.7,18.0,0.5,-51.3,-48.7,-47.7,-45.0,11.0,15.0,18.0,0.5,-146.3,-141.6,-141.1,-142.9,10.0,2.4,18.0,0.5,-35.2,-33.8,-32.7,-34.0,10.0,1.1,18.0,0.5,-25.5,-21.1,-19.5,-21.8,10.0,3.6,18.0,0.5,-6.3,-4.9,-4.5,-5.2,10.0,1.0,18.0,0.5,804.5,804.5,804.5,804.5,11.0,0.0,18.0,0.5,805.0,805.0,805.0,805.0,11.0,0.0,18.0,0.5
1887,9,246.3,-11.4,24.4,24.4,24.4,24.34,8.0,0.18,18.0,0.5,23.3,23.6,24.88,23.88,8.0,0.74,18.0,0.5,15.21,15.46,16.93,15.86,8.0,0.78,18.0,0.5,82.8,86.7,86.9,86.1,8.0,2.7,18.0,0.5,0.1,0.3,6.7,9.3,9.3,8.43,6.0,1.34,18.0,0.3,-9.19,-9.19,-6.62,-8.33,6.0,1.33,18.0,0.3,1.05,1.45,1.45,1.32,6.0,0.21,18.0,0.3,1014.1,1014.8,1015.86,1014.9,8.0,1.03,18.0,0.5,1.0,1.0,3.7,1.8,8.0,1.4,18.0,0.5,82.8,86.7,86.9,86.1,8.0,2.7,18.0,0.5,0.1,0.3,-85.4,-85.4,-44.3,-71.7,6.0,21.2,18.0,0.3,7.0,13.5,13.5,11.4,6.0,3.4,18.0,0.3,-0.48,0.8,1.1,0.46,8.0,0.86,18.0,0.5,4.4,8.8,10.2,7.7,6.0,3.1,18.0,0.3,2.08,3.58,3.84,3.1,8.0,0.93,18.0,0.5,25.6,30.2,33.9,29.9,6.0,4.9,18.0,0.3,-215.2,-214.0,-157.3,-195.7,6.0,30.7,18.0,0.3,24.9,33.9,34.1,31.0,6.0,4.9,18.0,0.3,-143.2,-140.6,-102.0,-129.0,6.0,21.6,18.0,0.3,16.2,22.3,22.7,20.4,6.0,3.4,18.0,0.3,-33.5,-29.8,-25.2,-29.6,6.0,4.8,18.0,0.3,4.0,4.7,5.3,4.7,6.0,0.8,18.0,0.3,301.0,804.5,804.5,636.5,6.0,260.0,18.0,0.3,300.0,805.0,805.0,635.0,6.0,260.0,18.0,0.3
1887,9,246.3,-1.4,23.3,23.3,23.3,23.3,14.0,0.0,4.0,0.5,24.4,25.0,26.05,25.25,11.0,0.83,4.0,0.4,16.66,16.66,16.66,16.66,1.0,0.0,4.0,0.0,84.9,86.5,87.0,86.0,11.0,1.7,4.0,0.4,0.6,0.4,6.7,6.7,6.7,6.7,14.0,0.0,4.0,0.5,-4.74,-4.74,-4.74,-4.85,14.0,0.3,4.0,0.5,4.74,4.74,4.74,4.6,14.0,0.36,4.0,0.5,1007.2,1007.2,1007.2,1007.2,1.0,0.0,4.0,0.0,0.0,1.0,1.9,0.9,14.0,0.7,4.0,0.5,84.9,86.5,87.0,86.0,11.0,1.7,4.0,0.4,0.6,0.4,-31.7,-31.7,-31.7,-32.5,14.0,2.0,4.0,0.5,31.7,31.7,31.7,30.8,14.0,2.4,4.0,0.5,-2.75,-1.7,-1.1,-1.95,11.0,0.83,4.0,0.4,-18.5,-11.4,-7.4,-13.1,11.0,5.6,4.0,0.4,1.27,1.27,1.27,1.27,1.0,0.0,4.0,0.0,8.5,8.5,8.5,8.5,1.0,0.0,4.0,0.0,-123.4,-118.4,-115.6,-119.6,11.0,3.9,4.0,0.4,115.6,118.4,123.4,119.6,11.0,3.9,4.0,0.4,-78.9,-78.9,-78.9,-78.9,1.0,0.0,4.0,0.0,78.9,78.9,78.9,78.9,1.0,0.0,4.0,0.0,-6.0,-6.0,-6.0,-6.0,1.0,0.0,4.0,0.0,6.0,6.0,6.0,6.0,1.0,0.0,4.0,0.0,301.0,301.0,301.0,301.0,14.0,0.0,4.0,0.5,300.0,300.0,300.0,300.0,14.0,0.0,4.0,0.5
1887,9,246.3,0.6,,,,,,,,,,,,,,,,,,,,,,,,,,,,,,,,,,,,,,,,,,,,,,,,,,,,,,,,,,,,,,,,,,,0.0,0.5,1.2,0.7,6.0,0.8,6.0,0.3,85.7,87.0,87.0,86.2,6.0,1.8,6.0,0.3,0.2,0.2,-31.7,-23.4,-15.0,-23.4,6.0,9.2,6.0,0.3,15.0,23.4,31.7,23.4,6.0,9.2,6.0,0.3,,,,,,,,,,,,,,,,,,,,,,,,,,,,,,,,,,,,,,,,,,,,,,,,,,,,,,,,,,,,,,,,,,,,,,,,,,,,,,,,,,,,,,,,,,,,,,,,
1887,9,246.3,4.6,,,,,,,,,,,,,,,,,,,,,,,,,,,,,,,,,,,4.93,5.65,6.37,5.65,2.0,1.48,8.0,1.0,0.0,0.0,0.0,0.0,2.0,0.0,8.0,1.0,4.93,5.65,6.37,5.65,2.0,1.48,8.0,1.0,1015.86,1016.0,1016.14,1016.0,2.0,0.28,8.0,1.0,,,,,,,,,,,,,,,,,,,,,,,,,,,,,,,,,,,,,,,,,,,,,,,,,,,,,,,,,,,,,,,,,,,,,,,,,,,,,,,,,,,,,,,,,,,,,,,,,,,,,,,,,,,,,,,,,,,,,,,,,,,,,,,,,,
1887,9,246.3,6.6,,,,,,,,,,,,,,,,,,,,,,,,,,,,,,,,,,,3.71,6.7,8.32,6.05,4.0,3.67,2.0,1.0,0.0,1.91,5.27,2.6,4.0,3.21,2.0,1.0,1.13,3.99,7.92,4.5,4.0,4.0,2.0,1.0,1015.8,1015.8,1015.8,1015.8,1.0,0.0,6.0,1.0,,,,,,,,,,,,,,,,,,,,,,,,,,,,,,,,,,,,,,,,,,,,,,,,,,,,,,,,,,,,,,,,,,,,,,,,,,,,,,,,,,,,,,,,,,,,,,,,,,,,,,,,,,,,,,,,,,,,,,,,,,,,,,,,,,
1887,9,246.3,24.6,,,,,,,,,,,,,,,,,,,,,,,,,,,,,,,,,,,2.6,4.6,6.7,4.87,15.0,2.47,10.0,0.5,1.84,4.23,4.74,3.51,15.0,1.76,10.0,0.5,-4.74,-3.25,1.59,-2.42,15.0,2.99,10.0,0.5,1012.2,1013.9,1014.9,1013.65,17.0,1.27,12.0,0.6,,,,,,,,,,,,,,,,,,,,,,,,,,,,,,,,,,,,,,,,,,,,,,,,,,,,,,,,,,,,,,,,,,,,,,,,,,,,,,,,,,,,,,,,,,,,,,,,,,,,,,,,,,,,,,,,,,,,,,,,,,,,,,,,,,
1887,9,246.3,26.6,,,,,,,,,,,,,,,,,,,,,,,,,,,,,,,,,,,9.3,9.3,9.3,9.3,2.0,0.0,4.0,0.5,6.58,6.58,6.58,6.58,2.0,0.0,4.0,0.5,-6.58,-6.58,-6.58,-6.58,2.0,0.0,4.0,0.5,1010.97,1011.35,1011.73,1011.35,2.0,0.78,4.0,0.5,,,,,,,,,,,,,,,,,,,,,,,,,,,,,,,,,,,,,,,,,,,,,,,,,,,,,,,,,,,,,,,,,,,,,,,,,,,,,,,,,,,,,,,,,,,,,,,,,,,,,,,,,,,,,,,,,,,,,,,,,,,,,,,,,,
1887,9,248.3,-55.4,,,,,,,,,,,,,,,,,,,,,,,,,,,,,,,,,,,9.38,9.55,9.72,9.55,2.0,0.35,22.0,1.0,-1.02,0.81,2.63,0.81,2.0,3.79,22.0,1.0,-9.46,-9.12,-8.78,-9.12,2.0,0.71,22.0,1.0,988.3,988.3,988.3,988.3,1.0,0.0,4.0,1.0,,,,,,,,,,,,,,,,,,,,,,,,,,,,,,,,,,,,,,,,,,,,,,,,,,,,,,,,,,,,,,,,,,,,,,,,,,,,,,,,,,,,,,,,,,,,,,,,,,,,,,,,,,,,,,,,,,,,,,,,,,,,,,,,,,
1887,9,248.3,-53.4,,,,,,,,,,,,,,,,,,,,,,,,,,,,,,,,,,,9.8,9.8,9.8,9.8,1.0,0.0,14.0,0.0,-3.83,-3.83,-3.83,-3.83,1.0,0.0,14.0,0.0,-9.02,-9.02,-9.02,-9.02,1.0,0.0,14.0,0.0,1006.0,1006.0,1006.0,1006.0,1.0,0.0,2.0,1.0,,,,,,,,,,,,,,,,,,,,,,,,,,,,,,,,,,,,,,,,,,,,,,,,,,,,,,,,,,,,,,,,,,,,,,,,,,,,,,,,,,,,,,,,,,,,,,,,,,,,,,,,,,,,,,,,,,,,,,,,,,,,,,,,,,
1887,9,248.3,-17.4,22.8,23.55,23.9,23.39,10.0,0.55,16.0,0.7,22.2,22.5,23.3,22.9,10.0,1.12,16.0,0.7,15.04,15.07,15.56,15.26,9.0,0.26,16.0,0.7,87.9,90.7,90.7,89.8,9.0,1.7,16.0,0.7,0.8,0.5,9.3,9.3,9.3,9.34,10.0,1.32,16.0,0.7,-9.06,-9.06,-9.06,-9.12,10.0,1.25,16.0,0.7,-2.09,-2.09,-2.09,-1.95,10.0,0.72,16.0,0.7,1015.1,1016.55,1017.71,1016.47,10.0,1.31,16.0,0.7,5.0,5.0,5.6,5.0,10.0,0.8,16.0,0.7,87.9,90.7,90.7,89.8,9.0,1.7,16.0,0.7,0.8,0.5,-84.3,-84.3,-84.3,-86.6,10.0,24.7,16.0,0.7,-19.5,-19.5,-19.5,-19.0,10.0,8.1,16.0,0.7,0.6,0.6,1.1,0.49,10.0,1.15,16.0,0.7,5.6,5.6,10.2,5.7,10.0,9.5,16.0,0.7,2.19,2.81,3.01,2.65,9.0,0.46,16.0,0.7,20.4,26.2,28.0,25.7,9.0,6.9,16.0,0.7,-211.1,-203.9,-201.2,-207.9,10.0,23.1,16.0,0.7,-48.7,-47.1,-46.4,-44.0,10.0,16.1,16.0,0.7,-141.4,-140.0,-136.3,-143.2,9.0,14.2,16.0,0.7,-32.6,-32.3,-31.5,-33.1,9.0,3.3,16.0,0.7,-27.3,-25.5,-19.8,-25.1,9.0,6.7,16.0,0.7,-6.3,-5.9,-4.6,-5.8,9.0,1.6,16.0,0.7,804.5,804.5,804.5,859.5,10.0,386.0,16.0,0.7,805.0,805.0,805.0,860.0,10.0,385.0,16.0,0.7
1887,9,248.3,-15.4,23.3,23.3,23.3,23.31,8.0,0.29,18.0,0.3,22.2,22.5,22.8,22.56,8.0,0.42,18.0,0.3,14.77,15.05,15.08,15.0,8.0,0.22,18.0,0.3,85.8,88.8,90.7,88.4,8.0,2.5,18.0,0.3,0.3,0.4,12.3,12.3,12.3,12.3,8.0,0.0,18.0,0.3,-11.98,-11.98,-11.98,-11.98,8.0,0.0,18.0,0.3,-2.77,-2.77,-2.77,-2.77,8.0,0.0,18.0,0.3,1014.2,1016.5,1016.78,1015.75,8.0,1.39,18.0,0.3,2.1,3.0,3.9,3.2,8.0,1.3,18.0,0.3,85.8,88.8,90.7,88.4,8.0,2.5,18.0,0.3,0.3,0.4,-147.4,-147.4,-147.4,-147.4,8.0,0.0,18.0,0.3,-34.0,-34.0,-34.0,-34.0,8.0,0.0,18.0,0.3,0.5,0.6,1.1,0.75,8.0,0.29,18.0,0.3,6.2,7.4,13.5,9.2,8.0,3.6,18.0,0.3,2.73,2.87,3.01,2.8,8.0,0.28,18.0,0.3,33.5,35.3,37.0,34.5,8.0,3.5,18.0,0.3,-273.3,-269.7,-266.1,-270.4,8.0,5.0,18.0,0.3,-63.1,-62.3,-61.4,-62.4,8.0,1.2,18.0,0.3,-180.8,-180.3,-177.0,-179.8,8.0,2.6,18.0,0.3,-41.7,-41.6,-40.9,-41.5,8.0,0.6,18.0,0.3,-36.0,-34.4,-32.7,-33.6,8.0,3.4,18.0,0.3,-8.3,-7.9,-7.5,-7.8,8.0,0.8,18.0,0.3,1861.0,1861.0,1861.0,1861.0,8.0,0.0,18.0,0.3,1860.0,1860.0,1860.0,1860.0,8.0,0.0,18.0,0.3
1887,9,248.3,-3.4,,,,,,,,,,,,,,,,,,,,,,,,,,,,,,,,,,,,,,,,,,,,,,,,,,,,,,,,,,,,,,,,,,,0.2,1.0,1.0,0.9,15.0,0.6,2.0,0.6,82.5,82.8,86.5,83.4,12.0,2.2,2.0,0.5,0.5,0.5,-37.2,-15.0,-4.8,-19.5,15.0,13.0,2.0,0.6,4.8,15.0,25.1,15.9,15.0,8.9,2.0,0.6,,,,,,,,,,,,,,,,,,,,,,,,,,,,,,,,,,,,,,,,,,,,,,,,,,,,,,,,,,,,,,,,,,,,,,,,,,,,,,,,,,,,,,,,,,,,,,,,
1887,9,248.3,22.6,,,,,,,,,,,,,,,,,,,,,,,,,,,,,,,,,,,1.0,2.6,4.6,3.07,15.0,2.21,14.0,0.5,-0.55,1.84,3.25,1.91,15.0,2.3,14.0,0.5,-3.25,-1.84,-0.71,-1.88,15.0,1.41,14.0,0.5,1012.59,1014.2,1017.31,1014.83,15.0,2.13,14.0,0.5,,,,,,,,,,,,,,,,,,,,,,,,,,,,,,,,,,,,,,,,,,,,,,,,,,,,,,,,,,,,,,,,,,,,,,,,,,,,,,,,,,,,,,,,,,,,,,,,,,,,,,,,,,,,,,,,,,,,,,,,,,,,,,,,,,
1887,9,248.3,24.6,,,,,,,,,,,,,,,,,,,,,,,,,,,,,,,,,,,2.14,4.6,6.03,4.1,3.0,2.88,10.0,0.7,0.92,1.0,4.53,2.68,3.0,3.02,10.0,0.7,-3.91,-2.62,-0.83,-2.38,3.0,2.27,10.0,0.7,1011.02,1011.5,1014.5,1012.73,3.0,2.76,10.0,0.7,,,,,,,,,,,,,,,,,,,,,,,,,,,,,,,,,,,,,,,,,,,,,,,,,,,,,,,,,,,,,,,,,,,,,,,,,,,,,,,,,,,,,,,,,,,,,,,,,,,,,,,,,,,,,,,,,,,,,,,,,,,,,,,,,,
1887,9,248.3,26.6,,,,,,,,,,,,,,,,,,,,,,,,,,,,,,,,,,,0.0,1.0,3.81,2.01,35.0,2.21,16.0,0.5,0.0,0.56,2.41,1.03,35.0,1.31,16.0,0.5,-3.16,0.0,0.98,-0.79,35.0,2.36,16.0,0.5,1015.6,1015.6,1015.6,1015.6,24.0,0.0,16.0,0.4,,,,,,,,,,,,,,,,,,,,,,,,,,,,,,,,,,,,,,,,,,,,,,,,,,,,,,,,,,,,,,,,,,,,,,,,,,,,,,,,,,,,,,,,,,,,,,,,,,,,,,,,,,,,,,,,,,,,,,,,,,,,,,,,,,
1887,9,250.3,-55.4,,,,,,,,,,,,,,,,,,,,,,,,,,,,,,,,,,,6.7,6.7,8.82,7.73,3.0,1.79,10.0,1.0,-1.68,-1.28,3.8,1.01,3.0,4.48,10.0,1.0,-8.65,-6.58,-3.87,-6.27,3.0,3.51,10.0,1.0,988.6,988.6,988.6,988.6,1.0,0.0,4.0,1.0,,,,,,,,,,,,,,,,,,,,,,,,,,,,,,,,,,,,,,,,,,,,,,,,,,,,,,,,,,,,,,,,,,,,,,,,,,,,,,,,,,,,,,,,,,,,,,,,,,,,,,,,,,,,,,,,,,,,,,,,,,,,,,,,,,
1887,9,250.3,-51.4,,,,,,,,,,,,,,,,,,,,,,,,,,,,,,,,,,,,,,,,,,,,,,,,,,,,,,,,,,,,,,,,,,,7.1,8.0,8.0,7.6,8.0,0.7,10.0,0.4,82.8,84.6,84.6,84.0,12.0,0.9,16.0,0.4,0.3,0.8,5.9,11.4,15.0,10.5,4.0,5.4,6.0,0.3,-20.2,-17.3,-15.0,-17.6,4.0,3.1,6.0,0.3,,,,,,,,,,,,,,,,,,,,,,,,,,,,,,,,,,,,,,,,,,,,,,,,,,,,,,,,,,,,,,,,,,,,,,,,,,,,,,,,,,,,,,,,,,,,,,,,
1887,9,250.3,-19.4,,,,,,,,,,,,,,,,,,,,,,,,,,,,,,,,,,,9.3,9.3,9.3,8.91,12.0,1.36,14.0,0.6,-9.1,-9.1,-9.1,-8.69,12.0,1.4,14.0,0.6,-1.93,-1.93,-1.93,-1.62,12.0,1.08,14.0,0.6,1016.1,1018.4,1019.33,1017.98,12.0,1.68,14.0,0.6,,,,,,,,,,,,,,,,,,,,,,,,,,,,,,,,,,,,,,,,,,,,,,,,,,,,,,,,,,,,,,,,,,,,,,,,,,,,,,,,,,,,,,,,,,,,,,,,,,,,,,,,,,,,,,,,,,,,,,,,,,,,,,,,,,
1887,9,250.3,-17.4,,,,,,,,,,,,,,,,,,,,,,,,,,,,,,,,,,,9.3,9.3,9.3,9.3,1.0,0.0,16.0,0.0,-9.1,-9.1,-9.1,-9.1,1.0,0.0,16.0,0.0,-1.93,-1.93,-1.93,-1.93,1.0,0.0,16.0,0.0,1017.5,1017.5,1017.5,1017.5,1.0,0.0,16.0,0.0,,,,,,,,,,,,,,,,,,,,,,,,,,,,,,,,,,,,,,,,,,,,,,,,,,,,,,,,,,,,,,,,,,,,,,,,,,,,,,,,,,,,,,,,,,,,,,,,,,,,,,,,,,,,,,,,,,,,,,,,,,,,,,,,,,
1887,9,250.3,-5.4,,,,,,,,,,,,,,,,,,,,,,,,,,,,,,,,,,,,,,,,,,,,,,,,,,,,,,,,,,,,,,,,,,,3.9,4.0,5.1,4.3,13.0,1.1,2.0,0.5,78.3,82.9,86.5,81.6,13.0,3.8,2.0,0.5,0.5,0.6,-37.6,-17.5,-15.0,-25.0,13.0,10.9,2.0,0.5,14.7,15.0,31.7,19.5,13.0,7.7,2.0,0.5,,,,,,,,,,,,,,,,,,,,,,,,,,,,,,,,,,,,,,,,,,,,,,,,,,,,,,,,,,,,,,,,,,,,,,,,,,,,,,,,,,,,,,,,,,,,,,,,
1887,9,250.3,-3.4,,,,,,,,,,,,,,,,,,,,,,,,,,,,,,,,,,,,,,,,,,,,,,,,,,,,,,,,,,,,,,,,,,,2.0,2.0,2.0,2.0,2.0,0.0,2.0,1.0,79.2,79.2,79.2,79.2,1.0,0.0,2.0,1.0,0.1,0.0,-37.2,-37.2,-37.2,-37.2,2.0,0.0,2.0,1.0,25.1,25.1,25.1,25.1,2.0,0.0,2.0,1.0,,,,,,,,,,,,,,,,,,,,,,,,,,,,,,,,,,,,,,,,,,,,,,,,,,,,,,,,,,,,,,,,,,,,,,,,,,,,,,,,,,,,,,,,,,,,,,,,
1887,9,250.3,20.6,,,,,,,,,,,,,,,,,,,,,,,,,,,,,,,,,,,1.76,3.6,4.6,3.2,4.0,1.74,30.0,0.0,-1.72,-1.35,-0.83,-1.28,4.0,0.52,30.0,0.0,1.52,3.34,4.27,2.91,4.0,1.71,30.0,0.0,1016.44,1016.75,1017.27,1016.85,4.0,0.56,30.0,0.0,,,,,,,,,,,,,,,,,,,,,,,,,,,,,,,,,,,,,,,,,,,,,,,,,,,,,,,,,,,,,,,,,,,,,,,,,,,,,,,,,,,,,,,,,,,,,,,,,,,,,,,,,,,,,,,,,,,,,,,,,,,,,,,,,,
1887,9,250.3,22.6,,,,,,,,,,,,,,,,,,,,,,,,,,,,,,,,,,,1.0,4.65,6.7,4.12,6.0,2.89,16.0,0.7,-0.5,2.9,6.17,2.8,6.0,3.7,16.0,0.7,-2.62,-0.85,1.23,-0.6,6.0,2.28,16.0,0.7,1011.36,1013.9,1015.98,1013.72,6.0,2.48,16.0,0.7,,,,,,,,,,,,,,,,,,,,,,,,,,,,,,,,,,,,,,,,,,,,,,,,,,,,,,,,,,,,,,,,,,,,,,,,,,,,,,,,,,,,,,,,,,,,,,,,,,,,,,,,,,,,,,,,,,,,,,,,,,,,,,,,,,
1887,9,252.3,-53.4,5.6,6.1,6.1,5.99,8.0,0.38,12.0,0.3,5.6,6.1,6.7,6.14,8.0,0.51,12.0,0.3,5.14,5.15,5.3,5.22,4.0,0.14,18.0,0.0,91.3,91.3,92.4,91.8,4.0,1.0,18.0,0.0,0.5,1.0,5.6,6.7,8.32,6.95,4.0,2.14,6.0,0.5,-1.59,-1.28,-1.07,-1.33,4.0,0.41,6.0,0.5,-8.17,-6.58,-5.5,-6.82,4.0,2.1,6.0,0.5,1010.41,1012.3,1014.03,1012.23,4.0,2.24,18.0,0.0,8.0,8.0,8.0,8.0,5.0,0.0,8.0,0.4,91.3,91.3,92.4,91.8,4.0,1.0,18.0,0.0,0.5,1.0,-13.7,-8.6,-6.2,-9.9,4.0,6.0,6.0,0.5,-70.4,-44.1,-31.9,-50.8,4.0,31.0,6.0,0.5,,,,,,,,,,,,,,,,,,,,,,,,,,,,,,,,,,,,,,,,,,,,,,,,,,,,,,,,,,,,,,,,,,,,,,,,,,,,,,,,,,,,,,,,,,,,,,,,
1887,9,252.3,-51.4,,,,,,,,,,,,,,,,,,,,,,,,,,,,,,,,,,,,,,,,,,,,,,,,,,,,,,,,,,,,,,,,,,,5.0,6.0,8.0,6.1,7.0,1.3,14.0,0.9,71.7,75.1,84.6,77.4,8.0,6.4,16.0,0.6,0.3,0.1,-4.0,-4.0,-4.0,-4.0,1.0,0.0,6.0,1.0,-20.8,-20.8,-20.8,-20.8,1.0,0.0,6.0,1.0,,,,,,,,,,,,,,,,,,,,,,,,,,,,,,,,,,,,,,,,,,,,,,,,,,,,,,,,,,,,,,,,,,,,,,,,,,,,,,,,,,,,,,,,,,,,,,,,
1887,9,252.3,-43.4,,,,,,,,,,,,,,,,,,,,,,,,,,,,,,,,,,,12.3,12.3,12.3,12.3,1.0,0.0,20.0,1.0,8.7,8.7,8.7,8.7,1.0,0.0,20.0,1.0,-8.7,-8.7,-8.7,-8.7,1.0,0.0,20.0,1.0,995.5,995.5,995.5,995.5,1.0,0.0,20.0,1.0,,,,,,,,,,,,,,,,,,,,,,,,,,,,,,,,,,,,,,,,,,,,,,,,,,,,,,,,,,,,,,,,,,,,,,,,,,,,,,,,,,,,,,,,,,,,,,,,,,,,,,,,,,,,,,,,,,,,,,,,,,,,,,,,,,
1887,9,252.3,-25.4,,,,,,,,,,,,,,,,,,,,,,,,,,,,,,,,,,,4.6,4.6,4.6,4.6,1.0,0.0,6.0,1.0,-4.23,-4.23,-4.23,-4.23,1.0,0.0,6.0,1.0,1.8,1.8,1.8,1.8,1.0,0.0,6.0,1.0,1021.0,1021.0,1021.0,1021.0,1.0,0.0,6.0,1.0,,,,,,,,,,,,,,,,,,,,,,,,,,,,,,,,,,,,,,,,,,,,,,,,,,,,,,,,,,,,,,,,,,,,,,,,,,,,,,,,,,,,,,,,,,,,,,,,,,,,,,,,,,,,,,,,,,,,,,,,,,,,,,,,,,
1887,9,252.3,-23.4,21.7,22.0,22.07,21.92,5.0,0.22,12.0,0.4,20.38,20.6,23.37,21.64,5.0,1.75,12.0,0.4,13.8,14.16,14.16,13.99,3.0,0.3,14.0,0.0,94.6,94.6,94.6,94.6,3.0,0.0,14.0,0.0,0.6,0.9,,,,,,,,,,,,,,,,,,,,,,,,,,,,,,,,,,,,,,,,,,,,,,,,,,,,,,,,,,,,,,,,,,,,,,,,,,,,,,,,,,,,,,,,,,,,,,,,,,,,,,,,,,,,,,,,,,,,,,,,,,,,,,,,,,,,,,,,,,,,,,,,,,,,,,,,,,,,,,,,,,
1887,9,252.3,-21.4,,,,,,,,,,,,,,,,,,,,,,,,,,,,,,,,,,,3.87,9.3,9.3,7.02,5.0,3.2,12.0,1.0,-7.71,-7.71,-2.42,-5.47,5.0,3.17,12.0,1.0,2.95,5.2,5.2,4.25,5.0,1.33,12.0,1.0,1018.59,1020.4,1021.44,1020.04,11.0,1.41,14.0,0.7,,,,,,,,,,,,,,,,,,,,,,,,,,,,,,,,,,,,,,,,,,,,,,,,,,,,,,,,,,,,,,,,,,,,,,,,,,,,,,,,,,,,,,,,,,,,,,,,,,,,,,,,,,,,,,,,,,,,,,,,,,,,,,,,,,
1887,9,252.3,-7.4,,,,,,,,,,,,,,,,,,,,,,,,,,,,,,,,,,,,,,,,,,,,,,,,,,,,,,,,,,,,,,,,,,,1.0,1.5,3.0,2.0,4.0,1.4,2.0,0.3,74.5,76.6,78.5,76.5,4.0,2.3,2.0,0.3,0.3,1.0,-36.8,-31.7,-31.7,-34.1,4.0,4.8,2.0,0.3,24.3,31.7,31.7,28.2,4.0,7.1,2.0,0.3,,,,,,,,,,,,,,,,,,,,,,,,,,,,,,,,,,,,,,,,,,,,,,,,,,,,,,,,,,,,,,,,,,,,,,,,,,,,,,,,,,,,,,,,,,,,,,,,
1887,9,252.3,-5.4,,,,,,,,,,,,,,,,,,,,,,,,,,,,,,,,,,,,,,,,,,,,,,,,,,,,,,,,,,,,,,,,,,,1.3,2.0,2.7,2.0,2.0,1.4,2.0,0.0,79.2,80.7,82.2,80.7,2.0,3.1,2.0,0.0,0.1,0.1,-39.8,-36.5,-33.3,-36.5,2.0,6.8,2.0,0.0,19.8,24.6,29.5,24.6,2.0,10.0,2.0,0.0,,,,,,,,,,,,,,,,,,,,,,,,,,,,,,,,,,,,,,,,,,,,,,,,,,,,,,,,,,,,,,,,,,,,,,,,,,,,,,,,,,,,,,,,,,,,,,,,
1887,9,252.3,12.6,,,,,,,,,,,,,,,,,,,,,,,,,,,,,,,,,,,6.7,6.7,6.7,6.7,1.0,0.0,30.0,1.0,-4.74,-4.74,-4.74,-4.74,1.0,0.0,30.0,1.0,-4.74,-4.74,-4.74,-4.74,1.0,0.0,30.0,1.0,1009.0,1009.0,1009.0,1009.0,1.0,0.0,30.0,1.0,,,,,,,,,,,,,,,,,,,,,,,,,,,,,,,,,,,,,,,,,,,,,,,,,,,,,,,,,,,,,,,,,,,,,,,,,,,,,,,,,,,,,,,,,,,,,,,,,,,,,,,,,,,,,,,,,,,,,,,,,,,,,,,,,,
1887,9,252.3,18.6,,,,,,,,,,,,,,,,,,,,,,,,,,,,,,,,,,,4.6,4.6,4.6,4.6,1.0,0.0,30.0,1.0,0.0,0.0,0.0,0.0,1.0,0.0,30.0,1.0,-4.6,-4.6,-4.6,-4.6,1.0,0.0,30.0,1.0,1012.2,1012.2,1012.2,1012.2,1.0,0.0,30.0,1.0,,,,,,,,,,,,,,,,,,,,,,,,,,,,,,,,,,,,,,,,,,,,,,,,,,,,,,,,,,,,,,,,,,,,,,,,,,,,,,,,,,,,,,,,,,,,,,,,,,,,,,,,,,,,,,,,,,,,,,,,,,,,,,,,,,
1887,9,252.3,20.6,,,,,,,,,,,,,,,,,,,,,,,,,,,,,,,,,,,1.0,1.0,3.01,1.87,6.0,1.48,30.0,0.7,-1.17,-0.91,-0.56,-0.9,6.0,0.59,30.0,0.7,-2.41,-0.35,0.12,-1.1,6.0,1.9,30.0,0.7,1015.55,1016.1,1016.42,1015.92,6.0,0.92,30.0,0.7,,,,,,,,,,,,,,,,,,,,,,,,,,,,,,,,,,,,,,,,,,,,,,,,,,,,,,,,,,,,,,,,,,,,,,,,,,,,,,,,,,,,,,,,,,,,,,,,,,,,,,,,,,,,,,,,,,,,,,,,,,,,,,,,,,
1887,9,254.3,-55.4,,,,,,,,,,,,,,,,,,,,,,,,,,,,,,,,,,,9.46,9.8,9.8,9.63,3.0,0.29,12.0,0.7,-3.07,-1.87,-1.87,-2.46,3.0,1.02,12.0,0.7,-9.62,-9.62,-8.9,-9.27,3.0,0.61,12.0,0.7,983.32,983.8,984.48,983.9,3.0,0.85,18.0,0.0,,,,,,,,,,,,,,,,,,,,,,,,,,,,,,,,,,,,,,,,,,,,,,,,,,,,,,,,,,,,,,,,,,,,,,,,,,,,,,,,,,,,,,,,,,,,,,,,,,,,,,,,,,,,,,,,,,,,,,,,,,,,,,,,,,
1887,9,254.3,-53.4,5.6,5.6,5.99,5.7,15.0,0.21,16.0,0.5,5.6,5.6,5.99,5.58,15.0,0.57,16.0,0.5,5.18,5.21,5.27,5.23,12.0,0.05,18.0,0.4,91.3,91.3,93.5,92.8,12.0,3.4,18.0,0.4,0.8,0.3,5.27,6.7,8.82,7.03,3.0,2.62,8.0,0.7,-1.68,-1.28,-1.0,-1.34,3.0,0.5,8.0,0.7,-8.65,-6.58,-5.17,-6.9,3.0,2.57,8.0,0.7,989.29,998.25,1003.99,997.25,12.0,7.14,18.0,0.4,8.0,8.0,8.0,8.0,5.0,0.0,12.0,0.6,91.3,91.3,93.5,92.8,12.0,3.4,18.0,0.4,0.8,0.3,-15.2,-8.6,-5.5,-10.3,3.0,7.3,8.0,0.7,-78.3,-44.1,-28.2,-53.0,3.0,37.6,8.0,0.7,,,,,,,,,,,,,,,,,,,,,,,,,,,,,,,,,,,,,,,,,,,,,,,,,,,,,,,,,,,,,,,,,,,,,,,,,,,,,,,,,,,,,,,,,,,,,,,,
1887,9,254.3,-27.4,,,,,,,,,,,,,,,,,,,,,,,,,,,,,,,,,,,6.7,6.7,6.7,6.7,2.0,0.0,8.0,1.0,-5.57,-3.31,-1.05,-3.31,2.0,4.68,8.0,1.0,0.18,2.83,5.47,2.83,2.0,5.48,8.0,1.0,1020.71,1021.6,1022.49,1021.6,2.0,1.84,8.0,1.0,,,,,,,,,,,,,,,,,,,,,,,,,,,,,,,,,,,,,,,,,,,,,,,,,,,,,,,,,,,,,,,,,,,,,,,,,,,,,,,,,,,,,,,,,,,,,,,,,,,,,,,,,,,,,,,,,,,,,,,,,,,,,,,,,,
1887,9,254.3,-25.4,,,,,,,,,,,,,,,,,,,,,,,,,,,,,,,,,,,6.7,6.7,6.7,6.7,10.0,0.0,12.0,0.3,-6.62,-6.6,-6.6,-6.51,10.0,0.29,12.0,0.3,-1.16,-1.16,-1.05,-1.36,10.0,0.77,12.0,0.3,1021.9,1022.85,1023.78,1022.83,12.0,0.88,12.0,0.4,,,,,,,,,,,,,,,,,,,,,,,,,,,,,,,,,,,,,,,,,,,,,,,,,,,,,,,,,,,,,,,,,,,,,,,,,,,,,,,,,,,,,,,,,,,,,,,,,,,,,,,,,,,,,,,,,,,,,,,,,,,,,,,,,,
1887,9,254.3,8.6,,,,,,,,,,,,,,,,,,,,,,,,,,,,,,,,,,,2.6,2.6,2.6,2.6,1.0,0.0,26.0,1.0,2.39,2.39,2.39,2.39,1.0,0.0,26.0,1.0,-1.02,-1.02,-1.02,-1.02,1.0,0.0,26.0,1.0,1009.7,1009.7,1009.7,1009.7,1.0,0.0,26.0,1.0,,,,,,,,,,,,,,,,,,,,,,,,,,,,,,,,,,,,,,,,,,,,,,,,,,,,,,,,,,,,,,,,,,,,,,,,,,,,,,,,,,,,,,,,,,,,,,,,,,,,,,,,,,,,,,,,,,,,,,,,,,,,,,,,,,
1887,9,254.3,10.6,,,,,,,,,,,,,,,,,,,,,,,,,,,,,,,,,,,1.25,1.8,2.35,1.8,2.0,1.13,28.0,1.0,-1.55,-0.92,-0.29,-0.92,2.0,1.3,28.0,1.0,-1.71,-1.42,-1.13,-1.42,2.0,0.59,28.0,1.0,1008.94,1009.25,1009.56,1009.25,2.0,0.64,28.0,1.0,,,,,,,,,,,,,,,,,,,,,,,,,,,,,,,,,,,,,,,,,,,,,,,,,,,,,,,,,,,,,,,,,,,,,,,,,,,,,,,,,,,,,,,,,,,,,,,,,,,,,,,,,,,,,,,,,,,,,,,,,,,,,,,,,,
1887,9,254.3,14.6,,,,,,,,,,,,,,,,,,,,,,,,,,,,,,,,,,,4.6,4.6,4.6,4.6,1.0,0.0,30.0,1.0,-3.25,-3.25,-3.25,-3.25,1.0,0.0,30.0,1.0,-3.25,-3.25,-3.25,-3.25,1.0,0.0,30.0,1.0,1009.6,1009.6,1009.6,1009.6,1.0,0.0,30.0,1.0,,,,,,,,,,,,,,,,,,,,,,,,,,,,,,,,,,,,,,,,,,,,,,,,,,,,,,,,,,,,,,,,,,,,,,,,,,,,,,,,,,,,,,,,,,,,,,,,,,,,,,,,,,,,,,,,,,,,,,,,,,,,,,,,,,
1887,9,256.3,-55.4,5.0,5.6,5.6,5.38,35.0,0.29,20.0,0.5,5.0,5.0,5.6,5.35,35.0,0.56,20.0,0.5,4.33,5.15,5.27,4.91,24.0,0.58,20.0,0.4,83.4,91.3,100.0,89.1,33.0,9.6,20.0,0.5,0.6,0.5,4.36,9.55,12.3,8.75,10.0,4.16,18.0,0.7,-3.83,2.62,12.27,3.93,10.0,7.76,18.0,0.7,-7.32,-2.53,-0.95,-3.71,10.0,3.11,18.0,0.7,985.49,993.45,999.01,992.48,24.0,6.06,20.0,0.4,3.0,6.5,8.0,5.7,20.0,2.3,18.0,0.6,83.4,91.3,100.0,89.1,33.0,9.6,20.0,0.5,0.6,0.5,-37.5,15.8,150.9,53.0,10.0,97.2,18.0,0.7,-66.8,-15.2,-8.4,-31.3,10.0,31.9,18.0,0.7,-0.36,0.0,0.6,0.03,35.0,0.55,20.0,0.5,-12.1,0.0,4.0,-1.7,10.0,8.3,18.0,0.7,0.46,0.5,1.38,0.77,24.0,0.61,20.0,0.4,3.3,4.6,5.7,4.7,8.0,1.6,18.0,0.6,-16.8,14.4,82.2,26.5,10.0,46.5,18.0,0.7,-34.8,-12.6,-5.9,-18.9,10.0,13.6,18.0,0.7,-0.2,33.5,64.8,30.9,8.0,39.4,18.0,0.6,-20.3,-10.3,-4.7,-11.8,8.0,8.1,18.0,0.6,-0.2,3.0,5.7,2.8,8.0,3.6,18.0,0.6,-2.7,-1.5,-0.4,-1.8,8.0,1.6,18.0,0.6,139.0,873.0,1861.0,1069.5,10.0,1126.5,18.0,0.7,140.0,875.0,1860.0,1070.0,10.0,1125.0,18.0,0.7
1887,9,256.3,-41.4,,,,,,,,,,,,,,,,,,,,,,,,,,,,,,,,,,,6.7,6.7,6.7,6.7,1.0,0.0,22.0,1.0,2.51,2.51,2.51,2.51,1.0,0.0,22.0,1.0,-6.21,-6.21,-6.21,-6.21,1.0,0.0,22.0,1.0,1017.7,1017.7,1017.7,1017.7,1.0,0.0,22.0,1.0,,,,,,,,,,,,,,,,,,,,,,,,,,,,,,,,,,,,,,,,,,,,,,,,,,,,,,,,,,,,,,,,,,,,,,,,,,,,,,,,,,,,,,,,,,,,,,,,,,,,,,,,,,,,,,,,,,,,,,,,,,,,,,,,,,
1887,9,256.3,-37.4,,,,,,,,,,,,,,,,,,,,,,,,,,,,,,,,,,,9.3,9.3,9.3,9.3,1.0,0.0,6.0,1.0,9.26,9.26,9.26,9.26,1.0,0.0,6.0,1.0,0.81,0.81,0.81,0.81,1.0,0.0,6.0,1.0,1014.3,1014.3,1014.3,1014.3,1.0,0.0,6.0,1.0,,,,,,,,,,,,,,,,,,,,,,,,,,,,,,,,,,,,,,,,,,,,,,,,,,,,,,,,,,,,,,,,,,,,,,,,,,,,,,,,,,,,,,,,,,,,,,,,,,,,,,,,,,,,,,,,,,,,,,,,,,,,,,,,,,
1887,9,256.3,-35.4,,,,,,,,,,,,,,,,,,,,,,,,,,,,,,,,,,,5.27,6.7,6.7,6.0,3.0,1.21,6.0,0.7,4.82,6.44,6.59,5.72,3.0,1.44,6.0,0.7,-2.06,-1.85,-1.06,-1.57,3.0,0.77,6.0,0.7,1015.76,1016.1,1016.34,1016.04,11.0,0.28,6.0,0.4,,,,,,,,,,,,,,,,,,,,,,,,,,,,,,,,,,,,,,,,,,,,,,,,,,,,,,,,,,,,,,,,,,,,,,,,,,,,,,,,,,,,,,,,,,,,,,,,,,,,,,,,,,,,,,,,,,,,,,,,,,,,,,,,,,
1887,9,256.3,-33.4,,,,,,,,,,,,,,,,,,,,,,,,,,,,,,,,,,,1.0,4.6,6.7,4.09,17.0,2.93,6.0,0.6,-5.28,0.0,3.39,-0.56,17.0,4.29,6.0,0.6,-0.97,0.0,3.43,0.62,17.0,2.69,6.0,0.6,1013.84,1014.35,1015.76,1014.58,16.0,1.12,6.0,0.6,,,,,,,,,,,,,,,,,,,,,,,,,,,,,,,,,,,,,,,,,,,,,,,,,,,,,,,,,,,,,,,,,,,,,,,,,,,,,,,,,,,,,,,,,,,,,,,,,,,,,,,,,,,,,,,,,,,,,,,,,,,,,,,,,,
1887,9,256.3,-31.4,,,,,,,,,,,,,,,,,,,,,,,,,,,,,,,,,,,1.35,2.6,2.6,2.41,15.0,1.3,8.0,0.5,-1.97,-1.71,1.79,-0.83,15.0,1.91,8.0,0.5,-1.35,1.96,1.96,0.92,15.0,1.62,8.0,0.5,1016.9,1018.8,1019.27,1018.25,21.0,1.05,8.0,0.4,,,,,,,,,,,,,,,,,,,,,,,,,,,,,,,,,,,,,,,,,,,,,,,,,,,,,,,,,,,,,,,,,,,,,,,,,,,,,,,,,,,,,,,,,,,,,,,,,,,,,,,,,,,,,,,,,,,,,,,,,,,,,,,,,,
1887,9,256.3,-29.4,,,,,,,,,,,,,,,,,,,,,,,,,,,,,,,,,,,2.6,2.6,4.6,3.6,22.0,1.77,10.0,0.5,-2.08,0.67,4.44,0.77,22.0,3.16,10.0,0.5,-1.02,2.08,3.67,1.61,22.0,1.84,10.0,0.5,1019.8,1021.0,1022.5,1021.19,20.0,1.3,10.0,0.5,,,,,,,,,,,,,,,,,,,,,,,,,,,,,,,,,,,,,,,,,,,,,,,,,,,,,,,,,,,,,,,,,,,,,,,,,,,,,,,,,,,,,,,,,,,,,,,,,,,,,,,,,,,,,,,,,,,,,,,,,,,,,,,,,,
1887,9,256.3,-27.4,,,,,,,,,,,,,,,,,,,,,,,,,,,,,,,,,,,4.6,6.7,6.7,5.75,11.0,1.1,12.0,0.4,-5.65,-5.35,-1.22,-3.97,11.0,2.2,12.0,0.4,2.47,4.03,4.41,3.38,11.0,1.66,12.0,0.4,1022.22,1022.6,1023.24,1022.75,11.0,0.54,12.0,0.4,,,,,,,,,,,,,,,,,,,,,,,,,,,,,,,,,,,,,,,,,,,,,,,,,,,,,,,,,,,,,,,,,,,,,,,,,,,,,,,,,,,,,,,,,,,,,,,,,,,,,,,,,,,,,,,,,,,,,,,,,,,,,,,,,,
1887,9,256.3,0.6,,,,,,,,,,,,,,,,,,,,,,,,,,,,,,,,,,,4.6,4.6,4.6,4.6,1.0,0.0,22.0,1.0,-1.72,-1.72,-1.72,-1.72,1.0,0.0,22.0,1.0,4.27,4.27,4.27,4.27,1.0,0.0,22.0,1.0,1013.2,1013.2,1013.2,1013.2,1.0,0.0,22.0,1.0,,,,,,,,,,,,,,,,,,,,,,,,,,,,,,,,,,,,,,,,,,,,,,,,,,,,,,,,,,,,,,,,,,,,,,,,,,,,,,,,,,,,,,,,,,,,,,,,,,,,,,,,,,,,,,,,,,,,,,,,,,,,,,,,,,
1887,9,256.3,4.6,,,,,,,,,,,,,,,,,,,,,,,,,,,,,,,,,,,4.6,4.6,4.6,4.6,1.0,0.0,24.0,1.0,0.0,0.0,0.0,0.0,1.0,0.0,24.0,1.0,4.6,4.6,4.6,4.6,1.0,0.0,24.0,1.0,1012.4,1012.4,1012.4,1012.4,1.0,0.0,24.0,1.0,,,,,,,,,,,,,,,,,,,,,,,,,,,,,,,,,,,,,,,,,,,,,,,,,,,,,,,,,,,,,,,,,,,,,,,,,,,,,,,,,,,,,,,,,,,,,,,,,,,,,,,,,,,,,,,,,,,,,,,,,,,,,,,,,,
1887,9,256.3,6.6,,,,,,,,,,,,,,,,,,,,,,,,,,,,,,,,,,,1.57,2.8,4.03,2.8,2.0,2.55,24.0,1.0,0.11,0.35,0.59,0.35,2.0,0.5,24.0,1.0,0.14,1.95,3.76,1.95,2.0,3.75,24.0,1.0,1010.98,1011.15,1011.32,1011.15,2.0,0.35,24.0,1.0,,,,,,,,,,,,,,,,,,,,,,,,,,,,,,,,,,,,,,,,,,,,,,,,,,,,,,,,,,,,,,,,,,,,,,,,,,,,,,,,,,,,,,,,,,,,,,,,,,,,,,,,,,,,,,,,,,,,,,,,,,,,,,,,,,
1887,9,256.3,8.6,,,,,,,,,,,,,,,,,,,,,,,,,,,,,,,,,,,1.0,1.0,1.0,1.0,1.0,0.0,28.0,1.0,-0.93,-0.93,-0.93,-0.93,1.0,0.0,28.0,1.0,-0.37,-0.37,-0.37,-0.37,1.0,0.0,28.0,1.0,1008.3,1008.3,1008.3,1008.3,1.0,0.0,28.0,1.0,,,,,,,,,,,,,,,,,,,,,,,,,,,,,,,,,,,,,,,,,,,,,,,,,,,,,,,,,,,,,,,,,,,,,,,,,,,,,,,,,,,,,,,,,,,,,,,,,,,,,,,,,,,,,,,,,,,,,,,,,,,,,,,,,,
1887,9,256.3,12.6,,,,,,,,,,,,,,,,,,,,,,,,,,,,,,,,,,,5.35,6.95,8.55,6.95,2.0,3.32,30.0,1.0,-7.72,-5.91,-4.1,-5.91,2.0,3.75,30.0,1.0,-2.16,0.19,2.54,0.19,2.0,4.87,30.0,1.0,1010.0,1010.0,1010.0,1010.0,1.0,0.0,30.0,1.0,,,,,,,,,,,,,,,,,,,,,,,,,,,,,,,,,,,,,,,,,,,,,,,,,,,,,,,,,,,,,,,,,,,,,,,,,,,,,,,,,,,,,,,,,,,,,,,,,,,,,,,,,,,,,,,,,,,,,,,,,,,,,,,,,,
1887,9,258.3,-39.4,,,,,,,,,,,,,,,,,,,,,,,,,,,,,,,,,,,9.3,10.8,12.3,10.8,4.0,1.73,4.0,0.5,9.21,10.55,12.08,10.64,4.0,1.66,4.0,0.5,-1.29,-0.22,2.08,0.36,4.0,2.14,4.0,0.5,1007.42,1009.7,1010.53,1009.07,9.0,1.97,4.0,0.7,,,,,,,,,,,,,,,,,,,,,,,,,,,,,,,,,,,,,,,,,,,,,,,,,,,,,,,,,,,,,,,,,,,,,,,,,,,,,,,,,,,,,,,,,,,,,,,,,,,,,,,,,,,,,,,,,,,,,,,,,,,,,,,,,,
1887,9,258.3,-37.4,,,,,,,,,,,,,,,,,,,,,,,,,,,,,,,,,,,9.63,12.3,12.3,11.55,8.0,1.39,6.0,0.5,9.55,12.25,12.25,11.49,8.0,1.41,6.0,0.5,-1.03,1.07,1.07,0.48,8.0,1.1,6.0,0.5,1013.32,1013.8,1014.8,1014.04,8.0,0.75,6.0,0.5,,,,,,,,,,,,,,,,,,,,,,,,,,,,,,,,,,,,,,,,,,,,,,,,,,,,,,,,,,,,,,,,,,,,,,,,,,,,,,,,,,,,,,,,,,,,,,,,,,,,,,,,,,,,,,,,,,,,,,,,,,,,,,,,,,
1887,9,258.3,-3.4,,,,,,,,,,,,,,,,,,,,,,,,,,,,,,,,,,,4.6,4.6,4.6,4.6,1.0,0.0,20.0,1.0,-3.25,-3.25,-3.25,-3.25,1.0,0.0,20.0,1.0,3.25,3.25,3.25,3.25,1.0,0.0,20.0,1.0,1015.1,1015.1,1015.1,1015.1,1.0,0.0,20.0,1.0,,,,,,,,,,,,,,,,,,,,,,,,,,,,,,,,,,,,,,,,,,,,,,,,,,,,,,,,,,,,,,,,,,,,,,,,,,,,,,,,,,,,,,,,,,,,,,,,,,,,,,,,,,,,,,,,,,,,,,,,,,,,,,,,,,
1887,9,258.3,-1.4,,,,,,,,,,,,,,,,,,,,,,,,,,,,,,,,,,,2.6,2.6,2.6,2.6,1.0,0.0,22.0,1.0,-1.84,-1.84,-1.84,-1.84,1.0,0.0,22.0,1.0,1.84,1.84,1.84,1.84,1.0,0.0,22.0,1.0,1015.7,1015.7,1015.7,1015.7,1.0,0.0,22.0,1.0,,,,,,,,,,,,,,,,,,,,,,,,,,,,,,,,,,,,,,,,,,,,,,,,,,,,,,,,,,,,,,,,,,,,,,,,,,,,,,,,,,,,,,,,,,,,,,,,,,,,,,,,,,,,,,,,,,,,,,,,,,,,,,,,,,
1887,9,258.3,0.6,,,,,,,,,,,,,,,,,,,,,,,,,,,,,,,,,,,2.6,2.6,2.6,2.6,1.0,0.0,22.0,1.0,-1.84,-1.84,-1.84,-1.84,1.0,0.0,22.0,1.0,1.84,1.84,1.84,1.84,1.0,0.0,22.0,1.0,1015.0,1015.0,1015.0,1015.0,1.0,0.0,22.0,1.0,,,,,,,,,,,,,,,,,,,,,,,,,,,,,,,,,,,,,,,,,,,,,,,,,,,,,,,,,,,,,,,,,,,,,,,,,,,,,,,,,,,,,,,,,,,,,,,,,,,,,,,,,,,,,,,,,,,,,,,,,,,,,,,,,,
1887,9,258.3,4.6,,,,,,,,,,,,,,,,,,,,,,,,,,,,,,,,,,,4.6,4.6,4.6,4.6,1.0,0.0,24.0,1.0,0.0,0.0,0.0,0.0,1.0,0.0,24.0,1.0,4.6,4.6,4.6,4.6,1.0,0.0,24.0,1.0,1013.3,1013.3,1013.3,1013.3,1.0,0.0,24.0,1.0,,,,,,,,,,,,,,,,,,,,,,,,,,,,,,,,,,,,,,,,,,,,,,,,,,,,,,,,,,,,,,,,,,,,,,,,,,,,,,,,,,,,,,,,,,,,,,,,,,,,,,,,,,,,,,,,,,,,,,,,,,,,,,,,,,
1887,9,258.3,6.6,,,,,,,,,,,,,,,,,,,,,,,,,,,,,,,,,,,4.6,4.6,4.6,4.6,1.0,0.0,24.0,1.0,0.0,0.0,0.0,0.0,1.0,0.0,24.0,1.0,4.6,4.6,4.6,4.6,1.0,0.0,24.0,1.0,1011.7,1011.7,1011.7,1011.7,1.0,0.0,24.0,1.0,,,,,,,,,,,,,,,,,,,,,,,,,,,,,,,,,,,,,,,,,,,,,,,,,,,,,,,,,,,,,,,,,,,,,,,,,,,,,,,,,,,,,,,,,,,,,,,,,,,,,,,,,,,,,,,,,,,,,,,,,,,,,,,,,,
1887,9,258.3,8.6,,,,,,,,,,,,,,,,,,,,,,,,,,,,,,,,,,,0.41,1.3,2.19,1.3,2.0,1.84,26.0,1.0,0.38,1.2,2.01,1.2,2.0,1.69,26.0,1.0,-0.85,-0.51,-0.16,-0.51,2.0,0.72,26.0,1.0,1010.2,1010.85,1011.5,1010.85,2.0,1.34,26.0,1.0,,,,,,,,,,,,,,,,,,,,,,,,,,,,,,,,,,,,,,,,,,,,,,,,,,,,,,,,,,,,,,,,,,,,,,,,,,,,,,,,,,,,,,,,,,,,,,,,,,,,,,,,,,,,,,,,,,,,,,,,,,,,,,,,,,
1887,9,258.3,10.6,,,,,,,,,,,,,,,,,,,,,,,,,,,,,,,,,,,0.32,1.0,2.09,1.2,3.0,1.31,28.0,1.0,-1.48,-0.71,-0.22,-0.85,3.0,0.93,28.0,1.0,0.22,0.71,1.48,0.85,3.0,0.93,28.0,1.0,1009.16,1009.5,1009.84,1009.5,2.0,0.71,28.0,1.0,,,,,,,,,,,,,,,,,,,,,,,,,,,,,,,,,,,,,,,,,,,,,,,,,,,,,,,,,,,,,,,,,,,,,,,,,,,,,,,,,,,,,,,,,,,,,,,,,,,,,,,,,,,,,,,,,,,,,,,,,,,,,,,,,,
1887,9,260.3,-41.4,,,,,,,,,,,,,,,,,,,,,,,,,,,,,,,,,,,15.4,15.4,15.4,15.4,3.0,0.0,4.0,0.0,13.96,13.96,13.96,13.96,3.0,0.0,4.0,0.0,6.51,6.51,6.51,6.51,3.0,0.0,4.0,0.0,1000.13,1001.5,1003.34,1001.73,3.0,2.36,4.0,0.0,,,,,,,,,,,,,,,,,,,,,,,,,,,,,,,,,,,,,,,,,,,,,,,,,,,,,,,,,,,,,,,,,,,,,,,,,,,,,,,,,,,,,,,,,,,,,,,,,,,,,,,,,,,,,,,,,,,,,,,,,,,,,,,,,,
1887,9,260.3,-39.4,,,,,,,,,,,,,,,,,,,,,,,,,,,,,,,,,,,8.08,11.05,14.02,11.05,2.0,6.15,14.0,0.5,0.16,6.13,12.1,6.13,2.0,12.37,14.0,0.5,-4.56,-1.09,2.37,-1.09,2.0,7.18,14.0,0.5,1006.53,1010.25,1013.97,1010.25,2.0,7.71,14.0,0.5,,,,,,,,,,,,,,,,,,,,,,,,,,,,,,,,,,,,,,,,,,,,,,,,,,,,,,,,,,,,,,,,,,,,,,,,,,,,,,,,,,,,,,,,,,,,,,,,,,,,,,,,,,,,,,,,,,,,,,,,,,,,,,,,,,
1887,9,260.3,-7.4,,,,,,,,,,,,,,,,,,,,,,,,,,,,,,,,,,,6.7,6.7,6.7,6.7,1.0,0.0,18.0,1.0,-2.51,-2.51,-2.51,-2.51,1.0,0.0,18.0,1.0,6.21,6.21,6.21,6.21,1.0,0.0,18.0,1.0,1015.5,1015.5,1015.5,1015.5,1.0,0.0,18.0,1.0,,,,,,,,,,,,,,,,,,,,,,,,,,,,,,,,,,,,,,,,,,,,,,,,,,,,,,,,,,,,,,,,,,,,,,,,,,,,,,,,,,,,,,,,,,,,,,,,,,,,,,,,,,,,,,,,,,,,,,,,,,,,,,,,,,
1887,9,260.3,-5.4,,,,,,,,,,,,,,,,,,,,,,,,,,,,,,,,,,,4.6,4.6,4.6,4.6,1.0,0.0,20.0,1.0,-3.25,-3.25,-3.25,-3.25,1.0,0.0,20.0,1.0,3.25,3.25,3.25,3.25,1.0,0.0,20.0,1.0,1014.9,1014.9,1014.9,1014.9,1.0,0.0,20.0,1.0,,,,,,,,,,,,,,,,,,,,,,,,,,,,,,,,,,,,,,,,,,,,,,,,,,,,,,,,,,,,,,,,,,,,,,,,,,,,,,,,,,,,,,,,,,,,,,,,,,,,,,,,,,,,,,,,,,,,,,,,,,,,,,,,,,
1887,9,260.3,-1.4,,,,,,,,,,,,,,,,,,,,,,,,,,,,,,,,,,,4.6,4.6,4.6,4.6,1.0,0.0,22.0,1.0,-3.25,-3.25,-3.25,-3.25,1.0,0.0,22.0,1.0,3.25,3.25,3.25,3.25,1.0,0.0,22.0,1.0,1017.5,1017.5,1017.5,1017.5,1.0,0.0,22.0,1.0,,,,,,,,,,,,,,,,,,,,,,,,,,,,,,,,,,,,,,,,,,,,,,,,,,,,,,,,,,,,,,,,,,,,,,,,,,,,,,,,,,,,,,,,,,,,,,,,,,,,,,,,,,,,,,,,,,,,,,,,,,,,,,,,,,
1887,9,260.3,0.6,,,,,,,,,,,,,,,,,,,,,,,,,,,,,,,,,,,4.93,5.65,6.37,5.65,2.0,1.48,22.0,1.0,-5.46,-3.95,-2.43,-3.95,2.0,3.14,22.0,1.0,2.88,3.44,4.0,3.44,2.0,1.16,22.0,1.0,1013.7,1013.7,1013.7,1013.7,1.0,0.0,22.0,1.0,,,,,,,,,,,,,,,,,,,,,,,,,,,,,,,,,,,,,,,,,,,,,,,,,,,,,,,,,,,,,,,,,,,,,,,,,,,,,,,,,,,,,,,,,,,,,,,,,,,,,,,,,,,,,,,,,,,,,,,,,,,,,,,,,,
1887,9,262.3,-57.4,,,,,,,,,,,,,,,,,,,,,,,,,,,,,,,,,,,3.25,4.65,6.05,4.65,2.0,2.9,14.0,0.5,-0.91,0.25,1.42,0.25,2.0,2.41,14.0,0.5,-5.73,-4.28,-2.83,-4.28,2.0,3.01,14.0,0.5,977.92,978.6,978.88,978.4,12.0,0.75,22.0,0.5,,,,,,,,,,,,,,,,,,,,,,,,,,,,,,,,,,,,,,,,,,,,,,,,,,,,,,,,,,,,,,,,,,,,,,,,,,,,,,,,,,,,,,,,,,,,,,,,,,,,,,,,,,,,,,,,,,,,,,,,,,,,,,,,,,
1887,9,262.3,-55.4,,,,,,,,,,,,,,,,,,,,,,,,,,,,,,,,,,,6.7,8.0,9.56,8.13,4.0,1.66,14.0,0.8,-1.9,0.0,1.31,-0.28,4.0,2.53,14.0,0.8,-9.21,-7.63,-6.44,-7.82,4.0,1.66,14.0,0.8,1006.6,1006.6,1006.6,1006.6,1.0,0.0,8.0,1.0,,,,,,,,,,,,,,,,,,,,,,,,,,,,,,,,,,,,,,,,,,,,,,,,,,,,,,,,,,,,,,,,,,,,,,,,,,,,,,,,,,,,,,,,,,,,,,,,,,,,,,,,,,,,,,,,,,,,,,,,,,,,,,,,,,
1887,9,262.3,-41.4,,,,,,,,,,,,,,,,,,,,,,,,,,,,,,,,,,,4.41,6.7,9.59,6.6,13.0,3.88,4.0,0.5,-3.46,-2.44,6.3,-0.01,13.0,5.82,4.0,0.5,-5.82,-3.36,2.94,-2.41,13.0,4.7,4.0,0.5,994.49,997.8,1003.9,999.06,15.0,4.29,2.0,0.6,,,,,,,,,,,,,,,,,,,,,,,,,,,,,,,,,,,,,,,,,,,,,,,,,,,,,,,,,,,,,,,,,,,,,,,,,,,,,,,,,,,,,,,,,,,,,,,,,,,,,,,,,,,,,,,,,,,,,,,,,,,,,,,,,,
1887,9,262.3,-39.4,,,,,,,,,,,,,,,,,,,,,,,,,,,,,,,,,,,0.16,0.5,0.84,0.5,2.0,0.71,24.0,1.0,0.14,0.43,0.73,0.43,2.0,0.61,24.0,1.0,0.08,0.25,0.42,0.25,2.0,0.35,24.0,1.0,1021.19,1023.95,1026.71,1023.95,2.0,5.73,24.0,1.0,,,,,,,,,,,,,,,,,,,,,,,,,,,,,,,,,,,,,,,,,,,,,,,,,,,,,,,,,,,,,,,,,,,,,,,,,,,,,,,,,,,,,,,,,,,,,,,,,,,,,,,,,,,,,,,,,,,,,,,,,,,,,,,,,,
1887,9,262.3,-11.4,,,,,,,,,,,,,,,,,,,,,,,,,,,,,,,,,,,4.6,4.6,4.6,4.6,1.0,0.0,16.0,1.0,-3.25,-3.25,-3.25,-3.25,1.0,0.0,16.0,1.0,3.25,3.25,3.25,3.25,1.0,0.0,16.0,1.0,1017.6,1017.6,1017.6,1017.6,1.0,0.0,16.0,1.0,,,,,,,,,,,,,,,,,,,,,,,,,,,,,,,,,,,,,,,,,,,,,,,,,,,,,,,,,,,,,,,,,,,,,,,,,,,,,,,,,,,,,,,,,,,,,,,,,,,,,,,,,,,,,,,,,,,,,,,,,,,,,,,,,,
1887,9,262.3,-9.4,,,,,,,,,,,,,,,,,,,,,,,,,,,,,,,,,,,4.6,4.6,4.6,4.6,1.0,0.0,18.0,1.0,-1.72,-1.72,-1.72,-1.72,1.0,0.0,18.0,1.0,4.27,4.27,4.27,4.27,1.0,0.0,18.0,1.0,1016.2,1016.2,1016.2,1016.2,1.0,0.0,18.0,1.0,,,,,,,,,,,,,,,,,,,,,,,,,,,,,,,,,,,,,,,,,,,,,,,,,,,,,,,,,,,,,,,,,,,,,,,,,,,,,,,,,,,,,,,,,,,,,,,,,,,,,,,,,,,,,,,,,,,,,,,,,,,,,,,,,,
1887,9,262.3,-5.4,,,,,,,,,,,,,,,,,,,,,,,,,,,,,,,,,,,4.6,4.6,4.6,4.6,1.0,0.0,20.0,1.0,-4.23,-4.23,-4.23,-4.23,1.0,0.0,20.0,1.0,1.8,1.8,1.8,1.8,1.0,0.0,20.0,1.0,1015.5,1015.5,1015.5,1015.5,1.0,0.0,20.0,1.0,,,,,,,,,,,,,,,,,,,,,,,,,,,,,,,,,,,,,,,,,,,,,,,,,,,,,,,,,,,,,,,,,,,,,,,,,,,,,,,,,,,,,,,,,,,,,,,,,,,,,,,,,,,,,,,,,,,,,,,,,,,,,,,,,,
1887,9,262.3,-3.4,,,,,,,,,,,,,,,,,,,,,,,,,,,,,,,,,,,2.6,2.6,2.6,2.6,1.0,0.0,20.0,1.0,-2.39,-2.39,-2.39,-2.39,1.0,0.0,20.0,1.0,1.02,1.02,1.02,1.02,1.0,0.0,20.0,1.0,1016.2,1016.2,1016.2,1016.2,1.0,0.0,20.0,1.0,,,,,,,,,,,,,,,,,,,,,,,,,,,,,,,,,,,,,,,,,,,,,,,,,,,,,,,,,,,,,,,,,,,,,,,,,,,,,,,,,,,,,,,,,,,,,,,,,,,,,,,,,,,,,,,,,,,,,,,,,,,,,,,,,,
1887,9,264.3,-41.4,,,,,,,,,,,,,,,,,,,,,,,,,,,,,,,,,,,15.4,15.4,15.4,15.4,1.0,0.0,4.0,1.0,5.77,5.77,5.77,5.77,1.0,0.0,4.0,1.0,-14.28,-14.28,-14.28,-14.28,1.0,0.0,4.0,1.0,992.0,992.0,992.0,992.0,1.0,0.0,4.0,1.0,,,,,,,,,,,,,,,,,,,,,,,,,,,,,,,,,,,,,,,,,,,,,,,,,,,,,,,,,,,,,,,,,,,,,,,,,,,,,,,,,,,,,,,,,,,,,,,,,,,,,,,,,,,,,,,,,,,,,,,,,,,,,,,,,,
1887,9,264.3,-19.4,,,,,,,,,,,,,,,,,,,,,,,,,,,,,,,,,,,4.6,4.6,4.6,4.6,1.0,0.0,14.0,1.0,-3.25,-3.25,-3.25,-3.25,1.0,0.0,14.0,1.0,3.25,3.25,3.25,3.25,1.0,0.0,14.0,1.0,1021.1,1021.1,1021.1,1021.1,1.0,0.0,14.0,1.0,,,,,,,,,,,,,,,,,,,,,,,,,,,,,,,,,,,,,,,,,,,,,,,,,,,,,,,,,,,,,,,,,,,,,,,,,,,,,,,,,,,,,,,,,,,,,,,,,,,,,,,,,,,,,,,,,,,,,,,,,,,,,,,,,,
1887,9,264.3,-17.4,,,,,,,,,,,,,,,,,,,,,,,,,,,,,,,,,,,4.6,4.6,4.6,4.6,1.0,0.0,14.0,1.0,-3.25,-3.25,-3.25,-3.25,1.0,0.0,14.0,1.0,3.25,3.25,3.25,3.25,1.0,0.0,14.0,1.0,1018.9,1018.9,1018.9,1018.9,1.0,0.0,14.0,1.0,,,,,,,,,,,,,,,,,,,,,,,,,,,,,,,,,,,,,,,,,,,,,,,,,,,,,,,,,,,,,,,,,,,,,,,,,,,,,,,,,,,,,,,,,,,,,,,,,,,,,,,,,,,,,,,,,,,,,,,,,,,,,,,,,,
1887,9,264.3,-15.4,,,,,,,,,,,,,,,,,,,,,,,,,,,,,,,,,,,2.6,2.6,2.6,2.6,1.0,0.0,16.0,1.0,-0.97,-0.97,-0.97,-0.97,1.0,0.0,16.0,1.0,2.41,2.41,2.41,2.41,1.0,0.0,16.0,1.0,1018.0,1018.0,1018.0,1018.0,1.0,0.0,16.0,1.0,,,,,,,,,,,,,,,,,,,,,,,,,,,,,,,,,,,,,,,,,,,,,,,,,,,,,,,,,,,,,,,,,,,,,,,,,,,,,,,,,,,,,,,,,,,,,,,,,,,,,,,,,,,,,,,,,,,,,,,,,,,,,,,,,,
1887,9,264.3,-13.4,,,,,,,,,,,,,,,,,,,,,,,,,,,,,,,,,,,4.6,4.6,4.6,4.6,1.0,0.0,16.0,1.0,-4.6,-4.6,-4.6,-4.6,1.0,0.0,16.0,1.0,0.0,0.0,0.0,0.0,1.0,0.0,16.0,1.0,1018.7,1018.7,1018.7,1018.7,1.0,0.0,16.0,1.0,,,,,,,,,,,,,,,,,,,,,,,,,,,,,,,,,,,,,,,,,,,,,,,,,,,,,,,,,,,,,,,,,,,,,,,,,,,,,,,,,,,,,,,,,,,,,,,,,,,,,,,,,,,,,,,,,,,,,,,,,,,,,,,,,,
1887,9,264.3,-9.4,,,,,,,,,,,,,,,,,,,,,,,,,,,,,,,,,,,4.93,5.65,6.37,5.65,2.0,1.48,18.0,1.0,-4.66,-4.49,-4.31,-4.49,2.0,0.36,18.0,1.0,2.26,3.27,4.27,3.27,2.0,2.08,18.0,1.0,1017.6,1017.6,1017.6,1017.6,1.0,0.0,18.0,1.0,,,,,,,,,,,,,,,,,,,,,,,,,,,,,,,,,,,,,,,,,,,,,,,,,,,,,,,,,,,,,,,,,,,,,,,,,,,,,,,,,,,,,,,,,,,,,,,,,,,,,,,,,,,,,,,,,,,,,,,,,,,,,,,,,,
1887,9,264.3,-7.4,,,,,,,,,,,,,,,,,,,,,,,,,,,,,,,,,,,4.6,4.6,4.6,4.6,1.0,0.0,18.0,1.0,-4.23,-4.23,-4.23,-4.23,1.0,0.0,18.0,1.0,1.8,1.8,1.8,1.8,1.0,0.0,18.0,1.0,1016.3,1016.3,1016.3,1016.3,1.0,0.0,18.0,1.0,,,,,,,,,,,,,,,,,,,,,,,,,,,,,,,,,,,,,,,,,,,,,,,,,,,,,,,,,,,,,,,,,,,,,,,,,,,,,,,,,,,,,,,,,,,,,,,,,,,,,,,,,,,,,,,,,,,,,,,,,,,,,,,,,,
1887,9,266.3,-57.4,,,,,,,,,,,,,,,,,,,,,,,,,,,,,,,,,,,4.6,9.3,12.3,8.44,7.0,3.26,16.0,0.6,-2.63,1.96,10.9,3.77,7.0,6.44,16.0,0.6,-6.55,-4.37,-3.55,-5.12,7.0,2.26,16.0,0.6,976.7,977.55,978.7,977.68,12.0,0.94,24.0,0.4,,,,,,,,,,,,,,,,,,,,,,,,,,,,,,,,,,,,,,,,,,,,,,,,,,,,,,,,,,,,,,,,,,,,,,,,,,,,,,,,,,,,,,,,,,,,,,,,,,,,,,,,,,,,,,,,,,,,,,,,,,,,,,,,,,
1887,9,266.3,-39.4,,,,,,,,,,,,,,,,,,,,,,,,,,,,,,,,,,,4.6,4.6,4.6,4.6,1.0,0.0,26.0,1.0,-1.8,-1.8,-1.8,-1.8,1.0,0.0,26.0,1.0,-4.23,-4.23,-4.23,-4.23,1.0,0.0,26.0,1.0,1001.98,1010.55,1019.12,1010.55,2.0,17.75,14.0,1.0,,,,,,,,,,,,,,,,,,,,,,,,,,,,,,,,,,,,,,,,,,,,,,,,,,,,,,,,,,,,,,,,,,,,,,,,,,,,,,,,,,,,,,,,,,,,,,,,,,,,,,,,,,,,,,,,,,,,,,,,,,,,,,,,,,
1887,9,266.3,-37.4,,,,,,,,,,,,,,,,,,,,,,,,,,,,,,,,,,,9.3,9.3,11.35,10.3,3.0,1.73,4.0,1.0,7.23,8.62,11.13,9.17,3.0,2.9,4.0,1.0,1.11,3.48,5.59,3.35,3.0,3.29,4.0,1.0,1006.47,1007.25,1008.04,1007.25,2.0,1.63,4.0,1.0,,,,,,,,,,,,,,,,,,,,,,,,,,,,,,,,,,,,,,,,,,,,,,,,,,,,,,,,,,,,,,,,,,,,,,,,,,,,,,,,,,,,,,,,,,,,,,,,,,,,,,,,,,,,,,,,,,,,,,,,,,,,,,,,,,
1887,9,266.3,-35.4,,,,,,,,,,,,,,,,,,,,,,,,,,,,,,,,,,,4.93,5.65,6.37,5.65,2.0,1.48,6.0,1.0,4.63,5.47,6.31,5.47,2.0,1.74,6.0,1.0,-1.51,-0.9,-0.29,-0.9,2.0,1.27,6.0,1.0,1014.1,1014.1,1014.1,1014.1,1.0,0.0,6.0,1.0,,,,,,,,,,,,,,,,,,,,,,,,,,,,,,,,,,,,,,,,,,,,,,,,,,,,,,,,,,,,,,,,,,,,,,,,,,,,,,,,,,,,,,,,,,,,,,,,,,,,,,,,,,,,,,,,,,,,,,,,,,,,,,,,,,
1887,9,266.3,-31.4,,,,,,,,,,,,,,,,,,,,,,,,,,,,,,,,,,,4.93,5.65,6.37,5.65,2.0,1.48,6.0,1.0,4.93,5.65,6.37,5.65,2.0,1.48,6.0,1.0,0.0,0.0,0.0,0.0,2.0,0.0,6.0,1.0,1016.37,1016.75,1017.13,1016.75,2.0,0.78,6.0,1.0,,,,,,,,,,,,,,,,,,,,,,,,,,,,,,,,,,,,,,,,,,,,,,,,,,,,,,,,,,,,,,,,,,,,,,,,,,,,,,,,,,,,,,,,,,,,,,,,,,,,,,,,,,,,,,,,,,,,,,,,,,,,,,,,,,
1887,9,266.3,-27.4,,,,,,,,,,,,,,,,,,,,,,,,,,,,,,,,,,,3.25,4.65,6.05,4.65,2.0,2.9,8.0,1.0,-0.79,1.45,3.69,1.45,2.0,4.65,8.0,1.0,-4.28,-3.29,-2.3,-3.29,2.0,2.05,8.0,1.0,1018.0,1018.0,1018.0,1018.0,1.0,0.0,10.0,1.0,,,,,,,,,,,,,,,,,,,,,,,,,,,,,,,,,,,,,,,,,,,,,,,,,,,,,,,,,,,,,,,,,,,,,,,,,,,,,,,,,,,,,,,,,,,,,,,,,,,,,,,,,,,,,,,,,,,,,,,,,,,,,,,,,,
1887,9,266.3,-25.4,,,,,,,,,,,,,,,,,,,,,,,,,,,,,,,,,,,1.25,1.8,2.35,1.8,2.0,1.13,10.0,1.0,-1.4,-0.46,0.48,-0.46,2.0,1.95,10.0,1.0,-0.04,0.72,1.48,0.72,2.0,1.58,10.0,1.0,1020.07,1020.65,1021.23,1020.65,2.0,1.2,10.0,1.0,,,,,,,,,,,,,,,,,,,,,,,,,,,,,,,,,,,,,,,,,,,,,,,,,,,,,,,,,,,,,,,,,,,,,,,,,,,,,,,,,,,,,,,,,,,,,,,,,,,,,,,,,,,,,,,,,,,,,,,,,,,,,,,,,,
1887,9,266.3,-21.4,,,,,,,,,,,,,,,,,,,,,,,,,,,,,,,,,,,4.6,4.6,4.6,4.6,1.0,0.0,12.0,1.0,-3.25,-3.25,-3.25,-3.25,1.0,0.0,12.0,1.0,3.25,3.25,3.25,3.25,1.0,0.0,12.0,1.0,1022.1,1022.1,1022.1,1022.1,1.0,0.0,12.0,1.0,,,,,,,,,,,,,,,,,,,,,,,,,,,,,,,,,,,,,,,,,,,,,,,,,,,,,,,,,,,,,,,,,,,,,,,,,,,,,,,,,,,,,,,,,,,,,,,,,,,,,,,,,,,,,,,,,,,,,,,,,,,,,,,,,,
1887,9,266.3,-19.4,,,,,,,,,,,,,,,,,,,,,,,,,,,,,,,,,,,4.6,4.6,4.6,4.6,1.0,0.0,14.0,1.0,-3.25,-3.25,-3.25,-3.25,1.0,0.0,14.0,1.0,3.25,3.25,3.25,3.25,1.0,0.0,14.0,1.0,1021.7,1021.7,1021.7,1021.7,1.0,0.0,14.0,1.0,,,,,,,,,,,,,,,,,,,,,,,,,,,,,,,,,,,,,,,,,,,,,,,,,,,,,,,,,,,,,,,,,,,,,,,,,,,,,,,,,,,,,,,,,,,,,,,,,,,,,,,,,,,,,,,,,,,,,,,,,,,,,,,,,,
1887,9,266.3,-17.4,,,,,,,,,,,,,,,,,,,,,,,,,,,,,,,,,,,2.6,2.6,2.6,2.6,1.0,0.0,14.0,1.0,-1.84,-1.84,-1.84,-1.84,1.0,0.0,14.0,1.0,1.84,1.84,1.84,1.84,1.0,0.0,14.0,1.0,1020.0,1020.0,1020.0,1020.0,1.0,0.0,14.0,1.0,,,,,,,,,,,,,,,,,,,,,,,,,,,,,,,,,,,,,,,,,,,,,,,,,,,,,,,,,,,,,,,,,,,,,,,,,,,,,,,,,,,,,,,,,,,,,,,,,,,,,,,,,,,,,,,,,,,,,,,,,,,,,,,,,,
1887,9,266.3,-15.4,,,,,,,,,,,,,,,,,,,,,,,,,,,,,,,,,,,4.93,5.65,6.37,5.65,2.0,1.48,16.0,1.0,-6.37,-5.65,-4.93,-5.65,2.0,1.48,16.0,1.0,0.0,0.0,0.0,0.0,2.0,0.0,16.0,1.0,1020.3,1020.3,1020.3,1020.3,1.0,0.0,16.0,1.0,,,,,,,,,,,,,,,,,,,,,,,,,,,,,,,,,,,,,,,,,,,,,,,,,,,,,,,,,,,,,,,,,,,,,,,,,,,,,,,,,,,,,,,,,,,,,,,,,,,,,,,,,,,,,,,,,,,,,,,,,,,,,,,,,,
1887,9,268.3,-43.4,,,,,,,,,,,,,,,,,,,,,,,,,,,,,,,,,,,10.25,12.3,12.3,11.3,3.0,1.73,2.0,1.0,-12.02,-11.4,-9.51,-10.78,3.0,1.92,2.0,1.0,-4.25,-3.48,-1.11,-2.7,3.0,2.4,2.0,1.0,1020.05,1020.15,1020.25,1020.15,2.0,0.21,2.0,1.0,,,,,,,,,,,,,,,,,,,,,,,,,,,,,,,,,,,,,,,,,,,,,,,,,,,,,,,,,,,,,,,,,,,,,,,,,,,,,,,,,,,,,,,,,,,,,,,,,,,,,,,,,,,,,,,,,,,,,,,,,,,,,,,,,,
1887,9,268.3,-39.4,,,,,,,,,,,,,,,,,,,,,,,,,,,,,,,,,,,4.6,4.6,4.6,4.6,1.0,0.0,2.0,1.0,-4.6,-4.6,-4.6,-4.6,1.0,0.0,2.0,1.0,0.0,0.0,0.0,0.0,1.0,0.0,2.0,1.0,1011.3,1011.3,1011.3,1011.3,1.0,0.0,2.0,1.0,,,,,,,,,,,,,,,,,,,,,,,,,,,,,,,,,,,,,,,,,,,,,,,,,,,,,,,,,,,,,,,,,,,,,,,,,,,,,,,,,,,,,,,,,,,,,,,,,,,,,,,,,,,,,,,,,,,,,,,,,,,,,,,,,,
1887,9,268.3,-35.4,,,,,,,,,,,,,,,,,,,,,,,,,,,,,,,,,,,2.6,2.6,2.6,2.6,1.0,0.0,6.0,1.0,2.39,2.39,2.39,2.39,1.0,0.0,6.0,1.0,-1.02,-1.02,-1.02,-1.02,1.0,0.0,6.0,1.0,1015.4,1015.4,1015.4,1015.4,1.0,0.0,6.0,1.0,,,,,,,,,,,,,,,,,,,,,,,,,,,,,,,,,,,,,,,,,,,,,,,,,,,,,,,,,,,,,,,,,,,,,,,,,,,,,,,,,,,,,,,,,,,,,,,,,,,,,,,,,,,,,,,,,,,,,,,,,,,,,,,,,,
1887,9,268.3,-29.4,,,,,,,,,,,,,,,,,,,,,,,,,,,,,,,,,,,1.51,2.6,2.6,2.07,3.0,0.92,8.0,1.0,-0.17,0.97,1.56,0.7,3.0,1.29,8.0,1.0,-2.23,-1.84,-1.07,-1.65,3.0,0.87,8.0,1.0,1016.82,1017.3,1018.39,1017.6,3.0,1.18,8.0,1.0,,,,,,,,,,,,,,,,,,,,,,,,,,,,,,,,,,,,,,,,,,,,,,,,,,,,,,,,,,,,,,,,,,,,,,,,,,,,,,,,,,,,,,,,,,,,,,,,,,,,,,,,,,,,,,,,,,,,,,,,,,,,,,,,,,
1887,9,268.3,-27.4,,,,,,,,,,,,,,,,,,,,,,,,,,,,,,,,,,,0.41,1.3,2.19,1.3,2.0,1.84,8.0,1.0,0.15,0.49,0.82,0.49,2.0,0.69,8.0,1.0,-2.03,-1.21,-0.38,-1.21,2.0,1.7,8.0,1.0,1017.9,1018.75,1019.6,1018.75,2.0,1.77,8.0,1.0,,,,,,,,,,,,,,,,,,,,,,,,,,,,,,,,,,,,,,,,,,,,,,,,,,,,,,,,,,,,,,,,,,,,,,,,,,,,,,,,,,,,,,,,,,,,,,,,,,,,,,,,,,,,,,,,,,,,,,,,,,,,,,,,,,
1887,9,268.3,-25.4,,,,,,,,,,,,,,,,,,,,,,,,,,,,,,,,,,,0.83,2.6,2.6,1.73,3.0,1.5,10.0,1.0,0.32,1.02,1.58,0.95,3.0,0.92,10.0,1.0,-1.25,0.0,1.63,0.18,3.0,2.12,10.0,1.0,1021.18,1021.35,1021.52,1021.35,2.0,0.35,10.0,1.0,,,,,,,,,,,,,,,,,,,,,,,,,,,,,,,,,,,,,,,,,,,,,,,,,,,,,,,,,,,,,,,,,,,,,,,,,,,,,,,,,,,,,,,,,,,,,,,,,,,,,,,,,,,,,,,,,,,,,,,,,,,,,,,,,,
1887,9,268.3,-23.4,,,,,,,,,,,,,,,,,,,,,,,,,,,,,,,,,,,4.6,4.6,4.6,4.6,2.0,0.0,12.0,1.0,-3.25,-3.25,-3.25,-3.25,2.0,0.0,12.0,1.0,3.25,3.25,3.25,3.25,2.0,0.0,12.0,1.0,1021.5,1021.5,1021.5,1021.5,1.0,0.0,12.0,1.0,,,,,,,,,,,,,,,,,,,,,,,,,,,,,,,,,,,,,,,,,,,,,,,,,,,,,,,,,,,,,,,,,,,,,,,,,,,,,,,,,,,,,,,,,,,,,,,,,,,,,,,,,,,,,,,,,,,,,,,,,,,,,,,,,,
1887,9,270.3,-57.4,,,,,,,,,,,,,,,,,,,,,,,,,,,,,,,,,,,12.3,12.3,12.3,12.3,1.0,0.0,10.0,1.0,-8.7,-8.7,-8.7,-8.7,1.0,0.0,10.0,1.0,-8.7,-8.7,-8.7,-8.7,1.0,0.0,10.0,1.0,996.4,996.4,996.4,996.4,1.0,0.0,10.0,1.0,,,,,,,,,,,,,,,,,,,,,,,,,,,,,,,,,,,,,,,,,,,,,,,,,,,,,,,,,,,,,,,,,,,,,,,,,,,,,,,,,,,,,,,,,,,,,,,,,,,,,,,,,,,,,,,,,,,,,,,,,,,,,,,,,,
1887,9,270.3,-39.4,,,,,,,,,,,,,,,,,,,,,,,,,,,,,,,,,,,19.0,19.0,19.0,19.0,1.0,0.0,22.0,1.0,17.62,17.62,17.62,17.62,1.0,0.0,22.0,1.0,7.12,7.12,7.12,7.12,1.0,0.0,22.0,1.0,1015.9,1015.9,1015.9,1015.9,1.0,0.0,22.0,1.0,,,,,,,,,,,,,,,,,,,,,,,,,,,,,,,,,,,,,,,,,,,,,,,,,,,,,,,,,,,,,,,,,,,,,,,,,,,,,,,,,,,,,,,,,,,,,,,,,,,,,,,,,,,,,,,,,,,,,,,,,,,,,,,,,,
1887,9,270.3,-37.4,,,,,,,,,,,,,,,,,,,,,,,,,,,,,,,,,,,12.3,12.3,12.3,12.3,1.0,0.0,26.0,1.0,4.61,4.61,4.61,4.61,1.0,0.0,26.0,1.0,-11.4,-11.4,-11.4,-11.4,1.0,0.0,26.0,1.0,1017.9,1017.9,1017.9,1017.9,1.0,0.0,26.0,1.0,,,,,,,,,,,,,,,,,,,,,,,,,,,,,,,,,,,,,,,,,,,,,,,,,,,,,,,,,,,,,,,,,,,,,,,,,,,,,,,,,,,,,,,,,,,,,,,,,,,,,,,,,,,,,,,,,,,,,,,,,,,,,,,,,,
1887,9,272.3,-59.4,,,,,,,,,,,,,,,,,,,,,,,,,,,,,,,,,,,9.3,9.3,9.3,9.3,1.0,0.0,10.0,1.0,-8.62,-8.62,-8.62,-8.62,1.0,0.0,10.0,1.0,-3.48,-3.48,-3.48,-3.48,1.0,0.0,10.0,1.0,994.1,994.1,994.1,994.1,1.0,0.0,10.0,1.0,,,,,,,,,,,,,,,,,,,,,,,,,,,,,,,,,,,,,,,,,,,,,,,,,,,,,,,,,,,,,,,,,,,,,,,,,,,,,,,,,,,,,,,,,,,,,,,,,,,,,,,,,,,,,,,,,,,,,,,,,,,,,,,,,,
1887,9,272.3,-57.4,4.58,5.6,5.6,5.29,13.0,0.5,22.0,0.5,3.9,3.9,5.0,4.27,15.0,0.75,20.0,0.5,4.71,4.71,5.01,4.82,11.0,0.23,24.0,0.5,88.4,91.2,92.5,91.0,11.0,4.1,24.0,0.5,0.5,0.6,2.6,6.7,9.01,6.25,8.0,4.77,18.0,0.4,-6.01,-0.4,1.55,-0.29,8.0,6.49,18.0,0.4,-6.37,-1.0,2.6,-1.07,8.0,4.88,18.0,0.4,976.04,979.2,979.9,979.95,13.0,7.27,24.0,0.5,3.7,6.0,8.0,5.8,12.0,1.9,20.0,0.5,88.4,91.2,92.5,91.0,11.0,4.1,24.0,0.5,0.5,0.6,-40.3,-1.0,4.3,10.4,8.0,84.8,18.0,0.4,-57.9,-2.6,16.3,-17.1,8.0,48.4,18.0,0.4,0.6,1.2,1.7,1.19,13.0,0.46,22.0,0.5,2.3,4.8,13.9,8.2,6.0,9.5,22.0,0.2,0.75,1.11,1.11,0.94,11.0,0.22,24.0,0.5,0.6,1.6,9.9,5.1,4.0,8.0,24.0,0.0,-25.6,-1.3,6.7,-3.0,8.0,27.3,18.0,0.4,-25.6,-4.4,13.2,-5.8,8.0,18.8,18.0,0.4,-1.9,4.5,38.2,17.5,4.0,31.9,24.0,0.0,-22.4,-5.3,6.0,-8.1,4.0,18.9,24.0,0.0,-0.3,0.4,8.3,3.8,4.0,7.6,24.0,0.0,-4.5,-0.5,1.0,-1.7,4.0,4.2,24.0,0.0,17.5,301.0,748.5,674.5,8.0,1232.0,18.0,0.4,20.0,300.0,750.0,675.0,8.0,1230.0,18.0,0.4
1887,9,272.3,-55.4,,,,,,,,,,,,,,,,,,,,,,,,,,,,,,,,,,,4.6,4.6,4.6,4.6,1.0,0.0,4.0,1.0,-4.6,-4.6,-4.6,-4.6,1.0,0.0,4.0,1.0,0.0,0.0,0.0,0.0,1.0,0.0,4.0,1.0,1025.5,1025.5,1025.5,1025.5,1.0,0.0,4.0,1.0,,,,,,,,,,,,,,,,,,,,,,,,,,,,,,,,,,,,,,,,,,,,,,,,,,,,,,,,,,,,,,,,,,,,,,,,,,,,,,,,,,,,,,,,,,,,,,,,,,,,,,,,,,,,,,,,,,,,,,,,,,,,,,,,,,
1887,9,272.3,-53.4,,,,,,,,,,,,,,,,,,,,,,,,,,,,,,,,,,,7.11,8.0,8.89,8.0,2.0,1.84,10.0,1.0,-6.68,-6.64,-6.6,-6.64,2.0,0.09,10.0,1.0,-5.53,-3.29,-1.04,-3.29,2.0,4.65,10.0,1.0,1031.0,1031.0,1031.0,1031.0,1.0,0.0,2.0,1.0,,,,,,,,,,,,,,,,,,,,,,,,,,,,,,,,,,,,,,,,,,,,,,,,,,,,,,,,,,,,,,,,,,,,,,,,,,,,,,,,,,,,,,,,,,,,,,,,,,,,,,,,,,,,,,,,,,,,,,,,,,,,,,,,,,
1887,9,272.3,-49.4,,,,,,,,,,,,,,,,,,,,,,,,,,,,,,,,,,,6.7,6.7,6.7,6.7,1.0,0.0,26.0,1.0,6.17,6.17,6.17,6.17,1.0,0.0,26.0,1.0,-2.62,-2.62,-2.62,-2.62,1.0,0.0,26.0,1.0,989.2,989.2,989.2,989.2,1.0,0.0,26.0,1.0,,,,,,,,,,,,,,,,,,,,,,,,,,,,,,,,,,,,,,,,,,,,,,,,,,,,,,,,,,,,,,,,,,,,,,,,,,,,,,,,,,,,,,,,,,,,,,,,,,,,,,,,,,,,,,,,,,,,,,,,,,,,,,,,,,
1887,9,272.3,-47.4,,,,,,,,,,,,,,,,,,,,,,,,,,,,,,,,,,,19.0,19.0,19.0,19.0,1.0,0.0,26.0,1.0,17.49,17.49,17.49,17.49,1.0,0.0,26.0,1.0,-7.42,-7.42,-7.42,-7.42,1.0,0.0,26.0,1.0,1006.6,1006.6,1006.6,1006.6,1.0,0.0,26.0,1.0,,,,,,,,,,,,,,,,,,,,,,,,,,,,,,,,,,,,,,,,,,,,,,,,,,,,,,,,,,,,,,,,,,,,,,,,,,,,,,,,,,,,,,,,,,,,,,,,,,,,,,,,,,,,,,,,,,,,,,,,,,,,,,,,,,
1887,9,272.3,-45.4,,,,,,,,,,,,,,,,,,,,,,,,,,,,,,,,,,,9.3,9.3,9.3,9.3,1.0,0.0,24.0,1.0,8.62,8.62,8.62,8.62,1.0,0.0,24.0,1.0,3.48,3.48,3.48,3.48,1.0,0.0,24.0,1.0,1021.6,1021.6,1021.6,1021.6,1.0,0.0,24.0,1.0,,,,,,,,,,,,,,,,,,,,,,,,,,,,,,,,,,,,,,,,,,,,,,,,,,,,,,,,,,,,,,,,,,,,,,,,,,,,,,,,,,,,,,,,,,,,,,,,,,,,,,,,,,,,,,,,,,,,,,,,,,,,,,,,,,
1887,9,272.3,-43.4,,,,,,,,,,,,,,,,,,,,,,,,,,,,,,,,,,,2.6,4.6,11.49,6.29,9.0,4.5,26.0,0.4,-8.03,-2.39,3.78,-1.85,9.0,6.6,26.0,0.4,0.0,0.0,2.02,1.54,9.0,3.83,26.0,0.4,1018.0,1018.0,1018.0,1018.0,1.0,0.0,24.0,1.0,,,,,,,,,,,,,,,,,,,,,,,,,,,,,,,,,,,,,,,,,,,,,,,,,,,,,,,,,,,,,,,,,,,,,,,,,,,,,,,,,,,,,,,,,,,,,,,,,,,,,,,,,,,,,,,,,,,,,,,,,,,,,,,,,,
1887,9,272.3,-41.4,,,,,,,,,,,,,,,,,,,,,,,,,,,,,,,,,,,8.27,12.3,13.92,11.15,4.0,4.6,26.0,0.8,7.62,11.7,13.67,10.69,4.0,4.59,26.0,0.8,-3.92,-2.64,-0.21,-2.09,4.0,2.75,26.0,0.8,1029.3,1029.3,1029.3,1029.3,1.0,0.0,22.0,1.0,,,,,,,,,,,,,,,,,,,,,,,,,,,,,,,,,,,,,,,,,,,,,,,,,,,,,,,,,,,,,,,,,,,,,,,,,,,,,,,,,,,,,,,,,,,,,,,,,,,,,,,,,,,,,,,,,,,,,,,,,,,,,,,,,,
1887,9,272.3,-37.4,,,,,,,,,,,,,,,,,,,,,,,,,,,,,,,,,,,6.7,6.7,6.7,6.7,1.0,0.0,20.0,1.0,6.17,6.17,6.17,6.17,1.0,0.0,20.0,1.0,-2.62,-2.62,-2.62,-2.62,1.0,0.0,20.0,1.0,1019.1,1019.1,1019.1,1019.1,1.0,0.0,20.0,1.0,,,,,,,,,,,,,,,,,,,,,,,,,,,,,,,,,,,,,,,,,,,,,,,,,,,,,,,,,,,,,,,,,,,,,,,,,,,,,,,,,,,,,,,,,,,,,,,,,,,,,,,,,,,,,,,,,,,,,,,,,,,,,,,,,,
1887,9,272.3,-35.4,,,,,,,,,,,,,,,,,,,,,,,,,,,,,,,,,,,4.6,4.6,4.6,4.6,1.0,0.0,20.0,1.0,3.25,3.25,3.25,3.25,1.0,0.0,20.0,1.0,3.25,3.25,3.25,3.25,1.0,0.0,20.0,1.0,1016.6,1016.6,1016.6,1016.6,1.0,0.0,20.0,1.0,,,,,,,,,,,,,,,,,,,,,,,,,,,,,,,,,,,,,,,,,,,,,,,,,,,,,,,,,,,,,,,,,,,,,,,,,,,,,,,,,,,,,,,,,,,,,,,,,,,,,,,,,,,,,,,,,,,,,,,,,,,,,,,,,,
1887,9,272.3,-33.4,,,,,,,,,,,,,,,,,,,,,,,,,,,,,,,,,,,3.25,4.65,6.05,4.65,2.0,2.9,18.0,1.0,1.96,2.23,2.49,2.23,2.0,0.55,18.0,1.0,2.53,4.0,5.48,4.0,2.0,3.06,18.0,1.0,1006.26,1010.7,1015.14,1010.7,2.0,9.19,18.0,1.0,,,,,,,,,,,,,,,,,,,,,,,,,,,,,,,,,,,,,,,,,,,,,,,,,,,,,,,,,,,,,,,,,,,,,,,,,,,,,,,,,,,,,,,,,,,,,,,,,,,,,,,,,,,,,,,,,,,,,,,,,,,,,,,,,,
1887,9,272.3,-29.4,,,,,,,,,,,,,,,,,,,,,,,,,,,,,,,,,,,1.57,2.8,4.03,2.8,2.0,2.55,14.0,1.0,1.46,2.6,3.74,2.6,2.0,2.36,14.0,1.0,0.59,1.05,1.51,1.05,2.0,0.95,14.0,1.0,1013.15,1015.85,1018.55,1015.85,2.0,5.59,14.0,1.0,,,,,,,,,,,,,,,,,,,,,,,,,,,,,,,,,,,,,,,,,,,,,,,,,,,,,,,,,,,,,,,,,,,,,,,,,,,,,,,,,,,,,,,,,,,,,,,,,,,,,,,,,,,,,,,,,,,,,,,,,,,,,,,,,,
1887,9,272.3,-27.4,,,,,,,,,,,,,,,,,,,,,,,,,,,,,,,,,,,6.7,6.7,6.7,6.7,1.0,0.0,14.0,1.0,-4.74,-4.74,-4.74,-4.74,1.0,0.0,14.0,1.0,4.74,4.74,4.74,4.74,1.0,0.0,14.0,1.0,1024.4,1024.4,1024.4,1024.4,1.0,0.0,14.0,1.0,,,,,,,,,,,,,,,,,,,,,,,,,,,,,,,,,,,,,,,,,,,,,,,,,,,,,,,,,,,,,,,,,,,,,,,,,,,,,,,,,,,,,,,,,,,,,,,,,,,,,,,,,,,,,,,,,,,,,,,,,,,,,,,,,,
1887,9,272.3,-3.4,,,,,,,,,,,,,,,,,,,,,,,,,,,,,,,,,,,9.3,9.3,9.3,9.3,1.0,0.0,30.0,1.0,0.0,0.0,0.0,0.0,1.0,0.0,30.0,1.0,9.3,9.3,9.3,9.3,1.0,0.0,30.0,1.0,1014.3,1014.3,1014.3,1014.3,1.0,0.0,30.0,1.0,,,,,,,,,,,,,,,,,,,,,,,,,,,,,,,,,,,,,,,,,,,,,,,,,,,,,,,,,,,,,,,,,,,,,,,,,,,,,,,,,,,,,,,,,,,,,,,,,,,,,,,,,,,,,,,,,,,,,,,,,,,,,,,,,,
1887,9,272.3,24.6,,,,,,,,,,,,,,,,,,,,,,,,,,,,,,,,,,,2.6,6.7,6.7,5.39,9.0,2.4,18.0,0.3,-2.6,0.0,2.62,-0.21,9.0,2.92,18.0,0.3,0.0,6.17,6.17,3.83,9.0,3.66,18.0,0.3,1009.8,1009.9,1010.0,1009.9,6.0,0.09,28.0,0.5,,,,,,,,,,,,,,,,,,,,,,,,,,,,,,,,,,,,,,,,,,,,,,,,,,,,,,,,,,,,,,,,,,,,,,,,,,,,,,,,,,,,,,,,,,,,,,,,,,,,,,,,,,,,,,,,,,,,,,,,,,,,,,,,,,
1887,9,272.3,26.6,,,,,,,,,,,,,,,,,,,,,,,,,,,,,,,,,,,4.6,6.7,9.01,6.56,8.0,1.95,26.0,0.4,-6.53,-4.97,-4.27,-5.18,8.0,1.22,26.0,0.4,0.2,2.94,6.37,3.34,8.0,2.85,26.0,0.4,1010.48,1013.2,1014.76,1012.39,8.0,2.98,26.0,0.4,,,,,,,,,,,,,,,,,,,,,,,,,,,,,,,,,,,,,,,,,,,,,,,,,,,,,,,,,,,,,,,,,,,,,,,,,,,,,,,,,,,,,,,,,,,,,,,,,,,,,,,,,,,,,,,,,,,,,,,,,,,,,,,,,,
1887,9,272.3,28.6,,,,,,,,,,,,,,,,,,,,,,,,,,,,,,,,,,,6.7,6.7,6.7,6.7,2.0,0.0,26.0,0.5,-6.17,-6.17,-6.17,-6.17,2.0,0.0,26.0,0.5,2.62,2.62,2.62,2.62,2.0,0.0,26.0,0.5,1015.02,1015.05,1015.08,1015.05,2.0,0.07,26.0,0.5,,,,,,,,,,,,,,,,,,,,,,,,,,,,,,,,,,,,,,,,,,,,,,,,,,,,,,,,,,,,,,,,,,,,,,,,,,,,,,,,,,,,,,,,,,,,,,,,,,,,,,,,,,,,,,,,,,,,,,,,,,,,,,,,,,
1887,9,274.3,-55.4,,,,,,,,,,,,,,,,,,,,,,,,,,,,,,,,,,,4.93,5.65,6.37,5.65,2.0,1.48,16.0,1.0,-5.96,-5.41,-4.86,-5.41,2.0,1.14,16.0,1.0,-2.11,-1.25,-0.4,-1.25,2.0,1.77,16.0,1.0,1013.5,1013.5,1013.5,1013.5,1.0,0.0,12.0,1.0,,,,,,,,,,,,,,,,,,,,,,,,,,,,,,,,,,,,,,,,,,,,,,,,,,,,,,,,,,,,,,,,,,,,,,,,,,,,,,,,,,,,,,,,,,,,,,,,,,,,,,,,,,,,,,,,,,,,,,,,,,,,,,,,,,
1887,9,274.3,-53.4,,,,,,,,,,,,,,,,,,,,,,,,,,,,,,,,,,,4.6,4.6,7.81,6.17,3.0,2.71,2.0,1.0,-6.43,-1.72,-1.72,-4.02,3.0,3.98,2.0,1.0,-1.02,4.27,4.27,1.68,3.0,4.47,2.0,1.0,1031.51,1034.55,1037.59,1034.55,2.0,6.29,2.0,1.0,,,,,,,,,,,,,,,,,,,,,,,,,,,,,,,,,,,,,,,,,,,,,,,,,,,,,,,,,,,,,,,,,,,,,,,,,,,,,,,,,,,,,,,,,,,,,,,,,,,,,,,,,,,,,,,,,,,,,,,,,,,,,,,,,,
1887,9,274.3,-51.4,,,,,,,,,,,,,,,,,,,,,,,,,,,,,,,,,,,12.3,12.3,12.3,12.3,1.0,0.0,28.0,1.0,4.81,4.81,4.81,4.81,1.0,0.0,28.0,1.0,11.32,11.32,11.32,11.32,1.0,0.0,28.0,1.0,1004.3,1004.3,1004.3,1004.3,1.0,0.0,28.0,1.0,,,,,,,,,,,,,,,,,,,,,,,,,,,,,,,,,,,,,,,,,,,,,,,,,,,,,,,,,,,,,,,,,,,,,,,,,,,,,,,,,,,,,,,,,,,,,,,,,,,,,,,,,,,,,,,,,,,,,,,,,,,,,,,,,,
1887,9,274.3,-49.4,,,,,,,,,,,,,,,,,,,,,,,,,,,,,,,,,,,12.3,12.3,12.3,12.3,1.0,0.0,10.0,1.0,8.7,8.7,8.7,8.7,1.0,0.0,10.0,1.0,-8.7,-8.7,-8.7,-8.7,1.0,0.0,10.0,1.0,986.7,986.7,986.7,986.7,1.0,0.0,10.0,1.0,,,,,,,,,,,,,,,,,,,,,,,,,,,,,,,,,,,,,,,,,,,,,,,,,,,,,,,,,,,,,,,,,,,,,,,,,,,,,,,,,,,,,,,,,,,,,,,,,,,,,,,,,,,,,,,,,,,,,,,,,,,,,,,,,,
1887,9,274.3,-35.4,,,,,,,,,,,,,,,,,,,,,,,,,,,,,,,,,,,9.3,9.3,9.3,9.3,1.0,0.0,28.0,1.0,3.48,3.48,3.48,3.48,1.0,0.0,28.0,1.0,-8.62,-8.62,-8.62,-8.62,1.0,0.0,28.0,1.0,1015.4,1015.4,1015.4,1015.4,1.0,0.0,28.0,1.0,,,,,,,,,,,,,,,,,,,,,,,,,,,,,,,,,,,,,,,,,,,,,,,,,,,,,,,,,,,,,,,,,,,,,,,,,,,,,,,,,,,,,,,,,,,,,,,,,,,,,,,,,,,,,,,,,,,,,,,,,,,,,,,,,,
1887,9,274.3,-25.4,,,,,,,,,,,,,,,,,,,,,,,,,,,,,,,,,,,0.63,1.0,4.03,2.46,5.0,3.85,10.0,1.0,-0.71,0.0,0.14,-0.2,5.0,0.49,10.0,1.0,-0.26,0.71,3.98,2.04,5.0,4.11,10.0,1.0,1019.68,1020.8,1021.22,1020.46,5.0,1.14,10.0,1.0,,,,,,,,,,,,,,,,,,,,,,,,,,,,,,,,,,,,,,,,,,,,,,,,,,,,,,,,,,,,,,,,,,,,,,,,,,,,,,,,,,,,,,,,,,,,,,,,,,,,,,,,,,,,,,,,,,,,,,,,,,,,,,,,,,
1887,9,274.3,-3.4,,,,,,,,,,,,,,,,,,,,,,,,,,,,,,,,,,,2.6,2.6,2.6,2.6,1.0,0.0,30.0,1.0,1.02,1.02,1.02,1.02,1.0,0.0,30.0,1.0,2.39,2.39,2.39,2.39,1.0,0.0,30.0,1.0,1015.3,1015.3,1015.3,1015.3,1.0,0.0,30.0,1.0,,,,,,,,,,,,,,,,,,,,,,,,,,,,,,,,,,,,,,,,,,,,,,,,,,,,,,,,,,,,,,,,,,,,,,,,,,,,,,,,,,,,,,,,,,,,,,,,,,,,,,,,,,,,,,,,,,,,,,,,,,,,,,,,,,
1887,9,274.3,22.6,,,,,,,,,,,,,,,,,,,,,,,,,,,,,,,,,,,3.23,4.6,6.03,4.63,3.0,2.05,30.0,0.7,-5.15,-4.27,-2.99,-4.07,3.0,1.59,30.0,0.7,-3.1,-1.72,0.15,-1.48,3.0,2.39,30.0,0.7,1015.43,1015.5,1016.8,1016.1,3.0,1.13,30.0,0.7,,,,,,,,,,,,,,,,,,,,,,,,,,,,,,,,,,,,,,,,,,,,,,,,,,,,,,,,,,,,,,,,,,,,,,,,,,,,,,,,,,,,,,,,,,,,,,,,,,,,,,,,,,,,,,,,,,,,,,,,,,,,,,,,,,
1887,9,274.3,24.6,,,,,,,,,,,,,,,,,,,,,,,,,,,,,,,,,,,1.69,3.6,4.6,3.49,10.0,1.83,22.0,0.6,-2.25,-0.98,2.27,-0.1,10.0,2.51,22.0,0.6,0.19,1.84,4.23,2.06,10.0,2.41,22.0,0.6,1013.79,1014.6,1015.48,1014.84,7.0,1.17,28.0,0.6,,,,,,,,,,,,,,,,,,,,,,,,,,,,,,,,,,,,,,,,,,,,,,,,,,,,,,,,,,,,,,,,,,,,,,,,,,,,,,,,,,,,,,,,,,,,,,,,,,,,,,,,,,,,,,,,,,,,,,,,,,,,,,,,,,
1887,9,276.3,-57.4,4.4,4.4,4.45,4.41,17.0,0.23,20.0,0.6,1.37,2.8,3.92,2.77,18.0,1.62,20.0,0.7,3.19,3.46,3.54,3.41,6.0,0.19,26.0,0.7,72.6,73.9,77.9,76.2,6.0,6.6,26.0,0.7,0.7,0.7,6.99,10.8,15.4,11.31,8.0,3.81,12.0,0.9,-11.89,-6.39,0.43,-4.78,8.0,9.24,12.0,0.9,-4.6,-1.25,4.46,0.38,8.0,7.01,12.0,0.9,979.43,983.45,1019.22,991.29,16.0,17.19,20.0,0.6,5.0,6.0,7.6,5.9,10.0,1.5,14.0,0.9,72.6,73.9,77.9,76.2,6.0,6.6,26.0,0.7,0.7,0.7,-143.4,-51.4,11.2,-45.3,8.0,134.3,12.0,0.9,-32.3,-8.4,68.6,21.5,8.0,95.9,12.0,0.9,0.92,1.6,3.21,1.84,17.0,1.4,20.0,0.6,-5.3,10.8,24.6,8.6,7.0,15.3,12.0,0.9,1.79,1.87,2.14,1.92,6.0,0.19,26.0,0.7,28.0,28.0,28.0,28.0,1.0,0.0,26.0,1.0,-56.2,-28.3,0.9,-25.3,8.0,36.6,12.0,0.9,-15.6,-7.3,12.5,-1.1,8.0,21.2,12.0,0.9,51.2,51.2,51.2,51.2,1.0,0.0,26.0,1.0,17.6,17.6,17.6,17.6,1.0,0.0,26.0,1.0,26.5,26.5,26.5,26.5,1.0,0.0,26.0,1.0,9.1,9.1,9.1,9.1,1.0,0.0,26.0,1.0,356.5,1332.5,3652.5,1878.5,8.0,1545.5,12.0,0.9,355.0,1335.0,3650.0,1880.0,8.0,1545.0,12.0,0.9
1887,9,276.3,-53.4,,,,,,,,,,,,,,,,,,,,,,,,,,,,,,,,,,,4.19,4.6,9.92,6.33,6.0,3.67,12.0,1.0,-3.3,-2.11,4.38,0.16,6.0,4.91,12.0,1.0,1.24,3.25,8.64,3.83,6.0,4.46,12.0,1.0,1001.6,1024.5,1027.49,1018.1,6.0,15.67,12.0,1.0,,,,,,,,,,,,,,,,,,,,,,,,,,,,,,,,,,,,,,,,,,,,,,,,,,,,,,,,,,,,,,,,,,,,,,,,,,,,,,,,,,,,,,,,,,,,,,,,,,,,,,,,,,,,,,,,,,,,,,,,,,,,,,,,,,
1887,9,276.3,-51.4,,,,,,,,,,,,,,,,,,,,,,,,,,,,,,,,,,,1.76,4.65,8.06,4.9,4.0,3.79,12.0,1.0,-7.42,-3.55,-0.44,-3.91,4.0,4.12,12.0,1.0,-1.54,1.12,3.15,0.82,4.0,2.84,12.0,1.0,1000.78,1005.6,1022.74,1011.48,4.0,15.88,12.0,1.0,,,,,,,,,,,,,,,,,,,,,,,,,,,,,,,,,,,,,,,,,,,,,,,,,,,,,,,,,,,,,,,,,,,,,,,,,,,,,,,,,,,,,,,,,,,,,,,,,,,,,,,,,,,,,,,,,,,,,,,,,,,,,,,,,,
1887,9,276.3,-49.4,,,,,,,,,,,,,,,,,,,,,,,,,,,,,,,,,,,2.92,3.6,4.28,3.6,2.0,1.41,16.0,1.0,-2.03,-1.21,-0.38,-1.21,2.0,1.7,16.0,1.0,-0.09,1.81,3.72,1.81,2.0,3.94,16.0,1.0,1017.73,1022.75,1027.77,1022.75,2.0,10.39,16.0,1.0,,,,,,,,,,,,,,,,,,,,,,,,,,,,,,,,,,,,,,,,,,,,,,,,,,,,,,,,,,,,,,,,,,,,,,,,,,,,,,,,,,,,,,,,,,,,,,,,,,,,,,,,,,,,,,,,,,,,,,,,,,,,,,,,,,
1887,9,276.3,-47.4,,,,,,,,,,,,,,,,,,,,,,,,,,,,,,,,,,,2.6,4.65,8.06,5.3,4.0,3.29,18.0,1.0,-6.12,-2.23,-0.88,-3.44,4.0,4.06,18.0,1.0,-4.47,-2.22,-0.88,-2.65,4.0,2.59,18.0,1.0,1008.02,1014.0,1024.57,1016.04,5.0,10.16,18.0,1.0,,,,,,,,,,,,,,,,,,,,,,,,,,,,,,,,,,,,,,,,,,,,,,,,,,,,,,,,,,,,,,,,,,,,,,,,,,,,,,,,,,,,,,,,,,,,,,,,,,,,,,,,,,,,,,,,,,,,,,,,,,,,,,,,,,
1887,9,276.3,-39.4,,,,,,,,,,,,,,,,,,,,,,,,,,,,,,,,,,,9.78,10.8,11.82,10.8,2.0,2.12,16.0,1.0,-9.2,-9.0,-8.79,-9.0,2.0,0.43,16.0,1.0,-7.32,-4.35,-1.38,-4.35,2.0,6.15,16.0,1.0,1012.44,1012.95,1013.46,1012.95,2.0,1.06,16.0,1.0,,,,,,,,,,,,,,,,,,,,,,,,,,,,,,,,,,,,,,,,,,,,,,,,,,,,,,,,,,,,,,,,,,,,,,,,,,,,,,,,,,,,,,,,,,,,,,,,,,,,,,,,,,,,,,,,,,,,,,,,,,,,,,,,,,
1887,9,276.3,-37.4,,,,,,,,,,,,,,,,,,,,,,,,,,,,,,,,,,,7.94,10.8,12.3,10.15,4.0,2.7,24.0,0.3,6.36,7.64,8.7,7.53,4.0,1.35,24.0,0.3,-8.7,-7.64,-4.5,-6.65,4.0,2.87,24.0,0.3,1009.0,1009.0,1009.0,1009.0,1.0,0.0,18.0,1.0,,,,,,,,,,,,,,,,,,,,,,,,,,,,,,,,,,,,,,,,,,,,,,,,,,,,,,,,,,,,,,,,,,,,,,,,,,,,,,,,,,,,,,,,,,,,,,,,,,,,,,,,,,,,,,,,,,,,,,,,,,,,,,,,,,
1887,9,276.3,-35.4,,,,,,,,,,,,,,,,,,,,,,,,,,,,,,,,,,,4.6,4.6,4.6,4.6,1.0,0.0,24.0,1.0,3.25,3.25,3.25,3.25,1.0,0.0,24.0,1.0,-3.25,-3.25,-3.25,-3.25,1.0,0.0,24.0,1.0,1005.2,1005.2,1005.2,1005.2,1.0,0.0,18.0,1.0,,,,,,,,,,,,,,,,,,,,,,,,,,,,,,,,,,,,,,,,,,,,,,,,,,,,,,,,,,,,,,,,,,,,,,,,,,,,,,,,,,,,,,,,,,,,,,,,,,,,,,,,,,,,,,,,,,,,,,,,,,,,,,,,,,
1887,9,276.3,-33.4,,,,,,,,,,,,,,,,,,,,,,,,,,,,,,,,,,,3.25,4.65,6.05,4.65,2.0,2.9,18.0,1.0,1.23,1.8,2.36,1.8,2.0,1.16,18.0,1.0,-1.05,1.88,4.81,1.88,2.0,6.07,18.0,1.0,1016.41,1017.95,1019.49,1017.95,2.0,3.18,18.0,1.0,,,,,,,,,,,,,,,,,,,,,,,,,,,,,,,,,,,,,,,,,,,,,,,,,,,,,,,,,,,,,,,,,,,,,,,,,,,,,,,,,,,,,,,,,,,,,,,,,,,,,,,,,,,,,,,,,,,,,,,,,,,,,,,,,,
1887,9,276.3,-31.4,,,,,,,,,,,,,,,,,,,,,,,,,,,,,,,,,,,1.24,3.6,4.6,2.95,4.0,2.18,18.0,0.8,0.0,0.92,3.29,1.61,4.0,2.17,18.0,0.8,-2.41,0.0,0.96,-0.69,4.0,2.75,18.0,0.8,1022.9,1022.9,1022.9,1022.9,1.0,0.0,20.0,1.0,,,,,,,,,,,,,,,,,,,,,,,,,,,,,,,,,,,,,,,,,,,,,,,,,,,,,,,,,,,,,,,,,,,,,,,,,,,,,,,,,,,,,,,,,,,,,,,,,,,,,,,,,,,,,,,,,,,,,,,,,,,,,,,,,,
1887,9,276.3,-25.4,,,,,,,,,,,,,,,,,,,,,,,,,,,,,,,,,,,1.57,2.8,4.03,2.8,2.0,2.55,6.0,1.0,-0.59,-0.35,-0.11,-0.35,2.0,0.5,6.0,1.0,1.32,2.65,3.98,2.65,2.0,2.75,6.0,1.0,1017.38,1018.2,1019.02,1018.2,2.0,1.7,6.0,1.0,,,,,,,,,,,,,,,,,,,,,,,,,,,,,,,,,,,,,,,,,,,,,,,,,,,,,,,,,,,,,,,,,,,,,,,,,,,,,,,,,,,,,,,,,,,,,,,,,,,,,,,,,,,,,,,,,,,,,,,,,,,,,,,,,,
1887,9,276.3,-21.4,,,,,,,,,,,,,,,,,,,,,,,,,,,,,,,,,,,12.3,12.3,12.3,12.3,1.0,0.0,24.0,1.0,-8.7,-8.7,-8.7,-8.7,1.0,0.0,24.0,1.0,8.7,8.7,8.7,8.7,1.0,0.0,24.0,1.0,1022.7,1022.7,1022.7,1022.7,1.0,0.0,24.0,1.0,,,,,,,,,,,,,,,,,,,,,,,,,,,,,,,,,,,,,,,,,,,,,,,,,,,,,,,,,,,,,,,,,,,,,,,,,,,,,,,,,,,,,,,,,,,,,,,,,,,,,,,,,,,,,,,,,,,,,,,,,,,,,,,,,,
1887,9,276.3,-3.4,,,,,,,,,,,,,,,,,,,,,,,,,,,,,,,,,,,4.6,4.6,4.6,4.6,1.0,0.0,28.0,1.0,1.8,1.8,1.8,1.8,1.0,0.0,28.0,1.0,4.23,4.23,4.23,4.23,1.0,0.0,28.0,1.0,1013.6,1013.6,1013.6,1013.6,1.0,0.0,28.0,1.0,,,,,,,,,,,,,,,,,,,,,,,,,,,,,,,,,,,,,,,,,,,,,,,,,,,,,,,,,,,,,,,,,,,,,,,,,,,,,,,,,,,,,,,,,,,,,,,,,,,,,,,,,,,,,,,,,,,,,,,,,,,,,,,,,,
1887,9,276.3,22.6,,,,,,,,,,,,,,,,,,,,,,,,,,,,,,,,,,,5.93,6.7,6.7,6.28,5.0,0.94,30.0,0.6,-6.62,-6.17,-5.08,-5.85,5.0,0.99,30.0,0.6,-2.46,0.0,1.77,-0.31,5.0,2.5,30.0,0.6,1014.31,1015.1,1015.61,1014.96,5.0,0.79,30.0,0.6,,,,,,,,,,,,,,,,,,,,,,,,,,,,,,,,,,,,,,,,,,,,,,,,,,,,,,,,,,,,,,,,,,,,,,,,,,,,,,,,,,,,,,,,,,,,,,,,,,,,,,,,,,,,,,,,,,,,,,,,,,,,,,,,,,
1887,9,278.3,-59.4,,,,,,,,,,,,,,,,,,,,,,,,,,,,,,,,,,,4.6,6.7,7.65,6.38,5.0,1.94,6.0,1.0,-7.4,-6.7,-4.6,-6.24,5.0,1.69,6.0,1.0,-1.27,0.0,0.0,-0.7,5.0,1.56,6.0,1.0,1011.41,1013.15,1014.89,1013.15,2.0,3.61,8.0,1.0,,,,,,,,,,,,,,,,,,,,,,,,,,,,,,,,,,,,,,,,,,,,,,,,,,,,,,,,,,,,,,,,,,,,,,,,,,,,,,,,,,,,,,,,,,,,,,,,,,,,,,,,,,,,,,,,,,,,,,,,,,,,,,,,,,
1887,9,278.3,-57.4,,,,,,,,,,,,,,,,,,,,,,,,,,,,,,,,,,,3.66,5.95,8.24,5.95,2.0,4.74,10.0,1.0,-7.41,-3.35,0.71,-3.35,2.0,8.41,10.0,1.0,0.0,0.0,0.0,0.0,2.0,0.0,10.0,1.0,1017.15,1020.05,1022.95,1020.05,2.0,6.01,10.0,1.0,,,,,,,,,,,,,,,,,,,,,,,,,,,,,,,,,,,,,,,,,,,,,,,,,,,,,,,,,,,,,,,,,,,,,,,,,,,,,,,,,,,,,,,,,,,,,,,,,,,,,,,,,,,,,,,,,,,,,,,,,,,,,,,,,,
1887,9,278.3,-55.4,,,,,,,,,,,,,,,,,,,,,,,,,,,,,,,,,,,4.83,6.7,11.97,8.74,8.0,4.86,10.0,1.0,-11.97,-5.22,-0.2,-5.91,8.0,5.33,10.0,1.0,-4.04,0.0,6.16,-0.62,8.0,6.49,10.0,1.0,1005.52,1017.6,1031.19,1017.17,6.0,16.28,8.0,1.0,,,,,,,,,,,,,,,,,,,,,,,,,,,,,,,,,,,,,,,,,,,,,,,,,,,,,,,,,,,,,,,,,,,,,,,,,,,,,,,,,,,,,,,,,,,,,,,,,,,,,,,,,,,,,,,,,,,,,,,,,,,,,,,,,,
1887,9,278.3,-53.4,,,,,,,,,,,,,,,,,,,,,,,,,,,,,,,,,,,3.87,6.7,7.65,5.98,5.0,2.52,14.0,1.0,-4.33,-2.51,-0.19,-2.15,5.0,3.58,14.0,1.0,-2.78,1.02,7.07,2.01,5.0,5.24,14.0,1.0,1005.12,1011.4,1017.19,1011.32,5.0,6.33,14.0,1.0,,,,,,,,,,,,,,,,,,,,,,,,,,,,,,,,,,,,,,,,,,,,,,,,,,,,,,,,,,,,,,,,,,,,,,,,,,,,,,,,,,,,,,,,,,,,,,,,,,,,,,,,,,,,,,,,,,,,,,,,,,,,,,,,,,
1887,9,278.3,-51.4,,,,,,,,,,,,,,,,,,,,,,,,,,,,,,,,,,,4.6,4.6,4.6,4.6,1.0,0.0,14.0,1.0,-1.72,-1.72,-1.72,-1.72,1.0,0.0,14.0,1.0,4.27,4.27,4.27,4.27,1.0,0.0,14.0,1.0,1022.7,1022.7,1022.7,1022.7,1.0,0.0,14.0,1.0,,,,,,,,,,,,,,,,,,,,,,,,,,,,,,,,,,,,,,,,,,,,,,,,,,,,,,,,,,,,,,,,,,,,,,,,,,,,,,,,,,,,,,,,,,,,,,,,,,,,,,,,,,,,,,,,,,,,,,,,,,,,,,,,,,
1887,9,278.3,-49.4,,,,,,,,,,,,,,,,,,,,,,,,,,,,,,,,,,,8.08,11.05,14.02,11.05,2.0,6.15,20.0,1.0,7.67,10.81,13.94,10.81,2.0,6.5,20.0,1.0,0.4,1.25,2.11,1.25,2.0,1.77,20.0,1.0,995.59,1002.65,1009.71,1002.65,2.0,14.64,20.0,1.0,,,,,,,,,,,,,,,,,,,,,,,,,,,,,,,,,,,,,,,,,,,,,,,,,,,,,,,,,,,,,,,,,,,,,,,,,,,,,,,,,,,,,,,,,,,,,,,,,,,,,,,,,,,,,,,,,,,,,,,,,,,,,,,,,,
1887,9,278.3,-47.4,,,,,,,,,,,,,,,,,,,,,,,,,,,,,,,,,,,12.3,12.3,12.3,12.3,1.0,0.0,16.0,1.0,-8.7,-8.7,-8.7,-8.7,1.0,0.0,16.0,1.0,8.7,8.7,8.7,8.7,1.0,0.0,16.0,1.0,1029.2,1029.2,1029.2,1029.2,1.0,0.0,16.0,1.0,,,,,,,,,,,,,,,,,,,,,,,,,,,,,,,,,,,,,,,,,,,,,,,,,,,,,,,,,,,,,,,,,,,,,,,,,,,,,,,,,,,,,,,,,,,,,,,,,,,,,,,,,,,,,,,,,,,,,,,,,,,,,,,,,,
1887,9,278.3,-45.4,,,,,,,,,,,,,,,,,,,,,,,,,,,,,,,,,,,4.14,7.45,10.76,7.45,2.0,6.86,16.0,1.0,0.53,3.84,7.16,3.84,2.0,6.87,16.0,1.0,-0.63,3.15,6.94,3.15,2.0,7.84,16.0,1.0,1006.12,1006.6,1007.08,1006.6,2.0,0.99,16.0,1.0,,,,,,,,,,,,,,,,,,,,,,,,,,,,,,,,,,,,,,,,,,,,,,,,,,,,,,,,,,,,,,,,,,,,,,,,,,,,,,,,,,,,,,,,,,,,,,,,,,,,,,,,,,,,,,,,,,,,,,,,,,,,,,,,,,
1887,9,278.3,-43.4,,,,,,,,,,,,,,,,,,,,,,,,,,,,,,,,,,,12.3,12.3,12.3,12.3,2.0,0.0,18.0,1.0,11.55,11.85,12.16,11.85,2.0,0.63,18.0,1.0,0.73,2.3,3.88,2.3,2.0,3.26,18.0,1.0,1018.05,1019.7,1023.29,1020.63,4.0,3.35,18.0,1.0,,,,,,,,,,,,,,,,,,,,,,,,,,,,,,,,,,,,,,,,,,,,,,,,,,,,,,,,,,,,,,,,,,,,,,,,,,,,,,,,,,,,,,,,,,,,,,,,,,,,,,,,,,,,,,,,,,,,,,,,,,,,,,,,,,
1887,9,278.3,-41.4,,,,,,,,,,,,,,,,,,,,,,,,,,,,,,,,,,,6.7,6.7,6.7,6.7,1.0,0.0,14.0,1.0,-2.62,-2.62,-2.62,-2.62,1.0,0.0,14.0,1.0,-6.17,-6.17,-6.17,-6.17,1.0,0.0,14.0,1.0,1017.5,1017.5,1017.5,1017.5,1.0,0.0,14.0,1.0,,,,,,,,,,,,,,,,,,,,,,,,,,,,,,,,,,,,,,,,,,,,,,,,,,,,,,,,,,,,,,,,,,,,,,,,,,,,,,,,,,,,,,,,,,,,,,,,,,,,,,,,,,,,,,,,,,,,,,,,,,,,,,,,,,
1887,9,278.3,-35.4,,,,,,,,,,,,,,,,,,,,,,,,,,,,,,,,,,,0.75,9.3,12.3,6.86,12.0,4.9,22.0,0.5,0.0,1.17,7.49,3.16,12.0,4.05,22.0,0.5,0.0,5.59,9.53,4.97,12.0,4.59,22.0,0.5,1013.6,1013.6,1013.6,1013.6,1.0,0.0,18.0,1.0,,,,,,,,,,,,,,,,,,,,,,,,,,,,,,,,,,,,,,,,,,,,,,,,,,,,,,,,,,,,,,,,,,,,,,,,,,,,,,,,,,,,,,,,,,,,,,,,,,,,,,,,,,,,,,,,,,,,,,,,,,,,,,,,,,
1887,9,278.3,-29.4,,,,,,,,,,,,,,,,,,,,,,,,,,,,,,,,,,,6.7,6.7,6.7,6.7,1.0,0.0,22.0,1.0,4.74,4.74,4.74,4.74,1.0,0.0,22.0,1.0,4.74,4.74,4.74,4.74,1.0,0.0,22.0,1.0,1023.4,1023.4,1023.4,1023.4,1.0,0.0,22.0,1.0,,,,,,,,,,,,,,,,,,,,,,,,,,,,,,,,,,,,,,,,,,,,,,,,,,,,,,,,,,,,,,,,,,,,,,,,,,,,,,,,,,,,,,,,,,,,,,,,,,,,,,,,,,,,,,,,,,,,,,,,,,,,,,,,,,
1887,9,278.3,-27.4,,,,,,,,,,,,,,,,,,,,,,,,,,,,,,,,,,,9.3,9.3,9.3,9.3,1.0,0.0,22.0,1.0,-3.48,-3.48,-3.48,-3.48,1.0,0.0,22.0,1.0,8.62,8.62,8.62,8.62,1.0,0.0,22.0,1.0,1025.0,1025.0,1025.0,1025.0,1.0,0.0,22.0,1.0,,,,,,,,,,,,,,,,,,,,,,,,,,,,,,,,,,,,,,,,,,,,,,,,,,,,,,,,,,,,,,,,,,,,,,,,,,,,,,,,,,,,,,,,,,,,,,,,,,,,,,,,,,,,,,,,,,,,,,,,,,,,,,,,,,
1887,9,278.3,-25.4,,,,,,,,,,,,,,,,,,,,,,,,,,,,,,,,,,,1.0,5.95,11.02,6.12,10.0,5.61,14.0,0.7,-8.27,-4.21,-0.3,-4.44,10.0,4.28,14.0,0.7,0.08,3.52,7.79,3.86,10.0,4.04,14.0,0.7,1026.1,1026.1,1026.1,1026.1,1.0,0.0,24.0,1.0,,,,,,,,,,,,,,,,,,,,,,,,,,,,,,,,,,,,,,,,,,,,,,,,,,,,,,,,,,,,,,,,,,,,,,,,,,,,,,,,,,,,,,,,,,,,,,,,,,,,,,,,,,,,,,,,,,,,,,,,,,,,,,,,,,
1887,9,278.3,-23.4,,,,,,,,,,,,,,,,,,,,,,,,,,,,,,,,,,,1.0,1.0,1.0,1.0,1.0,0.0,4.0,1.0,-0.93,-0.93,-0.93,-0.93,1.0,0.0,4.0,1.0,-0.37,-0.37,-0.37,-0.37,1.0,0.0,4.0,1.0,1017.2,1017.2,1017.2,1017.2,1.0,0.0,4.0,1.0,,,,,,,,,,,,,,,,,,,,,,,,,,,,,,,,,,,,,,,,,,,,,,,,,,,,,,,,,,,,,,,,,,,,,,,,,,,,,,,,,,,,,,,,,,,,,,,,,,,,,,,,,,,,,,,,,,,,,,,,,,,,,,,,,,
1887,9,278.3,-19.4,,,,,,,,,,,,,,,,,,,,,,,,,,,,,,,,,,,9.3,9.3,9.3,9.3,1.0,0.0,26.0,1.0,-6.58,-6.58,-6.58,-6.58,1.0,0.0,26.0,1.0,6.58,6.58,6.58,6.58,1.0,0.0,26.0,1.0,1018.3,1018.3,1018.3,1018.3,1.0,0.0,26.0,1.0,,,,,,,,,,,,,,,,,,,,,,,,,,,,,,,,,,,,,,,,,,,,,,,,,,,,,,,,,,,,,,,,,,,,,,,,,,,,,,,,,,,,,,,,,,,,,,,,,,,,,,,,,,,,,,,,,,,,,,,,,,,,,,,,,,
1887,9,278.3,-15.4,,,,,,,,,,,,,,,,,,,,,,,,,,,,,,,,,,,9.3,9.3,9.3,9.3,1.0,0.0,26.0,1.0,-6.58,-6.58,-6.58,-6.58,1.0,0.0,26.0,1.0,6.58,6.58,6.58,6.58,1.0,0.0,26.0,1.0,1015.8,1015.8,1015.8,1015.8,1.0,0.0,26.0,1.0,,,,,,,,,,,,,,,,,,,,,,,,,,,,,,,,,,,,,,,,,,,,,,,,,,,,,,,,,,,,,,,,,,,,,,,,,,,,,,,,,,,,,,,,,,,,,,,,,,,,,,,,,,,,,,,,,,,,,,,,,,,,,,,,,,
1887,9,278.3,-13.4,,,,,,,,,,,,,,,,,,,,,,,,,,,,,,,,,,,6.7,6.7,6.7,6.7,1.0,0.0,28.0,1.0,-4.74,-4.74,-4.74,-4.74,1.0,0.0,28.0,1.0,4.74,4.74,4.74,4.74,1.0,0.0,28.0,1.0,1012.4,1012.4,1012.4,1012.4,1.0,0.0,28.0,1.0,,,,,,,,,,,,,,,,,,,,,,,,,,,,,,,,,,,,,,,,,,,,,,,,,,,,,,,,,,,,,,,,,,,,,,,,,,,,,,,,,,,,,,,,,,,,,,,,,,,,,,,,,,,,,,,,,,,,,,,,,,,,,,,,,,
1887,9,278.3,-11.4,,,,,,,,,,,,,,,,,,,,,,,,,,,,,,,,,,,6.7,6.7,6.7,6.7,2.0,0.0,16.0,1.0,-4.38,-3.62,-2.86,-3.62,2.0,1.58,16.0,1.0,4.97,5.47,5.98,5.47,2.0,1.04,16.0,1.0,1012.94,1013.25,1013.56,1013.25,2.0,0.64,16.0,1.0,,,,,,,,,,,,,,,,,,,,,,,,,,,,,,,,,,,,,,,,,,,,,,,,,,,,,,,,,,,,,,,,,,,,,,,,,,,,,,,,,,,,,,,,,,,,,,,,,,,,,,,,,,,,,,,,,,,,,,,,,,,,,,,,,,
1887,9,278.3,-9.4,,,,,,,,,,,,,,,,,,,,,,,,,,,,,,,,,,,5.27,6.7,6.7,6.0,3.0,1.21,20.0,1.0,-4.03,-2.51,-0.8,-2.42,3.0,2.37,20.0,1.0,4.64,4.74,5.74,5.18,3.0,0.89,20.0,1.0,1012.23,1012.3,1013.26,1012.73,3.0,0.84,20.0,1.0,,,,,,,,,,,,,,,,,,,,,,,,,,,,,,,,,,,,,,,,,,,,,,,,,,,,,,,,,,,,,,,,,,,,,,,,,,,,,,,,,,,,,,,,,,,,,,,,,,,,,,,,,,,,,,,,,,,,,,,,,,,,,,,,,,
1887,9,278.3,-7.4,,,,,,,,,,,,,,,,,,,,,,,,,,,,,,,,,,,2.6,2.6,2.6,2.6,1.0,0.0,4.0,1.0,-0.97,-0.97,-0.97,-0.97,1.0,0.0,4.0,1.0,2.41,2.41,2.41,2.41,1.0,0.0,4.0,1.0,1011.9,1011.9,1011.9,1011.9,1.0,0.0,4.0,1.0,,,,,,,,,,,,,,,,,,,,,,,,,,,,,,,,,,,,,,,,,,,,,,,,,,,,,,,,,,,,,,,,,,,,,,,,,,,,,,,,,,,,,,,,,,,,,,,,,,,,,,,,,,,,,,,,,,,,,,,,,,,,,,,,,,
1887,9,278.3,-5.4,,,,,,,,,,,,,,,,,,,,,,,,,,,,,,,,,,,4.6,4.6,4.6,4.6,1.0,0.0,6.0,1.0,0.0,0.0,0.0,0.0,1.0,0.0,6.0,1.0,4.6,4.6,4.6,4.6,1.0,0.0,6.0,1.0,1014.6,1014.6,1014.6,1014.6,1.0,0.0,6.0,1.0,,,,,,,,,,,,,,,,,,,,,,,,,,,,,,,,,,,,,,,,,,,,,,,,,,,,,,,,,,,,,,,,,,,,,,,,,,,,,,,,,,,,,,,,,,,,,,,,,,,,,,,,,,,,,,,,,,,,,,,,,,,,,,,,,,
1887,9,278.3,-3.4,,,,,,,,,,,,,,,,,,,,,,,,,,,,,,,,,,,9.3,9.3,9.3,9.3,1.0,0.0,6.0,1.0,3.63,3.63,3.63,3.63,1.0,0.0,6.0,1.0,8.56,8.56,8.56,8.56,1.0,0.0,6.0,1.0,1010.61,1011.05,1011.49,1011.05,2.0,0.92,16.0,1.0,,,,,,,,,,,,,,,,,,,,,,,,,,,,,,,,,,,,,,,,,,,,,,,,,,,,,,,,,,,,,,,,,,,,,,,,,,,,,,,,,,,,,,,,,,,,,,,,,,,,,,,,,,,,,,,,,,,,,,,,,,,,,,,,,,
1887,9,278.3,30.6,26.7,26.7,27.2,26.79,16.0,0.65,12.0,0.6,26.33,26.95,28.11,27.02,16.0,1.04,12.0,0.6,17.79,17.97,19.25,18.38,13.0,0.71,8.0,0.5,78.9,82.6,82.7,80.9,13.0,2.7,8.0,0.5,0.9,0.6,1.0,4.6,6.7,4.24,16.0,2.49,12.0,0.6,-6.21,-1.84,-0.71,-2.71,16.0,3.04,12.0,0.6,-2.51,-0.83,2.19,-0.29,16.0,2.87,12.0,0.6,1014.2,1015.9,1017.6,1016.03,13.0,1.62,8.0,0.5,1.0,3.0,4.0,2.5,16.0,1.3,12.0,0.6,78.9,82.6,82.7,80.9,13.0,2.7,8.0,0.5,0.9,0.6,-41.6,-4.8,-0.7,-15.6,16.0,21.4,12.0,0.6,-16.8,-2.6,5.7,-2.9,16.0,16.9,12.0,0.6,-1.41,-0.25,1.1,-0.23,16.0,1.04,12.0,0.6,-3.9,-0.2,4.4,-0.2,16.0,4.9,12.0,0.6,2.59,4.06,4.57,3.79,13.0,1.04,8.0,0.5,4.3,11.9,30.6,16.9,13.0,12.2,8.0,0.5,-167.8,-51.6,-18.8,-74.1,16.0,80.9,12.0,0.6,-67.8,-22.3,59.3,-9.8,16.0,75.8,12.0,0.6,-116.7,-62.6,-17.4,-66.3,13.0,45.5,8.0,0.5,-48.6,-23.0,14.5,-22.9,13.0,37.8,8.0,0.5,-28.6,-8.4,-3.7,-14.7,13.0,12.6,8.0,0.5,-11.3,-6.8,3.4,-4.0,13.0,7.1,8.0,0.5,1.0,97.5,301.0,147.5,16.0,143.0,12.0,0.6,0.0,95.0,300.0,145.0,16.0,145.0,12.0,0.6
1887,9,280.3,-59.4,,,,,,,,,,,,,,,,,,,,,,,,,,,,,,,,,,,6.7,6.7,6.7,6.7,1.0,0.0,6.0,1.0,-6.7,-6.7,-6.7,-6.7,1.0,0.0,6.0,1.0,0.0,0.0,0.0,0.0,1.0,0.0,6.0,1.0,1018.9,1018.9,1018.9,1018.9,1.0,0.0,6.0,1.0,,,,,,,,,,,,,,,,,,,,,,,,,,,,,,,,,,,,,,,,,,,,,,,,,,,,,,,,,,,,,,,,,,,,,,,,,,,,,,,,,,,,,,,,,,,,,,,,,,,,,,,,,,,,,,,,,,,,,,,,,,,,,,,,,,
1887,9,280.3,-57.4,,,,,,,,,,,,,,,,,,,,,,,,,,,,,,,,,,,4.6,5.65,6.7,6.1,8.0,2.89,8.0,1.0,-6.7,-4.67,-3.25,-5.31,8.0,2.98,8.0,1.0,-4.46,-2.55,0.0,-2.21,8.0,2.04,8.0,1.0,1005.12,1006.25,1008.87,1007.45,6.0,3.78,8.0,1.0,,,,,,,,,,,,,,,,,,,,,,,,,,,,,,,,,,,,,,,,,,,,,,,,,,,,,,,,,,,,,,,,,,,,,,,,,,,,,,,,,,,,,,,,,,,,,,,,,,,,,,,,,,,,,,,,,,,,,,,,,,,,,,,,,,
1887,9,280.3,-55.4,,,,,,,,,,,,,,,,,,,,,,,,,,,,,,,,,,,4.63,9.0,13.37,9.0,2.0,9.05,20.0,1.0,2.5,3.93,5.35,3.93,2.0,2.95,20.0,1.0,3.8,8.01,12.22,8.01,2.0,8.72,20.0,1.0,996.67,1000.9,1005.13,1000.9,2.0,8.77,20.0,1.0,,,,,,,,,,,,,,,,,,,,,,,,,,,,,,,,,,,,,,,,,,,,,,,,,,,,,,,,,,,,,,,,,,,,,,,,,,,,,,,,,,,,,,,,,,,,,,,,,,,,,,,,,,,,,,,,,,,,,,,,,,,,,,,,,,
1887,9,280.3,-41.4,,,,,,,,,,,,,,,,,,,,,,,,,,,,,,,,,,,9.78,10.8,11.82,10.8,2.0,2.12,18.0,1.0,-7.06,-2.25,2.57,-2.25,2.0,9.97,18.0,1.0,1.8,5.66,9.53,5.66,2.0,8.01,18.0,1.0,1006.92,1008.9,1010.88,1008.9,2.0,4.1,18.0,1.0,,,,,,,,,,,,,,,,,,,,,,,,,,,,,,,,,,,,,,,,,,,,,,,,,,,,,,,,,,,,,,,,,,,,,,,,,,,,,,,,,,,,,,,,,,,,,,,,,,,,,,,,,,,,,,,,,,,,,,,,,,,,,,,,,,
1887,9,280.3,-33.4,,,,,,,,,,,,,,,,,,,,,,,,,,,,,,,,,,,2.6,2.6,3.97,3.27,3.0,1.15,22.0,1.0,1.21,1.72,2.32,1.77,3.0,0.81,22.0,1.0,-3.68,-2.41,-0.77,-2.23,3.0,2.14,22.0,1.0,1021.37,1022.15,1022.94,1022.15,2.0,1.63,20.0,1.0,,,,,,,,,,,,,,,,,,,,,,,,,,,,,,,,,,,,,,,,,,,,,,,,,,,,,,,,,,,,,,,,,,,,,,,,,,,,,,,,,,,,,,,,,,,,,,,,,,,,,,,,,,,,,,,,,,,,,,,,,,,,,,,,,,
1887,9,280.3,-31.4,,,,,,,,,,,,,,,,,,,,,,,,,,,,,,,,,,,0.73,2.3,3.87,2.3,2.0,3.25,26.0,1.0,0.52,1.63,2.74,1.63,2.0,2.3,26.0,1.0,0.52,1.63,2.74,1.63,2.0,2.3,26.0,1.0,1022.7,1022.7,1022.7,1022.7,1.0,0.0,22.0,1.0,,,,,,,,,,,,,,,,,,,,,,,,,,,,,,,,,,,,,,,,,,,,,,,,,,,,,,,,,,,,,,,,,,,,,,,,,,,,,,,,,,,,,,,,,,,,,,,,,,,,,,,,,,,,,,,,,,,,,,,,,,,,,,,,,,
1887,9,280.3,-13.4,,,,,,,,,,,,,,,,,,,,,,,,,,,,,,,,,,,9.3,9.3,9.3,9.3,1.0,0.0,2.0,1.0,-6.58,-6.58,-6.58,-6.58,1.0,0.0,2.0,1.0,6.58,6.58,6.58,6.58,1.0,0.0,2.0,1.0,1014.9,1014.9,1014.9,1014.9,1.0,0.0,2.0,1.0,,,,,,,,,,,,,,,,,,,,,,,,,,,,,,,,,,,,,,,,,,,,,,,,,,,,,,,,,,,,,,,,,,,,,,,,,,,,,,,,,,,,,,,,,,,,,,,,,,,,,,,,,,,,,,,,,,,,,,,,,,,,,,,,,,
1887,9,280.3,20.6,27.8,27.8,27.8,27.8,4.0,0.0,2.0,0.3,29.42,30.0,30.0,29.73,4.0,0.55,2.0,0.3,20.06,20.38,20.38,20.23,4.0,0.3,2.0,0.3,77.3,77.3,78.7,78.0,4.0,1.3,2.0,0.3,0.8,0.9,9.3,9.3,9.3,9.3,4.0,0.0,2.0,0.3,-9.13,-9.13,-9.13,-9.13,4.0,0.0,2.0,0.3,1.77,1.77,1.77,1.77,4.0,0.0,2.0,0.3,1019.3,1019.3,1019.3,1019.3,4.0,0.0,2.0,0.3,2.0,2.5,3.0,2.5,4.0,0.6,2.0,0.3,77.3,77.3,78.7,78.0,4.0,1.3,2.0,0.3,0.8,0.9,-84.9,-84.9,-84.9,-84.9,4.0,0.0,2.0,0.3,16.5,16.5,16.5,16.5,4.0,0.0,2.0,0.3,-2.2,-2.2,-1.62,-1.92,4.0,0.55,2.0,0.3,-20.5,-20.5,-15.1,-17.9,4.0,5.1,2.0,0.3,2.86,2.86,3.18,3.01,4.0,0.3,2.0,0.3,26.6,26.6,29.6,28.0,4.0,2.8,2.0,0.3,-273.9,-273.9,-268.6,-271.4,4.0,5.0,2.0,0.3,52.2,53.2,53.2,52.7,4.0,1.0,2.0,0.3,-186.0,-186.0,-183.1,-184.6,4.0,2.8,2.0,0.3,35.6,36.2,36.2,35.9,4.0,0.5,2.0,0.3,-29.0,-26.1,-26.1,-27.5,4.0,2.8,2.0,0.3,5.1,5.1,5.6,5.3,4.0,0.5,2.0,0.3,804.5,804.5,804.5,804.5,4.0,0.0,2.0,0.3,805.0,805.0,805.0,805.0,4.0,0.0,2.0,0.3
1887,9,280.3,22.6,28.9,28.9,28.9,28.9,12.0,0.0,4.0,0.5,27.8,29.15,29.4,28.88,12.0,0.68,4.0,0.5,19.48,19.82,20.66,20.07,12.0,0.54,4.0,0.5,80.0,81.0,83.8,81.1,12.0,2.0,4.0,0.5,0.6,0.5,6.7,6.7,6.7,6.7,2.0,0.0,4.0,0.0,0.42,1.31,2.2,1.31,2.0,1.85,4.0,0.0,6.25,6.43,6.62,6.43,2.0,0.38,4.0,0.0,1015.9,1017.6,1017.6,1016.89,12.0,0.88,4.0,0.5,5.5,6.5,7.0,6.2,12.0,1.1,4.0,0.5,80.0,81.0,83.8,81.1,12.0,2.0,4.0,0.5,0.6,0.5,2.8,8.8,14.8,8.8,2.0,12.4,4.0,0.0,41.9,43.1,44.3,43.1,2.0,2.5,4.0,0.0,-0.5,-0.25,1.1,0.03,12.0,0.68,4.0,0.5,7.4,7.4,7.4,7.4,2.0,0.0,4.0,0.0,4.18,5.04,5.4,4.79,12.0,0.55,4.0,0.5,36.2,36.2,36.2,36.2,2.0,0.0,4.0,0.0,11.5,36.4,61.2,36.4,2.0,51.5,4.0,0.0,173.8,178.9,183.9,178.9,2.0,10.5,4.0,0.0,8.1,25.5,42.9,25.5,2.0,36.1,4.0,0.0,121.8,125.3,128.9,125.3,2.0,7.3,4.0,0.0,2.2,7.1,11.9,7.1,2.0,10.0,4.0,0.0,33.8,34.8,35.7,34.8,2.0,2.0,4.0,0.0,301.0,301.0,301.0,301.0,2.0,0.0,4.0,0.0,300.0,300.0,300.0,300.0,2.0,0.0,4.0,0.0
1887,9,280.3,24.6,28.9,28.9,28.9,28.94,13.0,0.14,4.0,0.5,28.84,28.9,29.4,28.92,13.0,0.46,4.0,0.5,19.8,20.72,20.97,20.58,12.0,0.69,4.0,0.5,80.3,82.4,84.0,82.6,12.0,2.3,4.0,0.5,0.2,0.5,,,,,,,,,,,,,,,,,,,,,,,,,,,,,,,,,,,,,,,,,,,,,,,,,,,,,,,,,,,,,,,,,,,,,,,,,,,,,,,,,,,,,,,,,,,,,,,,,,,,,,,,,,,,,,,,,,,,,,,,,,,,,,,,,,,,,,,,,,,,,,,,,,,,,,,,,,,,,,,,,,
1887,9,280.3,26.6,28.9,28.9,28.9,28.83,9.0,0.2,6.0,0.6,27.2,27.8,28.3,27.71,9.0,0.7,6.0,0.6,17.04,18.54,20.39,18.7,6.0,1.84,6.0,0.5,76.0,79.9,84.6,80.5,6.0,5.1,6.0,0.5,0.2,0.8,3.71,6.7,6.7,5.28,4.0,2.85,6.0,1.0,3.33,6.46,6.7,5.08,4.0,2.92,6.0,1.0,0.0,0.35,1.65,0.8,4.0,1.18,6.0,1.0,1015.9,1016.75,1017.6,1016.75,6.0,0.93,6.0,0.5,1.0,2.0,3.5,2.4,9.0,2.3,6.0,0.6,76.0,79.9,84.6,80.5,6.0,5.1,6.0,0.5,0.2,0.8,20.2,43.3,44.9,33.0,4.0,21.6,6.0,1.0,0.0,0.4,9.1,4.4,4.0,8.3,6.0,1.0,0.6,1.1,1.7,1.12,9.0,0.62,6.0,0.6,0.3,2.3,5.8,3.0,4.0,3.4,6.0,1.0,4.45,6.32,7.85,6.16,6.0,1.86,6.0,0.5,28.2,30.5,31.6,29.9,3.0,2.5,6.0,1.0,92.7,181.2,191.7,144.0,4.0,83.1,6.0,1.0,0.0,10.0,46.1,22.4,4.0,32.9,6.0,1.0,128.7,134.3,137.7,133.2,3.0,6.7,6.0,1.0,0.0,0.0,34.8,17.0,3.0,29.4,6.0,1.0,27.5,28.3,30.9,29.2,3.0,2.6,6.0,1.0,0.0,0.0,7.8,3.8,3.0,6.6,6.0,1.0,143.5,301.0,301.0,226.0,4.0,150.0,6.0,1.0,145.0,300.0,300.0,225.0,4.0,150.0,6.0,1.0
1887,9,280.3,28.6,28.3,28.3,28.3,28.26,21.0,0.45,6.0,0.5,26.79,27.8,28.3,27.69,21.0,0.85,6.0,0.5,16.72,19.45,19.84,18.55,18.0,1.42,6.0,0.5,72.0,81.3,83.8,79.2,18.0,5.4,6.0,0.5,0.3,0.5,3.68,9.3,15.4,9.08,12.0,5.11,6.0,0.6,-12.77,-8.88,-0.79,-6.5,12.0,6.38,6.0,0.6,-8.61,-1.77,0.25,-2.19,12.0,4.91,6.0,0.6,1015.9,1017.6,1017.6,1016.84,18.0,0.87,6.0,0.5,6.0,6.0,8.0,6.6,21.0,1.0,6.0,0.5,72.0,81.3,83.8,79.2,18.0,5.4,6.0,0.5,0.3,0.5,-196.6,-82.5,-0.8,-73.7,12.0,91.8,6.0,0.6,-132.6,-16.5,0.2,-31.7,12.0,70.1,6.0,0.6,0.0,0.5,1.1,0.58,21.0,0.49,6.0,0.5,1.5,6.0,7.7,5.4,12.0,3.2,6.0,0.6,4.53,5.04,7.28,5.55,18.0,1.32,6.0,0.5,42.1,48.6,112.1,67.6,9.0,34.1,6.0,0.7,-354.9,-244.0,-20.4,-177.9,12.0,179.6,6.0,0.6,-239.4,-48.8,6.7,-59.9,12.0,138.3,6.0,0.6,-213.2,-177.6,-131.5,-142.2,9.0,121.7,6.0,0.7,-143.8,-34.5,-25.8,-50.2,9.0,98.5,6.0,0.7,-92.9,-41.3,-36.0,-48.8,9.0,43.0,6.0,0.7,-62.7,-9.3,-7.1,-21.4,9.0,35.6,6.0,0.7,73.0,804.5,3652.5,1369.5,12.0,1466.5,6.0,0.6,75.0,805.0,3650.0,1370.0,12.0,1465.0,6.0,0.6
1887,9,280.3,30.6,26.0,26.7,27.32,26.68,6.0,0.78,8.0,0.5,25.0,26.15,26.8,26.03,6.0,0.96,8.0,0.5,18.03,18.03,18.03,18.03,2.0,0.0,8.0,0.0,82.6,82.6,82.6,82.6,2.0,0.0,8.0,0.0,0.0,1.0,0.79,1.0,2.6,1.37,6.0,1.03,8.0,0.5,-0.98,-0.98,0.0,-0.65,6.0,0.51,8.0,0.5,0.15,0.19,2.45,0.93,6.0,1.22,8.0,0.5,1014.2,1014.2,1014.2,1014.2,2.0,0.0,8.0,0.0,1.0,4.5,7.0,4.2,6.0,3.1,8.0,0.5,82.6,82.6,82.6,82.6,2.0,0.0,8.0,0.0,0.0,1.0,-1.3,-1.0,0.0,-0.9,6.0,0.9,8.0,0.5,0.2,0.2,6.4,2.3,6.0,3.3,8.0,0.5,0.0,0.6,1.2,0.65,6.0,0.63,8.0,0.5,0.0,0.3,1.2,0.6,6.0,0.7,8.0,0.5,3.84,3.84,3.84,3.84,2.0,0.0,8.0,0.0,10.0,10.0,10.0,10.0,2.0,0.0,8.0,0.0,-25.3,-24.5,0.0,-16.7,6.0,12.9,8.0,0.5,3.8,4.8,65.4,24.7,6.0,32.8,8.0,0.5,-14.8,-8.8,-2.8,-8.8,2.0,12.4,8.0,0.0,44.0,45.2,46.3,45.2,2.0,2.4,8.0,0.0,-3.1,-1.9,-0.6,-1.9,2.0,2.6,8.0,0.0,9.4,9.6,9.9,9.6,2.0,0.5,8.0,0.0,1.0,1.0,17.5,6.5,6.0,8.5,8.0,0.5,0.0,0.0,20.0,5.0,6.0,10.0,8.0,0.5
1887,9,280.3,32.6,26.52,26.95,27.8,27.02,18.0,1.04,12.0,0.6,26.37,27.8,28.9,27.39,18.0,1.18,12.0,0.6,18.26,19.48,19.88,19.09,15.0,1.15,8.0,0.6,76.7,83.8,87.8,82.3,15.0,7.1,8.0,0.6,0.5,0.4,3.68,6.7,6.7,5.73,17.0,1.64,12.0,0.5,-3.17,3.25,4.74,1.33,17.0,3.85,12.0,0.5,-4.74,3.25,4.74,1.07,17.0,4.44,12.0,0.5,1014.2,1015.9,1018.92,1016.58,15.0,2.21,8.0,0.6,2.0,4.0,6.0,3.9,18.0,1.9,12.0,0.6,76.7,83.8,87.8,82.3,15.0,7.1,8.0,0.6,0.5,0.4,-17.2,15.0,31.7,8.8,17.0,25.0,12.0,0.5,-31.7,15.0,31.7,6.8,17.0,28.6,12.0,0.5,-1.43,-0.3,0.6,-0.38,18.0,1.1,12.0,0.6,-8.6,-4.0,3.4,-3.0,17.0,6.3,12.0,0.5,2.87,3.59,4.09,3.61,15.0,0.85,8.0,0.6,10.4,20.2,25.4,19.4,14.0,6.4,8.0,0.6,-85.8,90.4,134.1,37.3,17.0,106.6,12.0,0.5,-130.2,90.4,136.9,28.3,17.0,120.9,12.0,0.5,-89.7,53.8,92.3,21.7,14.0,78.8,8.0,0.6,-92.3,5.1,90.2,-0.7,14.0,80.8,8.0,0.6,-16.3,12.3,16.5,3.8,14.0,14.5,8.0,0.6,-16.8,1.9,14.2,0.0,14.0,14.9,8.0,0.6,60.5,301.0,301.0,227.0,17.0,120.0,12.0,0.5,60.0,300.0,300.0,225.0,17.0,120.0,12.0,0.5
1887,9,282.3,-59.4,,,,,,,,,,,,,,,,,,,,,,,,,,,,,,,,,,,4.63,9.0,13.37,9.0,2.0,9.05,10.0,1.0,-12.8,-7.21,-1.62,-7.21,2.0,11.58,10.0,1.0,-2.03,-1.21,-0.38,-1.21,2.0,1.7,10.0,1.0,1001.3,1001.3,1001.3,1001.3,1.0,0.0,10.0,1.0,,,,,,,,,,,,,,,,,,,,,,,,,,,,,,,,,,,,,,,,,,,,,,,,,,,,,,,,,,,,,,,,,,,,,,,,,,,,,,,,,,,,,,,,,,,,,,,,,,,,,,,,,,,,,,,,,,,,,,,,,,,,,,,,,,
1887,9,282.3,-57.4,4.36,4.4,5.0,4.5,25.0,0.5,20.0,0.7,0.6,3.0,5.01,3.07,26.0,2.0,20.0,0.7,2.9,3.17,3.61,3.23,10.0,0.34,26.0,0.3,71.3,73.7,82.0,76.0,10.0,5.1,26.0,0.3,0.3,0.7,4.6,8.0,12.3,7.93,16.0,4.29,16.0,0.9,-7.89,-3.25,10.55,-0.35,16.0,8.75,16.0,0.9,-3.25,0.0,1.11,-0.16,16.0,2.96,16.0,0.9,983.1,984.7,1015.29,994.3,20.0,15.89,22.0,0.6,5.0,6.0,8.0,6.4,16.0,1.4,16.0,0.9,71.3,73.7,82.0,76.0,10.0,5.1,26.0,0.3,0.3,0.7,-66.8,-15.0,119.2,7.8,16.0,103.2,16.0,0.9,-15.0,0.0,5.1,1.3,16.0,32.0,16.0,0.9,-0.12,1.1,3.8,1.49,25.0,1.8,20.0,0.7,-7.2,0.0,7.7,4.4,15.0,16.6,16.0,0.9,1.71,2.17,2.43,2.1,10.0,0.35,26.0,0.3,37.5,37.5,37.5,37.5,1.0,0.0,26.0,0.0,-38.2,-13.7,26.2,-8.5,16.0,37.6,16.0,0.9,-17.0,0.0,2.0,-3.0,16.0,13.1,16.0,0.9,41.9,41.9,41.9,41.9,1.0,0.0,26.0,0.0,15.2,15.2,15.2,15.2,1.0,0.0,26.0,0.0,35.2,35.2,35.2,35.2,1.0,0.0,26.0,0.0,12.8,12.8,12.8,12.8,1.0,0.0,26.0,0.0,97.5,552.5,1861.0,907.5,16.0,1038.5,16.0,0.9,95.0,555.0,1860.0,905.0,16.0,1040.0,16.0,0.9
1887,9,282.3,-55.4,,,,,,,,,,,,,,,,,,,,,,,,,,,,,,,,,,,5.27,6.7,12.64,8.9,3.0,5.73,20.0,1.0,3.25,4.6,11.97,7.54,3.0,6.88,20.0,1.0,0.0,0.0,4.21,2.06,3.0,3.56,20.0,1.0,999.01,1004.2,1018.81,1008.8,3.0,15.04,20.0,1.0,,,,,,,,,,,,,,,,,,,,,,,,,,,,,,,,,,,,,,,,,,,,,,,,,,,,,,,,,,,,,,,,,,,,,,,,,,,,,,,,,,,,,,,,,,,,,,,,,,,,,,,,,,,,,,,,,,,,,,,,,,,,,,,,,,
1887,9,282.3,-41.4,,,,,,,,,,,,,,,,,,,,,,,,,,,,,,,,,,,9.3,9.3,9.3,9.3,1.0,0.0,24.0,1.0,3.48,3.48,3.48,3.48,1.0,0.0,24.0,1.0,-8.62,-8.62,-8.62,-8.62,1.0,0.0,24.0,1.0,1027.7,1027.7,1027.7,1027.7,1.0,0.0,24.0,1.0,,,,,,,,,,,,,,,,,,,,,,,,,,,,,,,,,,,,,,,,,,,,,,,,,,,,,,,,,,,,,,,,,,,,,,,,,,,,,,,,,,,,,,,,,,,,,,,,,,,,,,,,,,,,,,,,,,,,,,,,,,,,,,,,,,
1887,9,282.3,-39.4,,,,,,,,,,,,,,,,,,,,,,,,,,,,,,,,,,,2.6,2.6,2.6,2.6,1.0,0.0,18.0,1.0,2.6,2.6,2.6,2.6,1.0,0.0,18.0,1.0,0.0,0.0,0.0,0.0,1.0,0.0,18.0,1.0,1006.7,1006.7,1006.7,1006.7,1.0,0.0,18.0,1.0,,,,,,,,,,,,,,,,,,,,,,,,,,,,,,,,,,,,,,,,,,,,,,,,,,,,,,,,,,,,,,,,,,,,,,,,,,,,,,,,,,,,,,,,,,,,,,,,,,,,,,,,,,,,,,,,,,,,,,,,,,,,,,,,,,
1887,9,282.3,-37.4,,,,,,,,,,,,,,,,,,,,,,,,,,,,,,,,,,,2.6,2.6,2.6,2.6,2.0,0.0,20.0,1.0,2.41,2.41,2.41,2.41,2.0,0.0,20.0,1.0,0.97,0.97,0.97,0.97,2.0,0.0,20.0,1.0,1019.16,1019.5,1019.84,1019.5,2.0,0.71,20.0,1.0,,,,,,,,,,,,,,,,,,,,,,,,,,,,,,,,,,,,,,,,,,,,,,,,,,,,,,,,,,,,,,,,,,,,,,,,,,,,,,,,,,,,,,,,,,,,,,,,,,,,,,,,,,,,,,,,,,,,,,,,,,,,,,,,,,
1887,9,282.3,-29.4,,,,,,,,,,,,,,,,,,,,,,,,,,,,,,,,,,,9.3,9.3,9.3,9.3,1.0,0.0,22.0,1.0,-3.48,-3.48,-3.48,-3.48,1.0,0.0,22.0,1.0,8.62,8.62,8.62,8.62,1.0,0.0,22.0,1.0,1024.4,1024.4,1024.4,1024.4,1.0,0.0,22.0,1.0,,,,,,,,,,,,,,,,,,,,,,,,,,,,,,,,,,,,,,,,,,,,,,,,,,,,,,,,,,,,,,,,,,,,,,,,,,,,,,,,,,,,,,,,,,,,,,,,,,,,,,,,,,,,,,,,,,,,,,,,,,,,,,,,,,
1887,9,282.3,-21.4,,,,,,,,,,,,,,,,,,,,,,,,,,,,,,,,,,,2.92,3.6,4.28,3.6,2.0,1.41,2.0,1.0,0.16,0.51,0.85,0.51,2.0,0.72,2.0,1.0,2.74,3.5,4.25,3.5,2.0,1.56,2.0,1.0,1015.48,1016.3,1017.12,1016.3,2.0,1.7,2.0,1.0,,,,,,,,,,,,,,,,,,,,,,,,,,,,,,,,,,,,,,,,,,,,,,,,,,,,,,,,,,,,,,,,,,,,,,,,,,,,,,,,,,,,,,,,,,,,,,,,,,,,,,,,,,,,,,,,,,,,,,,,,,,,,,,,,,
1887,9,282.3,-17.4,,,,,,,,,,,,,,,,,,,,,,,,,,,,,,,,,,,4.6,4.6,4.6,4.6,1.0,0.0,2.0,1.0,-3.25,-3.25,-3.25,-3.25,1.0,0.0,2.0,1.0,3.25,3.25,3.25,3.25,1.0,0.0,2.0,1.0,1015.8,1015.8,1015.8,1015.8,1.0,0.0,2.0,1.0,,,,,,,,,,,,,,,,,,,,,,,,,,,,,,,,,,,,,,,,,,,,,,,,,,,,,,,,,,,,,,,,,,,,,,,,,,,,,,,,,,,,,,,,,,,,,,,,,,,,,,,,,,,,,,,,,,,,,,,,,,,,,,,,,,
1887,9,282.3,20.6,,,,,,,,,,,,,,,,,,,,,,,,,,,,,,,,,,,,,,,,,,,,,,,,,,,,,,,,,,,,,,,,,,,2.0,2.0,2.0,2.0,2.0,0.0,2.0,1.0,77.3,77.3,77.3,77.3,2.0,0.0,2.0,1.0,0.1,0.9,-84.9,-84.9,-84.9,-84.9,2.0,0.0,2.0,1.0,16.5,16.5,16.5,16.5,2.0,0.0,2.0,1.0,,,,,,,,,,,,,,,,,,,,,,,,,,,,,,,,,,,,,,,,,,,,,,,,,,,,,,,,,,,,,,,,,,,,,,,,,,,,,,,,,,,,,,,,,,,,,,,,
1887,9,282.3,32.6,27.2,27.8,27.8,27.56,36.0,0.46,12.0,0.5,26.7,27.2,27.8,27.21,36.0,0.68,12.0,0.5,16.89,17.43,18.48,17.64,30.0,0.92,10.0,0.5,75.6,77.6,82.6,78.5,30.0,3.0,10.0,0.5,0.3,0.7,2.6,4.6,6.7,4.26,32.0,2.07,12.0,0.5,-4.61,-2.27,-1.28,-2.56,32.0,2.44,12.0,0.5,-2.57,-1.45,2.62,-0.28,32.0,3.2,12.0,0.5,1022.02,1024.0,1024.4,1023.23,30.0,1.37,10.0,0.5,1.0,1.0,3.0,1.6,36.0,0.8,12.0,0.5,75.6,77.6,82.6,78.5,30.0,3.0,10.0,0.5,0.3,0.7,-22.0,-8.3,-3.4,-12.2,32.0,15.9,12.0,0.5,-12.1,-3.8,17.5,1.7,32.0,22.7,12.0,0.5,0.0,0.0,1.1,0.36,36.0,0.53,12.0,0.5,0.0,0.0,2.9,1.0,32.0,2.0,12.0,0.5,4.93,5.42,5.71,5.36,30.0,0.53,10.0,0.5,14.1,22.5,27.9,22.1,26.0,7.4,10.0,0.5,-126.4,-61.3,-34.2,-70.5,32.0,66.6,12.0,0.5,-71.6,-38.8,70.0,-8.9,32.0,87.1,12.0,0.5,-93.6,-62.5,-32.0,-60.5,26.0,28.6,10.0,0.5,-50.1,-29.0,30.4,-22.8,26.0,39.9,10.0,0.5,-25.9,-17.2,-10.5,-17.7,26.0,7.7,10.0,0.5,-13.7,-9.2,9.8,-6.1,26.0,11.8,10.0,0.5,17.5,97.5,301.0,134.0,32.0,184.0,12.0,0.5,20.0,95.0,300.0,135.0,32.0,185.0,12.0,0.5
1887,9,282.3,34.6,24.95,26.95,27.8,26.4,4.0,1.85,20.0,0.0,25.0,25.85,26.7,25.85,4.0,0.98,20.0,0.0,17.11,17.11,17.11,17.11,2.0,0.0,12.0,0.0,79.2,79.2,79.2,79.2,2.0,0.0,12.0,0.0,0.9,0.1,6.7,6.7,6.7,6.7,4.0,0.0,20.0,0.0,-4.74,-3.62,-2.51,-3.62,4.0,1.29,20.0,0.0,4.74,5.47,6.21,5.47,4.0,0.85,20.0,0.0,1024.0,1024.0,1024.0,1024.0,2.0,0.0,12.0,0.0,2.0,2.5,3.0,2.5,4.0,0.6,20.0,0.0,79.2,79.2,79.2,79.2,2.0,0.0,12.0,0.0,0.9,0.1,-31.7,-24.3,-16.8,-24.3,4.0,8.6,20.0,0.0,31.7,36.7,41.6,36.7,4.0,5.7,20.0,0.0,-0.05,1.1,1.1,0.55,4.0,1.1,20.0,0.0,-0.4,7.4,7.4,3.7,4.0,7.4,20.0,0.0,6.02,6.02,6.02,6.02,2.0,0.0,12.0,0.0,40.3,40.3,40.3,40.3,2.0,0.0,12.0,0.0,-126.5,-94.6,-62.7,-94.6,4.0,36.8,20.0,0.0,126.5,140.9,155.3,140.9,4.0,16.6,20.0,0.0,-81.1,-81.1,-81.1,-81.1,2.0,0.0,12.0,0.0,81.1,81.1,81.1,81.1,2.0,0.0,12.0,0.0,-28.5,-28.5,-28.5,-28.5,2.0,0.0,12.0,0.0,28.5,28.5,28.5,28.5,2.0,0.0,12.0,0.0,301.0,301.0,301.0,301.0,4.0,0.0,20.0,0.0,300.0,300.0,300.0,300.0,4.0,0.0,20.0,0.0
1887,9,284.3,-59.4,,,,,,,,,,,,,,,,,,,,,,,,,,,,,,,,,,,12.3,12.3,12.3,12.3,2.0,0.0,18.0,1.0,-7.64,0.45,8.54,0.45,2.0,16.76,18.0,1.0,-3.88,-2.3,-0.73,-2.3,2.0,3.26,18.0,1.0,987.81,995.35,1002.89,995.35,2.0,15.63,18.0,1.0,,,,,,,,,,,,,,,,,,,,,,,,,,,,,,,,,,,,,,,,,,,,,,,,,,,,,,,,,,,,,,,,,,,,,,,,,,,,,,,,,,,,,,,,,,,,,,,,,,,,,,,,,,,,,,,,,,,,,,,,,,,,,,,,,,
1887,9,284.3,-57.4,,,,,,,,,,,,,,,,,,,,,,,,,,,,,,,,,,,4.6,4.6,9.01,5.84,8.0,3.68,10.0,1.0,-8.35,-4.42,-4.23,-5.43,8.0,3.38,10.0,1.0,0.0,1.8,2.53,1.17,8.0,2.42,10.0,1.0,1005.07,1006.7,1009.97,1007.36,5.0,3.72,10.0,1.0,,,,,,,,,,,,,,,,,,,,,,,,,,,,,,,,,,,,,,,,,,,,,,,,,,,,,,,,,,,,,,,,,,,,,,,,,,,,,,,,,,,,,,,,,,,,,,,,,,,,,,,,,,,,,,,,,,,,,,,,,,,,,,,,,,
1887,9,284.3,-55.4,,,,,,,,,,,,,,,,,,,,,,,,,,,,,,,,,,,2.19,6.7,13.09,7.92,12.0,5.45,12.0,0.6,-12.61,-6.64,-0.82,-6.14,12.0,6.09,12.0,0.6,0.69,2.41,6.24,3.39,12.0,2.69,12.0,0.6,1017.41,1021.2,1025.06,1021.09,13.0,3.52,12.0,0.6,,,,,,,,,,,,,,,,,,,,,,,,,,,,,,,,,,,,,,,,,,,,,,,,,,,,,,,,,,,,,,,,,,,,,,,,,,,,,,,,,,,,,,,,,,,,,,,,,,,,,,,,,,,,,,,,,,,,,,,,,,,,,,,,,,
1887,9,284.3,-37.4,,,,,,,,,,,,,,,,,,,,,,,,,,,,,,,,,,,2.14,4.6,9.86,5.97,3.0,5.77,22.0,1.0,1.29,3.25,4.18,2.74,3.0,2.16,22.0,1.0,-8.82,-3.25,-1.67,-5.19,3.0,5.5,22.0,1.0,1020.2,1023.0,1023.27,1021.77,3.0,2.49,22.0,1.0,,,,,,,,,,,,,,,,,,,,,,,,,,,,,,,,,,,,,,,,,,,,,,,,,,,,,,,,,,,,,,,,,,,,,,,,,,,,,,,,,,,,,,,,,,,,,,,,,,,,,,,,,,,,,,,,,,,,,,,,,,,,,,,,,,
1887,9,284.3,-35.4,,,,,,,,,,,,,,,,,,,,,,,,,,,,,,,,,,,1.57,2.8,4.03,2.8,2.0,2.55,22.0,1.0,1.27,2.49,3.7,2.49,2.0,2.52,22.0,1.0,0.87,1.22,1.56,1.22,2.0,0.72,22.0,1.0,1019.36,1019.5,1019.64,1019.5,2.0,0.28,22.0,1.0,,,,,,,,,,,,,,,,,,,,,,,,,,,,,,,,,,,,,,,,,,,,,,,,,,,,,,,,,,,,,,,,,,,,,,,,,,,,,,,,,,,,,,,,,,,,,,,,,,,,,,,,,,,,,,,,,,,,,,,,,,,,,,,,,,
1887,9,284.3,-25.4,,,,,,,,,,,,,,,,,,,,,,,,,,,,,,,,,,,12.3,12.3,12.3,12.3,1.0,0.0,24.0,1.0,-4.61,-4.61,-4.61,-4.61,1.0,0.0,24.0,1.0,11.4,11.4,11.4,11.4,1.0,0.0,24.0,1.0,1025.2,1025.2,1025.2,1025.2,1.0,0.0,24.0,1.0,,,,,,,,,,,,,,,,,,,,,,,,,,,,,,,,,,,,,,,,,,,,,,,,,,,,,,,,,,,,,,,,,,,,,,,,,,,,,,,,,,,,,,,,,,,,,,,,,,,,,,,,,,,,,,,,,,,,,,,,,,,,,,,,,,
1887,9,284.3,18.6,,,,,,,,,,,,,,,,,,,,,,,,,,,,,,,,,,,2.92,3.6,4.28,3.6,2.0,1.41,4.0,0.5,-4.04,-2.83,-1.62,-2.83,2.0,2.5,4.0,0.5,-2.01,-1.23,-0.44,-1.23,2.0,1.62,4.0,0.5,1009.78,1010.6,1011.42,1010.6,2.0,1.7,4.0,0.5,,,,,,,,,,,,,,,,,,,,,,,,,,,,,,,,,,,,,,,,,,,,,,,,,,,,,,,,,,,,,,,,,,,,,,,,,,,,,,,,,,,,,,,,,,,,,,,,,,,,,,,,,,,,,,,,,,,,,,,,,,,,,,,,,,
1887,9,284.3,32.6,,,,,,,,,,,,,,,,,,,,,,,,,,,,,,,,,,,6.7,6.7,6.7,6.7,16.0,0.0,18.0,0.6,-6.69,-6.69,-6.21,-6.57,16.0,0.21,18.0,0.6,-2.51,-0.35,-0.35,-0.89,16.0,0.97,18.0,0.6,1023.24,1023.4,1024.08,1023.65,4.0,0.71,18.0,0.8,,,,,,,,,,,,,,,,,,,,,,,,,,,,,,,,,,,,,,,,,,,,,,,,,,,,,,,,,,,,,,,,,,,,,,,,,,,,,,,,,,,,,,,,,,,,,,,,,,,,,,,,,,,,,,,,,,,,,,,,,,,,,,,,,,
1887,9,284.3,34.6,24.57,27.8,27.8,26.32,26.0,2.14,14.0,0.7,23.5,26.7,28.9,26.21,25.0,2.54,14.0,0.6,16.13,17.88,19.36,17.69,13.0,1.56,12.0,0.6,71.4,79.2,80.0,75.1,13.0,7.6,12.0,0.6,0.2,0.4,2.6,6.7,6.7,4.94,25.0,2.33,14.0,0.6,-5.11,-0.97,4.91,-0.81,25.0,4.47,14.0,0.6,0.0,0.0,4.74,1.4,25.0,2.86,14.0,0.6,1022.7,1023.35,1026.49,1023.88,20.0,2.11,14.0,0.6,2.0,3.5,4.0,3.6,26.0,1.9,14.0,0.7,71.4,79.2,80.0,75.1,13.0,7.6,12.0,0.6,0.2,0.4,-34.3,-2.5,25.1,-5.8,25.0,28.4,14.0,0.6,0.0,0.0,31.7,8.2,25.0,18.6,14.0,0.6,-1.1,0.0,1.72,0.14,25.0,1.27,14.0,0.6,-5.9,0.0,9.0,1.7,24.0,7.2,14.0,0.6,3.77,5.28,6.23,5.36,13.0,1.51,12.0,0.6,6.7,31.1,40.4,26.1,12.0,17.7,12.0,0.6,-137.3,-39.0,80.5,-22.6,24.0,111.1,14.0,0.6,0.0,0.0,124.4,37.2,24.0,73.0,14.0,0.6,-45.4,0.0,100.9,16.2,12.0,66.5,12.0,0.6,0.0,37.2,88.3,42.8,12.0,45.3,12.0,0.6,-10.6,0.0,38.1,9.4,12.0,25.8,12.0,0.6,0.0,8.6,24.9,11.3,12.0,12.3,12.0,0.6,17.5,301.0,301.0,187.0,25.0,134.5,14.0,0.6,20.0,300.0,300.0,185.0,25.0,135.0,14.0,0.6
1887,9,284.3,36.6,21.1,22.2,23.3,22.07,97.0,1.09,10.0,0.5,20.6,23.3,24.4,22.79,95.0,1.89,10.0,0.5,12.91,14.62,16.68,14.72,83.0,1.87,8.0,0.6,77.8,82.2,87.0,83.0,83.0,4.7,8.0,0.6,0.5,0.7,2.6,4.6,6.7,5.45,94.0,3.07,10.0,0.5,-4.74,-2.57,1.17,-2.01,94.0,3.46,10.0,0.5,-4.93,-2.6,0.0,-2.67,94.0,4.02,10.0,0.5,1015.9,1018.6,1022.7,1018.71,91.0,2.98,10.0,0.6,2.0,3.0,6.0,3.5,88.0,2.3,10.0,0.5,77.8,82.2,87.0,83.0,83.0,4.7,8.0,0.6,0.5,0.7,-31.7,-8.3,2.7,-14.2,94.0,30.5,10.0,0.5,-33.1,-7.9,0.0,-22.0,94.0,42.9,10.0,0.5,-1.7,-1.1,0.6,-0.74,95.0,1.2,10.0,0.5,-7.4,-2.9,1.0,-2.6,91.0,6.9,10.0,0.5,0.74,1.92,3.32,1.96,83.0,1.13,8.0,0.6,3.2,9.9,25.5,14.1,79.0,14.2,8.0,0.5,-105.2,-60.3,10.1,-47.2,91.0,74.5,10.0,0.5,-119.0,-65.0,0.0,-61.4,91.0,86.6,10.0,0.5,-70.2,-42.1,16.0,-30.4,79.0,48.7,8.0,0.5,-84.0,-54.3,0.0,-43.5,79.0,52.4,8.0,0.5,-15.5,-4.3,0.0,-6.3,79.0,10.0,8.0,0.5,-18.0,-4.3,0.0,-9.2,79.0,13.3,8.0,0.5,17.5,97.5,301.0,340.5,94.0,568.0,10.0,0.5,20.0,95.0,300.0,340.0,94.0,570.0,10.0,0.5
1887,9,284.3,38.6,17.2,20.25,21.7,19.75,54.0,2.05,14.0,0.6,18.36,21.1,23.17,20.91,53.0,2.93,14.0,0.6,10.83,12.92,14.8,12.79,43.0,1.83,12.0,0.6,72.2,80.5,82.4,79.2,43.0,5.3,12.0,0.6,0.8,0.2,2.6,4.6,6.7,4.52,45.0,2.22,12.0,0.6,-3.82,-2.41,2.9,-1.55,45.0,3.36,12.0,0.6,-3.27,-0.88,3.57,-0.29,45.0,3.47,12.0,0.6,1018.6,1020.55,1029.5,1023.51,52.0,5.32,12.0,0.6,1.0,2.0,3.0,2.4,56.0,2.0,14.0,0.6,72.2,80.5,82.4,79.2,43.0,5.3,12.0,0.6,0.8,0.2,-20.8,-6.3,13.3,-7.3,45.0,24.5,12.0,0.6,-15.0,-1.0,16.4,-2.9,45.0,25.9,12.0,0.6,-3.31,-1.6,0.5,-1.34,51.0,2.43,14.0,0.6,-14.4,-5.1,0.0,-6.6,40.0,8.1,12.0,0.6,0.91,1.44,2.82,1.67,43.0,0.99,12.0,0.6,2.4,5.4,13.6,8.7,37.0,9.6,10.0,0.6,-85.0,-54.2,-12.8,-38.5,42.0,70.3,12.0,0.6,-83.7,-19.3,60.4,-13.5,42.0,70.0,12.0,0.6,-46.5,-34.0,3.2,-20.2,37.0,44.3,10.0,0.6,-54.7,-13.7,28.3,-11.7,37.0,39.8,10.0,0.6,-6.7,-3.7,-0.3,-4.1,37.0,7.9,10.0,0.6,-9.1,-1.0,2.2,-3.9,37.0,8.7,10.0,0.6,17.5,97.5,301.0,168.0,45.0,298.0,12.0,0.6,20.0,95.0,300.0,170.0,45.0,300.0,12.0,0.6
1887,9,286.3,-59.4,,,,,,,,,,,,,,,,,,,,,,,,,,,,,,,,,,,3.25,4.65,6.05,4.65,2.0,2.9,18.0,1.0,-5.57,-4.29,-3.01,-4.29,2.0,2.66,18.0,1.0,-0.4,0.82,2.05,0.82,2.0,2.54,18.0,1.0,978.64,993.35,1008.06,993.35,2.0,30.48,18.0,1.0,,,,,,,,,,,,,,,,,,,,,,,,,,,,,,,,,,,,,,,,,,,,,,,,,,,,,,,,,,,,,,,,,,,,,,,,,,,,,,,,,,,,,,,,,,,,,,,,,,,,,,,,,,,,,,,,,,,,,,,,,,,,,,,,,,
1887,9,286.3,-57.4,4.4,4.65,5.2,4.78,20.0,0.44,22.0,0.6,1.1,2.2,5.16,2.7,21.0,1.91,20.0,0.7,3.02,3.41,3.61,3.36,7.0,0.25,28.0,0.4,71.9,74.8,82.3,76.1,7.0,4.4,28.0,0.4,0.2,0.6,4.6,6.7,9.3,7.68,11.0,3.43,14.0,0.9,-2.42,3.63,6.7,2.78,11.0,6.12,14.0,0.9,-2.84,3.25,7.4,2.16,11.0,5.06,14.0,0.9,981.95,984.7,1006.57,991.79,18.0,12.83,22.0,0.6,3.9,6.0,8.0,5.9,13.0,1.9,16.0,0.8,71.9,74.8,82.3,76.1,7.0,4.4,28.0,0.4,0.2,0.6,-9.0,31.7,51.6,31.2,11.0,73.1,14.0,0.9,-10.9,15.0,68.8,17.2,11.0,50.7,14.0,0.9,0.71,2.7,3.5,2.25,20.0,1.52,22.0,0.6,-1.4,9.0,21.4,9.6,10.0,12.3,16.0,0.9,1.71,2.15,2.3,2.03,7.0,0.25,28.0,0.4,14.4,14.4,14.4,14.4,1.0,0.0,28.0,1.0,-11.8,7.1,19.5,9.3,11.0,29.4,14.0,0.9,-15.2,7.1,28.9,7.2,11.0,25.8,14.0,0.9,22.8,22.8,22.8,22.8,1.0,0.0,28.0,1.0,-0.4,-0.4,-0.4,-0.4,1.0,0.0,28.0,1.0,14.4,14.4,14.4,14.4,1.0,0.0,28.0,1.0,-0.3,-0.3,-0.3,-0.3,1.0,0.0,28.0,1.0,97.5,301.0,804.5,726.0,11.0,1021.0,14.0,0.9,95.0,300.0,805.0,725.0,11.0,1020.0,14.0,0.9
1887,9,286.3,-55.4,,,,,,,,,,,,,,,,,,,,,,,,,,,,,,,,,,,4.62,12.3,13.43,9.54,5.0,5.71,16.0,0.6,-0.86,0.19,6.18,2.26,5.0,4.42,16.0,0.6,3.37,8.7,13.29,8.38,5.0,5.72,16.0,0.6,1025.93,1026.3,1028.53,1027.08,5.0,1.48,16.0,0.6,,,,,,,,,,,,,,,,,,,,,,,,,,,,,,,,,,,,,,,,,,,,,,,,,,,,,,,,,,,,,,,,,,,,,,,,,,,,,,,,,,,,,,,,,,,,,,,,,,,,,,,,,,,,,,,,,,,,,,,,,,,,,,,,,,
1887,9,286.3,-35.4,,,,,,,,,,,,,,,,,,,,,,,,,,,,,,,,,,,9.78,10.8,11.82,10.8,2.0,2.12,26.0,1.0,-3.3,-0.49,2.33,-0.49,2.0,5.83,26.0,1.0,9.01,9.98,10.95,9.98,2.0,2.01,26.0,1.0,1017.38,1019.5,1021.62,1019.5,2.0,4.38,26.0,1.0,,,,,,,,,,,,,,,,,,,,,,,,,,,,,,,,,,,,,,,,,,,,,,,,,,,,,,,,,,,,,,,,,,,,,,,,,,,,,,,,,,,,,,,,,,,,,,,,,,,,,,,,,,,,,,,,,,,,,,,,,,,,,,,,,,
1887,9,286.3,-33.4,,,,,,,,,,,,,,,,,,,,,,,,,,,,,,,,,,,6.7,8.0,10.87,8.75,4.0,2.67,20.0,1.0,-1.27,3.05,4.91,1.88,4.0,4.71,20.0,1.0,-10.04,-3.06,4.43,-2.82,4.0,8.47,20.0,1.0,1012.04,1018.1,1022.9,1017.5,4.0,6.31,20.0,1.0,,,,,,,,,,,,,,,,,,,,,,,,,,,,,,,,,,,,,,,,,,,,,,,,,,,,,,,,,,,,,,,,,,,,,,,,,,,,,,,,,,,,,,,,,,,,,,,,,,,,,,,,,,,,,,,,,,,,,,,,,,,,,,,,,,
1887,9,286.3,-31.4,,,,,,,,,,,,,,,,,,,,,,,,,,,,,,,,,,,2.92,3.6,4.28,3.6,2.0,1.41,24.0,1.0,0.52,1.63,2.74,1.63,2.0,2.3,24.0,1.0,2.7,2.93,3.15,2.93,2.0,0.46,24.0,1.0,1017.63,1017.9,1018.17,1017.9,2.0,0.57,24.0,1.0,,,,,,,,,,,,,,,,,,,,,,,,,,,,,,,,,,,,,,,,,,,,,,,,,,,,,,,,,,,,,,,,,,,,,,,,,,,,,,,,,,,,,,,,,,,,,,,,,,,,,,,,,,,,,,,,,,,,,,,,,,,,,,,,,,
1887,9,286.3,-29.4,,,,,,,,,,,,,,,,,,,,,,,,,,,,,,,,,,,6.09,9.3,11.35,8.73,3.0,3.88,24.0,1.0,0.57,1.8,3.85,2.2,3.0,2.43,24.0,1.0,5.84,9.3,10.68,8.29,3.0,3.65,24.0,1.0,1018.62,1019.3,1019.98,1019.3,2.0,1.41,24.0,1.0,,,,,,,,,,,,,,,,,,,,,,,,,,,,,,,,,,,,,,,,,,,,,,,,,,,,,,,,,,,,,,,,,,,,,,,,,,,,,,,,,,,,,,,,,,,,,,,,,,,,,,,,,,,,,,,,,,,,,,,,,,,,,,,,,,
1887,9,286.3,-27.4,,,,,,,,,,,,,,,,,,,,,,,,,,,,,,,,,,,2.6,2.6,2.6,2.6,1.0,0.0,30.0,1.0,1.02,1.02,1.02,1.02,1.0,0.0,30.0,1.0,2.39,2.39,2.39,2.39,1.0,0.0,30.0,1.0,1015.9,1015.9,1015.9,1015.9,1.0,0.0,30.0,1.0,,,,,,,,,,,,,,,,,,,,,,,,,,,,,,,,,,,,,,,,,,,,,,,,,,,,,,,,,,,,,,,,,,,,,,,,,,,,,,,,,,,,,,,,,,,,,,,,,,,,,,,,,,,,,,,,,,,,,,,,,,,,,,,,,,
1887,9,286.3,-25.4,,,,,,,,,,,,,,,,,,,,,,,,,,,,,,,,,,,4.6,4.6,4.6,4.6,2.0,0.0,22.0,1.0,-2.74,-1.63,-0.52,-1.63,2.0,2.3,22.0,1.0,3.47,3.93,4.39,3.93,2.0,0.95,22.0,1.0,1018.79,1019.2,1019.61,1019.2,2.0,0.85,22.0,1.0,,,,,,,,,,,,,,,,,,,,,,,,,,,,,,,,,,,,,,,,,,,,,,,,,,,,,,,,,,,,,,,,,,,,,,,,,,,,,,,,,,,,,,,,,,,,,,,,,,,,,,,,,,,,,,,,,,,,,,,,,,,,,,,,,,
1887,9,286.3,-23.4,,,,,,,,,,,,,,,,,,,,,,,,,,,,,,,,,,,7.11,8.0,8.89,8.0,2.0,1.84,24.0,1.0,-3.33,-3.0,-2.66,-3.0,2.0,0.69,24.0,1.0,6.59,7.42,8.24,7.42,2.0,1.7,24.0,1.0,1016.64,1018.45,1020.26,1018.45,2.0,3.75,24.0,1.0,,,,,,,,,,,,,,,,,,,,,,,,,,,,,,,,,,,,,,,,,,,,,,,,,,,,,,,,,,,,,,,,,,,,,,,,,,,,,,,,,,,,,,,,,,,,,,,,,,,,,,,,,,,,,,,,,,,,,,,,,,,,,,,,,,
1887,9,286.3,16.6,,,,,,,,,,,,,,,,,,,,,,,,,,,,,,,,,,,6.7,6.7,6.7,6.7,1.0,0.0,4.0,1.0,-6.7,-6.7,-6.7,-6.7,1.0,0.0,4.0,1.0,-0.12,-0.12,-0.12,-0.12,1.0,0.0,4.0,1.0,1011.7,1011.7,1011.7,1011.7,1.0,0.0,4.0,1.0,,,,,,,,,,,,,,,,,,,,,,,,,,,,,,,,,,,,,,,,,,,,,,,,,,,,,,,,,,,,,,,,,,,,,,,,,,,,,,,,,,,,,,,,,,,,,,,,,,,,,,,,,,,,,,,,,,,,,,,,,,,,,,,,,,
1887,9,286.3,18.6,,,,,,,,,,,,,,,,,,,,,,,,,,,,,,,,,,,1.0,1.0,1.0,1.0,1.0,0.0,4.0,0.0,-0.41,-0.41,-0.41,-0.41,1.0,0.0,4.0,0.0,-0.91,-0.91,-0.91,-0.91,1.0,0.0,4.0,0.0,1011.5,1011.5,1011.5,1011.5,1.0,0.0,4.0,0.0,,,,,,,,,,,,,,,,,,,,,,,,,,,,,,,,,,,,,,,,,,,,,,,,,,,,,,,,,,,,,,,,,,,,,,,,,,,,,,,,,,,,,,,,,,,,,,,,,,,,,,,,,,,,,,,,,,,,,,,,,,,,,,,,,,
1887,9,286.3,22.6,,,,,,,,,,,,,,,,,,,,,,,,,,,,,,,,,,,3.55,4.6,4.6,4.1,4.0,1.0,6.0,0.8,-4.6,-4.6,-3.55,-4.1,4.0,1.0,6.0,0.8,0.0,0.0,0.0,0.0,4.0,0.0,6.0,0.8,1016.0,1016.4,1017.01,1016.5,4.0,0.6,6.0,0.8,,,,,,,,,,,,,,,,,,,,,,,,,,,,,,,,,,,,,,,,,,,,,,,,,,,,,,,,,,,,,,,,,,,,,,,,,,,,,,,,,,,,,,,,,,,,,,,,,,,,,,,,,,,,,,,,,,,,,,,,,,,,,,,,,,
1887,9,286.3,24.6,,,,,,,,,,,,,,,,,,,,,,,,,,,,,,,,,,,0.79,1.0,2.6,1.37,6.0,1.03,6.0,0.7,-0.77,-0.35,0.5,0.0,6.0,1.25,6.0,0.7,0.0,0.71,1.31,0.83,6.0,0.96,6.0,0.7,1014.9,1015.5,1015.68,1015.4,6.0,0.43,6.0,0.7,,,,,,,,,,,,,,,,,,,,,,,,,,,,,,,,,,,,,,,,,,,,,,,,,,,,,,,,,,,,,,,,,,,,,,,,,,,,,,,,,,,,,,,,,,,,,,,,,,,,,,,,,,,,,,,,,,,,,,,,,,,,,,,,,,
1887,9,286.3,30.6,,,,,,,,,,,,,,,,,,,,,,,,,,,,,,,,,,,4.6,4.6,4.6,4.6,1.0,0.0,24.0,0.0,1.8,1.8,1.8,1.8,1.0,0.0,24.0,0.0,4.23,4.23,4.23,4.23,1.0,0.0,24.0,0.0,1010.4,1010.4,1010.4,1010.4,1.0,0.0,24.0,0.0,,,,,,,,,,,,,,,,,,,,,,,,,,,,,,,,,,,,,,,,,,,,,,,,,,,,,,,,,,,,,,,,,,,,,,,,,,,,,,,,,,,,,,,,,,,,,,,,,,,,,,,,,,,,,,,,,,,,,,,,,,,,,,,,,,
1887,9,286.3,32.6,,,,,,,,,,,,,,,,,,,,,,,,,,,,,,,,,,,1.0,4.6,12.6,5.32,13.0,5.44,18.0,0.5,-11.68,-1.8,0.0,-4.02,13.0,5.48,18.0,0.5,-4.72,-3.25,1.0,-2.18,13.0,2.75,18.0,0.5,1011.99,1016.1,1020.14,1015.92,13.0,3.38,18.0,0.5,,,,,,,,,,,,,,,,,,,,,,,,,,,,,,,,,,,,,,,,,,,,,,,,,,,,,,,,,,,,,,,,,,,,,,,,,,,,,,,,,,,,,,,,,,,,,,,,,,,,,,,,,,,,,,,,,,,,,,,,,,,,,,,,,,
1887,9,286.3,34.6,24.62,25.6,26.38,25.42,17.0,1.2,16.0,0.5,22.65,26.3,27.1,25.35,17.0,2.05,16.0,0.5,19.33,19.81,20.57,19.82,12.0,0.64,12.0,0.5,91.0,92.0,92.7,91.9,12.0,0.8,12.0,0.5,0.9,0.2,1.0,4.6,6.7,4.56,17.0,2.66,16.0,0.5,-3.51,-0.92,6.17,0.55,17.0,4.47,16.0,0.5,-2.59,0.39,4.02,0.55,17.0,2.92,16.0,0.5,1017.36,1019.5,1022.68,1019.78,17.0,2.49,16.0,0.5,0.0,2.0,5.0,2.4,17.0,2.2,16.0,0.5,91.0,92.0,92.7,91.9,12.0,0.8,12.0,0.5,0.9,0.2,-16.2,-0.9,41.3,10.2,17.0,32.6,16.0,0.5,-14.5,0.4,20.3,2.4,17.0,18.2,16.0,0.5,-1.18,-0.5,1.94,0.08,17.0,1.66,16.0,0.5,-5.7,-2.3,2.5,-1.9,17.0,4.0,16.0,0.5,0.06,0.92,1.58,0.88,12.0,0.78,12.0,0.5,0.3,4.3,10.9,6.1,12.0,6.4,12.0,0.5,-92.0,-19.9,163.8,15.8,17.0,118.0,16.0,0.5,-68.5,8.4,109.8,14.8,17.0,77.6,16.0,0.5,-77.5,-17.9,138.0,24.1,12.0,103.7,12.0,0.5,-51.7,22.0,89.5,17.0,12.0,68.1,12.0,0.5,-1.8,1.2,10.1,4.0,12.0,6.8,12.0,0.5,-3.6,0.8,3.8,0.3,12.0,4.2,12.0,0.5,1.0,97.5,301.0,189.0,17.0,253.0,16.0,0.5,0.0,95.0,300.0,190.0,17.0,255.0,16.0,0.5
1887,9,286.3,36.6,21.17,22.0,22.8,22.49,21.0,1.71,18.0,0.5,21.02,21.7,23.85,22.24,21.0,2.41,18.0,0.5,12.99,14.23,20.0,15.56,7.0,3.71,16.0,0.4,84.4,86.3,94.8,87.3,7.0,8.4,16.0,0.4,0.5,0.6,1.0,4.6,10.96,4.41,21.0,4.27,18.0,0.5,-4.14,-0.93,0.93,-1.54,21.0,3.13,18.0,0.5,-7.98,-0.93,0.0,-2.77,21.0,4.28,18.0,0.5,1019.25,1024.95,1027.29,1023.5,18.0,4.15,20.0,0.4,2.0,4.0,6.0,4.0,21.0,2.3,18.0,0.5,84.4,86.3,94.8,87.3,7.0,8.4,16.0,0.4,0.5,0.6,-19.1,-0.9,0.9,-15.1,21.0,33.4,18.0,0.5,-92.0,-0.9,0.0,-27.3,21.0,51.0,18.0,0.5,-0.6,0.0,0.77,0.25,21.0,1.46,18.0,0.5,0.0,0.0,6.2,2.3,21.0,6.5,18.0,0.5,1.48,2.32,3.47,2.41,7.0,1.33,16.0,0.4,2.1,28.5,42.7,24.3,7.0,21.0,16.0,0.4,-94.2,-19.9,20.3,-31.3,21.0,68.2,18.0,0.5,-166.4,-19.5,0.0,-61.9,21.0,90.6,18.0,0.5,-94.4,0.0,16.7,-29.0,7.0,65.6,16.0,0.4,-145.8,-92.2,-64.8,-99.4,7.0,52.3,16.0,0.4,-24.3,0.0,1.7,-10.7,7.0,16.4,16.0,0.4,-35.1,-28.5,-1.5,-19.8,7.0,16.5,16.0,0.4,1.0,97.5,1554.0,389.0,21.0,733.0,18.0,0.5,0.0,95.0,1555.0,390.0,21.0,735.0,18.0,0.5
1887,9,286.3,38.6,18.4,21.0,21.7,20.4,33.0,1.42,18.0,0.5,13.7,16.6,21.01,17.61,26.0,3.36,22.0,0.4,12.8,13.98,14.95,13.81,10.0,1.17,14.0,0.3,82.3,89.4,94.0,88.0,10.0,5.6,14.0,0.3,0.6,0.1,2.6,6.7,8.15,5.73,29.0,3.32,18.0,0.6,-6.1,-1.84,1.69,-1.55,29.0,3.28,18.0,0.6,-4.9,1.22,4.85,-0.36,29.0,5.63,18.0,0.6,1019.18,1020.0,1021.74,1020.51,30.0,2.19,18.0,0.5,2.0,4.0,8.0,4.3,31.0,2.5,18.0,0.5,82.3,89.4,94.0,88.0,10.0,5.6,14.0,0.3,0.6,0.1,-41.3,-4.8,10.0,-10.4,29.0,26.9,18.0,0.6,-28.6,3.2,28.4,-10.6,29.0,59.6,18.0,0.6,-0.15,3.5,4.8,2.64,26.0,2.55,22.0,0.4,-3.3,12.5,31.7,14.0,22.0,14.7,22.0,0.5,1.0,1.61,3.01,1.82,10.0,0.97,14.0,0.3,2.4,4.0,21.1,10.0,7.0,10.3,12.0,0.3,-101.6,-41.1,-14.7,-50.5,22.0,38.8,22.0,0.5,-140.6,-10.5,42.9,-42.9,22.0,101.1,22.0,0.5,-35.8,-27.7,-10.7,-30.1,7.0,25.5,12.0,0.3,-173.3,24.7,27.8,-56.3,7.0,104.8,12.0,0.3,-4.3,-2.8,-0.4,-3.3,7.0,3.6,12.0,0.3,-20.7,1.1,2.4,-6.8,7.0,11.9,12.0,0.3,17.5,301.0,581.0,403.0,29.0,737.5,18.0,0.6,20.0,300.0,580.0,405.0,29.0,740.0,18.0,0.6
1887,9,286.3,40.6,,,,,,,,,,,,,,,,,,,,,,,,,,,,,,,,,,,1.0,4.6,6.7,4.4,25.0,2.9,20.0,0.3,-2.93,0.0,2.37,-0.31,25.0,3.2,20.0,0.3,-6.25,0.0,3.76,-0.5,25.0,4.24,20.0,0.3,1017.5,1019.8,1027.92,1021.53,14.0,4.36,20.0,0.3,,,,,,,,,,,,,,,,,,,,,,,,,,,,,,,,,,,,,,,,,,,,,,,,,,,,,,,,,,,,,,,,,,,,,,,,,,,,,,,,,,,,,,,,,,,,,,,,,,,,,,,,,,,,,,,,,,,,,,,,,,,,,,,,,,
1887,9,288.3,-59.4,,,,,,,,,,,,,,,,,,,,,,,,,,,,,,,,,,,10.84,14.15,17.46,14.15,2.0,6.86,24.0,1.0,9.33,11.0,12.66,11.0,2.0,3.45,24.0,1.0,-11.88,-8.53,-5.19,-8.53,2.0,6.93,24.0,1.0,984.68,986.15,987.62,986.15,2.0,3.04,24.0,1.0,,,,,,,,,,,,,,,,,,,,,,,,,,,,,,,,,,,,,,,,,,,,,,,,,,,,,,,,,,,,,,,,,,,,,,,,,,,,,,,,,,,,,,,,,,,,,,,,,,,,,,,,,,,,,,,,,,,,,,,,,,,,,,,,,,
1887,9,288.3,-57.4,4.16,4.7,5.0,4.62,49.0,0.54,16.0,0.5,1.1,3.1,4.81,3.22,51.0,1.65,16.0,0.5,3.01,3.39,3.62,3.51,14.0,0.64,22.0,0.4,71.9,74.8,82.2,76.9,14.0,9.0,22.0,0.4,0.8,0.5,6.7,9.3,15.4,9.73,41.0,4.72,12.0,0.5,-8.56,0.0,11.17,1.16,41.0,7.8,12.0,0.5,-1.16,3.63,10.65,4.34,41.0,6.16,12.0,0.5,989.72,1008.0,1018.98,1005.7,47.0,12.88,16.0,0.5,5.0,7.0,8.0,6.6,41.0,1.4,12.0,0.5,71.9,74.8,82.2,76.9,14.0,9.0,22.0,0.4,0.8,0.5,-79.6,0.0,140.3,32.5,41.0,105.4,12.0,0.5,-10.8,33.8,153.0,58.9,41.0,101.1,12.0,0.5,-0.1,1.5,3.24,1.43,49.0,1.46,16.0,0.5,-2.7,4.7,19.6,6.8,39.0,11.9,14.0,0.5,1.79,2.0,2.29,1.88,13.0,0.57,24.0,0.5,6.3,10.9,13.1,9.8,4.0,4.4,12.0,0.5,-21.2,0.0,52.6,8.3,41.0,34.8,12.0,0.5,-5.1,9.4,39.6,15.3,41.0,27.4,12.0,0.5,-14.1,-4.3,25.9,3.1,5.0,24.3,10.0,0.4,9.1,22.2,35.3,21.6,5.0,20.3,10.0,0.4,-2.9,1.3,8.6,2.8,4.0,7.1,12.0,0.5,-1.5,4.8,10.5,4.5,4.0,7.7,12.0,0.5,301.0,804.5,3652.5,1620.5,41.0,2316.5,12.0,0.5,300.0,805.0,3650.0,1620.0,41.0,2315.0,12.0,0.5
1887,9,288.3,-55.4,,,,,,,,,,,,,,,,,,,,,,,,,,,,,,,,,,,12.3,12.3,12.3,12.3,1.0,0.0,16.0,0.0,11.4,11.4,11.4,11.4,1.0,0.0,16.0,0.0,4.61,4.61,4.61,4.61,1.0,0.0,16.0,0.0,1022.7,1022.7,1022.7,1022.7,1.0,0.0,16.0,0.0,,,,,,,,,,,,,,,,,,,,,,,,,,,,,,,,,,,,,,,,,,,,,,,,,,,,,,,,,,,,,,,,,,,,,,,,,,,,,,,,,,,,,,,,,,,,,,,,,,,,,,,,,,,,,,,,,,,,,,,,,,,,,,,,,,
1887,9,288.3,-21.4,,,,,,,,,,,,,,,,,,,,,,,,,,,,,,,,,,,0.48,1.0,1.0,0.75,4.0,0.5,26.0,1.0,0.0,0.0,0.2,0.1,4.0,0.2,26.0,1.0,0.44,0.96,1.0,0.73,4.0,0.49,26.0,1.0,1014.2,1014.4,1014.81,1014.5,3.0,0.46,26.0,1.0,,,,,,,,,,,,,,,,,,,,,,,,,,,,,,,,,,,,,,,,,,,,,,,,,,,,,,,,,,,,,,,,,,,,,,,,,,,,,,,,,,,,,,,,,,,,,,,,,,,,,,,,,,,,,,,,,,,,,,,,,,,,,,,,,,
1887,9,288.3,-19.4,,,,,,,,,,,,,,,,,,,,,,,,,,,,,,,,,,,4.6,4.6,4.6,4.6,1.0,0.0,24.0,1.0,-3.25,-3.25,-3.25,-3.25,1.0,0.0,24.0,1.0,3.25,3.25,3.25,3.25,1.0,0.0,24.0,1.0,1015.4,1015.4,1015.4,1015.4,1.0,0.0,24.0,1.0,,,,,,,,,,,,,,,,,,,,,,,,,,,,,,,,,,,,,,,,,,,,,,,,,,,,,,,,,,,,,,,,,,,,,,,,,,,,,,,,,,,,,,,,,,,,,,,,,,,,,,,,,,,,,,,,,,,,,,,,,,,,,,,,,,
1887,9,288.3,20.6,,,,,,,,,,,,,,,,,,,,,,,,,,,,,,,,,,,6.7,6.7,6.7,6.7,1.0,0.0,10.0,0.0,-4.98,-4.98,-4.98,-4.98,1.0,0.0,10.0,0.0,-4.48,-4.48,-4.48,-4.48,1.0,0.0,10.0,0.0,1011.5,1011.5,1011.5,1011.5,1.0,0.0,10.0,0.0,,,,,,,,,,,,,,,,,,,,,,,,,,,,,,,,,,,,,,,,,,,,,,,,,,,,,,,,,,,,,,,,,,,,,,,,,,,,,,,,,,,,,,,,,,,,,,,,,,,,,,,,,,,,,,,,,,,,,,,,,,,,,,,,,,
1887,9,288.3,24.6,,,,,,,,,,,,,,,,,,,,,,,,,,,,,,,,,,,2.6,2.6,2.6,2.6,1.0,0.0,10.0,0.0,-2.39,-2.39,-2.39,-2.39,1.0,0.0,10.0,0.0,1.02,1.02,1.02,1.02,1.0,0.0,10.0,0.0,1012.5,1012.5,1012.5,1012.5,1.0,0.0,10.0,0.0,,,,,,,,,,,,,,,,,,,,,,,,,,,,,,,,,,,,,,,,,,,,,,,,,,,,,,,,,,,,,,,,,,,,,,,,,,,,,,,,,,,,,,,,,,,,,,,,,,,,,,,,,,,,,,,,,,,,,,,,,,,,,,,,,,
1887,9,288.3,26.6,,,,,,,,,,,,,,,,,,,,,,,,,,,,,,,,,,,1.0,2.6,2.6,2.11,9.0,1.23,14.0,0.1,-2.39,-1.84,0.04,-1.57,9.0,1.55,14.0,0.1,0.11,0.92,1.02,0.58,9.0,1.0,14.0,0.1,1010.57,1017.4,1019.37,1015.58,9.0,4.4,14.0,0.1,,,,,,,,,,,,,,,,,,,,,,,,,,,,,,,,,,,,,,,,,,,,,,,,,,,,,,,,,,,,,,,,,,,,,,,,,,,,,,,,,,,,,,,,,,,,,,,,,,,,,,,,,,,,,,,,,,,,,,,,,,,,,,,,,,
1887,9,288.3,28.6,,,,,,,,,,,,,,,,,,,,,,,,,,,,,,,,,,,4.43,4.6,6.82,5.06,7.0,2.52,22.0,0.6,-0.22,3.25,4.38,2.1,7.0,3.68,22.0,0.6,0.36,1.72,6.58,2.91,7.0,2.76,22.0,0.6,1006.98,1007.4,1011.21,1009.75,6.0,5.84,22.0,0.7,,,,,,,,,,,,,,,,,,,,,,,,,,,,,,,,,,,,,,,,,,,,,,,,,,,,,,,,,,,,,,,,,,,,,,,,,,,,,,,,,,,,,,,,,,,,,,,,,,,,,,,,,,,,,,,,,,,,,,,,,,,,,,,,,,
1887,9,288.3,30.6,25.6,26.1,26.7,26.05,29.0,0.56,16.0,0.6,25.55,26.0,27.58,26.55,17.0,1.35,14.0,0.6,19.09,19.51,21.41,20.21,4.0,1.77,8.0,0.8,90.2,90.7,91.5,90.8,4.0,0.9,8.0,0.8,1.0,0.5,1.0,4.6,6.7,4.17,29.0,2.46,16.0,0.6,-6.02,-1.8,0.0,-2.01,29.0,2.57,16.0,0.6,-6.3,-1.84,1.47,-1.66,29.0,3.23,16.0,0.6,1009.36,1014.7,1019.31,1014.55,17.0,4.14,14.0,0.6,2.0,3.0,4.0,3.2,29.0,1.4,16.0,0.6,90.2,90.7,91.5,90.8,4.0,0.9,8.0,0.8,1.0,0.5,-40.3,-4.8,0.0,-12.9,29.0,16.8,16.0,0.6,-42.2,-4.8,3.1,-11.0,29.0,19.0,16.0,0.6,-1.8,0.2,0.98,-0.26,17.0,1.56,14.0,0.6,-3.4,0.0,0.7,-0.9,17.0,2.9,14.0,0.6,0.6,2.04,2.13,1.4,4.0,1.38,8.0,0.8,0.1,3.7,5.3,2.8,4.0,3.3,8.0,0.8,-35.5,0.0,18.1,-9.1,17.0,33.1,14.0,0.6,-63.2,0.0,62.6,0.1,17.0,68.6,14.0,0.6,-16.2,9.9,34.9,9.4,4.0,29.5,8.0,0.8,10.3,41.4,47.8,29.6,4.0,29.2,8.0,0.8,-1.8,-1.3,1.5,-0.2,4.0,2.6,8.0,0.8,-1.5,1.1,4.4,1.4,4.0,3.4,8.0,0.8,1.0,97.5,301.0,142.5,29.0,138.5,16.0,0.6,0.0,95.0,300.0,140.0,29.0,140.0,16.0,0.6
1887,9,288.3,32.6,25.0,25.3,26.12,25.56,16.0,0.58,10.0,0.4,26.2,27.0,28.12,26.99,16.0,1.21,10.0,0.4,19.8,20.84,22.05,20.8,16.0,1.35,10.0,0.4,92.6,93.7,94.8,93.6,16.0,1.1,10.0,0.4,0.6,0.3,1.0,2.6,4.6,3.01,16.0,2.04,10.0,0.4,-2.71,-0.63,1.89,-0.5,16.0,2.22,10.0,0.4,0.27,0.93,2.84,1.39,16.0,2.56,10.0,0.4,1013.94,1016.8,1020.47,1017.15,16.0,3.2,10.0,0.4,2.0,2.0,5.6,3.2,16.0,1.8,10.0,0.4,92.6,93.7,94.8,93.6,16.0,1.1,10.0,0.4,0.6,0.3,-11.1,-0.6,11.1,-0.4,16.0,11.0,10.0,0.4,0.3,0.9,11.4,5.9,16.0,15.6,10.0,0.4,-2.36,-1.6,-0.44,-1.44,16.0,1.08,10.0,0.4,-7.3,-2.3,-0.9,-3.5,16.0,3.9,10.0,0.4,-1.38,-0.56,0.72,-0.42,16.0,1.23,10.0,0.4,-3.2,-1.2,1.7,-0.3,16.0,4.2,10.0,0.4,-67.8,-17.1,51.7,-12.8,16.0,58.9,10.0,0.4,7.2,25.4,76.2,39.1,16.0,68.7,10.0,0.4,-50.8,-13.2,40.6,-9.4,16.0,45.2,10.0,0.4,5.6,19.4,57.9,30.6,16.0,53.0,10.0,0.4,-1.2,0.4,2.2,-0.2,16.0,2.8,10.0,0.4,-3.4,-0.9,0.5,-1.4,16.0,2.8,10.0,0.4,1.0,17.5,97.5,66.5,16.0,99.5,10.0,0.4,0.0,20.0,95.0,65.0,16.0,100.0,10.0,0.4
1887,9,288.3,34.6,25.03,25.1,25.17,25.1,2.0,0.14,12.0,1.0,27.62,27.65,27.68,27.65,2.0,0.07,12.0,1.0,20.85,20.93,21.01,20.93,2.0,0.16,12.0,1.0,91.1,91.3,91.5,91.3,2.0,0.4,12.0,1.0,0.5,0.0,4.6,4.6,4.6,4.6,2.0,0.0,12.0,1.0,-4.39,-3.93,-3.47,-3.93,2.0,0.95,12.0,1.0,-2.74,-1.63,-0.52,-1.63,2.0,2.3,12.0,1.0,1022.44,1022.75,1023.06,1022.75,2.0,0.64,12.0,1.0,3.3,4.0,4.7,4.0,2.0,1.4,12.0,1.0,91.1,91.3,91.5,91.3,2.0,0.4,12.0,1.0,0.5,0.0,-20.2,-18.1,-15.9,-18.1,2.0,4.4,12.0,1.0,-12.6,-7.5,-2.4,-7.5,2.0,10.6,12.0,1.0,-2.65,-2.55,-2.45,-2.55,2.0,0.21,12.0,1.0,-12.2,-11.7,-11.3,-11.7,2.0,1.0,12.0,1.0,-1.39,-1.22,-1.06,-1.22,2.0,0.34,12.0,1.0,-6.4,-5.6,-4.9,-5.6,2.0,1.6,12.0,1.0,-121.4,-108.6,-95.7,-108.6,2.0,26.6,12.0,1.0,-75.5,-44.9,-14.2,-44.9,2.0,63.5,12.0,1.0,-92.2,-82.2,-72.3,-82.2,2.0,20.6,12.0,1.0,-56.9,-33.8,-10.7,-33.8,2.0,47.9,12.0,1.0,3.7,5.0,6.2,5.0,2.0,2.5,12.0,1.0,0.5,1.6,2.7,1.6,2.0,2.2,12.0,1.0,97.5,97.5,97.5,97.5,2.0,0.0,12.0,1.0,95.0,95.0,95.0,95.0,2.0,0.0,12.0,1.0
1887,9,288.3,36.6,22.2,24.2,26.7,24.36,30.0,2.01,20.0,0.6,19.06,21.3,24.88,21.83,30.0,2.61,20.0,0.6,16.52,17.72,18.72,17.33,12.0,1.71,14.0,0.6,93.0,93.6,94.2,93.5,12.0,1.0,14.0,0.6,0.5,0.3,2.6,6.7,10.49,6.69,30.0,3.8,20.0,0.6,-3.61,-2.62,-0.43,-2.43,30.0,1.64,20.0,0.6,-8.56,-2.6,5.92,-2.45,30.0,6.76,20.0,0.6,1015.56,1021.1,1024.3,1019.77,25.0,3.72,20.0,0.6,2.0,4.0,6.0,4.2,30.0,2.0,20.0,0.6,93.0,93.6,94.2,93.5,12.0,1.0,14.0,0.6,0.5,0.3,-33.8,-19.3,-0.4,-19.9,30.0,18.8,20.0,0.6,-79.6,-11.8,39.6,-22.6,30.0,75.6,20.0,0.6,0.28,2.35,4.22,2.53,30.0,2.18,20.0,0.6,-0.2,11.4,48.0,20.1,30.0,24.8,20.0,0.6,0.05,2.99,3.68,2.17,12.0,1.76,14.0,0.6,0.7,13.8,31.4,15.8,12.0,14.4,14.0,0.6,-77.9,-54.4,-10.1,-51.6,30.0,36.5,20.0,0.6,-205.4,-64.3,109.8,-58.4,30.0,138.6,20.0,0.6,-72.7,-44.4,0.0,-45.1,12.0,36.3,14.0,0.6,-148.0,-101.4,-71.2,-103.7,12.0,38.1,14.0,0.6,-15.5,-2.0,0.0,-6.7,12.0,9.2,14.0,0.6,-28.9,-11.2,-0.6,-13.3,12.0,12.4,14.0,0.6,17.5,301.0,1224.5,600.5,30.0,838.0,20.0,0.6,20.0,300.0,1225.0,600.0,30.0,840.0,20.0,0.6
1887,9,288.3,38.6,19.41,20.9,22.39,21.17,39.0,1.78,12.0,0.5,19.6,21.1,22.35,20.88,33.0,1.34,12.0,0.5,12.05,12.8,14.22,13.2,21.0,1.21,18.0,0.5,88.7,89.9,91.7,88.8,21.0,5.7,18.0,0.5,0.7,0.2,2.6,9.3,12.3,8.13,38.0,4.03,12.0,0.5,-4.99,2.58,7.74,1.3,38.0,5.72,12.0,0.5,-8.89,-2.5,5.16,-1.86,38.0,6.8,12.0,0.5,1015.91,1019.3,1027.6,1021.25,39.0,4.98,12.0,0.5,2.0,3.0,7.0,3.7,39.0,2.4,12.0,0.5,88.7,89.9,91.7,88.8,21.0,5.7,18.0,0.5,0.7,0.2,-59.1,9.3,95.2,11.4,38.0,67.6,12.0,0.5,-82.7,-11.6,60.0,-16.8,38.0,76.0,12.0,0.5,-2.18,-0.8,2.4,0.13,33.0,2.49,12.0,0.5,-15.8,-3.0,23.9,4.6,32.0,26.0,12.0,0.5,0.12,3.1,5.18,2.79,21.0,2.54,18.0,0.5,0.1,18.7,49.5,25.8,20.0,32.4,18.0,0.5,-125.9,49.9,71.4,11.7,32.0,117.0,12.0,0.5,-187.9,-96.3,39.6,-79.2,32.0,103.8,12.0,0.5,-83.8,-29.0,92.8,-6.7,20.0,94.3,18.0,0.5,-114.6,-51.4,45.9,-41.0,20.0,71.4,18.0,0.5,-29.7,-10.4,8.1,-13.6,20.0,26.4,18.0,0.5,-45.1,-6.1,3.8,-15.4,20.0,24.7,18.0,0.5,17.5,804.5,1861.0,904.5,38.0,866.5,12.0,0.5,20.0,805.0,1860.0,905.0,38.0,865.0,12.0,0.5
1887,9,288.3,40.6,15.38,17.2,18.44,16.91,31.0,1.84,20.0,0.4,14.28,17.0,18.9,16.55,25.0,2.09,20.0,0.5,11.22,11.22,11.22,11.22,1.0,0.0,20.0,1.0,92.1,92.1,92.1,92.1,1.0,0.0,20.0,1.0,0.5,0.0,1.0,4.6,6.7,4.2,30.0,2.55,18.0,0.4,-3.71,-0.41,2.83,-0.17,30.0,3.06,18.0,0.4,-6.19,-0.25,1.29,-1.28,30.0,3.7,18.0,0.4,1017.33,1019.1,1025.16,1020.59,15.0,4.27,20.0,0.4,0.0,3.0,8.0,3.6,31.0,3.2,20.0,0.4,92.1,92.1,92.1,92.1,1.0,0.0,20.0,1.0,0.5,0.0,-17.5,-0.4,15.7,-0.7,30.0,19.0,18.0,0.4,-41.4,-0.3,5.6,-8.3,30.0,26.7,18.0,0.4,-1.02,0.6,2.04,0.5,25.0,1.42,20.0,0.5,-4.8,1.2,7.7,1.7,24.0,7.3,18.0,0.5,1.05,1.05,1.05,1.05,1.0,0.0,20.0,1.0,9.8,9.8,9.8,9.8,1.0,0.0,20.0,1.0,-62.0,0.0,68.5,2.5,24.0,57.1,18.0,0.5,-73.2,-4.4,36.8,-11.9,24.0,61.4,18.0,0.5,-40.8,-40.8,-40.8,-40.8,1.0,0.0,20.0,1.0,-96.1,-96.1,-96.1,-96.1,1.0,0.0,20.0,1.0,-3.8,-3.8,-3.8,-3.8,1.0,0.0,20.0,1.0,-9.0,-9.0,-9.0,-9.0,1.0,0.0,20.0,1.0,1.0,97.5,301.0,156.0,30.0,210.5,18.0,0.4,0.0,95.0,300.0,155.0,30.0,210.0,18.0,0.4
1887,9,290.3,-59.4,,,,,,,,,,,,,,,,,,,,,,,,,,,,,,,,,,,6.4,12.3,19.0,12.83,19.0,6.96,26.0,0.4,5.77,8.7,13.06,9.87,19.0,5.61,26.0,0.4,-11.36,0.0,2.93,-3.93,19.0,8.45,26.0,0.4,975.54,983.9,996.97,985.63,19.0,10.03,26.0,0.4,,,,,,,,,,,,,,,,,,,,,,,,,,,,,,,,,,,,,,,,,,,,,,,,,,,,,,,,,,,,,,,,,,,,,,,,,,,,,,,,,,,,,,,,,,,,,,,,,,,,,,,,,,,,,,,,,,,,,,,,,,,,,,,,,,
1887,9,290.3,-57.4,4.1,4.9,5.58,4.86,59.0,0.72,14.0,0.5,1.0,3.15,5.2,3.07,62.0,2.08,14.0,0.5,5.22,5.24,5.24,5.23,3.0,0.02,12.0,0.0,94.6,94.6,95.5,95.0,3.0,0.8,12.0,0.0,0.7,0.5,4.6,6.7,15.4,8.23,63.0,4.69,14.0,0.5,-6.23,0.0,10.89,2.05,63.0,7.22,14.0,0.5,-0.92,2.62,9.05,3.33,63.0,4.81,14.0,0.5,993.58,1011.0,1021.16,1009.51,59.0,11.39,14.0,0.5,4.8,7.0,8.0,6.4,63.0,1.7,14.0,0.5,94.6,94.6,95.5,95.0,3.0,0.8,12.0,0.0,0.7,0.5,-44.1,0.0,167.7,38.2,63.0,92.9,14.0,0.5,-0.9,15.0,140.4,42.9,63.0,73.7,14.0,0.5,-0.4,1.75,3.4,1.63,58.0,1.76,14.0,0.5,-4.7,8.5,23.4,10.1,58.0,13.7,14.0,0.5,0.58,0.58,0.66,0.62,3.0,0.07,12.0,0.0,1.9,2.7,4.0,2.9,3.0,1.6,12.0,0.0,-17.1,2.2,52.3,11.8,62.0,31.2,14.0,0.5,-3.2,2.4,38.0,11.6,62.0,21.8,14.0,0.5,-29.8,-20.2,-15.6,-22.6,3.0,10.7,12.0,0.0,3.9,6.7,11.1,7.5,3.0,5.3,12.0,0.0,-3.8,-2.2,-1.7,-2.8,3.0,1.6,12.0,0.0,0.5,0.9,1.3,0.9,3.0,0.6,12.0,0.0,97.5,301.0,3652.5,1168.0,63.0,1766.5,14.0,0.5,95.0,300.0,3650.0,1170.0,63.0,1765.0,14.0,0.5
1887,9,290.3,10.6,,,,,,,,,,,,,,,,,,,,,,,,,,,,,,,,,,,9.3,9.3,9.3,9.3,1.0,0.0,10.0,0.0,-8.62,-8.62,-8.62,-8.62,1.0,0.0,10.0,0.0,-3.48,-3.48,-3.48,-3.48,1.0,0.0,10.0,0.0,1009.3,1009.3,1009.3,1009.3,1.0,0.0,10.0,0.0,,,,,,,,,,,,,,,,,,,,,,,,,,,,,,,,,,,,,,,,,,,,,,,,,,,,,,,,,,,,,,,,,,,,,,,,,,,,,,,,,,,,,,,,,,,,,,,,,,,,,,,,,,,,,,,,,,,,,,,,,,,,,,,,,,
1887,9,290.3,12.6,,,,,,,,,,,,,,,,,,,,,,,,,,,,,,,,,,,7.94,9.3,10.87,9.4,4.0,2.29,30.0,0.5,-10.87,-8.93,-7.31,-9.08,4.0,2.53,30.0,0.5,0.0,1.31,3.15,1.56,4.0,1.85,30.0,0.5,1005.64,1006.15,1006.61,1006.13,4.0,0.61,30.0,0.5,,,,,,,,,,,,,,,,,,,,,,,,,,,,,,,,,,,,,,,,,,,,,,,,,,,,,,,,,,,,,,,,,,,,,,,,,,,,,,,,,,,,,,,,,,,,,,,,,,,,,,,,,,,,,,,,,,,,,,,,,,,,,,,,,,
1887,9,290.3,14.6,,,,,,,,,,,,,,,,,,,,,,,,,,,,,,,,,,,9.3,10.8,12.3,10.8,4.0,1.73,30.0,0.8,-12.3,-10.46,-8.59,-10.45,4.0,2.14,30.0,0.8,-1.83,0.0,1.9,0.04,4.0,2.91,30.0,0.8,1006.19,1007.65,1008.9,1007.55,4.0,1.58,30.0,0.8,,,,,,,,,,,,,,,,,,,,,,,,,,,,,,,,,,,,,,,,,,,,,,,,,,,,,,,,,,,,,,,,,,,,,,,,,,,,,,,,,,,,,,,,,,,,,,,,,,,,,,,,,,,,,,,,,,,,,,,,,,,,,,,,,,
1887,9,290.3,16.6,,,,,,,,,,,,,,,,,,,,,,,,,,,,,,,,,,,5.6,6.7,6.7,6.18,4.0,1.05,28.0,0.3,-5.49,-3.23,0.55,-2.5,4.0,3.88,28.0,0.3,3.4,4.5,5.49,4.45,4.0,1.46,28.0,0.3,1007.02,1008.25,1009.69,1008.35,4.0,1.74,28.0,0.3,,,,,,,,,,,,,,,,,,,,,,,,,,,,,,,,,,,,,,,,,,,,,,,,,,,,,,,,,,,,,,,,,,,,,,,,,,,,,,,,,,,,,,,,,,,,,,,,,,,,,,,,,,,,,,,,,,,,,,,,,,,,,,,,,,
1887,9,290.3,18.6,,,,,,,,,,,,,,,,,,,,,,,,,,,,,,,,,,,4.6,4.6,4.6,4.6,2.0,0.0,10.0,1.0,-4.4,-4.39,-4.38,-4.39,2.0,0.02,10.0,1.0,1.36,1.38,1.41,1.38,2.0,0.05,10.0,1.0,1011.37,1011.95,1012.53,1011.95,2.0,1.2,10.0,1.0,,,,,,,,,,,,,,,,,,,,,,,,,,,,,,,,,,,,,,,,,,,,,,,,,,,,,,,,,,,,,,,,,,,,,,,,,,,,,,,,,,,,,,,,,,,,,,,,,,,,,,,,,,,,,,,,,,,,,,,,,,,,,,,,,,
1887,9,290.3,20.6,,,,,,,,,,,,,,,,,,,,,,,,,,,,,,,,,,,4.6,4.6,7.06,5.78,4.0,2.35,22.0,0.8,-6.7,-4.41,-3.72,-5.17,4.0,2.37,22.0,0.8,-2.02,0.7,2.56,0.29,4.0,2.93,22.0,0.8,1009.0,1009.0,1012.07,1010.5,3.0,2.6,22.0,0.7,,,,,,,,,,,,,,,,,,,,,,,,,,,,,,,,,,,,,,,,,,,,,,,,,,,,,,,,,,,,,,,,,,,,,,,,,,,,,,,,,,,,,,,,,,,,,,,,,,,,,,,,,,,,,,,,,,,,,,,,,,,,,,,,,,
1887,9,290.3,22.6,,,,,,,,,,,,,,,,,,,,,,,,,,,,,,,,,,,1.0,2.6,3.33,2.36,5.0,1.49,26.0,0.4,-3.07,-0.71,0.26,-1.33,5.0,1.99,26.0,0.4,0.71,1.02,2.09,1.37,5.0,0.82,26.0,0.4,1008.36,1008.5,1009.18,1008.77,3.0,0.64,28.0,0.3,,,,,,,,,,,,,,,,,,,,,,,,,,,,,,,,,,,,,,,,,,,,,,,,,,,,,,,,,,,,,,,,,,,,,,,,,,,,,,,,,,,,,,,,,,,,,,,,,,,,,,,,,,,,,,,,,,,,,,,,,,,,,,,,,,
1887,9,290.3,24.6,,,,,,,,,,,,,,,,,,,,,,,,,,,,,,,,,,,1.0,1.0,4.1,2.46,5.0,2.47,26.0,0.4,-3.98,-1.0,-0.92,-2.39,5.0,2.49,26.0,0.4,-0.36,0.0,0.39,-0.04,5.0,0.56,26.0,0.4,1008.9,1009.1,1009.3,1009.1,4.0,0.26,26.0,0.5,,,,,,,,,,,,,,,,,,,,,,,,,,,,,,,,,,,,,,,,,,,,,,,,,,,,,,,,,,,,,,,,,,,,,,,,,,,,,,,,,,,,,,,,,,,,,,,,,,,,,,,,,,,,,,,,,,,,,,,,,,,,,,,,,,
1887,9,290.3,26.6,,,,,,,,,,,,,,,,,,,,,,,,,,,,,,,,,,,0.32,1.0,1.0,0.67,3.0,0.58,26.0,1.0,0.0,0.0,0.48,0.24,3.0,0.41,26.0,1.0,0.22,0.71,0.91,0.57,3.0,0.51,26.0,1.0,1008.71,1009.8,1010.07,1009.4,3.0,1.06,26.0,1.0,,,,,,,,,,,,,,,,,,,,,,,,,,,,,,,,,,,,,,,,,,,,,,,,,,,,,,,,,,,,,,,,,,,,,,,,,,,,,,,,,,,,,,,,,,,,,,,,,,,,,,,,,,,,,,,,,,,,,,,,,,,,,,,,,,
1887,9,290.3,28.6,,,,,,,,,,,,,,,,,,,,,,,,,,,,,,,,,,,2.6,3.6,4.6,3.6,6.0,1.1,12.0,0.5,-4.31,-2.83,-2.28,-3.12,6.0,1.11,12.0,0.5,-2.13,-0.49,1.18,-0.54,6.0,1.87,12.0,0.5,1020.0,1020.85,1021.26,1020.68,6.0,0.72,12.0,0.5,,,,,,,,,,,,,,,,,,,,,,,,,,,,,,,,,,,,,,,,,,,,,,,,,,,,,,,,,,,,,,,,,,,,,,,,,,,,,,,,,,,,,,,,,,,,,,,,,,,,,,,,,,,,,,,,,,,,,,,,,,,,,,,,,,
1887,9,290.3,30.6,25.9,26.2,26.68,26.29,15.0,0.48,8.0,0.4,24.99,25.9,26.58,25.95,15.0,0.99,8.0,0.4,18.35,19.03,19.46,19.02,14.0,0.94,6.0,0.4,90.4,91.4,93.0,91.2,14.0,1.8,6.0,0.4,0.6,0.4,0.0,2.6,6.7,3.23,15.0,3.43,8.0,0.4,-4.46,-1.0,0.0,-1.89,15.0,2.17,8.0,0.4,-4.74,-1.84,0.0,-2.45,15.0,2.82,8.0,0.4,1013.64,1014.8,1015.76,1015.05,15.0,1.79,8.0,0.4,1.0,2.0,5.6,2.8,15.0,1.9,8.0,0.4,90.4,91.4,93.0,91.2,14.0,1.8,6.0,0.4,0.6,0.4,-31.7,-1.0,0.0,-12.2,15.0,18.6,8.0,0.4,-31.7,-4.8,0.0,-16.7,15.0,24.9,8.0,0.4,-0.2,0.5,1.08,0.34,15.0,0.85,8.0,0.4,0.0,1.1,4.8,2.1,15.0,2.6,8.0,0.4,1.59,2.35,2.68,2.2,14.0,0.78,6.0,0.4,0.0,3.9,16.6,7.2,14.0,7.9,6.0,0.4,-111.7,-24.7,0.0,-48.3,15.0,55.3,8.0,0.4,-122.2,-47.6,0.0,-63.0,15.0,72.2,8.0,0.4,-85.6,-16.5,0.0,-33.5,14.0,41.6,6.0,0.4,-89.5,-22.7,0.0,-45.3,14.0,55.4,6.0,0.4,-11.1,-2.5,0.0,-4.2,14.0,5.2,6.0,0.4,-11.7,-2.3,0.0,-5.4,14.0,6.4,6.0,0.4,0.0,17.5,301.0,163.0,15.0,280.0,8.0,0.4,0.0,20.0,300.0,165.0,15.0,280.0,8.0,0.4
1887,9,290.3,36.6,,,,,,,,,,,,,,,,,,,,,,,,,,,,,,,,,,,0.0,2.6,9.3,4.44,25.0,4.27,16.0,0.4,-3.0,0.0,1.1,-0.36,25.0,2.2,16.0,0.4,-0.35,1.02,3.36,0.67,25.0,5.78,16.0,0.4,1001.07,1006.9,1019.93,1008.02,22.0,7.53,16.0,0.4,,,,,,,,,,,,,,,,,,,,,,,,,,,,,,,,,,,,,,,,,,,,,,,,,,,,,,,,,,,,,,,,,,,,,,,,,,,,,,,,,,,,,,,,,,,,,,,,,,,,,,,,,,,,,,,,,,,,,,,,,,,,,,,,,,
1887,9,290.3,38.6,20.29,22.7,25.6,22.79,15.0,2.62,10.0,0.6,19.0,20.0,23.5,20.99,9.0,2.26,10.0,0.6,10.02,10.18,10.68,10.31,5.0,0.4,4.0,0.4,74.5,75.1,75.8,75.2,5.0,1.1,4.0,0.4,0.8,0.5,5.07,9.3,14.71,9.15,15.0,4.19,10.0,0.6,0.0,5.6,8.93,4.64,15.0,3.93,10.0,0.6,-6.45,0.0,11.49,2.07,15.0,8.02,10.0,0.6,1015.9,1016.0,1018.7,1017.05,14.0,2.77,10.0,0.6,0.4,3.0,5.0,3.1,15.0,2.3,10.0,0.6,74.5,75.1,75.8,75.2,5.0,1.1,4.0,0.4,0.8,0.5,0.0,44.9,132.2,53.9,15.0,56.4,10.0,0.6,-43.2,0.0,170.2,40.7,15.0,97.5,10.0,0.6,-1.45,0.0,2.15,0.38,9.0,1.78,10.0,0.6,-9.7,0.0,15.1,2.8,9.0,13.6,10.0,0.6,2.97,3.67,5.87,4.29,5.0,1.53,4.0,0.4,18.7,19.9,54.6,33.4,5.0,20.0,4.0,0.4,0.0,51.4,134.3,50.2,9.0,73.4,10.0,0.6,-161.6,-76.3,0.0,-68.5,9.0,87.1,10.0,0.6,0.0,0.0,31.6,13.2,5.0,18.4,4.0,0.4,-96.0,-65.6,-51.0,-71.3,5.0,24.7,4.0,0.4,0.0,0.0,10.1,4.1,5.0,5.7,4.0,0.4,-54.6,-19.8,-15.6,-32.1,5.0,21.2,4.0,0.4,142.5,804.5,3255.0,1234.0,15.0,1374.0,10.0,0.6,140.0,805.0,3255.0,1235.0,15.0,1375.0,10.0,0.6
1887,9,290.3,40.6,,,,,,,,,,,,,,,,,,,,,,,,,,,,,,,,,,,0.6,3.6,7.73,4.49,30.0,4.16,20.0,0.7,-1.93,0.0,2.95,0.5,30.0,2.92,20.0,0.7,-6.58,0.0,1.73,-2.03,30.0,5.02,20.0,0.7,1017.25,1019.85,1021.94,1019.68,16.0,4.12,20.0,0.6,,,,,,,,,,,,,,,,,,,,,,,,,,,,,,,,,,,,,,,,,,,,,,,,,,,,,,,,,,,,,,,,,,,,,,,,,,,,,,,,,,,,,,,,,,,,,,,,,,,,,,,,,,,,,,,,,,,,,,,,,,,,,,,,,,
1887,9,292.3,-59.4,,,,,,,,,,,,,,,,,,,,,,,,,,,,,,,,,,,5.2,6.7,10.4,7.52,5.0,3.59,24.0,0.6,3.89,6.21,8.31,6.25,5.0,3.27,24.0,0.6,-5.45,-4.74,-1.95,-3.92,5.0,2.19,24.0,0.6,980.76,985.4,1000.15,989.4,5.0,10.45,24.0,0.6,,,,,,,,,,,,,,,,,,,,,,,,,,,,,,,,,,,,,,,,,,,,,,,,,,,,,,,,,,,,,,,,,,,,,,,,,,,,,,,,,,,,,,,,,,,,,,,,,,,,,,,,,,,,,,,,,,,,,,,,,,,,,,,,,,
1887,9,292.3,-57.4,3.39,4.6,5.3,4.45,111.0,1.02,18.0,0.5,1.3,2.9,5.2,3.09,108.0,1.97,18.0,0.5,3.01,3.39,4.24,3.61,14.0,0.73,26.0,0.6,67.5,74.8,83.6,77.5,14.0,9.6,26.0,0.6,0.7,0.5,2.6,9.3,19.0,10.25,97.0,7.7,16.0,0.5,-0.39,4.74,14.28,5.84,97.0,8.08,16.0,0.5,-5.54,0.0,10.47,1.69,97.0,7.93,16.0,0.5,988.36,1005.0,1022.57,1003.73,109.0,14.89,16.0,0.5,3.0,6.0,8.0,5.5,103.0,2.0,16.0,0.5,67.5,74.8,83.6,77.5,14.0,9.6,26.0,0.6,0.7,0.5,-0.4,33.8,219.9,106.1,97.0,182.6,16.0,0.5,-57.6,0.0,219.5,48.2,97.0,155.3,16.0,0.5,-0.2,1.1,3.03,1.36,106.0,1.57,18.0,0.5,-1.1,7.2,23.2,11.2,90.0,18.4,16.0,0.5,1.06,1.91,2.28,1.73,14.0,0.62,26.0,0.6,2.8,9.2,17.1,9.9,4.0,8.3,20.0,0.8,-2.4,11.3,58.9,22.6,92.0,35.1,16.0,0.5,-20.6,-2.3,20.9,0.4,92.0,29.8,16.0,0.5,-27.2,-1.7,19.1,-4.0,4.0,27.4,20.0,0.8,-17.2,-13.0,-9.8,-13.5,4.0,5.4,20.0,0.8,-2.6,4.7,12.7,5.0,4.0,8.8,20.0,0.8,-11.4,-5.8,-1.0,-6.2,4.0,6.1,20.0,0.8,17.5,804.5,6859.0,3216.0,97.0,5453.0,16.0,0.5,20.0,805.0,6860.0,3215.0,97.0,5455.0,16.0,0.5
1887,9,292.3,-55.4,,,,,,,,,,,,,,,,,,,,,,,,,,,,,,,,,,,4.6,4.6,4.6,4.6,1.0,0.0,20.0,1.0,-4.27,-4.27,-4.27,-4.27,1.0,0.0,20.0,1.0,-1.72,-1.72,-1.72,-1.72,1.0,0.0,20.0,1.0,1022.0,1022.0,1022.0,1022.0,1.0,0.0,20.0,1.0,,,,,,,,,,,,,,,,,,,,,,,,,,,,,,,,,,,,,,,,,,,,,,,,,,,,,,,,,,,,,,,,,,,,,,,,,,,,,,,,,,,,,,,,,,,,,,,,,,,,,,,,,,,,,,,,,,,,,,,,,,,,,,,,,,
1887,9,292.3,-51.4,,,,,,,,,,,,,,,,,,,,,,,,,,,,,,,,,,,4.6,8.0,12.3,8.3,6.0,3.55,12.0,0.5,3.65,6.65,11.32,6.76,6.0,4.46,12.0,0.5,-0.95,4.19,4.81,2.23,6.0,3.82,12.0,0.5,999.34,999.5,1000.57,999.85,6.0,0.79,12.0,0.5,,,,,,,,,,,,,,,,,,,,,,,,,,,,,,,,,,,,,,,,,,,,,,,,,,,,,,,,,,,,,,,,,,,,,,,,,,,,,,,,,,,,,,,,,,,,,,,,,,,,,,,,,,,,,,,,,,,,,,,,,,,,,,,,,,
1887,9,292.3,-49.4,,,,,,,,,,,,,,,,,,,,,,,,,,,,,,,,,,,6.7,6.7,6.7,6.7,2.0,0.0,16.0,1.0,0.2,0.64,1.08,0.64,2.0,0.9,16.0,1.0,6.6,6.64,6.68,6.64,2.0,0.09,16.0,1.0,1025.08,1025.25,1025.42,1025.25,2.0,0.35,16.0,1.0,,,,,,,,,,,,,,,,,,,,,,,,,,,,,,,,,,,,,,,,,,,,,,,,,,,,,,,,,,,,,,,,,,,,,,,,,,,,,,,,,,,,,,,,,,,,,,,,,,,,,,,,,,,,,,,,,,,,,,,,,,,,,,,,,,
1887,9,292.3,10.6,,,,,,,,,,,,,,,,,,,,,,,,,,,,,,,,,,,6.7,6.7,8.06,7.35,4.0,1.3,8.0,0.0,-7.71,-6.7,-6.42,-7.05,4.0,1.08,8.0,0.0,-1.83,0.0,1.37,-0.22,4.0,2.5,8.0,0.0,1007.79,1008.0,1008.26,1008.03,4.0,0.37,8.0,0.0,,,,,,,,,,,,,,,,,,,,,,,,,,,,,,,,,,,,,,,,,,,,,,,,,,,,,,,,,,,,,,,,,,,,,,,,,,,,,,,,,,,,,,,,,,,,,,,,,,,,,,,,,,,,,,,,,,,,,,,,,,,,,,,,,,
1887,9,292.3,18.6,,,,,,,,,,,,,,,,,,,,,,,,,,,,,,,,,,,4.6,6.7,9.01,6.56,8.0,1.95,20.0,0.4,-6.65,-5.45,-4.57,-5.81,8.0,1.47,20.0,0.4,-0.68,-0.48,4.5,1.04,8.0,3.32,20.0,0.4,1009.08,1011.65,1013.5,1011.38,8.0,2.43,20.0,0.4,,,,,,,,,,,,,,,,,,,,,,,,,,,,,,,,,,,,,,,,,,,,,,,,,,,,,,,,,,,,,,,,,,,,,,,,,,,,,,,,,,,,,,,,,,,,,,,,,,,,,,,,,,,,,,,,,,,,,,,,,,,,,,,,,,
1887,9,292.3,30.6,26.7,26.9,26.98,26.89,11.0,0.27,4.0,0.5,25.83,26.9,27.68,26.72,11.0,0.92,4.0,0.5,18.9,21.27,21.87,20.38,11.0,1.91,4.0,0.5,92.2,94.9,95.9,92.9,11.0,5.4,4.0,0.5,0.8,0.0,4.6,4.6,9.3,6.18,9.0,2.56,4.0,0.7,0.0,1.93,5.95,2.44,9.0,3.71,4.0,0.7,-6.48,-4.6,-1.18,-4.26,9.0,2.92,4.0,0.7,1011.36,1013.9,1015.77,1013.47,11.0,2.45,4.0,0.5,5.0,6.0,6.4,5.7,11.0,0.9,4.0,0.5,92.2,94.9,95.9,92.9,11.0,5.4,4.0,0.5,0.8,0.0,0.0,6.3,50.0,19.4,9.0,33.3,4.0,0.7,-55.9,-21.2,-4.0,-29.0,9.0,28.4,4.0,0.7,-0.58,0.0,0.92,0.17,11.0,0.84,4.0,0.5,-4.6,0.0,5.3,0.6,9.0,5.1,4.0,0.7,0.34,0.91,3.09,1.76,11.0,1.86,4.0,0.5,2.2,4.2,16.2,9.7,9.0,9.4,4.0,0.7,0.0,53.0,163.5,67.2,9.0,100.5,4.0,0.7,-175.4,-119.6,-32.3,-113.2,9.0,79.1,4.0,0.7,0.0,42.1,130.3,53.9,9.0,79.7,4.0,0.7,-137.7,-85.9,-25.6,-85.3,9.0,62.4,4.0,0.7,0.0,0.8,2.3,0.4,9.0,2.8,4.0,0.7,-15.6,-3.6,-0.8,-8.8,9.0,9.9,4.0,0.7,97.5,97.5,804.5,347.0,9.0,351.5,4.0,0.7,95.0,95.0,805.0,345.0,9.0,350.0,4.0,0.7
1887,9,292.3,36.6,,,,,,,,,,,,,,,,,,,,,,,,,,,,,,,,,,,1.0,4.6,9.3,5.45,24.0,3.18,18.0,0.5,-3.25,1.33,7.89,1.87,24.0,4.81,18.0,0.5,-0.2,2.2,4.06,2.39,24.0,2.88,18.0,0.5,999.52,1000.3,1016.8,1006.8,15.0,8.62,20.0,0.7,,,,,,,,,,,,,,,,,,,,,,,,,,,,,,,,,,,,,,,,,,,,,,,,,,,,,,,,,,,,,,,,,,,,,,,,,,,,,,,,,,,,,,,,,,,,,,,,,,,,,,,,,,,,,,,,,,,,,,,,,,,,,,,,,,
1887,9,292.3,38.6,22.0,22.3,23.86,22.84,14.0,1.28,10.0,0.4,20.0,21.65,23.99,21.94,8.0,2.15,10.0,0.6,10.93,11.3,11.94,11.43,4.0,0.78,4.0,0.3,75.9,79.0,83.3,79.6,4.0,5.3,4.0,0.3,0.8,0.5,6.31,12.3,15.4,10.4,13.0,4.36,10.0,0.5,-0.23,5.6,9.27,4.22,13.0,4.8,10.0,0.5,-9.59,6.5,12.3,2.84,13.0,9.23,10.0,0.5,1012.5,1012.5,1021.1,1015.42,12.0,4.13,10.0,0.3,3.1,4.0,8.0,5.2,14.0,2.3,10.0,0.4,75.9,79.0,83.3,79.6,4.0,5.3,4.0,0.3,0.8,0.5,-0.6,52.1,142.7,58.2,13.0,62.0,10.0,0.5,-92.7,43.6,189.4,42.1,13.0,119.6,10.0,0.5,-1.48,1.6,2.0,0.61,8.0,1.83,10.0,0.6,-19.8,5.7,18.7,2.9,7.0,18.2,12.0,0.7,4.16,4.53,5.16,4.66,4.0,0.77,4.0,0.3,53.8,55.3,55.9,54.8,3.0,1.6,4.0,0.3,-56.2,0.0,208.9,43.7,7.0,116.4,12.0,0.7,-243.7,-23.3,91.3,-61.1,7.0,173.3,12.0,0.7,0.0,0.0,0.0,0.0,3.0,0.0,4.0,0.3,-139.1,-138.5,-111.5,-125.6,3.0,23.1,4.0,0.3,0.0,0.0,0.0,0.0,3.0,0.0,4.0,0.3,-55.9,-55.3,-53.8,-54.8,3.0,1.6,4.0,0.3,273.5,1861.0,3652.5,1627.0,13.0,1338.5,10.0,0.5,275.0,1860.0,3650.0,1625.0,13.0,1340.0,10.0,0.5
1887,9,292.3,40.6,,,,,,,,,,,,,,,,,,,,,,,,,,,,,,,,,,,2.6,6.7,9.3,6.02,48.0,3.74,16.0,0.5,-1.72,0.85,5.18,1.48,48.0,3.42,16.0,0.5,-6.7,-3.41,2.56,-3.14,48.0,5.2,16.0,0.5,1017.93,1019.9,1020.5,1019.43,33.0,3.49,14.0,0.5,,,,,,,,,,,,,,,,,,,,,,,,,,,,,,,,,,,,,,,,,,,,,,,,,,,,,,,,,,,,,,,,,,,,,,,,,,,,,,,,,,,,,,,,,,,,,,,,,,,,,,,,,,,,,,,,,,,,,,,,,,,,,,,,,,
1887,9,294.3,-57.4,4.42,4.8,5.2,4.79,34.0,0.46,16.0,0.5,2.58,4.0,5.14,3.83,35.0,1.17,14.0,0.5,3.76,4.37,4.43,4.1,3.0,0.54,10.0,0.3,82.5,90.5,90.5,86.6,3.0,6.8,10.0,0.3,0.5,1.0,5.43,9.3,17.58,10.66,35.0,6.11,14.0,0.5,1.88,6.58,10.02,7.04,35.0,5.54,14.0,0.5,-7.78,0.0,9.81,0.78,35.0,8.48,14.0,0.5,992.57,1007.1,1022.02,1006.88,31.0,12.66,14.0,0.5,6.0,7.0,8.0,6.7,35.0,1.7,14.0,0.5,82.5,90.5,90.5,86.6,3.0,6.8,10.0,0.3,0.5,1.0,12.6,61.2,140.7,102.6,35.0,137.9,14.0,0.5,-72.3,0.0,182.0,32.3,35.0,140.3,14.0,0.5,-0.15,0.8,2.18,0.96,34.0,1.14,16.0,0.5,-0.2,5.9,24.3,11.2,34.0,14.6,16.0,0.5,1.25,1.34,1.48,1.36,3.0,0.17,10.0,0.3,10.7,14.3,14.7,12.7,3.0,3.2,10.0,0.3,6.9,20.8,42.6,26.8,35.0,23.8,14.0,0.5,-30.5,0.0,29.4,-0.9,35.0,30.8,14.0,0.5,13.6,29.8,30.4,22.2,3.0,14.0,10.0,0.3,-40.1,-28.6,-0.4,-20.5,3.0,29.9,10.0,0.3,3.9,8.3,11.6,7.8,3.0,5.7,10.0,0.3,-11.2,-8.8,1.0,-5.2,3.0,9.5,10.0,0.3,178.0,804.5,5590.0,2537.5,35.0,4183.5,14.0,0.5,180.0,805.0,5590.0,2540.0,35.0,4185.0,14.0,0.5
1887,9,294.3,-55.4,3.8,4.7,5.0,4.53,43.0,0.56,16.0,0.4,2.69,3.75,5.14,3.88,44.0,1.52,16.0,0.5,4.34,4.62,4.73,4.55,7.0,0.22,10.0,0.4,89.2,93.8,93.9,92.4,7.0,2.9,10.0,0.4,0.8,0.9,2.6,6.7,9.3,6.37,43.0,4.43,16.0,0.4,0.0,3.25,7.46,3.54,43.0,4.48,16.0,0.4,-6.62,-1.72,2.54,-1.75,43.0,5.0,16.0,0.4,1003.48,1010.5,1023.12,1013.04,44.0,9.08,16.0,0.5,3.0,6.0,7.2,5.2,44.0,2.2,16.0,0.5,89.2,93.8,93.9,92.4,7.0,2.9,10.0,0.4,0.8,0.9,0.0,16.8,81.7,37.1,43.0,66.7,16.0,0.4,-61.2,-5.6,10.9,-8.4,43.0,70.3,16.0,0.4,-0.37,0.6,2.1,0.67,43.0,1.36,16.0,0.4,-1.3,2.2,7.6,3.4,42.0,9.9,16.0,0.4,0.6,0.98,1.05,0.87,7.0,0.22,10.0,0.4,2.5,3.0,9.1,4.6,7.0,3.4,10.0,0.4,0.0,12.4,30.9,13.4,43.0,17.5,16.0,0.4,-32.2,-4.8,5.2,-9.5,43.0,21.8,16.0,0.4,-10.8,12.3,24.0,8.0,7.0,16.8,10.0,0.4,-35.6,-4.4,4.4,-11.3,7.0,18.3,10.0,0.4,-2.4,1.8,5.1,1.6,7.0,3.4,10.0,0.4,-7.6,-1.0,1.2,-2.3,7.0,3.9,10.0,0.4,17.5,301.0,804.5,716.5,43.0,1790.0,16.0,0.4,20.0,300.0,805.0,715.0,43.0,1790.0,16.0,0.4
1887,9,294.3,-53.4,4.0,4.8,5.11,4.63,51.0,0.59,10.0,0.5,3.0,4.3,5.0,4.08,45.0,1.22,12.0,0.5,4.39,4.56,4.61,4.53,8.0,0.13,8.0,0.4,85.2,88.7,91.0,88.6,8.0,3.0,8.0,0.4,0.7,0.7,2.6,9.3,15.4,8.94,45.0,5.77,12.0,0.5,-3.65,0.0,6.66,1.76,45.0,6.98,12.0,0.5,-6.7,3.2,9.32,2.61,45.0,7.49,12.0,0.5,1005.91,1013.95,1023.27,1014.67,50.0,7.99,12.0,0.5,6.0,7.0,8.0,6.5,51.0,1.6,10.0,0.5,85.2,88.7,91.0,88.6,8.0,3.0,8.0,0.4,0.7,0.7,-33.9,0.0,62.5,37.7,45.0,131.1,12.0,0.5,-44.9,17.7,135.3,42.5,45.0,105.6,12.0,0.5,0.0,0.6,1.5,0.65,45.0,1.08,12.0,0.5,0.0,3.3,11.4,4.3,40.0,8.0,12.0,0.5,0.67,0.89,1.19,0.9,8.0,0.28,8.0,0.4,0.9,2.0,5.5,2.8,7.0,2.1,8.0,0.4,-12.2,0.0,28.5,9.1,40.0,31.8,12.0,0.5,-31.4,4.8,44.4,6.6,40.0,33.2,12.0,0.5,-11.0,-1.7,18.9,4.6,7.0,14.5,8.0,0.4,-7.6,-4.4,0.0,-4.1,7.0,3.1,8.0,0.4,-1.6,-0.2,5.1,1.4,7.0,3.1,8.0,0.4,-2.1,-0.7,0.0,-0.9,7.0,0.9,8.0,0.4,17.5,804.5,3652.5,1733.0,45.0,3260.0,12.0,0.5,20.0,805.0,3650.0,1735.0,45.0,3260.0,12.0,0.5
1887,9,294.3,-51.4,4.35,4.6,4.95,4.58,17.0,0.35,12.0,0.5,2.78,4.45,5.06,4.11,16.0,1.16,12.0,0.6,4.78,4.78,4.78,4.78,1.0,0.0,8.0,0.0,93.9,93.9,93.9,93.9,1.0,0.0,8.0,0.0,0.5,0.5,5.73,9.3,9.3,7.94,17.0,2.62,12.0,0.5,-6.7,-1.77,6.36,-0.47,17.0,5.92,12.0,0.5,-8.86,-1.84,3.09,-2.69,17.0,5.56,12.0,0.5,1014.19,1017.8,1024.85,1018.79,17.0,5.03,12.0,0.5,6.5,8.0,8.0,7.0,17.0,2.0,12.0,0.5,93.9,93.9,93.9,93.9,1.0,0.0,8.0,0.0,0.5,0.5,-44.9,-16.5,50.5,-1.8,17.0,55.3,12.0,0.5,-82.4,-4.8,25.0,-22.8,17.0,56.6,12.0,0.5,-0.32,0.2,1.65,0.5,16.0,1.07,12.0,0.6,-2.6,1.6,5.5,2.8,16.0,7.5,12.0,0.6,0.53,0.53,0.53,0.53,1.0,0.0,8.0,0.0,3.6,3.6,3.6,3.6,1.0,0.0,8.0,0.0,-29.0,-7.8,32.7,-1.5,16.0,28.9,12.0,0.6,-39.9,-2.2,16.3,-7.7,16.0,24.0,12.0,0.6,-32.0,-32.0,-32.0,-32.0,1.0,0.0,8.0,0.0,0.0,0.0,0.0,0.0,1.0,0.0,8.0,0.0,-3.6,-3.6,-3.6,-3.6,1.0,0.0,8.0,0.0,0.0,0.0,0.0,0.0,1.0,0.0,8.0,0.0,207.0,804.5,804.5,651.0,17.0,543.0,12.0,0.5,205.0,805.0,805.0,650.0,17.0,545.0,12.0,0.5
1887,9,294.3,-49.4,4.72,5.0,5.6,5.1,34.0,0.47,12.0,0.4,3.04,4.2,5.36,4.19,29.0,1.18,12.0,0.4,4.84,4.92,5.0,4.92,2.0,0.17,8.0,0.0,95.5,96.2,96.9,96.2,2.0,1.4,8.0,0.0,1.0,0.5,1.0,5.65,9.54,6.48,32.0,4.66,12.0,0.4,-3.84,0.0,2.41,-0.08,32.0,4.01,12.0,0.4,-6.24,1.0,6.59,0.75,32.0,6.96,12.0,0.4,1017.56,1023.0,1027.92,1022.0,33.0,5.94,12.0,0.4,2.2,5.0,7.8,5.1,34.0,2.4,12.0,0.4,95.5,96.2,96.9,96.2,2.0,1.4,8.0,0.0,1.0,0.5,-27.4,0.0,8.2,-1.8,32.0,43.2,12.0,0.4,-49.4,1.8,46.0,2.6,32.0,89.4,12.0,0.4,0.0,1.1,1.86,0.97,29.0,1.0,12.0,0.4,0.0,3.1,10.2,5.9,28.0,8.7,12.0,0.4,0.6,0.68,0.76,0.68,2.0,0.17,8.0,0.0,5.5,6.3,7.1,6.3,2.0,1.6,8.0,0.0,-14.8,0.3,14.4,-0.2,28.0,16.7,12.0,0.4,-29.6,3.4,26.2,-1.8,28.0,31.9,12.0,0.4,-36.4,-35.1,-33.7,-35.1,2.0,2.7,8.0,0.0,-31.8,-29.0,-26.2,-29.0,2.0,5.8,8.0,0.0,-5.8,-4.9,-4.1,-4.9,2.0,1.8,8.0,0.0,-4.1,-3.9,-3.7,-3.9,2.0,0.4,8.0,0.0,1.0,199.0,889.0,735.5,32.0,1190.0,12.0,0.4,0.0,200.0,890.0,735.0,32.0,1190.0,12.0,0.4
1887,9,294.3,-47.4,,,,,,,,,,,,,,,,,,,,,,,,,,,,,,,,,,,2.6,4.6,7.61,4.95,24.0,3.06,8.0,0.5,-6.58,-3.25,-1.82,-3.82,24.0,2.29,8.0,0.5,-5.38,0.0,1.24,-1.57,24.0,3.45,8.0,0.5,1006.73,1011.8,1014.11,1011.17,24.0,3.96,8.0,0.5,,,,,,,,,,,,,,,,,,,,,,,,,,,,,,,,,,,,,,,,,,,,,,,,,,,,,,,,,,,,,,,,,,,,,,,,,,,,,,,,,,,,,,,,,,,,,,,,,,,,,,,,,,,,,,,,,,,,,,,,,,,,,,,,,,
1887,9,294.3,-45.4,,,,,,,,,,,,,,,,,,,,,,,,,,,,,,,,,,,6.7,6.7,6.7,6.7,1.0,0.0,2.0,0.0,-2.62,-2.62,-2.62,-2.62,1.0,0.0,2.0,0.0,6.17,6.17,6.17,6.17,1.0,0.0,2.0,0.0,1033.6,1033.6,1033.6,1033.6,1.0,0.0,2.0,0.0,,,,,,,,,,,,,,,,,,,,,,,,,,,,,,,,,,,,,,,,,,,,,,,,,,,,,,,,,,,,,,,,,,,,,,,,,,,,,,,,,,,,,,,,,,,,,,,,,,,,,,,,,,,,,,,,,,,,,,,,,,,,,,,,,,
1887,9,294.3,10.6,,,,,,,,,,,,,,,,,,,,,,,,,,,,,,,,,,,3.71,6.7,6.7,5.28,4.0,2.85,8.0,0.8,-4.74,-4.74,-2.45,-3.65,4.0,2.18,8.0,0.8,2.74,4.74,4.74,3.79,4.0,1.91,8.0,0.8,1007.37,1008.65,1010.3,1008.83,4.0,1.88,8.0,0.8,,,,,,,,,,,,,,,,,,,,,,,,,,,,,,,,,,,,,,,,,,,,,,,,,,,,,,,,,,,,,,,,,,,,,,,,,,,,,,,,,,,,,,,,,,,,,,,,,,,,,,,,,,,,,,,,,,,,,,,,,,,,,,,,,,
1887,9,294.3,18.6,,,,,,,,,,,,,,,,,,,,,,,,,,,,,,,,,,,2.02,2.6,5.37,3.5,5.0,2.2,10.0,0.8,-5.35,-2.6,-1.89,-3.46,5.0,2.22,10.0,0.8,-0.66,-0.07,0.0,-0.3,5.0,0.42,10.0,0.8,1012.34,1012.65,1012.96,1012.65,2.0,0.64,14.0,1.0,,,,,,,,,,,,,,,,,,,,,,,,,,,,,,,,,,,,,,,,,,,,,,,,,,,,,,,,,,,,,,,,,,,,,,,,,,,,,,,,,,,,,,,,,,,,,,,,,,,,,,,,,,,,,,,,,,,,,,,,,,,,,,,,,,
1887,9,294.3,20.6,,,,,,,,,,,,,,,,,,,,,,,,,,,,,,,,,,,4.6,4.6,4.6,4.6,2.0,0.0,18.0,1.0,-4.59,-4.59,-4.58,-4.59,2.0,0.0,18.0,1.0,-0.29,-0.04,0.21,-0.04,2.0,0.51,18.0,1.0,1011.27,1012.05,1012.84,1012.05,2.0,1.63,18.0,1.0,,,,,,,,,,,,,,,,,,,,,,,,,,,,,,,,,,,,,,,,,,,,,,,,,,,,,,,,,,,,,,,,,,,,,,,,,,,,,,,,,,,,,,,,,,,,,,,,,,,,,,,,,,,,,,,,,,,,,,,,,,,,,,,,,,
1887,9,294.3,28.6,27.2,27.2,27.47,27.31,9.0,0.17,2.0,0.6,27.6,27.8,28.38,27.87,9.0,0.47,2.0,0.6,21.31,21.9,22.69,21.96,9.0,0.68,2.0,0.6,91.5,93.2,95.3,93.5,9.0,1.8,2.0,0.6,0.8,0.4,6.7,9.3,10.4,8.86,5.0,2.32,2.0,0.6,6.17,8.56,8.61,7.63,5.0,1.34,2.0,0.6,2.62,3.63,5.48,4.24,5.0,2.54,2.0,0.6,1009.93,1011.4,1012.75,1011.32,9.0,1.47,2.0,0.6,4.3,6.0,6.7,5.6,9.0,1.3,2.0,0.6,91.5,93.2,95.3,93.5,9.0,1.8,2.0,0.6,0.8,0.4,41.3,79.6,89.6,69.8,5.0,28.3,2.0,0.6,17.5,33.8,60.5,41.9,5.0,37.3,2.0,0.6,-0.99,-0.4,-0.18,-0.56,9.0,0.44,2.0,0.6,-4.2,-3.7,-1.9,-3.1,5.0,1.6,2.0,0.6,0.04,0.66,1.54,0.79,9.0,0.7,2.0,0.6,4.8,9.6,16.5,10.6,5.0,6.5,2.0,0.6,169.5,236.3,239.4,210.9,5.0,38.1,2.0,0.6,72.0,100.3,152.4,117.4,5.0,71.0,2.0,0.6,133.3,182.4,186.6,164.4,5.0,29.1,2.0,0.6,56.6,77.4,118.6,91.1,5.0,53.9,2.0,0.6,4.4,8.8,13.6,9.0,5.0,4.7,2.0,0.6,1.9,3.8,8.7,5.4,5.0,5.0,2.0,0.6,301.0,804.5,1190.0,814.0,5.0,637.0,2.0,0.6,300.0,805.0,1190.0,815.0,5.0,635.0,2.0,0.6
1887,9,294.3,30.6,26.95,27.05,27.15,27.05,2.0,0.21,4.0,0.5,28.2,28.2,28.2,28.2,2.0,0.0,4.0,0.5,22.38,22.57,22.76,22.57,2.0,0.39,4.0,0.5,93.6,94.3,95.1,94.3,2.0,1.6,4.0,0.5,0.5,0.0,9.3,9.3,9.3,9.3,2.0,0.0,4.0,0.5,3.97,5.03,6.09,5.03,2.0,2.19,4.0,0.5,6.9,7.6,8.3,7.6,2.0,1.45,4.0,0.5,1012.66,1012.8,1012.94,1012.8,2.0,0.28,4.0,0.5,7.0,7.0,7.0,7.0,2.0,0.0,4.0,0.5,93.6,94.3,95.1,94.3,2.0,1.6,4.0,0.5,0.5,0.0,37.0,46.8,56.6,46.8,2.0,20.3,4.0,0.5,64.2,70.7,77.2,70.7,2.0,13.5,4.0,0.5,-1.25,-1.15,-1.05,-1.15,2.0,0.21,4.0,0.5,-11.6,-10.7,-9.7,-10.7,2.0,2.0,4.0,0.5,-0.52,-0.2,0.12,-0.2,2.0,0.66,4.0,0.5,-4.9,-1.9,1.1,-1.9,2.0,6.2,4.0,0.5,112.1,141.8,171.6,141.8,2.0,61.7,4.0,0.5,194.6,214.3,234.0,214.3,2.0,40.8,4.0,0.5,90.2,113.1,136.0,113.1,2.0,47.4,4.0,0.5,154.6,171.8,189.0,171.8,2.0,35.6,4.0,0.5,-1.7,-0.3,1.1,-0.3,2.0,2.9,4.0,0.5,-4.6,-2.0,0.6,-2.0,2.0,5.3,4.0,0.5,804.5,804.5,804.5,804.5,2.0,0.0,4.0,0.5,805.0,805.0,805.0,805.0,2.0,0.0,4.0,0.5
1887,9,294.3,32.6,25.0,25.0,25.0,25.0,11.0,0.0,30.0,0.5,23.3,23.9,25.0,24.33,11.0,1.5,30.0,0.5,13.7,14.5,15.26,14.39,11.0,0.78,30.0,0.5,74.4,77.2,82.2,76.7,11.0,5.0,30.0,0.5,0.7,0.7,1.0,2.6,3.43,2.72,11.0,1.68,30.0,0.5,-0.99,0.68,2.28,0.97,11.0,1.8,30.0,0.5,-2.29,-1.53,-0.73,-1.88,11.0,1.67,30.0,0.5,1020.53,1021.3,1021.99,1021.28,11.0,0.73,30.0,0.5,1.0,2.0,2.4,2.1,11.0,1.1,30.0,0.5,74.4,77.2,82.2,76.7,11.0,5.0,30.0,0.5,0.7,0.7,-2.6,0.7,5.9,2.5,11.0,7.7,30.0,0.5,-6.0,-4.9,-0.9,-7.2,11.0,12.3,30.0,0.5,0.0,1.1,1.7,0.67,11.0,1.5,30.0,0.5,0.0,1.7,4.4,1.6,11.0,4.0,30.0,0.5,4.35,5.09,5.92,5.22,11.0,0.78,30.0,0.5,6.2,13.2,18.8,13.7,11.0,7.6,30.0,0.5,-23.0,17.1,59.6,25.0,11.0,45.0,30.0,0.5,-53.4,-37.3,-18.1,-45.1,11.0,39.6,30.0,0.5,-14.0,10.0,35.4,14.3,11.0,26.6,30.0,0.5,-32.5,-23.8,-10.3,-27.2,11.0,25.2,30.0,0.5,-5.0,4.4,10.5,4.9,11.0,8.9,30.0,0.5,-12.8,-6.2,-4.3,-9.6,11.0,7.7,30.0,0.5,1.0,17.5,50.5,46.0,11.0,88.5,30.0,0.5,0.0,20.0,50.0,45.0,11.0,90.0,30.0,0.5
1887,9,294.3,36.6,,,,,,,,,,,,,,,,,,,,,,,,,,,,,,,,,,,0.0,1.0,6.7,2.4,31.0,3.03,16.0,0.5,-0.98,0.0,2.55,0.16,31.0,2.18,16.0,0.5,-3.29,-0.19,0.05,-1.27,31.0,2.95,16.0,0.5,999.58,1000.8,1010.73,1003.52,16.0,6.34,18.0,0.6,,,,,,,,,,,,,,,,,,,,,,,,,,,,,,,,,,,,,,,,,,,,,,,,,,,,,,,,,,,,,,,,,,,,,,,,,,,,,,,,,,,,,,,,,,,,,,,,,,,,,,,,,,,,,,,,,,,,,,,,,,,,,,,,,,
1887,9,294.3,38.6,20.9,22.8,24.0,22.68,25.0,1.39,14.0,0.5,18.55,21.6,22.8,20.84,18.0,2.0,18.0,0.4,10.58,11.0,12.4,11.38,5.0,1.01,6.0,0.6,64.9,68.2,74.7,69.4,5.0,6.0,6.0,0.6,0.8,0.5,4.6,4.6,11.92,7.33,27.0,3.92,16.0,0.4,-2.87,0.88,4.56,1.04,27.0,3.63,16.0,0.4,-11.63,2.62,6.5,-0.35,27.0,7.53,16.0,0.4,1011.65,1012.5,1019.9,1013.74,17.0,5.78,10.0,0.5,3.0,4.0,7.0,4.4,27.0,2.4,16.0,0.4,64.9,68.2,74.7,69.4,5.0,6.0,6.0,0.6,0.8,0.5,-27.7,4.0,32.2,6.1,27.0,31.0,16.0,0.4,-139.8,17.5,43.6,-22.4,27.0,92.8,16.0,0.4,0.11,1.35,2.62,1.38,16.0,1.14,18.0,0.4,1.1,6.9,18.5,11.6,16.0,13.4,18.0,0.4,4.77,6.94,7.9,6.44,5.0,1.71,6.0,0.6,64.6,85.4,121.6,91.8,5.0,29.8,6.0,0.6,-62.2,38.9,135.7,27.7,18.0,88.3,18.0,0.4,-293.9,-25.2,135.7,-63.3,18.0,176.0,18.0,0.4,-30.7,-28.9,-16.4,-23.3,5.0,13.2,6.0,0.6,-174.1,-154.8,-142.8,-158.5,5.0,22.5,6.0,0.6,-23.2,-16.3,-7.5,-15.0,5.0,9.7,6.0,0.6,-119.4,-83.8,-64.2,-90.3,5.0,29.0,6.0,0.6,97.5,97.5,1727.5,770.5,27.0,1152.5,16.0,0.4,95.0,95.0,1730.0,770.0,27.0,1150.0,16.0,0.4
1887,9,294.3,40.6,,,,,,,,,,,,,,,,,,,,,,,,,,,,,,,,,,,2.6,4.6,6.7,5.75,30.0,4.32,20.0,0.5,-2.14,0.53,4.23,0.93,30.0,3.51,20.0,0.5,-6.63,-1.8,0.96,-3.15,30.0,5.43,20.0,0.5,1013.91,1020.05,1021.76,1019.14,18.0,4.95,20.0,0.5,,,,,,,,,,,,,,,,,,,,,,,,,,,,,,,,,,,,,,,,,,,,,,,,,,,,,,,,,,,,,,,,,,,,,,,,,,,,,,,,,,,,,,,,,,,,,,,,,,,,,,,,,,,,,,,,,,,,,,,,,,,,,,,,,,
1887,9,294.3,42.6,,,,,,,,,,,,,,,,,,,,,,,,,,,,,,,,,,,5.27,6.7,6.7,6.0,3.0,1.21,20.0,0.7,5.11,6.21,6.46,5.8,3.0,1.05,20.0,0.7,-0.87,0.0,1.71,0.41,3.0,1.93,20.0,0.7,1013.7,1013.7,1013.7,1013.7,1.0,0.0,16.0,0.0,,,,,,,,,,,,,,,,,,,,,,,,,,,,,,,,,,,,,,,,,,,,,,,,,,,,,,,,,,,,,,,,,,,,,,,,,,,,,,,,,,,,,,,,,,,,,,,,,,,,,,,,,,,,,,,,,,,,,,,,,,,,,,,,,,
1887,9,296.3,-57.4,,,,,,,,,,,,,,,,,,,,,,,,,,,,,,,,,,,2.6,4.6,6.13,4.4,9.0,1.6,20.0,0.6,-2.24,0.0,2.38,-0.16,9.0,2.76,20.0,0.6,1.21,2.41,4.6,1.94,9.0,3.53,20.0,0.6,1021.18,1021.5,1021.75,1021.54,9.0,0.55,20.0,0.6,,,,,,,,,,,,,,,,,,,,,,,,,,,,,,,,,,,,,,,,,,,,,,,,,,,,,,,,,,,,,,,,,,,,,,,,,,,,,,,,,,,,,,,,,,,,,,,,,,,,,,,,,,,,,,,,,,,,,,,,,,,,,,,,,,
1887,9,296.3,-55.4,3.89,4.45,5.0,4.45,48.0,0.62,16.0,0.6,1.89,3.3,4.51,3.32,51.0,1.28,16.0,0.6,3.39,3.67,4.13,3.74,12.0,0.38,24.0,0.5,79.9,82.7,83.7,81.3,12.0,4.1,24.0,0.5,0.6,0.2,4.6,9.3,15.4,9.7,44.0,5.04,14.0,0.6,0.0,6.06,13.57,6.84,44.0,5.87,14.0,0.6,-3.25,1.89,7.17,2.02,44.0,5.93,14.0,0.6,988.3,1016.8,1023.8,1011.5,43.0,13.89,14.0,0.6,6.0,7.0,8.0,6.6,44.0,1.2,14.0,0.6,79.9,82.7,83.7,81.3,12.0,4.1,24.0,0.5,0.6,0.2,0.0,41.6,221.6,89.7,44.0,114.9,14.0,0.6,-16.8,13.1,95.2,33.7,44.0,78.5,14.0,0.6,-0.35,1.15,2.11,1.06,48.0,1.09,16.0,0.6,-2.2,9.3,20.1,10.1,41.0,11.5,14.0,0.6,1.11,1.47,1.7,1.48,10.0,0.34,28.0,0.5,8.3,11.4,13.3,10.8,3.0,3.7,22.0,0.3,0.0,17.6,44.4,24.3,44.0,23.7,14.0,0.6,-14.8,5.1,25.4,3.6,44.0,23.5,14.0,0.6,0.0,6.2,24.5,11.1,5.0,12.7,16.0,0.4,4.7,13.5,21.1,13.0,5.0,8.8,16.0,0.4,1.9,6.0,9.7,5.8,3.0,5.7,22.0,0.3,1.7,3.2,10.6,6.1,3.0,7.0,22.0,0.3,97.5,804.5,3652.5,1726.0,44.0,2512.0,14.0,0.6,95.0,805.0,3650.0,1725.0,44.0,2510.0,14.0,0.6
1887,9,296.3,-53.4,,,,,,,,,,,,,,,,,,,,,,,,,,,,,,,,,,,9.35,15.4,22.6,16.92,20.0,6.22,10.0,0.5,3.63,12.16,20.72,11.06,20.0,8.43,10.0,0.5,3.63,8.83,18.58,9.18,20.0,7.17,10.0,0.5,1006.83,1010.4,1014.4,1010.21,21.0,3.61,10.0,0.5,,,,,,,,,,,,,,,,,,,,,,,,,,,,,,,,,,,,,,,,,,,,,,,,,,,,,,,,,,,,,,,,,,,,,,,,,,,,,,,,,,,,,,,,,,,,,,,,,,,,,,,,,,,,,,,,,,,,,,,,,,,,,,,,,,
1887,9,296.3,-49.4,,,,,,,,,,,,,,,,,,,,,,,,,,,,,,,,,,,6.7,6.7,9.14,6.96,14.0,1.47,10.0,0.5,-1.39,3.57,4.71,2.28,14.0,3.16,10.0,0.5,2.62,5.89,8.44,5.5,14.0,2.49,10.0,0.5,1011.11,1016.8,1019.95,1016.35,14.0,4.25,10.0,0.5,,,,,,,,,,,,,,,,,,,,,,,,,,,,,,,,,,,,,,,,,,,,,,,,,,,,,,,,,,,,,,,,,,,,,,,,,,,,,,,,,,,,,,,,,,,,,,,,,,,,,,,,,,,,,,,,,,,,,,,,,,,,,,,,,,
1887,9,296.3,-47.4,5.27,5.7,6.33,5.82,24.0,0.59,10.0,0.6,4.07,4.95,6.4,5.12,24.0,1.35,10.0,0.6,4.04,4.58,4.83,4.44,3.0,0.59,6.0,0.3,78.5,86.9,92.6,85.6,3.0,10.3,6.0,0.3,0.5,0.8,6.7,9.3,12.3,9.42,24.0,3.07,10.0,0.6,-2.91,5.47,10.59,4.51,24.0,5.77,10.0,0.6,-5.62,4.77,8.62,2.48,24.0,6.41,10.0,0.6,1014.02,1021.3,1026.27,1020.35,24.0,5.78,10.0,0.6,4.0,6.0,7.0,5.7,24.0,2.1,10.0,0.6,78.5,86.9,92.6,85.6,3.0,10.3,6.0,0.3,0.5,0.8,-16.0,37.0,130.3,51.9,24.0,70.2,10.0,0.6,-37.6,44.5,92.4,27.6,24.0,70.0,10.0,0.6,-0.73,1.0,1.7,0.7,24.0,1.2,10.0,0.6,-7.6,7.6,17.9,6.8,24.0,11.9,10.0,0.6,0.85,1.0,1.63,1.24,3.0,0.61,6.0,0.3,5.7,6.7,8.2,6.9,3.0,1.8,6.0,0.3,-12.9,23.9,57.9,22.2,24.0,31.6,10.0,0.6,-26.2,24.2,35.6,10.3,24.0,34.3,10.0,0.6,-17.6,-16.7,-11.8,-14.8,3.0,4.6,6.0,0.3,-27.2,-25.8,-18.2,-22.7,3.0,7.1,6.0,0.3,-4.5,-3.6,-3.1,-3.8,3.0,1.0,6.0,0.3,-6.9,-5.6,-4.8,-5.8,3.0,1.5,6.0,0.3,301.0,804.5,1861.0,1092.5,24.0,913.5,10.0,0.6,300.0,805.0,1860.0,1090.0,24.0,915.0,10.0,0.6
1887,9,296.3,-45.4,5.61,5.9,6.0,5.91,14.0,0.3,8.0,0.4,3.81,4.25,4.87,4.35,14.0,0.97,8.0,0.4,3.55,3.61,4.27,3.9,4.0,0.65,6.0,0.5,70.4,76.3,88.2,79.2,4.0,11.8,6.0,0.5,0.9,0.5,2.6,4.6,9.3,5.95,14.0,3.48,8.0,0.4,-1.42,1.61,6.4,1.52,14.0,3.53,8.0,0.4,-2.04,3.22,6.58,3.44,14.0,4.75,8.0,0.4,1021.5,1024.6,1027.36,1025.06,14.0,4.47,8.0,0.4,4.1,6.0,6.0,5.5,14.0,1.2,8.0,0.4,70.4,76.3,88.2,79.2,4.0,11.8,6.0,0.5,0.9,0.5,-4.0,7.8,59.1,17.5,14.0,30.5,8.0,0.4,-5.3,14.8,61.2,33.5,14.0,50.5,8.0,0.4,1.11,1.65,1.99,1.56,14.0,1.01,8.0,0.4,4.7,7.6,10.2,9.2,14.0,9.0,8.0,0.4,1.36,2.1,2.16,1.77,4.0,0.72,6.0,0.5,5.0,5.5,5.6,5.3,4.0,0.5,6.0,0.5,-6.2,6.6,23.6,6.6,14.0,15.4,8.0,0.4,-8.6,12.7,32.7,13.9,14.0,23.0,8.0,0.4,-5.1,-3.5,5.5,0.0,4.0,8.3,6.0,0.5,-7.8,0.7,20.2,6.0,4.0,18.1,6.0,0.5,-3.0,-2.0,0.4,-1.4,4.0,2.3,6.0,0.5,-4.7,-0.1,4.9,0.1,4.0,5.5,6.0,0.5,17.5,97.5,804.5,442.0,14.0,657.5,8.0,0.4,20.0,95.0,805.0,440.0,14.0,660.0,8.0,0.4
1887,9,296.3,10.6,,,,,,,,,,,,,,,,,,,,,,,,,,,,,,,,,,,3.65,6.7,6.7,5.23,6.0,2.7,10.0,0.0,-5.14,-4.74,-3.65,-4.25,6.0,2.23,10.0,0.0,0.0,2.37,4.74,2.37,6.0,2.59,10.0,0.0,1007.93,1008.7,1009.74,1008.78,6.0,1.07,10.0,0.0,,,,,,,,,,,,,,,,,,,,,,,,,,,,,,,,,,,,,,,,,,,,,,,,,,,,,,,,,,,,,,,,,,,,,,,,,,,,,,,,,,,,,,,,,,,,,,,,,,,,,,,,,,,,,,,,,,,,,,,,,,,,,,,,,,
1887,9,296.3,20.6,,,,,,,,,,,,,,,,,,,,,,,,,,,,,,,,,,,2.6,2.6,2.6,2.6,2.0,0.0,18.0,0.0,-2.58,-2.58,-2.58,-2.58,2.0,0.0,18.0,0.0,-0.31,-0.29,-0.28,-0.29,2.0,0.03,18.0,0.0,1011.62,1012.3,1012.98,1012.3,2.0,1.41,18.0,0.0,,,,,,,,,,,,,,,,,,,,,,,,,,,,,,,,,,,,,,,,,,,,,,,,,,,,,,,,,,,,,,,,,,,,,,,,,,,,,,,,,,,,,,,,,,,,,,,,,,,,,,,,,,,,,,,,,,,,,,,,,,,,,,,,,,
1887,9,296.3,22.6,,,,,,,,,,,,,,,,,,,,,,,,,,,,,,,,,,,1.51,2.6,2.6,2.07,3.0,0.92,18.0,0.7,-2.58,-2.58,-1.5,-2.05,3.0,0.92,18.0,0.7,-0.32,-0.32,-0.18,-0.25,3.0,0.11,18.0,0.7,1012.54,1013.7,1013.97,1013.27,3.0,1.12,18.0,0.7,,,,,,,,,,,,,,,,,,,,,,,,,,,,,,,,,,,,,,,,,,,,,,,,,,,,,,,,,,,,,,,,,,,,,,,,,,,,,,,,,,,,,,,,,,,,,,,,,,,,,,,,,,,,,,,,,,,,,,,,,,,,,,,,,,
1887,9,296.3,26.6,27.9,27.9,27.9,27.9,2.0,0.0,2.0,0.0,29.11,29.35,29.59,29.35,2.0,0.49,2.0,0.0,23.08,23.36,23.65,23.36,2.0,0.59,2.0,0.0,91.2,91.4,91.6,91.4,2.0,0.3,2.0,0.0,1.0,0.5,2.92,3.6,4.28,3.6,2.0,1.41,2.0,0.0,-3.59,-3.02,-2.45,-3.02,2.0,1.19,2.0,0.0,1.59,1.96,2.33,1.96,2.0,0.77,2.0,0.0,1014.03,1014.1,1014.17,1014.1,2.0,0.14,2.0,0.0,2.0,2.0,2.0,2.0,2.0,0.0,2.0,0.0,91.2,91.4,91.6,91.4,2.0,0.3,2.0,0.0,1.0,0.5,-15.8,-11.7,-7.6,-11.7,2.0,8.5,2.0,0.0,4.9,7.6,10.3,7.6,2.0,5.5,2.0,0.0,-1.69,-1.45,-1.21,-1.45,2.0,0.49,2.0,0.0,-5.0,-4.9,-4.7,-4.9,2.0,0.3,2.0,0.0,-0.15,0.14,0.42,0.14,2.0,0.59,2.0,0.0,-0.2,0.9,2.0,0.9,2.0,2.3,2.0,0.0,-104.4,-88.3,-72.2,-88.3,2.0,33.3,2.0,0.0,46.9,57.4,67.8,57.4,2.0,21.6,2.0,0.0,-82.7,-70.2,-57.7,-70.2,2.0,25.9,2.0,0.0,37.5,45.6,53.7,45.6,2.0,16.8,2.0,0.0,-1.7,-0.8,0.2,-0.8,2.0,1.9,2.0,0.0,-0.1,0.5,1.1,0.5,2.0,1.3,2.0,0.0,30.0,57.5,84.5,57.5,2.0,56.5,2.0,0.0,30.0,55.0,85.0,55.0,2.0,55.0,2.0,0.0
1887,9,296.3,28.6,27.8,27.9,28.77,28.22,5.0,0.54,2.0,0.4,28.18,28.75,30.22,29.1,6.0,1.1,2.0,0.5,21.8,22.78,24.42,23.08,6.0,1.37,2.0,0.5,90.7,91.1,91.9,91.4,6.0,1.0,2.0,0.5,0.5,0.0,1.0,1.8,3.45,2.48,6.0,2.21,2.0,0.5,-2.26,-0.4,2.18,0.36,6.0,3.39,2.0,0.5,-0.2,0.0,0.69,0.16,6.0,0.78,2.0,0.5,1011.5,1012.45,1013.04,1012.35,6.0,0.73,2.0,0.5,1.8,2.0,4.4,2.8,6.0,1.8,2.0,0.5,90.7,91.1,91.9,91.4,6.0,1.0,2.0,0.5,0.5,0.0,-5.9,-0.4,10.1,5.5,6.0,19.6,2.0,0.5,-0.2,0.0,1.8,0.7,6.0,1.6,2.0,0.5,-0.76,-0.5,-0.3,-0.56,5.0,0.37,2.0,0.4,-1.6,-1.2,-0.7,-1.2,5.0,0.6,2.0,0.4,0.87,1.55,1.66,1.32,5.0,0.45,2.0,0.4,1.3,2.5,7.0,4.1,5.0,4.4,2.0,0.4,-63.8,-11.9,62.2,10.2,6.0,95.7,2.0,0.5,-6.2,0.0,19.3,4.0,6.0,22.8,2.0,0.5,-50.3,-9.5,48.5,7.6,6.0,74.3,2.0,0.5,-5.1,0.0,15.1,3.0,6.0,18.3,2.0,0.5,-2.8,-0.7,5.3,1.3,5.0,6.2,2.0,0.4,0.0,0.0,1.0,0.4,5.0,0.6,2.0,0.4,1.0,9.5,76.0,56.5,6.0,120.0,2.0,0.5,0.0,10.0,75.0,55.0,6.0,120.0,2.0,0.5
1887,9,296.3,32.6,24.4,24.4,24.4,24.48,16.0,0.2,28.0,0.6,23.3,23.9,24.4,23.94,16.0,0.73,28.0,0.6,13.81,14.43,15.08,14.42,16.0,0.75,28.0,0.6,75.6,78.2,82.3,78.5,16.0,3.4,28.0,0.6,0.6,0.6,1.0,2.6,5.9,3.21,16.0,2.77,28.0,0.6,-0.16,0.27,1.1,0.37,16.0,0.89,28.0,0.6,-5.79,-2.15,-0.09,-2.98,16.0,2.86,28.0,0.6,1020.3,1021.3,1021.89,1021.08,16.0,1.0,28.0,0.6,2.0,3.0,5.0,3.4,16.0,1.5,28.0,0.6,75.6,78.2,82.3,78.5,16.0,3.4,28.0,0.6,0.6,0.6,-0.4,0.3,4.3,1.3,16.0,5.3,28.0,0.6,-35.1,-5.6,-0.1,-16.9,16.0,23.6,28.0,0.6,0.0,0.8,1.1,0.53,16.0,0.77,28.0,0.6,0.0,0.8,4.2,2.0,16.0,3.1,28.0,0.6,3.92,4.56,5.27,4.59,16.0,0.76,28.0,0.6,4.4,14.3,21.7,14.2,16.0,13.0,28.0,0.6,-3.7,6.5,27.2,9.0,16.0,21.1,28.0,0.6,-139.4,-50.1,-2.0,-71.5,16.0,68.8,28.0,0.6,-2.3,3.8,16.6,5.2,16.0,12.7,28.0,0.6,-88.1,-29.0,-1.2,-44.1,16.0,42.6,28.0,0.6,-0.8,1.2,4.9,1.9,16.0,4.4,28.0,0.6,-21.3,-11.7,-0.4,-13.1,16.0,13.3,28.0,0.6,1.0,17.5,223.5,114.5,16.0,209.0,28.0,0.6,0.0,20.0,225.0,115.0,16.0,210.0,28.0,0.6
1887,9,296.3,36.6,,,,,,,,,,,,,,,,,,,,,,,,,,,,,,,,,,,4.6,15.4,15.4,12.31,7.0,5.27,16.0,0.4,-3.09,2.57,2.94,-0.12,7.0,3.74,16.0,0.4,-15.12,-15.12,-3.81,-11.75,7.0,5.43,16.0,0.4,1001.08,1001.4,1001.64,1001.34,5.0,0.39,18.0,0.2,,,,,,,,,,,,,,,,,,,,,,,,,,,,,,,,,,,,,,,,,,,,,,,,,,,,,,,,,,,,,,,,,,,,,,,,,,,,,,,,,,,,,,,,,,,,,,,,,,,,,,,,,,,,,,,,,,,,,,,,,,,,,,,,,,
1887,9,296.3,38.6,,,,,,,,,,,,,,,,,,,,,,,,,,,,,,,,,,,4.6,4.6,11.95,6.41,14.0,3.34,12.0,0.8,0.64,0.88,8.23,1.95,14.0,3.97,12.0,0.8,4.52,4.54,8.57,4.88,14.0,3.14,12.0,0.8,1009.9,1014.2,1015.9,1013.69,12.0,2.52,12.0,0.8,,,,,,,,,,,,,,,,,,,,,,,,,,,,,,,,,,,,,,,,,,,,,,,,,,,,,,,,,,,,,,,,,,,,,,,,,,,,,,,,,,,,,,,,,,,,,,,,,,,,,,,,,,,,,,,,,,,,,,,,,,,,,,,,,,
1887,9,296.3,40.6,,,,,,,,,,,,,,,,,,,,,,,,,,,,,,,,,,,2.6,4.6,12.3,6.99,39.0,5.45,16.0,0.5,-6.02,0.39,3.23,-0.82,39.0,4.42,16.0,0.5,-11.82,-2.41,0.0,-4.61,39.0,6.16,16.0,0.5,1017.52,1019.9,1022.62,1019.52,25.0,4.02,12.0,0.6,,,,,,,,,,,,,,,,,,,,,,,,,,,,,,,,,,,,,,,,,,,,,,,,,,,,,,,,,,,,,,,,,,,,,,,,,,,,,,,,,,,,,,,,,,,,,,,,,,,,,,,,,,,,,,,,,,,,,,,,,,,,,,,,,,
1887,9,296.3,42.6,,,,,,,,,,,,,,,,,,,,,,,,,,,,,,,,,,,3.04,4.6,9.69,5.66,15.0,2.98,20.0,0.7,0.22,4.27,8.93,4.06,15.0,4.14,20.0,0.7,-3.83,0.0,1.81,-0.91,15.0,2.75,20.0,0.7,1014.73,1019.9,1020.56,1018.08,5.0,3.47,20.0,0.6,,,,,,,,,,,,,,,,,,,,,,,,,,,,,,,,,,,,,,,,,,,,,,,,,,,,,,,,,,,,,,,,,,,,,,,,,,,,,,,,,,,,,,,,,,,,,,,,,,,,,,,,,,,,,,,,,,,,,,,,,,,,,,,,,,
1887,9,298.3,-57.4,,,,,,,,,,,,,,,,,,,,,,,,,,,,,,,,,,,4.6,9.3,22.6,11.39,7.0,7.9,18.0,0.4,-6.58,-3.25,15.98,1.38,7.0,10.1,18.0,0.4,3.25,6.58,15.98,8.26,7.0,5.47,18.0,0.4,993.06,1018.6,1021.02,1011.76,7.0,13.12,18.0,0.4,,,,,,,,,,,,,,,,,,,,,,,,,,,,,,,,,,,,,,,,,,,,,,,,,,,,,,,,,,,,,,,,,,,,,,,,,,,,,,,,,,,,,,,,,,,,,,,,,,,,,,,,,,,,,,,,,,,,,,,,,,,,,,,,,,
1887,9,298.3,-55.4,3.69,4.3,4.51,4.09,19.0,0.56,16.0,0.6,2.0,3.0,4.27,3.19,24.0,1.15,14.0,0.6,2.97,3.06,3.28,3.11,7.0,0.18,6.0,0.4,68.7,70.5,75.4,71.5,7.0,4.2,6.0,0.4,0.9,0.6,2.6,12.3,22.6,12.36,24.0,9.4,14.0,0.6,0.0,12.05,15.98,9.05,24.0,7.19,14.0,0.6,-2.36,5.89,15.98,6.54,24.0,8.13,14.0,0.6,1000.81,1008.7,1024.51,1012.06,19.0,11.48,12.0,0.6,6.0,8.0,8.0,7.3,24.0,1.3,14.0,0.6,68.7,70.5,75.4,71.5,7.0,4.2,6.0,0.4,0.9,0.6,0.0,148.2,361.2,174.9,24.0,175.9,14.0,0.6,-6.4,41.6,361.2,147.8,24.0,186.2,14.0,0.6,-0.71,0.6,1.74,0.65,19.0,1.21,16.0,0.6,-7.3,4.4,38.7,9.1,19.0,24.1,16.0,0.6,1.49,1.84,2.05,1.77,3.0,0.42,6.0,0.7,1.5,4.8,5.3,3.5,3.0,3.0,6.0,0.7,0.0,39.7,60.6,31.9,24.0,27.0,14.0,0.6,-5.7,23.0,52.0,21.8,24.0,27.2,14.0,0.6,0.0,0.0,8.0,2.7,7.0,3.8,6.0,0.4,-7.0,0.0,0.0,-2.6,7.0,3.5,6.0,0.4,0.0,0.0,3.3,1.6,3.0,2.8,6.0,0.7,-3.8,0.0,0.0,-1.9,3.0,3.2,6.0,0.7,17.5,1861.0,11543.0,5102.0,24.0,6293.5,14.0,0.6,20.0,1860.0,11545.0,5100.0,24.0,6295.0,14.0,0.6
1887,9,298.3,-49.4,,,,,,,,,,,,,,,,,,,,,,,,,,,,,,,,,,,9.3,9.3,12.3,10.5,5.0,1.64,16.0,0.6,0.0,6.58,8.02,4.57,5.0,4.23,16.0,0.6,-2.19,5.2,8.67,3.08,5.0,9.2,16.0,0.6,1009.73,1010.6,1012.63,1011.1,5.0,1.58,16.0,0.6,,,,,,,,,,,,,,,,,,,,,,,,,,,,,,,,,,,,,,,,,,,,,,,,,,,,,,,,,,,,,,,,,,,,,,,,,,,,,,,,,,,,,,,,,,,,,,,,,,,,,,,,,,,,,,,,,,,,,,,,,,,,,,,,,,
1887,9,298.3,-47.4,,,,,,,,,,,,,,,,,,,,,,,,,,,,,,,,,,,2.6,9.3,9.59,7.29,13.0,3.55,10.0,0.5,2.37,7.71,9.12,5.87,13.0,4.03,10.0,0.5,-0.1,2.57,5.33,2.62,13.0,3.03,10.0,0.5,1005.67,1007.7,1009.63,1007.8,12.0,2.42,8.0,0.5,,,,,,,,,,,,,,,,,,,,,,,,,,,,,,,,,,,,,,,,,,,,,,,,,,,,,,,,,,,,,,,,,,,,,,,,,,,,,,,,,,,,,,,,,,,,,,,,,,,,,,,,,,,,,,,,,,,,,,,,,,,,,,,,,,
1887,9,298.3,-45.4,4.7,5.8,6.29,5.69,37.0,0.8,10.0,0.5,4.22,5.15,6.74,5.33,34.0,1.5,10.0,0.5,4.61,4.86,5.1,4.87,10.0,0.23,2.0,0.4,92.4,94.5,95.2,93.9,10.0,2.5,2.0,0.4,1.0,0.8,2.6,4.6,9.3,5.52,37.0,3.15,10.0,0.5,0.0,3.25,7.15,3.66,37.0,4.16,10.0,0.5,-1.53,1.42,3.86,1.0,37.0,3.03,10.0,0.5,1007.94,1018.4,1024.32,1017.47,37.0,7.69,10.0,0.5,3.7,6.0,7.0,5.3,37.0,2.3,10.0,0.5,92.4,94.5,95.2,93.9,10.0,2.5,2.0,0.4,1.0,0.8,0.0,15.0,54.3,28.9,37.0,44.8,10.0,0.5,-7.2,6.8,26.9,6.0,37.0,22.1,10.0,0.5,-1.1,0.2,1.8,0.34,34.0,1.46,10.0,0.5,-5.5,0.6,15.6,3.5,34.0,10.9,10.0,0.5,0.78,0.99,1.08,0.94,10.0,0.2,2.0,0.4,3.4,6.7,12.3,7.5,10.0,4.4,2.0,0.4,4.2,23.6,40.8,21.1,34.0,19.9,10.0,0.5,-7.2,7.6,19.1,5.9,34.0,16.2,10.0,0.5,15.3,37.5,55.6,36.3,10.0,17.8,2.0,0.4,-5.1,8.0,12.2,5.6,10.0,9.7,2.0,0.4,3.1,6.5,12.1,7.2,10.0,4.4,2.0,0.4,-0.8,1.6,2.6,1.1,10.0,1.8,2.0,0.4,17.5,97.5,804.5,343.5,37.0,514.5,10.0,0.5,20.0,95.0,805.0,345.0,37.0,515.0,10.0,0.5
1887,9,298.3,-43.4,4.71,5.45,6.48,5.56,8.0,0.89,6.0,0.4,4.21,5.8,7.18,5.66,9.0,1.36,8.0,0.3,4.69,4.84,4.94,4.82,3.0,0.19,2.0,0.3,94.9,97.2,97.2,96.1,3.0,2.0,2.0,0.3,0.7,0.5,4.6,4.6,8.19,6.06,10.0,2.85,6.0,0.3,-1.63,4.27,6.92,3.23,10.0,4.82,6.0,0.3,-1.98,0.48,4.23,0.56,10.0,3.7,6.0,0.3,1005.9,1015.95,1029.16,1017.33,10.0,11.65,6.0,0.3,2.4,5.0,7.1,4.6,10.0,2.6,6.0,0.3,94.9,97.2,97.2,96.1,3.0,2.0,2.0,0.3,0.7,0.5,-8.3,19.6,59.1,29.4,10.0,50.6,6.0,0.3,-7.9,2.2,26.5,4.3,10.0,23.2,6.0,0.3,-1.93,0.3,2.41,0.13,7.0,2.01,6.0,0.4,-9.1,2.8,12.0,1.4,7.0,11.4,6.0,0.4,0.53,1.13,1.18,0.86,3.0,0.53,2.0,0.3,3.2,5.2,5.4,4.4,3.0,1.8,2.0,0.3,-8.9,26.0,35.7,16.2,9.0,25.9,8.0,0.3,-15.0,0.0,16.5,-3.5,9.0,21.3,8.0,0.3,-8.6,-8.3,26.5,8.6,3.0,29.6,2.0,0.3,18.6,19.5,20.2,19.4,3.0,1.2,2.0,0.3,-2.1,-2.0,0.8,-0.7,3.0,2.5,2.0,0.3,2.1,4.8,5.0,3.6,3.0,2.3,2.0,0.3,97.5,97.5,588.5,377.0,10.0,569.0,6.0,0.3,95.0,95.0,590.0,375.0,10.0,570.0,6.0,0.3
1887,9,298.3,10.6,,,,,,,,,,,,,,,,,,,,,,,,,,,,,,,,,,,2.45,2.6,4.6,3.44,13.0,1.65,18.0,0.2,-3.85,-2.6,-1.75,-2.68,13.0,1.23,18.0,0.2,0.0,1.84,3.25,1.56,13.0,1.89,18.0,0.2,1007.4,1008.3,1008.9,1008.2,6.0,0.75,12.0,0.2,,,,,,,,,,,,,,,,,,,,,,,,,,,,,,,,,,,,,,,,,,,,,,,,,,,,,,,,,,,,,,,,,,,,,,,,,,,,,,,,,,,,,,,,,,,,,,,,,,,,,,,,,,,,,,,,,,,,,,,,,,,,,,,,,,
1887,9,298.3,22.6,,,,,,,,,,,,,,,,,,,,,,,,,,,,,,,,,,,0.0,0.0,1.77,0.87,3.0,1.5,24.0,0.3,-1.54,0.0,0.0,-0.75,3.0,1.3,24.0,0.3,-0.89,0.0,0.0,-0.43,3.0,0.75,24.0,0.3,1012.8,1012.8,1012.8,1012.8,1.0,0.0,18.0,1.0,2.6,4.0,4.0,3.3,3.0,1.2,24.0,0.3,96.0,96.0,96.0,96.0,2.0,0.0,28.0,0.0,1.0,0.1,-4.0,0.0,0.0,-2.0,3.0,3.4,24.0,0.3,-2.3,0.0,0.0,-1.1,3.0,2.0,24.0,0.3,,,,,,,,,,,,,,,,,,,,,,,,,,,,,,,,,,,,,,,,,,,,,,,,,,,,,,,,,,,,,,,,,,,,,,,,,,,,,,,,,,,,,,,,,,,,,,,,
1887,9,298.3,24.6,26.7,26.7,26.8,26.78,6.0,0.2,30.0,1.0,25.6,27.5,27.8,26.97,6.0,1.08,30.0,1.0,19.54,21.98,22.33,21.29,6.0,1.38,30.0,1.0,95.3,95.4,95.5,95.5,6.0,0.2,30.0,1.0,0.8,0.2,2.6,4.6,6.7,4.41,9.0,1.9,26.0,0.7,-5.13,-2.96,-1.82,-3.41,9.0,1.55,26.0,0.7,-1.99,-1.3,4.31,0.23,9.0,3.15,26.0,0.7,1011.8,1012.6,1013.37,1012.64,9.0,1.02,26.0,0.7,2.0,4.0,4.0,3.8,9.0,1.9,26.0,0.7,95.3,95.4,95.5,95.5,6.0,0.2,30.0,1.0,0.8,0.2,-34.4,-13.6,-4.7,-17.6,9.0,13.7,26.0,0.7,-5.2,-3.4,28.9,5.5,9.0,17.9,26.0,0.7,-1.1,-0.55,1.1,-0.18,6.0,1.08,30.0,1.0,-7.4,-3.7,3.3,-2.4,6.0,5.7,30.0,1.0,-0.4,0.26,2.36,0.74,6.0,1.36,30.0,1.0,-2.7,-0.1,7.1,1.9,6.0,5.7,30.0,1.0,-142.7,-109.2,-44.9,-98.7,6.0,49.6,30.0,1.0,-61.6,34.4,119.7,27.3,6.0,102.2,30.0,1.0,-114.6,-86.2,-35.4,-78.4,6.0,40.6,30.0,1.0,-48.4,28.6,96.2,22.9,6.0,80.9,30.0,1.0,-4.6,0.2,2.0,-1.1,6.0,3.8,30.0,1.0,-5.5,-1.8,-1.7,-3.3,6.0,2.7,30.0,1.0,17.5,97.5,301.0,129.5,9.0,132.5,26.0,0.7,20.0,95.0,300.0,130.0,9.0,130.0,26.0,0.7
1887,9,298.3,32.6,24.41,25.0,25.6,25.15,20.0,0.47,28.0,0.6,24.4,24.4,25.0,24.76,20.0,0.98,28.0,0.6,15.38,15.98,16.78,16.18,20.0,0.95,28.0,0.6,78.5,82.4,87.0,83.4,20.0,4.5,28.0,0.6,0.7,0.3,1.0,2.6,6.7,2.86,20.0,2.54,28.0,0.6,-2.62,0.19,1.01,-0.3,20.0,1.8,28.0,0.6,-5.49,-1.23,-0.39,-2.39,20.0,2.38,28.0,0.6,1012.51,1014.2,1017.58,1015.12,20.0,2.47,28.0,0.6,2.0,4.0,6.0,3.7,20.0,2.3,28.0,0.6,78.5,82.4,87.0,83.4,20.0,4.5,28.0,0.6,0.7,0.3,-12.1,0.2,2.6,-4.0,20.0,9.6,28.0,0.6,-36.8,-3.2,-0.4,-12.5,20.0,17.1,28.0,0.6,-0.59,0.6,1.2,0.4,20.0,1.18,28.0,0.6,-2.7,0.0,3.1,0.9,20.0,3.2,28.0,0.6,3.21,3.57,4.82,3.74,20.0,1.11,28.0,0.6,1.4,7.2,22.7,11.2,20.0,11.0,28.0,0.6,-65.5,4.5,24.8,-6.9,20.0,44.9,28.0,0.6,-137.2,-31.4,-9.8,-58.6,20.0,58.3,28.0,0.6,-40.3,2.8,16.9,-3.8,20.0,28.8,28.0,0.6,-85.5,-21.2,-6.0,-37.5,20.0,36.5,28.0,0.6,-9.4,0.6,3.8,-1.6,20.0,6.5,28.0,0.6,-19.6,-5.0,-0.6,-9.7,20.0,10.5,28.0,0.6,1.0,17.5,301.0,85.0,20.0,129.5,28.0,0.6,0.0,20.0,300.0,85.0,20.0,130.0,28.0,0.6
1887,9,298.3,36.6,,,,,,,,,,,,,,,,,,,,,,,,,,,,,,,,,,,9.8,9.8,15.4,12.04,5.0,3.07,16.0,0.4,4.55,5.48,5.59,5.03,5.0,1.18,16.0,0.4,-14.58,-8.12,-8.12,-10.75,5.0,3.61,16.0,0.4,1001.5,1001.55,1001.91,1001.7,4.0,0.34,18.0,1.0,,,,,,,,,,,,,,,,,,,,,,,,,,,,,,,,,,,,,,,,,,,,,,,,,,,,,,,,,,,,,,,,,,,,,,,,,,,,,,,,,,,,,,,,,,,,,,,,,,,,,,,,,,,,,,,,,,,,,,,,,,,,,,,,,,
1887,9,298.3,38.6,,,,,,,,,,,,,,,,,,,,,,,,,,,,,,,,,,,2.6,6.7,6.7,6.18,11.0,3.57,12.0,0.5,-1.62,-1.28,-0.57,-0.06,11.0,3.66,12.0,0.5,2.54,6.5,6.58,5.65,11.0,2.51,12.0,0.5,1017.6,1019.3,1020.0,1018.34,11.0,3.54,12.0,0.5,,,,,,,,,,,,,,,,,,,,,,,,,,,,,,,,,,,,,,,,,,,,,,,,,,,,,,,,,,,,,,,,,,,,,,,,,,,,,,,,,,,,,,,,,,,,,,,,,,,,,,,,,,,,,,,,,,,,,,,,,,,,,,,,,,
1887,9,298.3,40.6,,,,,,,,,,,,,,,,,,,,,,,,,,,,,,,,,,,2.12,4.6,13.24,6.75,18.0,5.4,20.0,0.6,-4.24,-1.01,1.8,-0.93,18.0,3.95,20.0,0.6,-11.22,-4.23,1.13,-3.76,18.0,6.78,20.0,0.6,1019.52,1023.4,1023.97,1021.46,9.0,4.11,18.0,0.7,,,,,,,,,,,,,,,,,,,,,,,,,,,,,,,,,,,,,,,,,,,,,,,,,,,,,,,,,,,,,,,,,,,,,,,,,,,,,,,,,,,,,,,,,,,,,,,,,,,,,,,,,,,,,,,,,,,,,,,,,,,,,,,,,,
1887,9,298.3,42.6,,,,,,,,,,,,,,,,,,,,,,,,,,,,,,,,,,,4.54,4.6,6.7,4.91,26.0,2.24,20.0,0.3,0.0,1.76,4.78,2.17,26.0,3.5,20.0,0.3,-4.27,-1.76,3.25,-0.94,26.0,3.48,20.0,0.3,1016.38,1019.9,1021.24,1018.75,14.0,3.87,20.0,0.4,,,,,,,,,,,,,,,,,,,,,,,,,,,,,,,,,,,,,,,,,,,,,,,,,,,,,,,,,,,,,,,,,,,,,,,,,,,,,,,,,,,,,,,,,,,,,,,,,,,,,,,,,,,,,,,,,,,,,,,,,,,,,,,,,,
1887,9,300.3,-57.4,,,,,,,,,,,,,,,,,,,,,,,,,,,,,,,,,,,14.43,19.0,21.46,17.97,3.0,5.23,18.0,0.3,-3.68,7.12,13.17,4.8,3.0,12.5,18.0,0.3,11.01,15.98,17.1,14.1,3.0,4.75,18.0,0.3,993.85,998.6,1007.44,1000.55,4.0,8.74,18.0,0.5,,,,,,,,,,,,,,,,,,,,,,,,,,,,,,,,,,,,,,,,,,,,,,,,,,,,,,,,,,,,,,,,,,,,,,,,,,,,,,,,,,,,,,,,,,,,,,,,,,,,,,,,,,,,,,,,,,,,,,,,,,,,,,,,,,
1887,9,300.3,-55.4,3.57,4.2,4.64,4.08,5.0,0.68,18.0,0.4,2.29,2.8,3.83,3.1,7.0,0.9,14.0,0.4,3.18,3.27,3.72,3.45,3.0,0.42,8.0,0.3,69.9,72.7,83.5,76.6,3.0,10.5,8.0,0.3,0.8,1.0,3.86,10.0,15.4,9.4,6.0,6.7,12.0,0.5,-0.08,7.09,14.2,7.04,6.0,7.85,12.0,0.5,-4.6,2.42,6.02,1.28,6.0,5.27,12.0,0.5,1002.13,1011.8,1019.22,1011.12,6.0,9.11,12.0,0.5,6.0,8.0,8.0,7.4,7.0,1.0,14.0,0.4,69.9,72.7,83.5,76.6,3.0,10.5,8.0,0.3,0.8,1.0,-0.1,109.2,218.6,109.4,6.0,119.9,12.0,0.5,-21.2,44.0,92.7,38.5,6.0,58.4,12.0,0.5,0.2,0.4,1.41,0.8,5.0,0.89,18.0,0.4,3.1,4.6,8.5,5.7,4.0,3.5,14.0,0.5,1.29,1.29,1.29,1.29,1.0,0.0,8.0,0.0,6.0,6.0,6.0,6.0,1.0,0.0,8.0,0.0,-0.2,26.2,56.0,28.3,6.0,31.6,12.0,0.5,-11.1,10.0,23.5,7.6,6.0,18.1,12.0,0.5,-0.8,0.0,0.0,-0.4,3.0,0.7,8.0,0.3,-16.9,-14.5,-6.7,-11.8,3.0,7.8,8.0,0.3,0.0,0.0,0.0,0.0,1.0,0.0,8.0,0.0,-6.0,-6.0,-6.0,-6.0,1.0,0.0,8.0,0.0,77.5,1875.0,3652.5,1858.5,6.0,1965.0,12.0,0.5,75.0,1875.0,3650.0,1860.0,6.0,1965.0,12.0,0.5
1887,9,300.3,-53.4,,,,,,,,,,,,,,,,,,,,,,,,,,,,,,,,,,,13.14,15.4,21.63,16.49,9.0,5.05,22.0,0.4,-4.21,8.47,13.8,5.9,9.0,8.6,22.0,0.4,6.02,8.7,19.94,12.44,9.0,6.65,22.0,0.4,997.5,998.95,1002.81,1000.1,4.0,3.54,18.0,0.3,,,,,,,,,,,,,,,,,,,,,,,,,,,,,,,,,,,,,,,,,,,,,,,,,,,,,,,,,,,,,,,,,,,,,,,,,,,,,,,,,,,,,,,,,,,,,,,,,,,,,,,,,,,,,,,,,,,,,,,,,,,,,,,,,,
1887,9,300.3,-45.4,,,,,,,,,,,,,,,,,,,,,,,,,,,,,,,,,,,5.5,9.3,11.02,9.27,10.0,5.44,16.0,0.7,1.93,4.94,9.21,6.02,10.0,4.7,16.0,0.7,0.0,2.27,8.66,3.2,10.0,7.17,16.0,0.7,1000.39,1011.5,1022.96,1012.59,11.0,10.64,16.0,0.6,,,,,,,,,,,,,,,,,,,,,,,,,,,,,,,,,,,,,,,,,,,,,,,,,,,,,,,,,,,,,,,,,,,,,,,,,,,,,,,,,,,,,,,,,,,,,,,,,,,,,,,,,,,,,,,,,,,,,,,,,,,,,,,,,,
1887,9,300.3,-43.4,,,,,,,,,,,,,,,,,,,,,,,,,,,,,,,,,,,3.77,9.3,9.3,7.22,11.0,3.58,12.0,0.5,-2.46,-1.77,1.87,-0.49,11.0,2.85,12.0,0.5,-9.13,-7.71,0.9,-5.51,11.0,5.32,12.0,0.5,1009.75,1014.0,1019.24,1014.04,11.0,4.65,12.0,0.5,,,,,,,,,,,,,,,,,,,,,,,,,,,,,,,,,,,,,,,,,,,,,,,,,,,,,,,,,,,,,,,,,,,,,,,,,,,,,,,,,,,,,,,,,,,,,,,,,,,,,,,,,,,,,,,,,,,,,,,,,,,,,,,,,,
1887,9,300.3,6.6,,,,,,,,,,,,,,,,,,,,,,,,,,,,,,,,,,,3.87,4.6,5.37,4.62,5.0,1.45,12.0,0.4,-4.32,-3.25,-2.85,-3.62,5.0,1.5,12.0,0.4,-3.25,-1.45,2.85,-0.42,5.0,3.16,12.0,0.4,1007.49,1007.6,1008.84,1008.1,5.0,0.93,10.0,0.2,,,,,,,,,,,,,,,,,,,,,,,,,,,,,,,,,,,,,,,,,,,,,,,,,,,,,,,,,,,,,,,,,,,,,,,,,,,,,,,,,,,,,,,,,,,,,,,,,,,,,,,,,,,,,,,,,,,,,,,,,,,,,,,,,,
1887,9,300.3,8.6,,,,,,,,,,,,,,,,,,,,,,,,,,,,,,,,,,,4.6,4.6,6.7,4.81,13.0,1.46,12.0,0.5,-4.31,-3.25,-1.79,-3.29,13.0,1.56,12.0,0.5,-1.96,2.62,3.35,1.16,13.0,3.4,12.0,0.5,1008.05,1009.0,1009.86,1008.96,7.0,1.29,12.0,0.6,,,,,,,,,,,,,,,,,,,,,,,,,,,,,,,,,,,,,,,,,,,,,,,,,,,,,,,,,,,,,,,,,,,,,,,,,,,,,,,,,,,,,,,,,,,,,,,,,,,,,,,,,,,,,,,,,,,,,,,,,,,,,,,,,,
1887,9,300.3,10.6,,,,,,,,,,,,,,,,,,,,,,,,,,,,,,,,,,,2.82,4.6,6.7,4.89,8.0,1.71,12.0,0.6,-4.19,-2.56,-1.84,-2.86,8.0,1.28,12.0,0.6,-4.03,1.63,4.5,0.5,8.0,4.35,12.0,0.6,1008.31,1009.4,1010.49,1009.4,2.0,2.26,10.0,1.0,,,,,,,,,,,,,,,,,,,,,,,,,,,,,,,,,,,,,,,,,,,,,,,,,,,,,,,,,,,,,,,,,,,,,,,,,,,,,,,,,,,,,,,,,,,,,,,,,,,,,,,,,,,,,,,,,,,,,,,,,,,,,,,,,,
1887,9,300.3,12.6,,,,,,,,,,,,,,,,,,,,,,,,,,,,,,,,,,,2.6,4.6,4.6,4.05,10.0,1.58,16.0,0.1,-4.6,-4.34,-2.58,-3.45,10.0,1.63,16.0,0.1,-1.51,0.0,0.9,-0.2,10.0,2.18,16.0,0.1,1011.63,1013.0,1018.6,1014.64,5.0,3.68,18.0,0.0,,,,,,,,,,,,,,,,,,,,,,,,,,,,,,,,,,,,,,,,,,,,,,,,,,,,,,,,,,,,,,,,,,,,,,,,,,,,,,,,,,,,,,,,,,,,,,,,,,,,,,,,,,,,,,,,,,,,,,,,,,,,,,,,,,
1887,9,300.3,20.6,26.7,26.7,27.14,26.83,8.0,0.23,26.0,0.9,27.8,28.85,30.0,28.89,8.0,1.06,26.0,0.9,22.72,23.48,24.24,23.48,2.0,1.58,26.0,1.0,95.4,95.5,95.9,95.2,8.0,1.2,26.0,0.9,0.6,0.8,4.83,6.7,6.7,6.18,8.0,0.97,26.0,0.9,-4.2,0.42,2.0,-0.44,8.0,2.81,26.0,0.9,4.42,5.6,6.64,5.56,8.0,1.05,26.0,0.9,1009.85,1009.95,1010.05,1009.95,2.0,0.21,26.0,1.0,0.0,2.0,4.0,2.0,8.0,1.9,26.0,0.9,95.4,95.5,95.9,95.2,8.0,1.2,26.0,0.9,0.6,0.8,-28.2,1.3,13.1,-3.7,8.0,18.3,26.0,0.9,21.5,37.5,44.5,35.0,8.0,10.5,26.0,0.9,-2.8,-2.15,-1.1,-2.06,8.0,0.93,26.0,0.9,-18.8,-12.7,-7.4,-13.1,8.0,6.9,26.0,0.9,-2.27,-1.51,-0.75,-1.51,2.0,1.57,26.0,1.0,-15.2,-10.1,-5.0,-10.1,2.0,10.6,26.0,1.0,-117.0,11.2,59.7,-11.2,8.0,79.3,26.0,0.9,124.9,162.6,195.7,161.5,8.0,35.8,26.0,0.9,-89.8,-59.2,-28.6,-59.2,2.0,63.4,26.0,1.0,116.7,136.0,155.2,136.0,2.0,39.9,26.0,1.0,1.6,1.7,1.8,1.7,2.0,0.2,26.0,1.0,-15.0,-9.7,-4.4,-9.7,2.0,11.0,26.0,1.0,120.0,301.0,301.0,250.0,8.0,94.0,26.0,0.9,120.0,300.0,300.0,250.0,8.0,95.0,26.0,0.9
1887,9,300.3,22.6,26.7,26.7,27.2,26.8,23.0,0.36,28.0,0.6,27.2,27.8,29.4,28.03,19.0,0.98,28.0,0.5,21.66,22.36,23.18,22.57,14.0,1.07,28.0,0.5,95.4,96.0,96.0,95.8,19.0,0.3,28.0,0.5,0.2,0.6,2.6,2.6,4.6,2.92,21.0,1.33,28.0,0.6,1.39,2.09,2.49,2.0,21.0,0.79,28.0,0.6,-3.68,-0.8,0.0,-1.05,21.0,2.18,28.0,0.6,1009.97,1010.5,1012.5,1011.18,18.0,1.29,28.0,0.6,0.0,2.0,3.0,1.9,23.0,1.5,28.0,0.6,95.4,96.0,96.0,95.8,19.0,0.3,28.0,0.5,0.2,0.6,5.2,6.4,9.1,6.4,21.0,3.3,28.0,0.6,-16.3,-2.1,0.0,-3.7,21.0,9.8,28.0,0.6,-2.7,-1.1,-0.5,-1.34,19.0,0.84,28.0,0.5,-7.1,-4.2,-1.3,-4.0,19.0,2.6,28.0,0.5,-1.21,-0.4,0.26,-0.63,14.0,1.07,28.0,0.5,-5.4,-1.0,0.7,-2.0,14.0,2.9,28.0,0.5,35.2,59.1,73.3,55.5,19.0,23.3,28.0,0.5,-59.6,-22.7,6.4,-25.9,19.0,60.1,28.0,0.5,29.3,44.5,57.3,42.0,14.0,19.9,28.0,0.5,-37.4,-18.8,-1.0,-28.3,14.0,35.0,28.0,0.5,-3.0,-0.6,0.5,-1.6,14.0,2.6,28.0,0.5,-0.2,0.7,2.1,1.0,14.0,1.4,28.0,0.5,17.5,17.5,97.5,38.5,21.0,38.5,28.0,0.6,20.0,20.0,95.0,40.0,21.0,40.0,28.0,0.6
1887,9,300.3,24.6,26.7,26.7,27.2,26.92,16.0,0.26,30.0,0.5,25.7,28.9,29.4,28.34,14.0,1.82,30.0,0.4,19.55,23.82,24.83,23.0,13.0,2.29,30.0,0.4,92.3,95.3,95.5,94.4,13.0,1.6,30.0,0.4,0.1,0.1,0.75,2.6,2.6,2.07,12.0,1.32,28.0,0.5,-1.9,-0.04,2.51,0.09,12.0,2.06,28.0,0.5,-1.99,-0.23,0.46,-0.58,12.0,1.34,28.0,0.5,1012.2,1012.3,1012.64,1012.56,17.0,0.8,28.0,0.5,0.0,2.0,5.8,2.7,17.0,2.8,28.0,0.5,92.3,95.3,95.5,94.4,13.0,1.6,30.0,0.4,0.1,0.1,-4.9,0.0,6.5,-0.2,12.0,6.3,28.0,0.5,-5.2,-0.6,0.8,-2.4,12.0,4.9,28.0,0.5,-2.2,-1.95,1.03,-1.42,14.0,1.68,30.0,0.4,-5.1,0.0,2.9,-0.8,10.0,3.8,30.0,0.4,-2.24,-1.24,2.37,-0.83,13.0,2.08,30.0,0.4,-2.4,0.0,6.2,1.6,9.0,5.1,30.0,0.3,-42.8,0.0,72.9,12.7,10.0,56.7,30.0,0.4,-51.0,-10.6,7.9,-19.2,10.0,35.6,30.0,0.4,-32.7,0.0,59.7,12.2,9.0,47.1,30.0,0.3,-38.9,-16.8,4.7,-18.6,9.0,25.8,30.0,0.3,-4.7,-2.8,-0.1,-2.7,9.0,2.5,30.0,0.3,-4.7,-0.3,0.1,-2.0,9.0,3.1,30.0,0.3,0.5,17.5,17.5,18.5,12.0,26.0,28.0,0.5,0.0,20.0,20.0,20.0,12.0,25.0,28.0,0.5
1887,9,300.3,26.6,,,,,,,,,,,,,,,,,,,,,,,,,,,,,,,,,,,2.92,3.6,4.28,3.6,2.0,1.41,20.0,1.0,-4.19,-3.53,-2.86,-3.53,2.0,1.38,20.0,1.0,-0.88,-0.73,-0.57,-0.73,2.0,0.33,20.0,1.0,1013.4,1013.6,1014.76,1014.07,3.0,1.08,20.0,0.7,,,,,,,,,,,,,,,,,,,,,,,,,,,,,,,,,,,,,,,,,,,,,,,,,,,,,,,,,,,,,,,,,,,,,,,,,,,,,,,,,,,,,,,,,,,,,,,,,,,,,,,,,,,,,,,,,,,,,,,,,,,,,,,,,,
1887,9,300.3,32.6,24.72,25.6,28.9,26.34,17.0,1.85,18.0,0.5,25.0,25.0,25.6,25.16,11.0,0.39,26.0,0.6,16.75,17.72,18.07,17.49,11.0,0.64,26.0,0.6,85.1,86.6,91.4,87.7,11.0,3.3,26.0,0.6,0.5,0.4,4.6,6.7,8.72,7.27,15.0,3.01,20.0,0.5,1.8,5.92,7.52,5.59,15.0,3.55,20.0,0.5,-4.63,-3.65,1.89,-2.27,15.0,3.75,20.0,0.5,1011.9,1013.35,1020.95,1014.5,20.0,4.27,16.0,0.5,2.0,5.0,8.0,4.9,17.0,2.6,18.0,0.6,85.1,86.6,91.4,87.7,11.0,3.3,26.0,0.6,0.5,0.4,8.3,39.6,66.3,50.1,15.0,56.0,20.0,0.5,-39.2,-19.5,12.7,-10.8,15.0,39.0,20.0,0.5,-0.6,0.0,0.25,-0.11,11.0,0.59,26.0,0.6,-4.0,0.0,1.1,-1.2,11.0,3.4,26.0,0.6,1.43,2.05,3.75,2.37,11.0,1.1,26.0,0.6,9.6,13.7,18.2,13.6,11.0,4.3,26.0,0.6,45.6,121.3,155.3,106.6,11.0,57.7,26.0,0.6,-122.1,-105.9,-62.7,-100.7,11.0,29.6,26.0,0.6,30.1,83.9,112.3,75.0,11.0,41.6,26.0,0.6,-84.0,-70.1,-45.4,-69.6,11.0,19.5,26.0,0.6,5.9,7.1,10.1,8.2,11.0,3.1,26.0,0.6,-15.9,-9.8,-3.6,-9.9,11.0,5.4,26.0,0.6,97.5,301.0,692.5,607.5,15.0,951.5,20.0,0.5,95.0,300.0,695.0,610.0,15.0,950.0,20.0,0.5
1887,9,300.3,34.6,,,,,,,,,,,,,,,,,,,,,,,,,,,,,,,,,,,10.73,12.3,12.3,11.55,4.0,1.5,18.0,0.0,4.02,4.61,4.61,4.33,4.0,0.56,18.0,0.0,-11.4,-11.4,-9.95,-10.71,4.0,1.39,18.0,0.0,1004.4,1005.5,1005.8,1005.12,5.0,0.89,18.0,0.2,,,,,,,,,,,,,,,,,,,,,,,,,,,,,,,,,,,,,,,,,,,,,,,,,,,,,,,,,,,,,,,,,,,,,,,,,,,,,,,,,,,,,,,,,,,,,,,,,,,,,,,,,,,,,,,,,,,,,,,,,,,,,,,,,,
1887,9,300.3,38.6,,,,,,,,,,,,,,,,,,,,,,,,,,,,,,,,,,,2.6,2.6,4.6,3.38,28.0,1.57,16.0,0.6,-2.07,0.48,1.8,0.04,28.0,2.16,16.0,0.6,-2.25,1.05,4.35,0.93,28.0,2.95,16.0,0.6,1021.09,1022.7,1025.6,1022.99,32.0,2.2,16.0,0.6,,,,,,,,,,,,,,,,,,,,,,,,,,,,,,,,,,,,,,,,,,,,,,,,,,,,,,,,,,,,,,,,,,,,,,,,,,,,,,,,,,,,,,,,,,,,,,,,,,,,,,,,,,,,,,,,,,,,,,,,,,,,,,,,,,
1887,9,300.3,40.6,,,,,,,,,,,,,,,,,,,,,,,,,,,,,,,,,,,2.6,6.7,15.4,9.36,27.0,6.39,16.0,0.6,-4.47,1.22,6.95,1.9,27.0,7.2,16.0,0.6,-9.37,-4.61,4.74,-2.55,27.0,8.33,16.0,0.6,1015.6,1016.6,1022.24,1017.65,21.0,3.6,12.0,0.5,,,,,,,,,,,,,,,,,,,,,,,,,,,,,,,,,,,,,,,,,,,,,,,,,,,,,,,,,,,,,,,,,,,,,,,,,,,,,,,,,,,,,,,,,,,,,,,,,,,,,,,,,,,,,,,,,,,,,,,,,,,,,,,,,,
1887,9,300.3,42.6,,,,,,,,,,,,,,,,,,,,,,,,,,,,,,,,,,,4.6,6.7,6.7,6.32,24.0,2.31,20.0,0.5,-2.55,2.15,2.62,1.38,24.0,3.84,20.0,0.5,-6.18,-2.15,6.17,-0.45,24.0,5.47,20.0,0.5,1016.99,1019.65,1021.47,1019.48,12.0,3.77,20.0,0.6,,,,,,,,,,,,,,,,,,,,,,,,,,,,,,,,,,,,,,,,,,,,,,,,,,,,,,,,,,,,,,,,,,,,,,,,,,,,,,,,,,,,,,,,,,,,,,,,,,,,,,,,,,,,,,,,,,,,,,,,,,,,,,,,,,
1887,9,302.3,-55.4,3.82,3.85,3.88,3.85,2.0,0.07,8.0,0.5,1.94,2.3,3.67,2.83,6.0,1.4,8.0,0.5,2.95,3.15,3.36,3.16,5.0,0.21,8.0,0.4,66.4,68.9,75.9,70.7,5.0,4.9,8.0,0.4,0.7,1.0,2.27,2.6,3.01,2.67,6.0,1.14,8.0,0.5,0.0,0.67,2.6,1.09,6.0,1.22,8.0,0.5,-3.01,-0.46,0.5,-0.95,6.0,2.41,8.0,0.5,1008.75,1011.2,1013.67,1011.17,6.0,2.75,8.0,0.5,6.0,6.0,8.0,6.7,6.0,1.0,8.0,0.5,66.4,68.9,75.9,70.7,5.0,4.9,8.0,0.4,0.7,1.0,0.0,1.5,6.8,2.7,6.0,3.3,8.0,0.5,-9.7,-0.5,1.3,-3.8,6.0,9.5,8.0,0.5,1.68,1.85,2.02,1.85,2.0,0.35,8.0,0.5,4.4,4.8,5.3,4.8,2.0,0.9,8.0,0.5,1.68,1.82,1.96,1.82,2.0,0.28,8.0,0.5,4.4,4.7,5.1,4.7,2.0,0.7,8.0,0.5,0.0,2.0,6.5,3.1,6.0,3.4,8.0,0.5,-6.2,-2.2,1.0,-2.5,6.0,5.3,8.0,0.5,0.0,3.2,8.4,4.1,5.0,4.3,8.0,0.4,-9.8,0.0,2.9,-2.6,5.0,8.3,8.0,0.4,0.7,2.1,3.5,2.1,2.0,3.0,8.0,0.5,-4.4,-2.6,-0.8,-2.6,2.0,3.7,8.0,0.5,14.0,17.5,34.0,28.0,6.0,34.5,8.0,0.5,15.0,20.0,35.0,30.0,6.0,35.0,8.0,0.5
1887,9,302.3,-53.4,3.6,4.0,4.51,4.07,13.0,0.41,20.0,0.6,2.1,3.4,4.0,3.28,15.0,0.98,20.0,0.6,3.36,3.37,3.38,3.37,2.0,0.02,10.0,0.5,77.3,77.9,78.4,77.9,2.0,1.2,10.0,0.5,1.0,0.5,5.07,12.3,15.4,11.61,15.0,6.7,20.0,0.6,4.2,10.89,13.86,9.21,15.0,5.15,20.0,0.6,2.58,3.75,8.35,5.9,15.0,5.88,20.0,0.6,994.54,997.35,1005.86,999.15,10.0,5.43,14.0,0.7,5.4,6.0,7.6,6.4,16.0,1.1,18.0,0.6,77.3,77.9,78.4,77.9,2.0,1.2,10.0,0.5,1.0,0.5,21.9,140.3,228.9,132.8,15.0,106.7,20.0,0.6,7.9,49.3,139.2,97.3,15.0,164.9,20.0,0.6,0.3,0.6,1.2,0.55,13.0,0.8,20.0,0.6,1.8,6.2,9.8,4.1,13.0,10.6,20.0,0.6,1.54,1.54,1.54,1.54,1.0,0.0,10.0,1.0,4.0,4.0,4.0,4.0,1.0,0.0,10.0,1.0,13.1,39.3,49.5,34.3,14.0,23.3,20.0,0.6,4.7,12.7,30.4,16.1,14.0,12.5,20.0,0.6,1.0,3.1,5.2,3.1,2.0,4.4,10.0,0.5,6.6,7.5,8.4,7.5,2.0,1.8,10.0,0.5,0.0,0.0,0.0,0.0,1.0,0.0,10.0,1.0,4.0,4.0,4.0,4.0,1.0,0.0,10.0,1.0,142.5,1861.0,3652.5,3155.5,15.0,4871.5,20.0,0.6,140.0,1860.0,3650.0,3155.0,15.0,4870.0,20.0,0.6
1887,9,302.3,-47.4,,,,,,,,,,,,,,,,,,,,,,,,,,,,,,,,,,,6.09,9.3,9.3,7.73,3.0,2.71,12.0,0.7,4.94,8.56,8.56,6.79,3.0,3.06,12.0,0.7,-1.07,3.63,3.63,1.34,3.0,3.98,12.0,0.7,1008.51,1008.95,1009.39,1008.95,2.0,0.92,4.0,0.5,,,,,,,,,,,,,,,,,,,,,,,,,,,,,,,,,,,,,,,,,,,,,,,,,,,,,,,,,,,,,,,,,,,,,,,,,,,,,,,,,,,,,,,,,,,,,,,,,,,,,,,,,,,,,,,,,,,,,,,,,,,,,,,,,,
1887,9,302.3,-45.4,5.17,5.9,7.12,6.1,16.0,1.12,14.0,0.6,4.88,5.65,9.16,6.58,16.0,2.43,14.0,0.6,5.13,5.71,7.91,6.36,5.0,1.46,30.0,0.8,76.9,85.2,93.4,85.0,5.0,8.8,30.0,0.8,0.9,0.7,9.3,9.3,15.4,11.32,16.0,4.62,14.0,0.6,7.33,8.66,15.31,10.16,16.0,4.52,14.0,0.6,-2.67,3.37,6.43,2.02,16.0,4.79,14.0,0.6,998.98,1010.4,1018.82,1009.39,15.0,8.68,12.0,0.6,3.0,4.5,8.0,5.1,16.0,2.1,14.0,0.6,76.9,85.2,93.4,85.0,5.0,8.8,30.0,0.8,0.9,0.7,68.2,83.3,235.8,134.0,16.0,99.9,14.0,0.6,-38.4,23.7,88.8,30.3,16.0,71.2,14.0,0.6,-2.57,0.0,0.8,-0.47,16.0,1.59,14.0,0.6,-42.6,1.0,8.2,-9.7,16.0,22.7,14.0,0.6,-1.02,0.5,0.67,-0.05,5.0,0.92,30.0,0.8,-15.7,9.4,11.2,0.0,5.0,14.9,30.0,0.8,35.0,56.2,147.3,74.2,16.0,54.9,14.0,0.6,-27.5,13.5,45.2,10.6,16.0,32.5,14.0,0.6,84.3,91.0,119.9,99.5,5.0,19.6,30.0,0.8,-21.1,1.5,44.5,10.5,5.0,34.8,30.0,0.8,-15.5,8.7,10.4,-0.5,5.0,14.2,30.0,0.8,1.7,3.1,5.0,3.4,5.0,2.6,30.0,0.8,804.5,804.5,3652.5,2134.0,16.0,2202.0,14.0,0.6,805.0,805.0,3650.0,2135.0,16.0,2200.0,14.0,0.6
1887,9,302.3,-43.4,,,,,,,,,,,,,,,,,,,,,,,,,,,,,,,,,,,0.0,6.7,12.3,6.19,25.0,4.79,16.0,0.6,0.0,2.39,9.2,4.28,25.0,4.37,16.0,0.6,-0.98,3.63,6.58,2.63,25.0,4.18,16.0,0.6,1008.49,1014.0,1025.2,1016.07,25.0,7.18,16.0,0.6,,,,,,,,,,,,,,,,,,,,,,,,,,,,,,,,,,,,,,,,,,,,,,,,,,,,,,,,,,,,,,,,,,,,,,,,,,,,,,,,,,,,,,,,,,,,,,,,,,,,,,,,,,,,,,,,,,,,,,,,,,,,,,,,,,
1887,9,302.3,-41.4,,,,,,,,,,,,,,,,,,,,,,,,,,,,,,,,,,,3.68,6.7,9.3,6.52,17.0,2.55,10.0,0.4,0.94,3.65,7.75,3.94,17.0,3.75,10.0,0.4,-3.05,0.0,6.58,0.78,17.0,4.53,10.0,0.4,1006.91,1009.0,1018.31,1011.71,17.0,5.6,10.0,0.4,,,,,,,,,,,,,,,,,,,,,,,,,,,,,,,,,,,,,,,,,,,,,,,,,,,,,,,,,,,,,,,,,,,,,,,,,,,,,,,,,,,,,,,,,,,,,,,,,,,,,,,,,,,,,,,,,,,,,,,,,,,,,,,,,,
1887,9,302.3,-35.4,,,,,,,,,,,,,,,,,,,,,,,,,,,,,,,,,,,4.6,4.6,7.06,5.78,4.0,2.35,16.0,0.3,1.3,2.0,2.51,1.91,4.0,0.8,16.0,0.3,-0.01,4.27,6.93,3.5,4.0,5.31,16.0,0.3,1009.41,1011.95,1013.81,1011.63,4.0,2.61,16.0,0.3,,,,,,,,,,,,,,,,,,,,,,,,,,,,,,,,,,,,,,,,,,,,,,,,,,,,,,,,,,,,,,,,,,,,,,,,,,,,,,,,,,,,,,,,,,,,,,,,,,,,,,,,,,,,,,,,,,,,,,,,,,,,,,,,,,
1887,9,302.3,6.6,,,,,,,,,,,,,,,,,,,,,,,,,,,,,,,,,,,2.6,6.7,6.7,5.23,7.0,1.95,12.0,0.6,-6.17,-4.23,0.09,-3.15,7.0,3.08,12.0,0.6,-2.07,1.8,2.72,0.46,7.0,3.79,12.0,0.6,1006.74,1007.4,1008.82,1007.51,7.0,1.3,10.0,0.7,,,,,,,,,,,,,,,,,,,,,,,,,,,,,,,,,,,,,,,,,,,,,,,,,,,,,,,,,,,,,,,,,,,,,,,,,,,,,,,,,,,,,,,,,,,,,,,,,,,,,,,,,,,,,,,,,,,,,,,,,,,,,,,,,,
1887,9,302.3,12.6,,,,,,,,,,,,,,,,,,,,,,,,,,,,,,,,,,,2.6,4.6,4.6,3.69,15.0,1.21,12.0,0.6,-4.48,-3.72,-2.45,-3.44,15.0,1.11,12.0,0.6,-2.52,-1.02,0.0,-0.87,15.0,1.18,12.0,0.6,1011.06,1015.25,1017.2,1014.15,14.0,2.84,12.0,0.6,,,,,,,,,,,,,,,,,,,,,,,,,,,,,,,,,,,,,,,,,,,,,,,,,,,,,,,,,,,,,,,,,,,,,,,,,,,,,,,,,,,,,,,,,,,,,,,,,,,,,,,,,,,,,,,,,,,,,,,,,,,,,,,,,,
1887,9,302.3,18.6,26.7,28.0,28.57,27.72,9.0,0.82,14.0,0.7,27.42,28.15,29.4,28.36,8.0,0.91,14.0,0.6,24.0,24.74,24.74,24.38,3.0,0.62,26.0,1.0,93.4,96.0,96.0,94.7,3.0,2.2,26.0,1.0,0.9,0.9,4.83,6.7,9.3,7.53,8.0,2.63,12.0,0.6,-9.06,-6.7,-4.83,-7.07,8.0,2.14,12.0,0.6,0.0,0.0,0.0,0.03,8.0,3.14,12.0,0.6,1009.8,1010.0,1012.12,1010.93,3.0,1.88,26.0,1.0,0.0,2.0,3.7,2.0,9.0,1.8,14.0,0.7,93.4,96.0,96.0,94.7,3.0,2.2,26.0,1.0,0.9,0.9,-84.2,-44.9,-23.8,-57.9,8.0,37.5,12.0,0.6,0.0,0.0,0.0,-1.9,8.0,34.0,12.0,0.6,-2.7,0.3,0.49,-0.75,8.0,1.62,14.0,0.6,-25.5,1.8,3.4,-6.4,7.0,15.7,14.0,0.6,-2.77,-2.77,-2.08,-2.43,3.0,0.58,26.0,1.0,-25.1,-23.7,-22.3,-23.7,2.0,2.9,26.0,1.0,-257.9,-187.6,-130.0,-201.7,7.0,68.2,14.0,0.6,-8.1,0.0,8.4,0.9,7.0,99.8,14.0,0.6,-244.2,-216.6,-189.1,-216.6,2.0,57.0,26.0,1.0,-91.5,5.6,102.8,5.6,2.0,201.2,26.0,1.0,19.2,19.4,19.6,19.4,2.0,0.4,26.0,1.0,-12.3,-3.2,5.9,-3.2,2.0,18.9,26.0,1.0,120.0,301.0,804.5,571.0,8.0,590.5,12.0,0.6,120.0,300.0,805.0,570.0,8.0,590.0,12.0,0.6
1887,9,302.3,20.6,26.1,26.1,26.1,26.1,6.0,0.0,26.0,0.0,27.8,27.8,28.3,27.97,6.0,0.26,26.0,0.0,22.09,22.09,22.09,22.09,1.0,0.0,26.0,0.0,94.6,95.4,95.5,94.9,6.0,1.6,26.0,0.0,0.4,0.3,6.7,9.3,9.3,8.43,6.0,1.34,26.0,0.0,-6.69,-6.58,-4.65,-6.03,6.0,1.08,26.0,0.0,4.82,6.28,6.58,5.89,6.0,0.86,26.0,0.0,1010.3,1010.3,1010.3,1010.3,1.0,0.0,26.0,0.0,0.0,0.0,2.0,0.7,6.0,1.0,26.0,0.0,94.6,95.4,95.5,94.9,6.0,1.6,26.0,0.0,0.4,0.3,-62.2,-61.2,-31.2,-52.0,6.0,16.3,26.0,0.0,32.3,58.4,61.2,50.6,6.0,14.4,26.0,0.0,-2.2,-1.7,-1.7,-1.87,6.0,0.26,26.0,0.0,-20.5,-15.8,-11.4,-15.9,6.0,4.1,26.0,0.0,-0.91,-0.91,-0.91,-0.91,1.0,0.0,26.0,0.0,-8.4,-8.4,-8.4,-8.4,1.0,0.0,26.0,0.0,-189.3,-182.8,-129.4,-168.7,6.0,31.2,26.0,0.0,134.0,176.0,183.5,164.8,6.0,24.6,26.0,0.0,-145.3,-145.3,-145.3,-145.3,1.0,0.0,26.0,0.0,145.3,145.3,145.3,145.3,1.0,0.0,26.0,0.0,6.0,6.0,6.0,6.0,1.0,0.0,26.0,0.0,-6.0,-6.0,-6.0,-6.0,1.0,0.0,26.0,0.0,301.0,804.5,804.5,636.5,6.0,260.0,26.0,0.0,300.0,805.0,805.0,635.0,6.0,260.0,26.0,0.0
1887,9,302.3,22.6,,,,,,,,,,,,,,,,,,,,,,,,,,,,,,,,,,,2.6,2.6,2.6,2.6,4.0,0.0,30.0,0.8,-1.02,-0.51,0.51,-0.26,4.0,0.95,30.0,0.8,-2.51,-2.4,-2.39,-2.45,4.0,0.1,30.0,0.8,1013.08,1013.7,1014.0,1013.55,4.0,0.62,30.0,0.8,,,,,,,,,,,,,,,,,,,,,,,,,,,,,,,,,,,,,,,,,,,,,,,,,,,,,,,,,,,,,,,,,,,,,,,,,,,,,,,,,,,,,,,,,,,,,,,,,,,,,,,,,,,,,,,,,,,,,,,,,,,,,,,,,,
1887,9,302.3,26.6,,,,,,,,,,,,,,,,,,,,,,,,,,,,,,,,,,,4.93,5.65,6.37,5.65,2.0,1.48,20.0,0.0,-6.27,-5.57,-4.87,-5.57,2.0,1.45,20.0,0.0,0.79,0.94,1.09,0.94,2.0,0.31,20.0,0.0,1012.65,1013.2,1013.75,1013.2,2.0,1.13,20.0,0.0,,,,,,,,,,,,,,,,,,,,,,,,,,,,,,,,,,,,,,,,,,,,,,,,,,,,,,,,,,,,,,,,,,,,,,,,,,,,,,,,,,,,,,,,,,,,,,,,,,,,,,,,,,,,,,,,,,,,,,,,,,,,,,,,,,
1887,9,302.3,28.6,,,,,,,,,,,,,,,,,,,,,,,,,,,,,,,,,,,2.92,3.6,4.28,3.6,2.0,1.41,20.0,1.0,-4.24,-3.57,-2.9,-3.57,2.0,1.39,20.0,1.0,0.33,0.46,0.58,0.46,2.0,0.26,20.0,1.0,1013.53,1014.45,1015.37,1014.45,2.0,1.91,20.0,1.0,,,,,,,,,,,,,,,,,,,,,,,,,,,,,,,,,,,,,,,,,,,,,,,,,,,,,,,,,,,,,,,,,,,,,,,,,,,,,,,,,,,,,,,,,,,,,,,,,,,,,,,,,,,,,,,,,,,,,,,,,,,,,,,,,,
1887,9,302.3,32.6,24.4,24.7,25.0,24.7,14.0,0.31,26.0,0.4,24.44,25.0,26.63,25.44,14.0,0.96,26.0,0.4,17.4,18.09,19.08,18.18,14.0,0.95,26.0,0.4,87.0,90.3,91.4,89.4,14.0,2.1,26.0,0.4,0.5,0.7,2.6,4.6,6.7,4.79,14.0,2.82,26.0,0.4,-6.38,0.04,6.15,0.51,14.0,5.19,26.0,0.4,-2.29,0.53,1.49,-0.19,14.0,2.31,26.0,0.4,1010.22,1010.8,1012.48,1011.34,14.0,1.29,26.0,0.4,2.1,3.5,6.0,4.4,14.0,2.1,26.0,0.4,87.0,90.3,91.4,89.4,14.0,2.1,26.0,0.4,0.5,0.7,-42.1,0.8,40.6,6.3,14.0,38.1,26.0,0.4,-15.2,0.9,6.2,-4.9,14.0,18.3,26.0,0.4,-1.67,-0.6,0.0,-0.74,14.0,0.8,26.0,0.4,-4.4,-1.4,0.0,-2.7,14.0,3.5,26.0,0.4,0.73,1.28,1.72,1.28,14.0,0.77,26.0,0.4,1.0,3.8,15.7,7.1,14.0,7.6,26.0,0.4,-155.7,1.3,157.9,15.4,14.0,130.5,26.0,0.4,-58.5,13.4,39.7,-4.2,14.0,58.4,26.0,0.4,-105.8,1.1,114.5,11.4,14.0,92.7,26.0,0.4,-42.4,9.5,28.4,-2.8,14.0,41.4,26.0,0.4,-6.6,-0.4,7.6,0.2,14.0,9.5,26.0,0.4,-2.9,0.6,1.5,-1.0,14.0,4.5,26.0,0.4,17.5,97.5,301.0,220.0,14.0,277.0,26.0,0.4,20.0,95.0,300.0,220.0,14.0,275.0,26.0,0.4
1887,9,302.3,34.6,,,,,,,,,,,,,,,,,,,,,,,,,,,,,,,,,,,9.3,9.3,9.3,9.3,6.0,0.0,18.0,0.8,2.76,3.48,3.48,2.9,6.0,1.42,18.0,0.8,-8.76,-8.62,-8.62,-8.74,6.0,0.28,18.0,0.8,1006.36,1007.05,1007.72,1006.98,6.0,0.77,18.0,0.8,,,,,,,,,,,,,,,,,,,,,,,,,,,,,,,,,,,,,,,,,,,,,,,,,,,,,,,,,,,,,,,,,,,,,,,,,,,,,,,,,,,,,,,,,,,,,,,,,,,,,,,,,,,,,,,,,,,,,,,,,,,,,,,,,,
1887,9,302.3,38.6,,,,,,,,,,,,,,,,,,,,,,,,,,,,,,,,,,,6.7,6.7,15.4,9.89,17.0,3.95,16.0,0.4,-6.02,-2.07,6.69,0.52,17.0,5.93,16.0,0.4,-14.18,-3.04,3.87,-4.77,17.0,7.74,16.0,0.4,1008.82,1015.1,1022.7,1016.41,17.0,6.45,16.0,0.4,,,,,,,,,,,,,,,,,,,,,,,,,,,,,,,,,,,,,,,,,,,,,,,,,,,,,,,,,,,,,,,,,,,,,,,,,,,,,,,,,,,,,,,,,,,,,,,,,,,,,,,,,,,,,,,,,,,,,,,,,,,,,,,,,,
1887,9,302.3,40.6,,,,,,,,,,,,,,,,,,,,,,,,,,,,,,,,,,,4.19,8.45,12.3,8.12,6.0,4.64,20.0,0.3,-4.53,-1.28,4.81,-0.34,6.0,4.33,20.0,0.3,0.39,6.1,11.52,6.05,6.0,6.15,20.0,0.3,1017.75,1018.3,1020.28,1019.0,3.0,1.95,24.0,0.7,,,,,,,,,,,,,,,,,,,,,,,,,,,,,,,,,,,,,,,,,,,,,,,,,,,,,,,,,,,,,,,,,,,,,,,,,,,,,,,,,,,,,,,,,,,,,,,,,,,,,,,,,,,,,,,,,,,,,,,,,,,,,,,,,,
1887,9,302.3,42.6,,,,,,,,,,,,,,,,,,,,,,,,,,,,,,,,,,,4.31,6.7,10.16,7.42,19.0,3.96,20.0,0.5,-7.18,1.0,3.29,-1.38,19.0,5.38,20.0,0.5,-6.32,2.6,6.55,1.0,19.0,6.47,20.0,0.5,1016.81,1019.1,1025.54,1020.26,9.0,4.43,20.0,0.4,,,,,,,,,,,,,,,,,,,,,,,,,,,,,,,,,,,,,,,,,,,,,,,,,,,,,,,,,,,,,,,,,,,,,,,,,,,,,,,,,,,,,,,,,,,,,,,,,,,,,,,,,,,,,,,,,,,,,,,,,,,,,,,,,,
1887,9,302.3,44.6,,,,,,,,,,,,,,,,,,,,,,,,,,,,,,,,,,,2.6,4.6,6.7,4.87,11.0,2.25,20.0,0.6,-6.17,-1.02,0.36,-2.3,11.0,3.23,20.0,0.6,-2.4,2.62,4.55,1.7,11.0,3.43,20.0,0.6,1014.52,1018.55,1023.37,1018.93,4.0,5.21,22.0,0.5,,,,,,,,,,,,,,,,,,,,,,,,,,,,,,,,,,,,,,,,,,,,,,,,,,,,,,,,,,,,,,,,,,,,,,,,,,,,,,,,,,,,,,,,,,,,,,,,,,,,,,,,,,,,,,,,,,,,,,,,,,,,,,,,,,
1887,9,304.3,-53.4,3.23,4.3,4.52,3.98,9.0,0.62,14.0,0.7,2.9,3.7,4.93,3.95,12.0,1.28,12.0,0.6,3.69,3.92,4.13,3.91,4.0,0.25,10.0,0.3,77.5,80.7,83.5,80.5,4.0,3.9,10.0,0.3,0.5,0.8,2.73,6.7,18.39,8.71,14.0,6.05,12.0,0.6,0.06,3.25,9.07,4.69,14.0,6.88,12.0,0.6,2.39,2.94,7.42,4.9,14.0,4.64,12.0,0.6,991.37,1006.85,1010.41,1003.28,10.0,9.04,12.0,0.5,5.0,6.0,7.0,5.9,14.0,1.6,12.0,0.6,77.5,80.7,83.5,80.5,4.0,3.9,10.0,0.3,0.5,0.8,0.2,15.0,84.3,62.7,14.0,119.7,12.0,0.6,6.8,17.2,137.2,62.2,14.0,98.1,12.0,0.6,-0.63,0.5,1.23,0.34,8.0,1.02,14.0,0.6,-10.8,2.6,12.1,2.1,8.0,10.5,14.0,0.6,1.18,1.27,1.37,1.27,2.0,0.2,10.0,0.5,4.6,8.1,11.6,8.1,2.0,7.2,10.0,0.5,2.6,13.3,46.2,20.2,12.0,25.4,12.0,0.6,8.9,11.6,20.9,14.3,12.0,7.0,12.0,0.6,-3.5,9.8,12.7,4.8,4.0,12.5,10.0,0.3,9.7,12.6,23.1,16.2,4.0,10.8,10.0,0.3,-4.0,-1.5,0.9,-1.5,2.0,5.1,10.0,0.5,3.7,7.1,10.5,7.1,2.0,7.1,10.0,0.5,22.5,301.0,6477.0,1724.5,14.0,2797.5,12.0,0.6,25.0,300.0,6475.0,1725.0,14.0,2800.0,12.0,0.6
1887,9,304.3,-51.4,3.43,3.8,4.0,3.66,9.0,0.46,24.0,0.6,3.3,4.0,4.47,3.66,9.0,0.92,24.0,0.6,3.94,3.94,3.94,3.94,1.0,0.0,10.0,1.0,77.9,77.9,77.9,77.9,1.0,0.0,10.0,1.0,1.0,0.5,5.83,9.3,15.4,10.65,11.0,5.57,22.0,0.6,-2.23,6.02,10.89,4.43,11.0,6.75,22.0,0.6,-3.35,2.62,13.74,5.05,11.0,7.79,22.0,0.6,992.48,1013.0,1013.63,1005.0,5.0,11.66,16.0,0.8,4.0,6.0,8.0,6.2,11.0,1.7,22.0,0.6,77.9,77.9,77.9,77.9,1.0,0.0,10.0,1.0,1.0,0.5,-16.2,84.6,167.7,73.2,11.0,95.5,22.0,0.6,-12.4,18.0,218.3,90.8,11.0,113.4,22.0,0.6,,,,,,,,,,,,,,,,,,,,,,,,,,,,,,,,,-14.3,9.6,36.3,10.5,9.0,23.9,24.0,0.6,-17.9,7.7,32.4,6.2,9.0,22.8,24.0,0.6,-26.4,-26.4,-26.4,-26.4,1.0,0.0,10.0,1.0,0.0,0.0,0.0,0.0,1.0,0.0,10.0,1.0,,,,,,,,,,,,,,,,,,,,,,,,,,,,,,,,
1887,9,304.3,-45.4,8.3,8.9,9.15,8.78,5.0,0.48,30.0,0.6,10.0,10.0,10.04,10.02,5.0,0.04,30.0,0.6,7.13,7.15,7.17,7.15,4.0,0.02,30.0,0.5,92.9,92.9,92.9,92.9,4.0,0.0,30.0,0.5,0.3,1.0,9.3,12.3,15.4,12.34,5.0,3.05,30.0,0.6,0.25,2.56,7.4,3.45,5.0,4.45,30.0,0.6,-13.55,-12.03,-8.18,-11.1,5.0,3.32,30.0,0.6,997.48,999.7,1003.13,1000.28,4.0,3.5,30.0,0.5,4.0,6.0,6.0,5.2,5.0,1.1,30.0,0.6,92.9,92.9,92.9,92.9,4.0,0.0,30.0,0.5,0.3,1.0,-3.6,31.5,88.5,41.1,5.0,64.8,30.0,0.6,-208.6,-148.0,-76.0,-144.3,5.0,72.4,30.0,0.6,-1.7,-1.1,-0.92,-1.24,5.0,0.47,30.0,0.6,-22.8,-16.9,-8.5,-16.0,5.0,8.2,30.0,0.6,-0.29,-0.14,0.13,-0.08,4.0,0.26,30.0,0.5,-4.0,-1.8,1.2,-1.4,4.0,3.1,30.0,0.5,2.5,25.6,74.4,34.6,5.0,44.7,30.0,0.6,-135.5,-120.3,-82.0,-111.1,5.0,33.0,30.0,0.6,-3.5,16.0,41.9,19.1,4.0,33.9,30.0,0.5,-100.0,-88.2,-74.8,-87.5,4.0,18.0,30.0,0.5,-0.4,0.2,0.6,0.1,4.0,0.7,30.0,0.5,-1.2,1.7,3.9,1.4,4.0,3.1,30.0,0.5,804.5,1861.0,3652.5,2155.0,5.0,1433.5,30.0,0.6,805.0,1860.0,3650.0,2155.0,5.0,1435.0,30.0,0.6
1887,9,304.3,-43.4,9.79,10.6,10.6,9.78,18.0,1.77,24.0,0.4,8.29,10.0,10.67,9.07,19.0,1.93,26.0,0.4,5.39,5.61,6.32,5.82,14.0,0.5,30.0,0.4,74.8,79.5,80.0,78.4,14.0,5.0,30.0,0.4,0.9,0.2,0.0,2.6,9.3,4.72,20.0,4.36,24.0,0.4,0.0,2.1,4.79,2.66,20.0,2.56,24.0,0.4,-3.7,0.0,7.97,0.74,20.0,5.28,24.0,0.4,1011.2,1013.2,1015.59,1013.52,20.0,5.39,24.0,0.4,2.0,2.0,4.0,2.8,20.0,1.3,24.0,0.4,74.8,79.5,80.0,78.4,14.0,5.0,30.0,0.4,0.9,0.2,0.0,5.5,44.5,22.4,20.0,29.2,24.0,0.4,-16.9,0.0,74.1,7.0,20.0,50.6,24.0,0.4,-0.5,0.9,1.98,0.99,17.0,1.34,26.0,0.4,0.0,0.0,12.3,6.2,17.0,11.0,26.0,0.4,1.31,2.21,2.51,1.99,14.0,0.57,30.0,0.4,0.0,2.6,5.7,5.1,14.0,7.7,30.0,0.4,0.0,16.2,46.1,22.4,19.0,24.0,26.0,0.4,-41.5,0.0,35.6,-2.7,19.0,40.2,26.0,0.4,0.0,7.0,17.4,8.6,14.0,9.4,30.0,0.4,-12.8,0.0,8.2,3.6,14.0,19.2,30.0,0.4,0.0,1.7,4.6,3.0,14.0,4.0,30.0,0.4,-2.1,0.0,3.4,2.6,14.0,7.4,30.0,0.4,0.0,17.5,804.5,383.0,20.0,516.5,24.0,0.4,0.0,20.0,805.0,385.0,20.0,515.0,24.0,0.4
1887,9,304.3,-41.4,,,,,,,,,,,,,,,,,,,,,,,,,,,,,,,,,,,6.7,8.0,11.97,8.49,8.0,2.81,12.0,0.8,0.2,3.5,6.14,2.81,8.0,3.75,12.0,0.8,-5.3,3.13,11.15,2.96,8.0,7.55,12.0,0.8,1002.33,1008.0,1009.89,1006.88,8.0,3.48,12.0,0.8,,,,,,,,,,,,,,,,,,,,,,,,,,,,,,,,,,,,,,,,,,,,,,,,,,,,,,,,,,,,,,,,,,,,,,,,,,,,,,,,,,,,,,,,,,,,,,,,,,,,,,,,,,,,,,,,,,,,,,,,,,,,,,,,,,
1887,9,304.3,-39.4,,,,,,,,,,,,,,,,,,,,,,,,,,,,,,,,,,,4.6,4.6,6.7,6.0,10.0,2.42,8.0,0.6,-2.88,2.11,4.56,0.65,10.0,5.34,8.0,0.6,0.41,3.22,5.0,2.67,10.0,2.99,8.0,0.6,1002.08,1006.8,1009.41,1005.82,11.0,3.53,8.0,0.6,,,,,,,,,,,,,,,,,,,,,,,,,,,,,,,,,,,,,,,,,,,,,,,,,,,,,,,,,,,,,,,,,,,,,,,,,,,,,,,,,,,,,,,,,,,,,,,,,,,,,,,,,,,,,,,,,,,,,,,,,,,,,,,,,,
1887,9,304.3,-35.4,11.13,12.1,13.49,12.29,15.0,1.19,18.0,0.5,9.35,11.8,14.76,11.85,15.0,2.33,18.0,0.5,7.09,7.7,8.2,7.65,3.0,0.81,12.0,0.7,92.3,97.3,98.3,95.3,3.0,4.7,12.0,0.7,0.5,0.5,2.6,4.6,6.7,4.37,15.0,2.45,18.0,0.5,-2.2,0.0,5.36,1.12,15.0,3.24,18.0,0.5,-3.33,-0.97,2.49,-0.86,15.0,3.71,18.0,0.5,1015.07,1018.4,1021.41,1018.62,15.0,3.24,18.0,0.5,0.0,1.0,2.8,1.5,12.0,2.0,18.0,0.5,92.3,97.3,98.3,95.3,3.0,4.7,12.0,0.7,0.5,0.5,-5.7,0.0,34.1,8.6,15.0,21.4,18.0,0.5,-20.8,-5.5,10.5,-6.3,15.0,25.4,18.0,0.5,-1.34,0.5,1.93,0.43,15.0,1.56,18.0,0.5,-3.5,0.0,7.8,2.4,15.0,8.1,18.0,0.5,0.46,1.33,1.58,1.03,3.0,0.86,12.0,0.7,1.5,4.4,5.6,3.6,3.0,3.1,12.0,0.7,-19.7,0.0,50.8,12.2,15.0,38.3,18.0,0.5,-47.3,-14.4,29.0,-12.8,15.0,39.4,18.0,0.5,12.6,14.0,17.6,15.1,3.0,3.8,12.0,0.7,13.3,18.4,26.1,19.7,3.0,9.5,12.0,0.7,1.1,3.3,3.4,2.3,3.0,1.9,12.0,0.7,0.9,2.7,4.4,2.7,3.0,2.5,12.0,0.7,17.5,97.5,301.0,160.5,15.0,216.0,18.0,0.5,20.0,95.0,300.0,160.0,15.0,215.0,18.0,0.5
1887,9,304.3,6.6,,,,,,,,,,,,,,,,,,,,,,,,,,,,,,,,,,,3.14,4.6,4.6,4.39,9.0,1.23,20.0,0.2,-3.99,-2.41,-0.46,-2.23,9.0,1.58,20.0,0.2,-1.72,-0.97,4.27,0.48,9.0,3.85,20.0,0.2,1007.02,1008.0,1010.58,1008.77,9.0,1.78,20.0,0.2,,,,,,,,,,,,,,,,,,,,,,,,,,,,,,,,,,,,,,,,,,,,,,,,,,,,,,,,,,,,,,,,,,,,,,,,,,,,,,,,,,,,,,,,,,,,,,,,,,,,,,,,,,,,,,,,,,,,,,,,,,,,,,,,,,
1887,9,304.3,12.6,,,,,,,,,,,,,,,,,,,,,,,,,,,,,,,,,,,2.6,4.6,4.8,4.03,13.0,1.67,14.0,0.3,-4.67,-3.72,-2.26,-3.44,13.0,1.45,14.0,0.3,-2.89,-1.02,0.5,-1.08,13.0,2.05,14.0,0.3,1010.75,1012.5,1016.23,1013.34,12.0,2.92,16.0,0.3,,,,,,,,,,,,,,,,,,,,,,,,,,,,,,,,,,,,,,,,,,,,,,,,,,,,,,,,,,,,,,,,,,,,,,,,,,,,,,,,,,,,,,,,,,,,,,,,,,,,,,,,,,,,,,,,,,,,,,,,,,,,,,,,,,
1887,9,304.3,18.6,26.7,27.4,28.03,27.33,13.0,0.77,16.0,0.5,27.27,27.8,28.65,28.02,12.0,0.79,16.0,0.5,22.23,22.33,23.67,22.81,5.0,0.79,26.0,0.6,92.0,92.2,95.4,93.4,5.0,1.9,26.0,0.6,0.4,0.5,4.6,6.7,12.3,8.48,13.0,3.75,16.0,0.5,-10.86,-4.74,-4.6,-7.47,13.0,3.25,16.0,0.5,-5.77,-4.74,0.0,-3.55,13.0,2.69,16.0,0.5,1011.7,1011.85,1012.46,1012.03,6.0,0.43,26.0,0.5,0.9,2.0,7.0,2.9,13.0,2.6,16.0,0.5,92.0,92.2,95.4,93.4,5.0,1.9,26.0,0.6,0.4,0.5,-133.6,-31.7,-21.2,-74.4,13.0,56.9,16.0,0.5,-71.0,-31.7,0.0,-38.5,13.0,33.5,16.0,0.5,-1.88,-1.05,0.53,-0.78,12.0,1.2,16.0,0.5,-23.1,-9.1,2.5,-10.2,12.0,13.4,16.0,0.5,-1.76,-0.4,-0.3,-0.89,5.0,0.8,26.0,0.6,-21.7,-4.9,-3.7,-10.9,5.0,9.9,26.0,0.6,-310.4,-213.6,-125.2,-217.1,12.0,94.3,16.0,0.5,-165.0,-147.5,0.0,-108.5,12.0,73.0,16.0,0.5,-257.1,-242.5,-241.4,-247.8,5.0,8.6,26.0,0.6,-136.7,-128.9,-128.4,-131.7,5.0,4.6,26.0,0.6,3.3,4.3,19.1,9.7,5.0,8.7,26.0,0.6,1.7,2.3,10.2,5.1,5.0,4.6,26.0,0.6,97.5,301.0,1861.0,942.5,13.0,887.5,16.0,0.5,95.0,300.0,1860.0,945.0,13.0,890.0,16.0,0.5
1887,9,304.3,20.6,,,,,,,,,,,,,,,,,,,,,,,,,,,,,,,,,,,2.6,2.6,2.6,2.6,9.0,0.0,28.0,0.6,1.02,1.84,1.84,1.56,9.0,0.41,28.0,0.6,1.84,1.84,2.39,2.02,9.0,0.28,28.0,0.6,1013.08,1013.7,1014.82,1013.87,9.0,0.96,28.0,0.6,,,,,,,,,,,,,,,,,,,,,,,,,,,,,,,,,,,,,,,,,,,,,,,,,,,,,,,,,,,,,,,,,,,,,,,,,,,,,,,,,,,,,,,,,,,,,,,,,,,,,,,,,,,,,,,,,,,,,,,,,,,,,,,,,,
1887,9,304.3,22.6,,,,,,,,,,,,,,,,,,,,,,,,,,,,,,,,,,,0.0,0.0,2.6,1.11,7.0,1.39,30.0,0.4,0.0,0.0,1.05,0.65,7.0,0.97,30.0,0.4,-2.41,0.0,0.0,-0.69,7.0,1.18,30.0,0.4,1014.6,1015.3,1015.9,1015.21,7.0,0.55,30.0,0.4,,,,,,,,,,,,,,,,,,,,,,,,,,,,,,,,,,,,,,,,,,,,,,,,,,,,,,,,,,,,,,,,,,,,,,,,,,,,,,,,,,,,,,,,,,,,,,,,,,,,,,,,,,,,,,,,,,,,,,,,,,,,,,,,,,
1887,9,304.3,28.6,,,,,,,,,,,,,,,,,,,,,,,,,,,,,,,,,,,2.6,2.6,2.6,2.6,1.0,0.0,22.0,0.0,-2.59,-2.59,-2.59,-2.59,1.0,0.0,22.0,0.0,0.23,0.23,0.23,0.23,1.0,0.0,22.0,0.0,1013.42,1013.9,1014.38,1013.9,2.0,0.99,20.0,0.5,,,,,,,,,,,,,,,,,,,,,,,,,,,,,,,,,,,,,,,,,,,,,,,,,,,,,,,,,,,,,,,,,,,,,,,,,,,,,,,,,,,,,,,,,,,,,,,,,,,,,,,,,,,,,,,,,,,,,,,,,,,,,,,,,,
1887,9,304.3,32.6,25.6,27.8,27.8,26.93,18.0,1.31,8.0,0.6,25.35,25.6,26.22,25.67,6.0,0.76,24.0,0.8,17.81,18.3,18.45,18.13,6.0,0.45,24.0,0.8,85.8,90.3,90.5,88.6,6.0,3.4,24.0,0.8,0.5,0.5,12.3,12.3,12.3,11.93,16.0,1.02,10.0,0.7,-11.45,-7.82,-4.74,-8.26,16.0,2.99,10.0,0.7,4.46,8.28,10.9,7.39,16.0,3.59,10.0,0.7,1015.48,1020.0,1024.4,1019.71,18.0,4.7,8.0,0.6,6.0,6.0,8.0,6.3,18.0,1.4,8.0,0.6,85.8,90.3,90.5,88.6,6.0,3.4,24.0,0.8,0.5,0.5,-140.8,-96.1,-51.9,-99.5,16.0,39.2,10.0,0.7,54.8,90.8,134.0,88.1,16.0,44.7,10.0,0.7,-1.2,-0.8,0.25,-0.47,6.0,0.95,24.0,0.8,-13.8,-7.9,3.0,-4.9,6.0,11.1,24.0,0.8,0.57,2.11,2.57,1.81,6.0,1.03,24.0,0.8,6.6,22.6,31.6,20.9,6.0,12.8,24.0,0.8,-214.5,-185.1,-145.5,-193.2,6.0,61.1,24.0,0.8,173.0,216.8,251.5,205.6,6.0,55.7,24.0,0.8,-151.5,-132.1,-103.0,-135.8,6.0,38.9,24.0,0.8,122.1,153.5,180.8,146.0,6.0,41.7,24.0,0.8,-24.0,-13.6,-4.0,-14.3,6.0,10.0,24.0,0.8,5.3,13.1,21.8,14.3,6.0,9.9,24.0,0.8,1861.0,1861.0,1861.0,1729.0,16.0,361.0,10.0,0.7,1860.0,1860.0,1860.0,1730.0,16.0,360.0,10.0,0.7
1887,9,304.3,34.6,,,,,,,,,,,,,,,,,,,,,,,,,,,,,,,,,,,9.3,9.3,9.3,9.3,7.0,0.0,18.0,0.1,-3.63,-3.63,-3.46,-3.11,7.0,1.37,18.0,0.1,-8.6,-8.56,-8.56,-8.67,7.0,0.28,18.0,0.1,1006.12,1006.25,1007.5,1006.58,6.0,0.73,18.0,0.2,,,,,,,,,,,,,,,,,,,,,,,,,,,,,,,,,,,,,,,,,,,,,,,,,,,,,,,,,,,,,,,,,,,,,,,,,,,,,,,,,,,,,,,,,,,,,,,,,,,,,,,,,,,,,,,,,,,,,,,,,,,,,,,,,,
1887,9,304.3,36.6,,,,,,,,,,,,,,,,,,,,,,,,,,,,,,,,,,,9.3,12.3,15.4,12.69,17.0,2.39,14.0,0.4,-10.89,-8.7,3.97,-4.41,17.0,6.97,14.0,0.4,-10.89,-7.74,9.62,-1.19,17.0,10.3,14.0,0.4,1002.4,1012.5,1022.7,1013.95,25.0,8.01,14.0,0.6,,,,,,,,,,,,,,,,,,,,,,,,,,,,,,,,,,,,,,,,,,,,,,,,,,,,,,,,,,,,,,,,,,,,,,,,,,,,,,,,,,,,,,,,,,,,,,,,,,,,,,,,,,,,,,,,,,,,,,,,,,,,,,,,,,
1887,9,304.3,38.6,,,,,,,,,,,,,,,,,,,,,,,,,,,,,,,,,,,10.58,15.4,15.4,13.56,10.0,2.58,22.0,0.4,-6.51,-6.51,-3.93,-5.67,10.0,1.36,22.0,0.4,-13.96,-13.96,-9.03,-12.26,10.0,2.54,22.0,0.4,1007.84,1008.45,1010.26,1008.94,10.0,1.15,22.0,0.4,,,,,,,,,,,,,,,,,,,,,,,,,,,,,,,,,,,,,,,,,,,,,,,,,,,,,,,,,,,,,,,,,,,,,,,,,,,,,,,,,,,,,,,,,,,,,,,,,,,,,,,,,,,,,,,,,,,,,,,,,,,,,,,,,,
1887,9,304.3,40.6,,,,,,,,,,,,,,,,,,,,,,,,,,,,,,,,,,,5.6,6.7,8.32,6.95,4.0,2.14,16.0,0.8,-8.17,-5.55,-3.46,-5.81,4.0,3.04,16.0,0.8,1.07,1.57,4.14,2.56,4.0,2.47,16.0,0.8,1021.2,1021.2,1021.2,1021.2,1.0,0.0,26.0,0.0,,,,,,,,,,,,,,,,,,,,,,,,,,,,,,,,,,,,,,,,,,,,,,,,,,,,,,,,,,,,,,,,,,,,,,,,,,,,,,,,,,,,,,,,,,,,,,,,,,,,,,,,,,,,,,,,,,,,,,,,,,,,,,,,,,
1887,9,304.3,42.6,,,,,,,,,,,,,,,,,,,,,,,,,,,,,,,,,,,1.0,4.6,9.3,5.08,32.0,4.12,16.0,0.4,-2.39,0.0,0.79,-0.68,32.0,2.71,16.0,0.4,-6.7,-0.47,4.85,0.46,32.0,5.96,16.0,0.4,1018.23,1020.25,1021.4,1020.35,22.0,2.55,14.0,0.5,,,,,,,,,,,,,,,,,,,,,,,,,,,,,,,,,,,,,,,,,,,,,,,,,,,,,,,,,,,,,,,,,,,,,,,,,,,,,,,,,,,,,,,,,,,,,,,,,,,,,,,,,,,,,,,,,,,,,,,,,,,,,,,,,,
1887,9,304.3,44.6,,,,,,,,,,,,,,,,,,,,,,,,,,,,,,,,,,,2.6,4.6,9.3,5.18,17.0,2.75,18.0,0.4,-7.49,-1.84,2.46,-2.01,17.0,4.31,18.0,0.4,-2.09,1.8,3.81,0.76,17.0,3.54,18.0,0.4,1012.94,1024.7,1026.04,1020.62,5.0,7.18,20.0,0.8,,,,,,,,,,,,,,,,,,,,,,,,,,,,,,,,,,,,,,,,,,,,,,,,,,,,,,,,,,,,,,,,,,,,,,,,,,,,,,,,,,,,,,,,,,,,,,,,,,,,,,,,,,,,,,,,,,,,,,,,,,,,,,,,,,
1887,9,306.3,-51.4,3.17,3.35,3.55,3.41,12.0,0.34,14.0,0.6,1.94,2.9,3.68,2.89,18.0,1.06,14.0,0.5,3.5,3.63,4.04,3.74,7.0,0.26,12.0,0.1,80.4,82.0,83.7,82.4,7.0,2.9,12.0,0.1,0.7,0.6,4.6,6.7,15.4,8.81,18.0,5.86,14.0,0.5,-3.55,2.21,12.87,3.64,18.0,7.96,14.0,0.5,-2.24,3.25,9.28,3.26,18.0,5.28,14.0,0.5,987.2,1014.2,1017.41,1005.95,15.0,13.89,14.0,0.4,3.0,6.5,8.0,5.7,18.0,2.6,14.0,0.5,80.4,82.0,83.7,82.4,7.0,2.9,12.0,0.1,0.7,0.6,-16.3,11.6,183.0,63.8,18.0,114.2,14.0,0.5,-10.3,15.0,125.3,50.0,18.0,73.0,14.0,0.5,0.1,0.75,1.2,0.7,12.0,0.61,14.0,0.6,-0.6,4.9,11.4,7.3,12.0,10.4,14.0,0.6,1.06,1.09,1.26,1.16,3.0,0.16,12.0,0.3,1.5,4.8,7.7,4.6,3.0,4.5,12.0,0.3,-11.4,7.8,38.6,11.4,18.0,23.0,14.0,0.5,-8.9,7.3,18.6,7.0,18.0,16.4,14.0,0.5,-16.1,-11.4,7.6,-5.4,7.0,11.3,12.0,0.1,-17.9,0.0,12.0,-1.4,7.0,15.8,12.0,0.1,-5.7,-4.4,-1.4,-3.6,3.0,3.3,12.0,0.3,-1.3,0.0,4.3,1.5,3.0,4.3,12.0,0.3,97.5,301.0,3652.5,1568.5,18.0,1981.5,14.0,0.5,95.0,300.0,3650.0,1570.0,18.0,1980.0,14.0,0.5
1887,9,306.3,-45.4,10.0,10.0,10.53,10.15,8.0,0.28,28.0,0.8,10.0,10.55,12.8,11.19,8.0,1.39,28.0,0.8,7.07,7.15,7.22,7.26,8.0,0.36,28.0,0.8,77.8,90.5,92.9,87.6,8.0,7.1,28.0,0.8,0.4,0.9,12.3,13.85,19.0,15.2,8.0,3.32,28.0,0.8,9.82,10.63,11.43,11.07,8.0,1.76,28.0,0.8,-15.17,5.56,7.4,-1.52,8.0,11.37,28.0,0.8,999.38,1002.85,1005.21,1002.48,8.0,3.03,28.0,0.8,2.0,3.0,3.0,2.6,8.0,0.5,28.0,0.8,77.8,90.5,92.9,87.6,8.0,7.1,28.0,0.8,0.4,0.9,120.8,169.0,217.3,170.6,8.0,53.4,28.0,0.8,-288.3,74.2,91.0,-55.4,8.0,193.2,28.0,0.8,-2.2,-0.55,0.0,-1.04,8.0,1.2,28.0,0.8,-27.1,-6.8,0.0,-12.8,8.0,14.8,28.0,0.8,0.46,0.55,0.87,0.5,8.0,0.43,28.0,0.8,5.9,10.5,11.1,7.8,8.0,5.8,28.0,0.8,114.3,120.0,125.7,122.3,8.0,12.7,28.0,0.8,-151.7,59.7,94.7,-6.4,8.0,121.8,28.0,0.8,69.6,80.9,81.9,80.2,8.0,12.1,28.0,0.8,-108.6,39.4,53.3,-10.1,8.0,82.1,28.0,0.8,4.7,6.3,8.9,5.6,8.0,4.4,28.0,0.8,-8.4,-0.7,6.4,-1.2,8.0,6.7,28.0,0.8,1861.0,2756.5,6859.0,3959.0,8.0,2476.5,28.0,0.8,1860.0,2755.0,6860.0,3960.0,8.0,2475.0,28.0,0.8
1887,9,306.3,-43.4,10.0,10.0,12.11,10.5,13.0,0.95,28.0,0.5,11.1,12.2,12.8,11.97,13.0,0.84,28.0,0.5,7.07,7.99,8.62,7.83,12.0,0.92,28.0,0.4,84.6,93.3,93.8,89.5,12.0,7.2,28.0,0.4,0.7,0.3,12.3,19.0,19.0,16.78,12.0,3.53,28.0,0.4,10.94,11.7,16.62,12.92,12.0,3.84,28.0,0.4,-14.97,-9.21,2.87,-6.92,12.0,8.39,28.0,0.4,1001.57,1007.1,1008.8,1005.66,12.0,3.72,28.0,0.4,2.0,3.0,6.0,3.8,13.0,1.9,28.0,0.5,84.6,93.3,93.8,89.5,12.0,7.2,28.0,0.4,0.7,0.3,134.6,222.3,315.7,225.7,12.0,92.5,28.0,0.4,-284.5,-175.0,37.6,-137.2,12.0,141.7,28.0,0.4,-2.8,-2.2,0.05,-1.47,13.0,1.4,28.0,0.5,-45.7,-29.7,2.4,-23.7,12.0,25.3,28.0,0.4,-0.98,-0.21,1.11,0.03,12.0,1.08,28.0,0.4,-16.5,-2.0,17.6,0.3,11.0,17.0,28.0,0.4,127.3,146.2,199.1,155.0,12.0,48.6,28.0,0.4,-177.1,-105.0,32.3,-84.3,12.0,98.4,28.0,0.4,80.7,101.2,137.0,103.7,11.0,36.7,28.0,0.4,-118.3,-73.4,25.1,-60.1,11.0,66.1,28.0,0.4,-13.2,-1.2,11.7,0.1,11.0,13.8,28.0,0.4,-3.9,4.7,11.4,3.4,11.0,9.2,28.0,0.4,1861.0,6859.0,6859.0,5254.0,12.0,2449.5,28.0,0.4,1860.0,6860.0,6860.0,5255.0,12.0,2450.0,28.0,0.4
1887,9,306.3,-41.4,,,,,,,,,,,,,,,,,,,,,,,,,,,,,,,,,,,8.76,9.3,9.92,9.37,6.0,1.77,26.0,0.5,7.57,8.21,9.34,8.6,6.0,1.84,26.0,0.5,-5.07,-3.48,-1.86,-3.24,6.0,1.9,26.0,0.5,1011.79,1012.0,1012.35,1012.06,5.0,0.37,26.0,0.4,,,,,,,,,,,,,,,,,,,,,,,,,,,,,,,,,,,,,,,,,,,,,,,,,,,,,,,,,,,,,,,,,,,,,,,,,,,,,,,,,,,,,,,,,,,,,,,,,,,,,,,,,,,,,,,,,,,,,,,,,,,,,,,,,,
1887,9,306.3,-39.4,11.09,13.8,14.32,12.92,13.0,2.09,20.0,0.5,9.44,10.75,11.7,10.75,14.0,1.3,20.0,0.4,7.96,8.15,8.58,8.24,6.0,0.32,24.0,0.5,93.0,93.3,95.4,94.5,6.0,2.8,24.0,0.5,1.0,0.9,6.7,9.3,11.97,9.46,8.0,3.08,20.0,0.6,-7.21,5.69,8.53,2.6,8.0,7.84,20.0,0.6,-3.23,3.42,5.83,1.56,8.0,6.31,20.0,0.6,1006.99,1007.1,1014.41,1009.68,13.0,3.7,20.0,0.4,6.1,8.0,8.0,7.1,14.0,1.9,20.0,0.4,93.0,93.3,95.4,94.5,6.0,2.8,24.0,0.5,1.0,0.9,-68.1,38.1,84.4,14.3,8.0,92.4,20.0,0.6,-30.0,22.9,52.6,5.4,8.0,81.0,20.0,0.6,0.45,2.2,4.38,2.15,13.0,1.97,20.0,0.5,-0.7,7.4,47.8,19.4,7.0,26.6,20.0,0.7,0.94,1.56,1.94,1.48,6.0,0.52,24.0,0.5,8.0,8.1,8.3,8.1,2.0,0.3,24.0,1.0,-79.5,59.5,85.7,25.5,8.0,81.1,20.0,0.6,-35.5,37.5,70.7,16.3,8.0,64.7,20.0,0.6,46.5,52.9,59.4,52.9,2.0,13.4,24.0,1.0,37.6,42.9,48.1,42.9,2.0,10.9,24.0,1.0,6.2,6.3,6.4,6.3,2.0,0.2,24.0,1.0,5.0,5.1,5.2,5.1,2.0,0.2,24.0,1.0,301.0,804.5,1743.5,1103.5,8.0,1151.0,20.0,0.6,300.0,805.0,1745.0,1105.0,8.0,1150.0,20.0,0.6
1887,9,306.3,-37.4,14.38,15.55,15.92,15.33,6.0,0.82,16.0,0.7,12.2,13.0,14.07,13.12,9.0,0.96,18.0,0.4,7.75,7.75,7.75,7.75,2.0,0.0,24.0,0.0,87.6,87.6,87.6,87.6,2.0,0.0,24.0,0.0,1.0,0.1,6.7,6.7,11.49,7.49,9.0,3.69,18.0,0.4,-6.47,3.65,6.52,1.14,9.0,6.7,18.0,0.4,-5.51,0.0,4.66,-0.08,9.0,5.51,18.0,0.4,1007.56,1011.5,1018.54,1012.48,9.0,5.43,18.0,0.4,4.5,8.0,8.0,6.6,9.0,2.2,18.0,0.4,87.6,87.6,87.6,87.6,2.0,0.0,24.0,0.0,1.0,0.1,-55.8,24.4,43.7,5.7,9.0,65.4,18.0,0.4,-49.4,0.0,31.2,-2.4,9.0,60.0,18.0,0.4,1.74,2.4,3.61,2.65,6.0,1.08,16.0,0.7,13.8,19.8,30.0,21.0,6.0,8.6,16.0,0.7,2.61,2.9,3.18,2.9,2.0,0.59,24.0,0.0,17.5,19.4,21.3,19.4,2.0,3.9,24.0,0.0,-87.1,43.8,92.1,14.0,9.0,88.1,18.0,0.4,-74.8,0.0,56.1,-2.9,9.0,71.9,18.0,0.4,49.4,49.4,49.4,49.4,2.0,0.0,24.0,0.0,16.1,16.1,16.1,16.1,2.0,0.0,24.0,0.0,16.7,18.5,20.3,18.5,2.0,3.7,24.0,0.0,5.4,6.0,6.6,6.0,2.0,1.2,24.0,0.0,301.0,301.0,1576.0,670.0,9.0,706.0,18.0,0.4,300.0,300.0,1575.0,670.0,9.0,705.0,18.0,0.4
1887,9,306.3,-35.4,9.8,11.1,12.49,11.41,20.0,2.05,16.0,0.4,8.9,14.4,16.1,13.22,29.0,3.65,16.0,0.4,7.22,9.31,10.77,9.06,16.0,1.79,12.0,0.3,83.0,93.4,95.0,89.4,16.0,7.2,12.0,0.3,0.7,0.8,0.0,6.7,12.3,6.51,23.0,5.75,16.0,0.5,-0.14,0.0,7.08,2.76,23.0,4.9,16.0,0.5,-1.16,2.59,7.23,2.25,23.0,6.33,16.0,0.5,1012.38,1017.65,1021.96,1016.5,46.0,6.29,14.0,0.5,0.0,1.0,7.7,2.3,47.0,3.0,14.0,0.5,83.0,93.4,95.0,89.4,16.0,7.2,12.0,0.3,0.7,0.8,-0.4,0.0,82.3,40.4,23.0,80.7,16.0,0.5,-3.0,6.7,78.5,19.6,23.0,88.7,16.0,0.5,-3.3,0.0,1.68,-1.04,20.0,2.89,16.0,0.4,-19.3,1.6,10.2,-3.1,15.0,12.9,18.0,0.5,-0.34,0.57,0.74,0.2,7.0,1.11,12.0,0.0,1.8,1.8,1.8,1.8,2.0,0.1,12.0,0.0,-8.8,0.0,64.4,27.8,17.0,52.9,18.0,0.5,-83.9,43.2,73.4,10.1,17.0,80.2,18.0,0.5,0.3,1.4,23.1,11.3,4.0,20.6,14.0,0.0,2.8,11.8,36.7,19.4,4.0,24.2,14.0,0.0,0.2,0.2,0.2,0.2,2.0,0.0,12.0,0.0,1.8,1.8,1.8,1.8,2.0,0.1,12.0,0.0,0.0,301.0,1861.0,1016.0,23.0,1944.0,16.0,0.5,0.0,300.0,1860.0,1015.0,23.0,1945.0,16.0,0.5
1887,9,306.3,-33.4,11.86,12.6,14.03,12.81,8.0,0.99,22.0,0.5,11.16,13.1,17.32,14.16,9.0,3.54,20.0,0.6,6.15,6.15,6.15,6.15,1.0,0.0,20.0,1.0,84.4,84.4,84.4,84.4,1.0,0.0,20.0,1.0,0.8,0.1,2.6,6.7,9.3,5.9,9.0,3.91,20.0,0.6,-1.26,1.45,5.59,1.91,9.0,3.75,20.0,0.6,-2.27,2.16,6.43,1.74,9.0,5.73,20.0,0.6,1013.55,1016.9,1017.12,1016.14,9.0,2.54,20.0,0.6,0.0,1.0,5.8,2.5,8.0,3.2,22.0,0.6,84.4,84.4,84.4,84.4,1.0,0.0,20.0,1.0,0.8,0.1,-3.3,3.8,48.1,17.8,9.0,33.2,20.0,0.6,-5.9,5.6,57.2,18.7,9.0,58.3,20.0,0.6,,,,,,,,,,,,,,,,,,,,,,,,,,,,,,,,,-21.4,29.8,64.2,19.2,9.0,47.3,20.0,0.6,-38.7,43.5,64.3,13.5,9.0,75.9,20.0,0.6,34.4,34.4,34.4,34.4,1.0,0.0,20.0,1.0,45.7,45.7,45.7,45.7,1.0,0.0,20.0,1.0,,,,,,,,,,,,,,,,,,,,,,,,,,,,,,,,
1887,9,306.3,6.6,,,,,,,,,,,,,,,,,,,,,,,,,,,,,,,,,,,6.7,6.7,6.7,6.7,2.0,0.0,30.0,1.0,-2.51,-2.51,-2.51,-2.51,2.0,0.0,30.0,1.0,6.21,6.21,6.21,6.21,2.0,0.0,30.0,1.0,1010.78,1011.6,1012.42,1011.6,2.0,1.7,30.0,1.0,,,,,,,,,,,,,,,,,,,,,,,,,,,,,,,,,,,,,,,,,,,,,,,,,,,,,,,,,,,,,,,,,,,,,,,,,,,,,,,,,,,,,,,,,,,,,,,,,,,,,,,,,,,,,,,,,,,,,,,,,,,,,,,,,,
1887,9,306.3,8.6,,,,,,,,,,,,,,,,,,,,,,,,,,,,,,,,,,,1.0,3.6,6.7,3.51,12.0,2.47,26.0,0.5,-3.6,-1.84,-0.62,-2.2,12.0,1.79,26.0,0.5,0.0,1.84,4.76,2.29,12.0,2.3,26.0,0.5,1007.5,1009.2,1012.74,1010.13,7.0,2.58,26.0,0.4,,,,,,,,,,,,,,,,,,,,,,,,,,,,,,,,,,,,,,,,,,,,,,,,,,,,,,,,,,,,,,,,,,,,,,,,,,,,,,,,,,,,,,,,,,,,,,,,,,,,,,,,,,,,,,,,,,,,,,,,,,,,,,,,,,
1887,9,306.3,10.6,,,,,,,,,,,,,,,,,,,,,,,,,,,,,,,,,,,2.6,2.6,3.84,2.71,16.0,1.19,26.0,0.5,-3.0,-1.84,-1.33,-2.07,16.0,1.0,26.0,0.5,-1.84,0.49,1.84,0.2,16.0,1.91,26.0,0.5,1012.0,1013.0,1014.1,1013.24,13.0,1.52,24.0,0.5,,,,,,,,,,,,,,,,,,,,,,,,,,,,,,,,,,,,,,,,,,,,,,,,,,,,,,,,,,,,,,,,,,,,,,,,,,,,,,,,,,,,,,,,,,,,,,,,,,,,,,,,,,,,,,,,,,,,,,,,,,,,,,,,,,
1887,9,306.3,12.6,,,,,,,,,,,,,,,,,,,,,,,,,,,,,,,,,,,2.6,2.6,2.6,2.8,10.0,0.63,2.0,0.5,-2.59,-2.48,-1.62,-2.24,10.0,1.15,2.0,0.5,-0.44,0.6,1.89,0.58,10.0,1.36,2.0,0.5,1015.16,1015.9,1017.2,1016.17,10.0,1.22,2.0,0.5,,,,,,,,,,,,,,,,,,,,,,,,,,,,,,,,,,,,,,,,,,,,,,,,,,,,,,,,,,,,,,,,,,,,,,,,,,,,,,,,,,,,,,,,,,,,,,,,,,,,,,,,,,,,,,,,,,,,,,,,,,,,,,,,,,
1887,9,306.3,16.6,26.7,26.7,27.2,26.9,5.0,0.27,24.0,1.0,28.5,30.0,30.0,29.27,3.0,1.27,24.0,1.0,23.32,25.42,25.43,24.4,3.0,1.78,24.0,1.0,95.4,95.5,95.5,95.5,3.0,0.0,24.0,1.0,0.8,0.7,,,,,,,,,,,,,,,,,,,,,,,,,,,,,,,,,,,,,,,,,,,,,,,,,,,,,,,,,,,,,,,,,,,,,,,,,,,,,,,,,,,,,,,,,,,,,,,,,,,,,,,,,,,,,,,,,,,,,,,,,,,,,,,,,,,,,,,,,,,,,,,,,,,,,,,,,,,,,,,,,,
1887,9,306.3,18.6,26.7,27.05,28.2,27.34,10.0,0.78,14.0,0.4,26.63,27.8,28.37,27.64,9.0,0.9,14.0,0.3,22.36,23.13,23.49,22.94,4.0,0.91,24.0,0.3,95.7,96.0,96.0,95.9,4.0,0.3,24.0,0.3,0.2,0.1,3.46,4.6,12.3,6.98,10.0,4.1,14.0,0.4,-10.76,-4.23,-2.88,-5.91,10.0,3.49,14.0,0.4,-5.96,-2.53,-1.35,-3.48,10.0,2.57,14.0,0.4,1012.0,1012.0,1012.16,1012.08,4.0,0.15,24.0,0.3,1.4,2.0,2.0,1.8,10.0,0.4,14.0,0.4,95.7,96.0,96.0,95.9,4.0,0.3,24.0,0.3,0.2,0.1,-132.3,-19.5,-10.3,-53.8,10.0,55.8,14.0,0.4,-73.3,-11.6,-5.1,-33.0,10.0,33.7,14.0,0.4,-1.6,-0.4,0.6,-0.47,9.0,1.11,14.0,0.3,-19.7,-1.8,2.8,-6.5,9.0,10.5,14.0,0.3,-1.57,-1.21,-0.44,-1.01,4.0,0.91,24.0,0.3,-16.3,-14.9,-5.4,-11.0,4.0,9.6,24.0,0.3,-301.3,-117.7,-93.0,-174.3,9.0,98.5,14.0,0.3,-168.8,-85.9,-47.9,-107.7,9.0,68.7,14.0,0.3,-248.8,-241.0,-184.0,-217.5,4.0,52.6,24.0,0.3,-155.9,-137.9,-133.4,-144.3,4.0,19.0,24.0,0.3,3.8,12.1,13.0,8.6,4.0,7.6,24.0,0.3,2.6,7.2,10.6,6.7,4.0,6.3,24.0,0.3,51.5,97.5,1861.0,681.0,10.0,845.5,14.0,0.4,50.0,95.0,1860.0,680.0,10.0,845.0,14.0,0.4
1887,9,306.3,20.6,27.8,27.8,27.8,27.8,18.0,0.0,30.0,0.7,26.75,27.8,28.8,27.77,21.0,0.77,30.0,0.7,19.78,20.35,21.03,20.35,18.0,0.64,30.0,0.7,84.2,87.3,89.3,87.1,18.0,2.6,30.0,0.7,0.7,0.8,1.0,2.6,6.43,3.03,27.0,2.03,28.0,0.6,-2.51,-0.86,-0.08,-1.47,27.0,1.97,28.0,0.6,-2.08,-0.8,2.59,0.2,27.0,2.74,28.0,0.6,1012.11,1013.2,1014.5,1013.16,27.0,1.31,28.0,0.6,0.0,4.0,5.0,3.0,27.0,2.0,28.0,0.6,84.2,87.3,89.3,87.1,18.0,2.6,30.0,0.7,0.7,0.8,-6.5,-1.7,-0.1,-7.0,27.0,13.0,28.0,0.6,-5.4,-0.8,16.1,3.5,27.0,14.5,28.0,0.6,-1.1,0.0,1.1,-0.02,18.0,0.81,30.0,0.7,-2.5,0.0,2.0,-0.2,18.0,2.1,30.0,0.7,2.38,3.0,3.61,3.04,18.0,0.62,30.0,0.7,3.0,5.9,9.0,6.0,18.0,2.8,30.0,0.7,-58.5,-24.8,-16.7,-34.5,21.0,40.2,30.0,0.7,-60.0,-22.2,18.0,-24.6,21.0,53.6,30.0,0.7,-36.4,-21.5,-12.2,-24.8,18.0,13.5,30.0,0.7,-46.6,-16.3,-10.5,-29.4,18.0,29.9,30.0,0.7,-6.1,-2.7,-1.8,-3.7,18.0,2.4,30.0,0.7,-6.5,-3.0,-1.9,-3.8,18.0,3.4,30.0,0.7,1.0,17.5,275.0,71.0,27.0,114.0,28.0,0.6,0.0,20.0,275.0,70.0,27.0,115.0,28.0,0.6
1887,9,306.3,32.6,25.6,25.6,25.97,25.71,9.0,0.22,24.0,0.4,25.6,26.1,26.7,26.08,9.0,0.51,24.0,0.4,14.41,15.93,16.46,15.62,9.0,1.24,24.0,0.4,68.4,78.6,78.6,74.8,9.0,5.7,24.0,0.4,0.7,0.3,1.43,4.6,9.3,5.44,9.0,3.81,24.0,0.4,-8.57,-3.98,-1.24,-4.61,9.0,3.3,24.0,0.4,0.72,2.3,4.31,2.67,9.0,2.23,24.0,0.4,1019.68,1020.7,1021.51,1020.68,9.0,0.91,24.0,0.4,6.0,6.0,8.0,6.6,9.0,1.1,24.0,0.4,68.4,78.6,78.6,74.8,9.0,5.7,24.0,0.4,0.7,0.3,-79.7,-18.3,-2.2,-35.9,9.0,36.3,24.0,0.4,1.3,10.6,40.1,20.8,9.0,23.6,24.0,0.4,-1.1,-0.5,0.37,-0.37,9.0,0.65,24.0,0.4,-4.6,-1.1,0.9,-2.1,9.0,3.8,24.0,0.4,3.91,4.41,6.38,4.86,9.0,1.41,24.0,0.4,8.8,20.2,36.4,22.5,9.0,13.0,24.0,0.4,-223.7,-102.0,-32.4,-120.3,9.0,87.0,24.0,0.4,18.7,58.9,113.1,69.4,9.0,57.3,24.0,0.4,-141.1,-63.5,-17.9,-75.4,9.0,57.8,24.0,0.4,10.4,36.6,72.2,43.1,9.0,36.5,24.0,0.4,-29.5,-17.5,-7.6,-18.8,9.0,10.4,24.0,0.4,4.1,8.6,16.9,11.5,9.0,9.1,24.0,0.4,5.5,97.5,804.5,372.5,9.0,410.5,24.0,0.4,5.0,95.0,805.0,370.0,9.0,410.0,24.0,0.4
1887,9,306.3,34.6,,,,,,,,,,,,,,,,,,,,,,,,,,,,,,,,,,,4.83,9.3,11.97,8.55,8.0,3.03,20.0,0.8,-4.81,-3.69,-2.69,-3.87,8.0,1.0,20.0,0.8,-11.02,-8.14,-4.01,-7.58,8.0,2.99,20.0,0.8,1005.7,1006.65,1007.82,1006.73,6.0,1.01,20.0,0.8,,,,,,,,,,,,,,,,,,,,,,,,,,,,,,,,,,,,,,,,,,,,,,,,,,,,,,,,,,,,,,,,,,,,,,,,,,,,,,,,,,,,,,,,,,,,,,,,,,,,,,,,,,,,,,,,,,,,,,,,,,,,,,,,,,
1887,9,306.3,36.6,,,,,,,,,,,,,,,,,,,,,,,,,,,,,,,,,,,4.6,6.7,10.95,8.02,17.0,2.76,14.0,0.5,-7.55,-1.28,2.63,-1.75,17.0,4.63,14.0,0.5,0.97,6.58,8.82,4.82,17.0,5.15,14.0,0.5,1019.3,1020.15,1021.0,1019.86,14.0,2.0,14.0,0.4,,,,,,,,,,,,,,,,,,,,,,,,,,,,,,,,,,,,,,,,,,,,,,,,,,,,,,,,,,,,,,,,,,,,,,,,,,,,,,,,,,,,,,,,,,,,,,,,,,,,,,,,,,,,,,,,,,,,,,,,,,,,,,,,,,
1887,9,306.3,38.6,,,,,,,,,,,,,,,,,,,,,,,,,,,,,,,,,,,5.17,6.7,9.3,7.39,9.0,1.99,22.0,0.7,-6.52,-2.83,4.17,-1.5,9.0,5.18,22.0,0.7,-7.3,-6.22,-2.18,-5.22,9.0,2.31,22.0,0.7,1011.2,1011.7,1013.19,1011.99,9.0,1.18,22.0,0.7,,,,,,,,,,,,,,,,,,,,,,,,,,,,,,,,,,,,,,,,,,,,,,,,,,,,,,,,,,,,,,,,,,,,,,,,,,,,,,,,,,,,,,,,,,,,,,,,,,,,,,,,,,,,,,,,,,,,,,,,,,,,,,,,,,
1887,9,306.3,42.6,,,,,,,,,,,,,,,,,,,,,,,,,,,,,,,,,,,4.6,9.3,9.3,7.11,15.0,2.54,24.0,0.6,-3.6,0.0,1.72,-0.99,15.0,3.12,24.0,0.6,-7.61,4.27,8.62,2.44,15.0,6.6,24.0,0.6,1018.18,1019.75,1021.51,1020.0,6.0,2.91,26.0,0.5,,,,,,,,,,,,,,,,,,,,,,,,,,,,,,,,,,,,,,,,,,,,,,,,,,,,,,,,,,,,,,,,,,,,,,,,,,,,,,,,,,,,,,,,,,,,,,,,,,,,,,,,,,,,,,,,,,,,,,,,,,,,,,,,,,
1887,9,306.3,44.6,,,,,,,,,,,,,,,,,,,,,,,,,,,,,,,,,,,4.6,6.7,9.3,6.27,31.0,2.81,16.0,0.5,-3.9,0.88,4.24,-0.3,31.0,4.1,16.0,0.5,-7.14,1.72,6.21,0.51,31.0,5.61,16.0,0.5,1014.48,1019.2,1025.33,1019.51,15.0,4.61,20.0,0.5,,,,,,,,,,,,,,,,,,,,,,,,,,,,,,,,,,,,,,,,,,,,,,,,,,,,,,,,,,,,,,,,,,,,,,,,,,,,,,,,,,,,,,,,,,,,,,,,,,,,,,,,,,,,,,,,,,,,,,,,,,,,,,,,,,
1887,9,308.3,-51.4,2.77,3.4,3.52,3.19,7.0,0.61,14.0,0.9,2.14,3.5,4.68,3.4,11.0,1.39,14.0,0.7,4.25,4.49,4.65,4.44,6.0,0.24,12.0,0.5,85.5,86.4,88.0,87.1,6.0,2.7,12.0,0.5,0.6,1.0,0.75,4.6,16.32,6.53,12.0,7.1,14.0,0.8,0.0,0.0,2.17,1.24,12.0,4.17,14.0,0.8,-3.6,0.46,13.93,3.64,12.0,7.96,14.0,0.8,993.84,1002.5,1009.37,1001.72,10.0,8.85,14.0,0.7,6.0,8.0,8.0,7.3,12.0,1.3,14.0,0.8,85.5,86.4,88.0,87.1,6.0,2.7,12.0,0.5,0.6,1.0,0.0,0.0,10.0,17.0,12.0,78.4,14.0,0.8,-16.5,0.5,241.8,69.1,12.0,131.7,14.0,0.8,-0.68,0.3,1.84,0.47,6.0,1.24,14.0,0.8,-1.4,1.4,35.0,11.9,6.0,18.9,14.0,0.8,0.46,0.55,0.76,0.61,3.0,0.23,12.0,0.7,1.1,2.5,3.5,2.3,3.0,1.8,12.0,0.7,0.0,0.0,8.7,3.0,11.0,6.2,14.0,0.7,-16.6,0.0,13.7,-0.2,11.0,14.0,14.0,0.7,0.0,0.0,2.9,2.3,6.0,5.7,12.0,0.5,-15.5,-2.3,3.8,-3.6,6.0,13.7,12.0,0.5,0.0,0.0,1.2,0.6,3.0,1.0,12.0,0.7,-1.4,-0.4,2.6,0.6,3.0,3.0,12.0,0.7,0.5,97.5,4467.5,1488.0,12.0,2712.0,14.0,0.8,0.0,95.0,4470.0,1490.0,12.0,2710.0,14.0,0.8
1887,9,308.3,-49.4,2.65,3.5,4.55,3.59,12.0,0.88,14.0,0.6,1.65,3.35,4.13,3.03,12.0,1.32,14.0,0.7,4.16,4.36,4.51,4.35,5.0,0.2,14.0,0.4,85.0,90.5,90.8,88.4,5.0,3.2,14.0,0.4,1.0,0.6,2.37,13.85,19.0,11.58,16.0,7.32,14.0,0.6,-2.64,5.37,10.89,4.02,16.0,7.87,14.0,0.6,0.0,5.98,16.9,6.88,16.0,8.19,14.0,0.6,992.32,1004.2,1009.21,1001.19,13.0,8.57,18.0,0.5,4.1,6.0,8.0,6.0,16.0,2.0,14.0,0.6,85.0,90.5,90.8,88.4,5.0,3.2,14.0,0.4,1.0,0.6,-12.2,87.9,185.6,76.0,16.0,115.7,14.0,0.6,0.0,61.0,321.1,121.1,16.0,152.1,14.0,0.6,0.63,0.9,1.95,1.08,9.0,0.73,14.0,0.8,1.5,12.3,28.5,14.5,9.0,13.4,14.0,0.8,0.76,0.78,0.8,0.78,2.0,0.05,14.0,0.5,2.2,5.4,8.5,5.4,2.0,6.5,14.0,0.5,-19.2,1.9,22.2,3.0,12.0,29.2,14.0,0.7,-1.2,1.3,13.7,5.3,12.0,15.1,14.0,0.7,-47.0,0.0,5.9,-16.6,5.0,30.5,14.0,0.4,0.0,0.0,7.4,3.5,5.0,5.8,14.0,0.4,-8.4,-4.9,-1.3,-4.9,2.0,7.3,14.0,0.5,0.1,0.3,0.6,0.3,2.0,0.5,14.0,0.5,37.5,2756.5,6859.0,3123.5,16.0,2907.0,14.0,0.6,40.0,2755.0,6860.0,3125.0,16.0,2905.0,14.0,0.6
1887,9,308.3,-43.4,10.0,11.1,11.7,10.93,6.0,0.77,26.0,0.3,11.1,11.1,12.32,11.57,6.0,0.75,26.0,0.3,7.75,7.76,8.4,8.0,6.0,0.39,26.0,0.3,94.1,94.2,94.2,94.1,6.0,0.2,26.0,0.3,0.1,0.6,19.0,19.0,19.0,19.0,5.0,0.0,26.0,0.4,16.62,18.07,18.39,17.67,5.0,1.02,26.0,0.4,-9.21,-5.87,-3.24,-5.77,5.0,4.3,26.0,0.4,1006.4,1006.8,1007.1,1006.77,6.0,0.31,26.0,0.3,2.0,2.0,3.2,2.5,6.0,0.8,26.0,0.3,94.1,94.2,94.2,94.1,6.0,0.2,26.0,0.3,0.1,0.6,315.7,343.3,349.5,335.7,5.0,19.4,26.0,0.4,-175.0,-111.6,-61.6,-109.6,5.0,81.8,26.0,0.4,-1.1,-0.8,0.0,-0.63,6.0,0.54,26.0,0.3,-20.9,-9.5,0.0,-10.3,5.0,10.5,26.0,0.4,-0.1,0.08,0.48,0.15,6.0,0.28,26.0,0.3,-1.4,4.3,9.1,3.9,5.0,5.4,26.0,0.4,200.6,202.7,211.2,205.4,5.0,5.7,26.0,0.4,-114.4,-65.2,-36.0,-69.2,5.0,53.2,26.0,0.4,139.6,140.1,144.7,141.9,5.0,3.4,26.0,0.4,-77.8,-45.5,-25.1,-47.4,5.0,36.2,26.0,0.4,-1.3,3.7,8.7,3.6,5.0,5.1,26.0,0.4,-2.8,-2.1,0.1,-1.5,5.0,1.6,26.0,0.4,6859.0,6859.0,6859.0,6859.0,5.0,0.0,26.0,0.4,6860.0,6860.0,6860.0,6860.0,5.0,0.0,26.0,0.4
1887,9,308.3,-41.4,11.7,12.2,12.2,11.99,17.0,0.48,26.0,0.6,11.1,12.2,12.8,12.0,17.0,0.87,26.0,0.6,7.74,8.12,8.64,8.13,17.0,0.6,26.0,0.6,87.6,93.6,100.0,92.8,17.0,4.9,26.0,0.6,0.3,0.5,4.6,6.7,12.3,8.83,17.0,5.55,26.0,0.6,2.59,6.66,11.3,7.99,17.0,5.87,26.0,0.6,0.6,2.56,4.56,2.35,17.0,2.33,26.0,0.6,1004.7,1006.1,1008.42,1006.24,17.0,1.54,26.0,0.6,2.0,4.0,6.5,4.1,17.0,2.0,26.0,0.6,87.6,93.6,100.0,92.8,17.0,4.9,26.0,0.6,0.3,0.5,11.9,44.6,139.0,101.0,17.0,136.3,26.0,0.6,3.4,16.2,37.8,15.8,17.0,31.2,26.0,0.6,-1.1,-0.6,1.33,-0.01,17.0,1.18,26.0,0.6,-12.4,-2.9,7.4,-2.2,17.0,9.0,26.0,0.6,0.03,0.63,1.41,0.62,17.0,0.7,26.0,0.6,0.3,5.1,10.0,5.2,17.0,5.1,26.0,0.6,29.4,85.3,141.2,98.4,17.0,76.0,26.0,0.6,7.7,31.3,49.7,27.1,17.0,27.4,26.0,0.6,20.9,54.3,89.7,65.3,17.0,50.4,26.0,0.6,5.1,19.8,34.5,18.2,17.0,18.1,26.0,0.6,0.2,4.4,8.7,4.4,17.0,4.5,26.0,0.6,-0.4,2.4,4.9,2.3,17.0,2.9,26.0,0.6,97.5,301.0,1861.0,1631.0,17.0,3038.5,26.0,0.6,95.0,300.0,1860.0,1630.0,17.0,3040.0,26.0,0.6
1887,9,308.3,-39.4,12.8,13.3,14.39,13.3,16.0,1.05,20.0,0.6,10.6,11.0,12.08,11.13,21.0,0.8,22.0,0.5,7.02,7.41,7.7,7.34,9.0,0.43,24.0,0.3,86.6,87.6,92.9,89.0,9.0,4.3,24.0,0.3,0.2,0.3,6.7,15.4,19.0,13.8,20.0,6.2,22.0,0.5,-2.13,11.88,14.52,8.03,20.0,8.87,22.0,0.5,0.02,7.16,14.74,6.8,20.0,6.6,22.0,0.5,1004.7,1006.3,1015.1,1009.11,21.0,6.24,22.0,0.5,5.0,6.0,7.8,6.0,21.0,1.5,22.0,0.5,86.6,87.6,92.9,89.0,9.0,4.3,24.0,0.3,0.2,0.3,-5.5,164.8,275.8,154.3,20.0,165.0,22.0,0.5,0.1,106.2,279.8,119.7,20.0,116.8,22.0,0.5,1.1,2.2,3.13,2.05,16.0,1.1,20.0,0.6,9.7,26.6,44.1,27.6,16.0,17.1,20.0,0.6,1.78,1.83,2.52,2.0,9.0,0.5,24.0,0.3,23.3,34.7,47.9,35.6,9.0,12.0,24.0,0.3,-22.4,125.7,154.2,88.3,20.0,98.8,22.0,0.5,0.2,78.5,156.5,74.9,20.0,74.5,22.0,0.5,78.3,88.7,103.8,89.8,9.0,11.9,24.0,0.3,73.8,90.5,107.4,89.6,9.0,17.2,24.0,0.3,18.1,25.5,30.5,24.5,9.0,6.4,24.0,0.3,14.7,22.3,37.3,25.5,9.0,10.8,24.0,0.3,301.0,3652.5,6859.0,4077.0,20.0,3733.0,22.0,0.5,300.0,3650.0,6860.0,4075.0,20.0,3735.0,22.0,0.5
1887,9,308.3,-37.4,13.44,14.35,15.3,14.35,28.0,0.85,16.0,0.5,10.23,12.8,15.0,13.07,28.0,2.43,16.0,0.5,8.27,9.76,9.92,9.34,12.0,0.9,24.0,0.5,88.2,93.7,93.7,91.5,12.0,4.0,24.0,0.5,0.4,0.5,4.6,6.7,11.45,8.21,28.0,5.12,16.0,0.5,-1.85,2.56,6.42,2.98,28.0,5.19,16.0,0.5,-6.37,-3.52,10.39,0.39,28.0,7.73,16.0,0.5,1010.43,1016.35,1025.71,1017.88,28.0,6.7,16.0,0.5,2.0,4.0,6.0,4.1,28.0,1.8,16.0,0.5,88.2,93.7,93.7,91.5,12.0,4.0,24.0,0.5,0.4,0.5,-12.4,13.9,70.1,45.6,28.0,97.5,16.0,0.5,-42.7,-16.2,130.4,31.9,28.0,116.4,16.0,0.5,-1.7,2.3,3.81,1.28,28.0,2.44,16.0,0.5,-10.4,16.2,33.4,14.4,28.0,25.6,16.0,0.5,-0.45,0.35,2.71,0.83,12.0,1.5,24.0,0.5,-3.0,1.6,20.9,6.4,12.0,12.4,24.0,0.5,-27.7,36.1,80.1,38.1,28.0,59.8,16.0,0.5,-96.6,-49.9,109.5,-7.7,28.0,92.7,16.0,0.5,-7.5,27.8,36.7,20.5,12.0,22.6,24.0,0.5,-63.7,-51.2,-33.5,-47.1,12.0,19.1,24.0,0.5,-1.0,0.8,13.7,4.5,12.0,7.5,24.0,0.5,-10.0,-1.3,2.8,-4.1,12.0,10.1,24.0,0.5,97.5,301.0,1560.0,1395.5,28.0,3016.0,16.0,0.5,95.0,300.0,1560.0,1395.0,28.0,3015.0,16.0,0.5
1887,9,308.3,-35.4,15.6,16.7,17.39,16.46,52.0,1.12,12.0,0.4,13.2,13.9,15.0,14.32,53.0,1.58,14.0,0.4,8.36,8.76,10.19,9.26,33.0,1.28,16.0,0.4,84.3,88.3,98.8,90.8,34.0,5.8,16.0,0.4,0.5,0.4,2.6,9.3,15.4,8.76,51.0,5.74,14.0,0.4,-1.13,1.07,8.33,3.04,51.0,5.25,14.0,0.4,0.0,4.59,11.09,5.29,51.0,6.76,14.0,0.4,1008.8,1012.2,1018.36,1012.78,69.0,5.27,12.0,0.4,2.0,4.0,7.0,4.5,70.0,2.3,12.0,0.4,84.3,88.3,98.8,90.8,34.0,5.8,16.0,0.4,0.5,0.4,-7.1,7.9,139.7,48.2,51.0,83.8,14.0,0.4,0.0,33.8,141.2,70.6,51.0,108.8,14.0,0.4,1.1,2.3,3.9,2.2,50.0,1.83,12.0,0.4,4.5,15.8,52.5,21.0,46.0,24.2,14.0,0.4,1.22,2.32,3.55,2.22,33.0,1.36,16.0,0.4,8.6,15.3,44.6,22.2,30.0,20.2,18.0,0.4,-16.5,21.4,112.7,44.1,49.0,73.3,14.0,0.4,0.0,68.8,202.3,77.0,49.0,101.8,14.0,0.4,-8.2,17.9,68.1,24.2,30.0,35.7,18.0,0.4,20.8,79.6,143.0,81.4,30.0,58.4,18.0,0.4,-3.3,0.9,19.5,6.6,30.0,12.1,18.0,0.4,7.3,14.4,38.9,18.7,30.0,19.2,18.0,0.4,17.5,804.5,3652.5,1600.0,51.0,2312.0,14.0,0.4,20.0,805.0,3650.0,1600.0,51.0,2310.0,14.0,0.4
1887,9,308.3,-33.4,13.02,14.95,17.68,15.21,52.0,2.03,14.0,0.5,12.12,15.75,17.8,15.32,54.0,2.6,14.0,0.5,8.15,10.43,11.7,10.26,26.0,1.66,8.0,0.6,85.4,89.1,89.8,87.5,26.0,5.5,8.0,0.6,0.7,0.3,2.6,6.7,12.3,7.67,51.0,4.88,14.0,0.6,-1.86,2.41,9.14,2.5,51.0,5.41,14.0,0.6,-2.6,4.21,8.08,1.63,51.0,6.75,14.0,0.6,1012.54,1018.2,1023.1,1017.63,59.0,5.6,12.0,0.6,0.0,2.0,8.0,3.4,56.0,3.1,14.0,0.6,85.4,89.1,89.8,87.5,26.0,5.5,8.0,0.6,0.7,0.3,-4.8,8.3,112.4,26.1,51.0,70.5,14.0,0.6,-8.3,19.6,99.4,7.6,51.0,92.7,14.0,0.6,-1.73,0.0,1.1,-0.26,51.0,1.7,14.0,0.5,-27.7,0.1,7.0,-5.9,42.0,20.0,16.0,0.5,-0.3,1.22,1.84,0.77,23.0,1.34,6.0,0.6,-17.6,2.9,18.6,1.8,15.0,16.7,6.0,0.5,-25.3,19.1,115.4,27.1,45.0,85.7,16.0,0.5,-93.6,23.2,103.9,12.1,45.0,111.3,16.0,0.5,0.4,42.5,107.0,49.5,18.0,44.4,10.0,0.6,23.1,63.2,96.3,59.2,18.0,31.3,10.0,0.6,-13.1,0.0,13.8,0.4,15.0,12.2,6.0,0.5,-11.8,1.9,12.5,1.6,15.0,11.3,6.0,0.5,17.5,301.0,1861.0,1023.5,51.0,1500.5,14.0,0.6,20.0,300.0,1860.0,1025.0,51.0,1500.0,14.0,0.6
1887,9,308.3,-31.4,14.78,15.7,17.0,15.82,5.0,1.49,24.0,0.8,14.83,19.7,21.19,18.38,5.0,3.35,24.0,0.8,9.2,9.2,9.2,9.2,1.0,0.0,12.0,0.0,88.4,88.4,88.4,88.4,1.0,0.0,12.0,0.0,0.9,0.0,0.0,1.0,3.33,1.64,5.0,1.97,24.0,0.8,-2.85,-0.16,0.0,-1.32,5.0,1.99,24.0,0.8,-1.3,0.0,0.06,-0.53,5.0,0.86,24.0,0.8,1017.06,1018.1,1020.05,1018.6,5.0,1.93,24.0,0.8,0.0,0.0,4.2,2.0,4.0,4.0,28.0,1.0,88.4,88.4,88.4,88.4,1.0,0.0,12.0,0.0,0.9,0.0,-10.8,-0.2,0.0,-5.2,5.0,9.1,24.0,0.8,-2.4,0.0,0.3,-1.0,5.0,2.2,24.0,0.8,-4.22,-3.1,-0.45,-2.56,5.0,2.47,24.0,0.8,-3.6,0.0,0.8,-1.4,5.0,3.9,24.0,0.8,1.56,1.56,1.56,1.56,1.0,0.0,12.0,0.0,7.2,7.2,7.2,7.2,1.0,0.0,12.0,0.0,-48.0,-2.3,0.0,-21.4,5.0,30.5,24.0,0.8,-22.4,0.0,0.9,-9.7,5.0,16.3,24.0,0.8,-42.3,-42.3,-42.3,-42.3,1.0,0.0,12.0,0.0,1.5,1.5,1.5,1.5,1.0,0.0,12.0,0.0,-7.2,-7.2,-7.2,-7.2,1.0,0.0,12.0,0.0,0.3,0.3,0.3,0.3,1.0,0.0,12.0,0.0,0.0,1.0,46.5,23.0,5.0,42.0,24.0,0.8,0.0,0.0,45.0,25.0,5.0,40.0,24.0,0.8
1887,9,308.3,6.6,,,,,,,,,,,,,,,,,,,,,,,,,,,,,,,,,,,1.0,2.6,2.7,2.2,7.0,1.33,20.0,0.4,-2.43,-1.84,-0.99,-1.72,7.0,0.9,20.0,0.4,-1.06,0.0,1.91,0.42,7.0,1.71,20.0,0.4,1011.95,1013.0,1014.0,1012.71,7.0,1.11,20.0,0.4,,,,,,,,,,,,,,,,,,,,,,,,,,,,,,,,,,,,,,,,,,,,,,,,,,,,,,,,,,,,,,,,,,,,,,,,,,,,,,,,,,,,,,,,,,,,,,,,,,,,,,,,,,,,,,,,,,,,,,,,,,,,,,,,,,
1887,9,308.3,8.6,,,,,,,,,,,,,,,,,,,,,,,,,,,,,,,,,,,1.0,2.6,2.6,2.16,20.0,1.4,24.0,0.4,-2.16,-0.71,1.82,-0.5,20.0,1.93,24.0,0.4,-0.71,0.55,1.84,0.75,20.0,1.51,24.0,0.4,1010.06,1012.0,1013.0,1011.8,14.0,1.19,22.0,0.4,,,,,,,,,,,,,,,,,,,,,,,,,,,,,,,,,,,,,,,,,,,,,,,,,,,,,,,,,,,,,,,,,,,,,,,,,,,,,,,,,,,,,,,,,,,,,,,,,,,,,,,,,,,,,,,,,,,,,,,,,,,,,,,,,,
1887,9,308.3,10.6,,,,,,,,,,,,,,,,,,,,,,,,,,,,,,,,,,,2.6,2.6,4.6,3.46,7.0,1.07,26.0,1.0,-2.41,0.0,1.84,-0.41,7.0,1.83,26.0,1.0,-0.97,1.84,4.6,2.17,7.0,2.46,26.0,1.0,1010.1,1011.75,1013.62,1011.79,8.0,2.0,24.0,1.0,,,,,,,,,,,,,,,,,,,,,,,,,,,,,,,,,,,,,,,,,,,,,,,,,,,,,,,,,,,,,,,,,,,,,,,,,,,,,,,,,,,,,,,,,,,,,,,,,,,,,,,,,,,,,,,,,,,,,,,,,,,,,,,,,,
1887,9,308.3,12.6,,,,,,,,,,,,,,,,,,,,,,,,,,,,,,,,,,,2.6,2.6,2.6,2.6,2.0,0.0,24.0,0.0,-1.84,-1.84,-1.84,-1.84,2.0,0.0,24.0,0.0,-1.84,-1.84,-1.84,-1.84,2.0,0.0,24.0,0.0,1010.9,1011.1,1011.3,1011.1,2.0,0.42,24.0,0.0,,,,,,,,,,,,,,,,,,,,,,,,,,,,,,,,,,,,,,,,,,,,,,,,,,,,,,,,,,,,,,,,,,,,,,,,,,,,,,,,,,,,,,,,,,,,,,,,,,,,,,,,,,,,,,,,,,,,,,,,,,,,,,,,,,
1887,9,308.3,14.6,,,,,,,,,,,,,,,,,,,,,,,,,,,,,,,,,,,4.6,4.6,5.57,5.38,6.0,1.92,24.0,0.7,-5.53,-4.57,-4.57,-5.34,6.0,1.9,24.0,0.7,-0.68,-0.56,-0.56,-0.66,6.0,0.23,24.0,0.7,1009.7,1011.2,1011.76,1010.92,6.0,0.99,24.0,0.7,,,,,,,,,,,,,,,,,,,,,,,,,,,,,,,,,,,,,,,,,,,,,,,,,,,,,,,,,,,,,,,,,,,,,,,,,,,,,,,,,,,,,,,,,,,,,,,,,,,,,,,,,,,,,,,,,,,,,,,,,,,,,,,,,,
1887,9,308.3,16.6,26.1,26.7,26.72,26.6,7.0,0.39,24.0,0.3,27.8,27.8,28.53,28.15,6.0,0.64,24.0,0.3,22.33,22.34,23.27,22.7,6.0,0.6,24.0,0.3,94.8,95.4,95.5,95.0,6.0,1.4,24.0,0.3,0.3,0.3,9.3,9.3,9.3,9.3,4.0,0.0,24.0,0.5,-9.23,-7.54,-5.85,-7.54,4.0,1.95,24.0,0.5,-7.23,-4.18,-1.13,-4.18,4.0,3.52,24.0,0.5,1011.07,1011.2,1011.62,1011.26,7.0,0.46,24.0,0.3,0.0,0.0,2.0,0.6,7.0,1.0,24.0,0.3,94.8,95.4,95.5,95.0,6.0,1.4,24.0,0.3,0.3,0.3,-85.8,-70.1,-54.4,-70.1,4.0,18.1,24.0,0.5,-67.2,-38.9,-10.5,-38.9,4.0,32.7,24.0,0.5,-1.8,-1.65,-1.1,-1.57,6.0,0.42,24.0,0.3,-18.7,-14.9,-11.7,-15.2,3.0,5.1,24.0,0.7,-1.18,-1.14,-0.4,-0.91,6.0,0.4,24.0,0.3,-10.9,-10.2,-5.8,-8.4,3.0,4.1,24.0,0.7,-268.2,-261.2,-194.0,-231.8,3.0,60.0,24.0,0.7,-147.7,-33.3,-32.5,-88.8,3.0,97.1,24.0,0.7,-217.3,-213.7,-157.1,-187.8,3.0,49.5,24.0,0.7,-118.7,-26.9,-26.4,-71.5,3.0,77.9,24.0,0.7,4.8,10.2,10.8,7.9,3.0,4.8,24.0,0.7,1.3,1.4,2.4,1.8,3.0,0.9,24.0,0.7,804.5,804.5,804.5,804.5,4.0,0.0,24.0,0.5,805.0,805.0,805.0,805.0,4.0,0.0,24.0,0.5
1887,9,308.3,18.6,,,,,,,,,,,,,,,,,,,,,,,,,,,,,,,,,,,1.0,2.6,11.33,4.15,21.0,4.37,12.0,0.4,-10.43,-1.0,0.93,-2.67,21.0,4.74,12.0,0.4,0.0,1.0,4.79,1.68,21.0,2.08,12.0,0.4,1014.6,1015.8,1016.02,1015.53,6.0,0.77,26.0,0.5,,,,,,,,,,,,,,,,,,,,,,,,,,,,,,,,,,,,,,,,,,,,,,,,,,,,,,,,,,,,,,,,,,,,,,,,,,,,,,,,,,,,,,,,,,,,,,,,,,,,,,,,,,,,,,,,,,,,,,,,,,,,,,,,,,
1887,9,308.3,20.6,27.8,27.8,27.8,27.85,11.0,0.15,28.0,0.5,27.8,27.8,27.8,27.85,11.0,0.15,28.0,0.5,19.54,19.58,19.58,19.57,10.0,0.02,28.0,0.4,83.8,83.8,83.8,83.8,10.0,0.0,28.0,0.4,0.6,0.6,1.94,2.6,2.6,2.31,11.0,0.65,28.0,0.5,-2.55,-2.23,-0.86,-1.77,11.0,1.25,28.0,0.5,-0.86,-0.41,0.97,-0.05,11.0,1.14,28.0,0.5,1010.9,1011.1,1012.8,1011.53,10.0,0.88,28.0,0.4,2.0,3.5,6.6,4.0,10.0,2.0,28.0,0.4,83.8,83.8,83.8,83.8,10.0,0.0,28.0,0.4,0.6,0.6,-6.6,-5.8,-0.9,-4.3,11.0,3.5,28.0,0.5,-2.1,-0.5,2.5,0.0,11.0,2.9,28.0,0.5,0.0,0.0,0.0,0.0,11.0,0.0,28.0,0.5,0.0,0.0,0.0,0.0,11.0,0.0,28.0,0.5,3.85,3.85,3.85,3.85,10.0,0.0,28.0,0.4,6.5,10.0,10.0,8.8,10.0,2.6,28.0,0.4,-70.8,-62.0,-23.8,-49.0,11.0,34.8,28.0,0.5,-23.8,-11.3,27.1,-1.4,11.0,31.9,28.0,0.5,-50.0,-46.6,-27.2,-40.9,10.0,13.2,28.0,0.4,-10.1,1.7,22.0,3.2,10.0,18.5,28.0,0.4,-9.8,-9.2,-5.4,-8.0,10.0,2.6,28.0,0.4,-2.0,0.3,4.3,0.6,10.0,3.7,28.0,0.4,10.5,17.5,17.5,14.5,11.0,6.5,28.0,0.5,10.0,20.0,20.0,15.0,11.0,5.0,28.0,0.5
1887,9,308.3,32.6,24.3,25.6,25.6,25.1,25.0,0.69,22.0,0.6,23.9,24.4,25.28,24.56,17.0,0.88,22.0,0.5,13.24,13.87,14.23,13.81,17.0,0.54,22.0,0.5,68.7,74.1,74.6,72.3,17.0,4.2,22.0,0.5,0.3,0.4,1.0,6.7,9.3,6.12,28.0,4.18,22.0,0.5,-9.13,1.58,6.41,0.01,28.0,7.28,22.0,0.5,-2.29,-1.25,0.0,-1.21,28.0,1.36,22.0,0.5,1012.7,1016.1,1017.9,1015.83,20.0,2.9,22.0,0.5,2.0,3.5,5.0,3.4,28.0,1.5,22.0,0.5,68.7,74.1,74.6,72.3,17.0,4.2,22.0,0.5,0.3,0.4,-84.9,3.4,42.9,-11.1,28.0,73.2,22.0,0.5,-19.8,-8.8,0.0,-8.8,28.0,13.8,22.0,0.5,-0.23,1.2,1.7,0.86,17.0,0.96,22.0,0.5,0.0,1.7,9.5,4.4,17.0,6.7,22.0,0.5,5.71,6.31,7.13,6.41,17.0,0.75,22.0,0.5,0.0,28.8,53.7,28.0,17.0,24.7,22.0,0.5,0.0,99.1,212.7,102.4,17.0,88.1,22.0,0.5,-50.1,-23.7,0.0,-31.7,17.0,30.5,22.0,0.5,0.0,54.6,118.8,58.4,17.0,50.0,22.0,0.5,-29.2,-13.8,0.0,-18.1,17.0,17.2,22.0,0.5,0.0,25.4,50.4,26.5,17.0,24.3,22.0,0.5,-12.9,-7.2,0.0,-7.7,17.0,6.7,22.0,0.5,1.0,301.0,804.5,533.0,28.0,635.5,22.0,0.5,0.0,300.0,805.0,535.0,28.0,635.0,22.0,0.5
1887,9,308.3,34.6,24.72,25.6,26.16,25.53,12.0,1.3,18.0,0.3,22.86,23.3,23.9,23.4,8.0,0.46,22.0,0.5,14.23,15.2,15.93,15.12,8.0,0.85,22.0,0.5,82.2,82.3,86.9,84.4,8.0,5.0,22.0,0.5,0.9,0.3,4.09,4.6,10.06,6.12,12.0,3.38,18.0,0.3,-2.99,3.17,5.07,1.91,12.0,4.45,18.0,0.3,-2.81,-0.65,4.21,1.04,12.0,5.22,18.0,0.3,1012.03,1012.7,1020.13,1015.35,10.0,5.91,18.0,0.4,3.2,5.0,7.0,4.8,12.0,2.1,18.0,0.3,82.2,82.3,86.9,84.4,8.0,5.0,22.0,0.5,0.9,0.3,-22.0,12.6,26.8,7.7,12.0,38.1,18.0,0.3,-13.1,-3.5,41.0,19.1,12.0,58.0,18.0,0.3,1.7,1.95,2.3,2.05,8.0,0.41,22.0,0.5,7.3,9.2,14.3,9.9,8.0,3.9,22.0,0.5,4.6,5.31,5.83,5.21,8.0,0.61,22.0,0.5,13.1,24.4,36.3,26.7,8.0,14.1,22.0,0.5,51.3,105.5,143.4,106.4,8.0,59.8,22.0,0.5,-38.2,-15.2,31.7,-8.8,8.0,35.1,22.0,0.5,35.8,68.1,89.4,67.2,8.0,35.1,22.0,0.5,-23.8,-9.2,20.2,-5.2,8.0,23.2,22.0,0.5,9.8,23.8,35.1,24.9,8.0,15.7,22.0,0.5,-9.4,-3.7,6.6,-2.2,8.0,7.4,22.0,0.5,77.0,97.5,1073.0,454.0,12.0,691.0,18.0,0.3,75.0,95.0,1075.0,455.0,12.0,690.0,18.0,0.3
1887,9,308.3,36.6,,,,,,,,,,,,,,,,,,,,,,,,,,,,,,,,,,,2.6,4.6,6.7,4.54,28.0,2.46,16.0,0.4,-4.74,-1.35,2.28,-1.64,28.0,3.07,16.0,0.4,-1.1,2.41,4.27,1.61,28.0,3.54,16.0,0.4,1016.03,1021.0,1023.49,1020.0,28.0,3.23,16.0,0.5,,,,,,,,,,,,,,,,,,,,,,,,,,,,,,,,,,,,,,,,,,,,,,,,,,,,,,,,,,,,,,,,,,,,,,,,,,,,,,,,,,,,,,,,,,,,,,,,,,,,,,,,,,,,,,,,,,,,,,,,,,,,,,,,,,
1887,9,308.3,38.6,,,,,,,,,,,,,,,,,,,,,,,,,,,,,,,,,,,4.6,6.7,6.7,5.86,5.0,1.15,24.0,0.4,-4.65,-4.65,-0.35,-2.51,5.0,4.02,24.0,0.4,2.01,4.82,4.82,3.51,5.0,2.19,24.0,0.4,1018.08,1020.6,1021.89,1019.9,5.0,2.86,24.0,0.4,,,,,,,,,,,,,,,,,,,,,,,,,,,,,,,,,,,,,,,,,,,,,,,,,,,,,,,,,,,,,,,,,,,,,,,,,,,,,,,,,,,,,,,,,,,,,,,,,,,,,,,,,,,,,,,,,,,,,,,,,,,,,,,,,,
1887,9,308.3,42.6,,,,,,,,,,,,,,,,,,,,,,,,,,,,,,,,,,,1.0,2.6,6.37,3.59,65.0,3.2,10.0,0.5,-2.57,0.0,1.84,-0.01,65.0,3.24,10.0,0.5,-2.57,0.0,3.25,-0.06,65.0,3.58,10.0,0.5,1020.2,1020.5,1022.98,1021.25,12.0,1.46,8.0,0.5,,,,,,,,,,,,,,,,,,,,,,,,,,,,,,,,,,,,,,,,,,,,,,,,,,,,,,,,,,,,,,,,,,,,,,,,,,,,,,,,,,,,,,,,,,,,,,,,,,,,,,,,,,,,,,,,,,,,,,,,,,,,,,,,,,
1887,9,308.3,44.6,,,,,,,,,,,,,,,,,,,,,,,,,,,,,,,,,,,4.31,6.7,6.7,5.86,19.0,2.26,18.0,0.6,-1.84,0.0,2.71,0.27,19.0,3.85,18.0,0.6,-2.62,3.63,6.7,2.58,19.0,4.41,18.0,0.6,1017.18,1018.5,1019.93,1018.73,13.0,3.8,22.0,0.6,,,,,,,,,,,,,,,,,,,,,,,,,,,,,,,,,,,,,,,,,,,,,,,,,,,,,,,,,,,,,,,,,,,,,,,,,,,,,,,,,,,,,,,,,,,,,,,,,,,,,,,,,,,,,,,,,,,,,,,,,,,,,,,,,,
1887,9,308.3,46.6,,,,,,,,,,,,,,,,,,,,,,,,,,,,,,,,,,,4.6,4.6,6.7,5.55,11.0,1.1,18.0,0.8,-3.27,2.51,4.46,1.26,11.0,3.69,18.0,0.8,-2.97,2.51,4.94,1.28,11.0,4.24,18.0,0.8,1023.63,1023.9,1024.17,1023.9,2.0,0.57,14.0,1.0,,,,,,,,,,,,,,,,,,,,,,,,,,,,,,,,,,,,,,,,,,,,,,,,,,,,,,,,,,,,,,,,,,,,,,,,,,,,,,,,,,,,,,,,,,,,,,,,,,,,,,,,,,,,,,,,,,,,,,,,,,,,,,,,,,
1887,9,310.3,-49.4,5.21,7.2,8.4,6.83,4.0,1.92,10.0,0.8,2.4,4.5,4.67,3.62,5.0,1.59,14.0,0.8,4.06,4.14,4.22,4.14,2.0,0.17,14.0,0.5,81.4,82.6,83.7,82.6,2.0,2.4,14.0,0.5,0.5,1.0,6.7,12.35,19.0,12.68,6.0,5.83,14.0,0.8,0.3,4.82,7.7,3.88,6.0,7.2,14.0,0.8,1.27,9.8,15.1,8.58,6.0,8.3,14.0,0.8,998.18,1008.0,1010.09,1005.49,7.0,7.14,16.0,0.7,5.5,8.0,8.0,6.9,9.0,2.1,14.0,0.8,81.4,82.6,83.7,82.6,2.0,2.4,14.0,0.5,0.5,1.0,-2.6,55.3,126.2,66.0,6.0,110.3,14.0,0.8,6.7,129.8,275.7,142.3,6.0,154.9,14.0,0.8,,,,,,,,,,,,,,,,,,,,,,,,,,,,,,,,,,,,,,,,,,,,,,,,,,,,,,,,,,,,,,,,,,,,,,,,,,,,,,,,,,,,,,,,,,,,,,,,
1887,9,310.3,-47.4,5.92,7.5,7.9,7.12,9.0,1.41,18.0,0.8,2.37,2.8,4.67,3.4,10.0,1.74,16.0,0.7,3.64,3.72,3.79,3.71,5.0,0.1,16.0,0.4,73.9,79.5,81.6,77.8,5.0,5.3,16.0,0.4,0.7,0.7,6.7,9.3,15.4,10.99,14.0,5.31,16.0,0.7,-5.57,0.0,5.63,1.33,14.0,6.96,16.0,0.7,6.58,7.63,14.18,8.97,14.0,4.59,16.0,0.7,1001.07,1010.0,1013.4,1008.61,12.0,6.34,18.0,0.7,4.0,6.0,8.0,5.6,14.0,2.1,16.0,0.7,73.9,79.5,81.6,77.8,5.0,5.3,16.0,0.4,0.7,0.7,-58.4,0.0,86.1,37.5,14.0,128.4,16.0,0.7,44.9,70.4,219.9,117.9,14.0,92.2,16.0,0.7,2.33,4.0,5.49,3.8,6.0,2.12,16.0,0.8,21.7,37.9,47.7,35.4,6.0,21.1,16.0,0.8,2.92,3.13,3.34,3.13,2.0,0.43,16.0,0.5,19.6,21.0,22.4,21.0,2.0,2.9,16.0,0.5,-15.6,0.0,5.8,-3.1,10.0,11.4,16.0,0.7,16.7,18.6,26.1,18.6,10.0,12.9,16.0,0.7,-24.0,-9.6,0.0,-11.6,5.0,12.1,16.0,0.4,23.2,24.7,25.2,24.3,5.0,1.2,16.0,0.4,-7.6,-4.5,-1.4,-4.5,2.0,6.4,16.0,0.5,19.3,20.1,20.8,20.1,2.0,1.6,16.0,0.5,301.0,804.5,3652.5,2260.5,14.0,3048.5,16.0,0.7,300.0,805.0,3650.0,2260.0,14.0,3050.0,16.0,0.7
1887,9,310.3,-45.4,,,,,,,,,,,,,,,,,,,,,,,,,,,,,,,,,,,1.06,3.35,5.64,3.35,2.0,4.74,22.0,1.0,-2.11,-1.25,-0.4,-1.25,2.0,1.77,22.0,1.0,0.99,3.11,5.23,3.11,2.0,4.39,22.0,1.0,1011.3,1011.3,1011.3,1011.3,1.0,0.0,24.0,1.0,,,,,,,,,,,,,,,,,,,,,,,,,,,,,,,,,,,,,,,,,,,,,,,,,,,,,,,,,,,,,,,,,,,,,,,,,,,,,,,,,,,,,,,,,,,,,,,,,,,,,,,,,,,,,,,,,,,,,,,,,,,,,,,,,,
1887,9,310.3,-39.4,,,,,,,,,,,,,,,,,,,,,,,,,,,,,,,,,,,12.3,12.3,16.87,14.53,3.0,3.87,6.0,0.3,4.61,4.61,13.4,8.9,3.0,7.44,6.0,0.3,8.69,11.4,11.4,10.08,3.0,2.3,6.0,0.3,1010.4,1022.0,1022.68,1016.67,3.0,10.12,6.0,0.3,,,,,,,,,,,,,,,,,,,,,,,,,,,,,,,,,,,,,,,,,,,,,,,,,,,,,,,,,,,,,,,,,,,,,,,,,,,,,,,,,,,,,,,,,,,,,,,,,,,,,,,,,,,,,,,,,,,,,,,,,,,,,,,,,,
1887,9,310.3,-37.4,,,,,,,,,,,,,,,,,,,,,,,,,,,,,,,,,,,2.02,4.6,7.65,4.84,5.0,3.29,6.0,0.4,-0.82,2.51,3.7,1.65,5.0,2.35,6.0,0.4,1.78,2.57,7.07,4.09,5.0,3.21,6.0,0.4,1019.11,1026.0,1027.0,1022.7,5.0,8.24,6.0,0.4,,,,,,,,,,,,,,,,,,,,,,,,,,,,,,,,,,,,,,,,,,,,,,,,,,,,,,,,,,,,,,,,,,,,,,,,,,,,,,,,,,,,,,,,,,,,,,,,,,,,,,,,,,,,,,,,,,,,,,,,,,,,,,,,,,
1887,9,310.3,-35.4,16.7,16.7,17.3,16.78,44.0,0.76,18.0,0.7,12.2,13.3,15.42,13.68,48.0,1.69,18.0,0.6,7.38,8.0,8.49,8.0,31.0,0.61,22.0,0.6,82.7,87.5,88.2,84.8,31.0,3.9,22.0,0.6,0.3,0.5,2.6,9.3,12.3,8.2,48.0,4.23,18.0,0.6,1.72,3.93,6.38,3.71,48.0,2.19,18.0,0.6,-2.18,6.46,12.28,5.08,48.0,6.42,18.0,0.6,1019.18,1022.0,1023.68,1021.63,47.0,2.82,18.0,0.6,3.0,5.0,6.0,4.7,48.0,1.3,18.0,0.6,82.7,87.5,88.2,84.8,31.0,3.9,22.0,0.6,0.3,0.5,6.1,28.2,77.5,36.9,48.0,33.6,18.0,0.6,-5.7,43.3,151.1,61.3,48.0,81.7,18.0,0.6,1.43,3.4,4.92,3.16,44.0,1.59,18.0,0.7,7.3,27.5,46.5,27.0,44.0,17.2,18.0,0.7,3.01,3.9,4.44,3.73,31.0,0.69,22.0,0.6,11.6,37.9,48.1,34.1,31.0,15.9,22.0,0.6,21.8,48.0,90.4,51.5,48.0,32.4,18.0,0.6,-31.5,84.0,165.4,64.8,48.0,92.6,18.0,0.6,19.1,39.3,54.7,36.3,31.0,16.3,22.0,0.6,-10.3,57.5,108.8,49.6,31.0,55.0,22.0,0.6,8.5,16.0,25.2,16.5,31.0,7.3,22.0,0.6,-4.9,33.4,46.3,24.1,31.0,22.8,22.0,0.6,17.5,804.5,1861.0,996.0,48.0,1217.0,18.0,0.6,20.0,805.0,1860.0,995.0,48.0,1215.0,18.0,0.6
1887,9,310.3,-33.4,16.76,18.0,18.9,18.03,49.0,0.89,10.0,0.5,13.56,16.7,18.14,16.21,68.0,2.04,10.0,0.4,10.25,11.27,12.09,11.03,34.0,1.16,4.0,0.4,87.2,89.8,95.1,90.7,34.0,4.7,4.0,0.4,0.6,0.7,6.7,9.3,14.81,10.17,40.0,4.25,16.0,0.5,-6.99,0.0,5.77,-0.54,40.0,6.37,16.0,0.5,-8.59,5.89,10.89,3.44,40.0,8.44,16.0,0.5,1009.55,1021.0,1023.0,1018.23,67.0,5.84,10.0,0.4,3.0,5.0,8.0,5.5,68.0,2.3,10.0,0.4,87.2,89.8,95.1,90.7,34.0,4.7,4.0,0.4,0.6,0.7,-80.8,0.0,83.6,-11.0,40.0,86.9,16.0,0.5,-83.8,41.6,137.2,41.8,40.0,116.0,16.0,0.5,0.0,1.3,3.58,1.45,49.0,1.75,10.0,0.5,0.2,17.5,41.3,20.5,27.0,22.3,16.0,0.6,0.64,1.29,3.05,1.75,25.0,1.07,6.0,0.4,14.0,27.4,31.7,23.0,3.0,13.5,18.0,0.3,-93.6,0.0,87.9,-13.6,40.0,101.0,16.0,0.5,-146.7,81.3,142.8,39.7,40.0,136.0,16.0,0.5,-162.3,-96.1,-57.9,-106.7,6.0,57.5,10.0,0.3,37.3,84.8,137.6,88.6,6.0,51.3,10.0,0.3,-22.0,-19.0,-10.9,-16.5,3.0,8.4,18.0,0.3,8.4,19.7,22.8,15.7,3.0,11.1,18.0,0.3,301.0,804.5,3313.0,1586.5,40.0,1661.0,16.0,0.5,300.0,805.0,3315.0,1585.0,40.0,1660.0,16.0,0.5
1887,9,310.3,-31.4,17.67,18.9,19.83,18.87,36.0,1.56,16.0,0.5,17.16,18.2,19.4,18.24,38.0,1.92,16.0,0.4,8.56,11.06,13.0,10.89,18.0,1.96,14.0,0.4,78.5,88.1,95.1,86.8,18.0,9.5,14.0,0.4,0.6,0.3,2.6,6.7,9.3,5.8,35.0,3.16,18.0,0.5,-5.84,-2.59,2.99,-1.74,35.0,4.96,18.0,0.5,-4.65,-1.84,1.5,-2.13,35.0,3.5,18.0,0.5,1011.2,1013.7,1019.6,1014.8,39.0,4.56,16.0,0.5,2.0,7.0,8.0,5.6,39.0,2.7,16.0,0.5,78.5,88.1,95.1,86.8,18.0,9.5,14.0,0.4,0.6,0.3,-43.5,-6.7,11.7,-15.2,35.0,45.1,18.0,0.5,-31.2,-4.9,3.3,-18.5,35.0,33.1,18.0,0.5,-0.7,0.0,1.66,0.32,35.0,1.29,16.0,0.5,-3.7,0.0,7.6,2.0,31.0,7.5,18.0,0.5,0.4,1.78,2.19,1.63,15.0,1.0,12.0,0.4,1.5,10.8,17.2,10.9,11.0,7.8,16.0,0.5,-97.0,-38.2,61.9,-30.7,34.0,90.3,18.0,0.5,-87.3,-33.5,30.1,-39.1,34.0,63.9,18.0,0.5,-61.8,-54.9,36.0,-35.2,14.0,45.6,18.0,0.5,-59.7,-48.2,24.2,-32.1,14.0,38.5,18.0,0.5,-11.3,-7.8,-1.1,-7.6,11.0,5.5,16.0,0.5,-12.9,-7.5,-1.0,-7.7,11.0,5.6,16.0,0.5,17.5,301.0,804.5,376.5,35.0,521.0,18.0,0.5,20.0,300.0,805.0,375.0,35.0,520.0,18.0,0.5
1887,9,310.3,-29.4,17.7,18.5,19.5,18.61,12.0,0.69,22.0,0.5,19.0,19.7,19.9,19.57,12.0,0.87,20.0,0.6,10.52,11.05,11.66,11.08,4.0,0.73,16.0,0.8,76.1,80.7,83.0,79.6,4.0,4.4,16.0,0.8,0.8,0.3,0.16,5.65,12.11,6.21,14.0,5.29,22.0,0.5,-5.69,-2.48,0.0,-2.31,14.0,3.36,22.0,0.5,-9.98,-3.78,0.0,-4.8,14.0,5.25,22.0,0.5,1015.44,1017.8,1018.96,1017.72,13.0,2.24,22.0,0.5,0.0,2.0,7.0,3.0,13.0,3.1,22.0,0.5,76.1,80.7,83.0,79.6,4.0,4.4,16.0,0.8,0.8,0.3,-83.5,-11.7,0.0,-24.3,14.0,39.0,22.0,0.5,-121.1,-17.4,0.0,-53.4,14.0,79.4,22.0,0.5,-1.71,-0.7,0.12,-0.88,11.0,1.26,20.0,0.5,-18.6,-1.8,0.0,-8.6,11.0,12.5,20.0,0.5,1.61,1.79,2.12,1.87,3.0,0.38,14.0,0.7,24.9,27.5,27.9,26.4,3.0,2.4,14.0,0.7,-114.8,-56.9,0.0,-46.2,12.0,71.0,20.0,0.6,-210.5,-80.2,0.0,-101.2,12.0,111.7,20.0,0.6,-72.8,-67.2,3.4,-36.2,4.0,68.1,16.0,0.8,-166.4,-135.1,-41.2,-105.2,4.0,88.0,16.0,0.8,-14.3,-10.3,-9.3,-11.7,3.0,3.8,14.0,0.7,-24.7,-23.0,-22.2,-23.5,3.0,1.8,14.0,0.7,1.0,199.0,1794.0,793.0,14.0,1309.0,22.0,0.5,0.0,200.0,1795.0,795.0,14.0,1310.0,22.0,0.5
1887,9,310.3,-27.4,,,,,,,,,,,,,,,,,,,,,,,,,,,,,,,,,,,2.45,2.6,4.6,3.13,13.0,1.59,26.0,0.5,-1.97,-0.97,0.0,-0.73,13.0,2.37,26.0,0.5,-2.68,-2.41,-1.75,-2.36,13.0,0.96,26.0,0.5,1017.3,1018.7,1019.52,1018.56,13.0,2.67,26.0,0.5,,,,,,,,,,,,,,,,,,,,,,,,,,,,,,,,,,,,,,,,,,,,,,,,,,,,,,,,,,,,,,,,,,,,,,,,,,,,,,,,,,,,,,,,,,,,,,,,,,,,,,,,,,,,,,,,,,,,,,,,,,,,,,,,,,
1887,9,310.3,-25.4,,,,,,,,,,,,,,,,,,,,,,,,,,,,,,,,,,,2.6,2.6,2.6,2.6,2.0,0.0,28.0,1.0,-1.16,0.29,1.74,0.29,2.0,3.0,28.0,1.0,-1.39,-0.43,0.53,-0.43,2.0,1.99,28.0,1.0,1018.29,1018.7,1019.11,1018.7,2.0,0.85,28.0,1.0,,,,,,,,,,,,,,,,,,,,,,,,,,,,,,,,,,,,,,,,,,,,,,,,,,,,,,,,,,,,,,,,,,,,,,,,,,,,,,,,,,,,,,,,,,,,,,,,,,,,,,,,,,,,,,,,,,,,,,,,,,,,,,,,,,
1887,9,310.3,4.6,,,,,,,,,,,,,,,,,,,,,,,,,,,,,,,,,,,4.55,6.7,6.7,5.68,4.0,2.05,18.0,0.3,-6.7,-6.7,-4.55,-5.67,4.0,2.05,18.0,0.3,0.0,0.0,0.0,0.0,4.0,0.0,18.0,0.3,1011.0,1011.5,1012.52,1011.75,4.0,0.96,18.0,0.3,,,,,,,,,,,,,,,,,,,,,,,,,,,,,,,,,,,,,,,,,,,,,,,,,,,,,,,,,,,,,,,,,,,,,,,,,,,,,,,,,,,,,,,,,,,,,,,,,,,,,,,,,,,,,,,,,,,,,,,,,,,,,,,,,,
1887,9,310.3,6.6,,,,,,,,,,,,,,,,,,,,,,,,,,,,,,,,,,,2.6,4.6,4.8,4.15,13.0,1.48,22.0,0.5,-4.28,-2.6,-1.8,-3.06,13.0,1.25,22.0,0.5,1.8,2.16,3.9,2.6,13.0,1.38,22.0,0.5,1012.32,1013.0,1013.68,1013.0,3.0,1.0,20.0,0.7,,,,,,,,,,,,,,,,,,,,,,,,,,,,,,,,,,,,,,,,,,,,,,,,,,,,,,,,,,,,,,,,,,,,,,,,,,,,,,,,,,,,,,,,,,,,,,,,,,,,,,,,,,,,,,,,,,,,,,,,,,,,,,,,,,
1887,9,310.3,10.6,,,,,,,,,,,,,,,,,,,,,,,,,,,,,,,,,,,2.6,2.6,2.6,2.6,1.0,0.0,28.0,0.0,-0.97,-0.97,-0.97,-0.97,1.0,0.0,28.0,0.0,2.41,2.41,2.41,2.41,1.0,0.0,28.0,0.0,1012.9,1012.9,1012.9,1012.9,1.0,0.0,28.0,0.0,,,,,,,,,,,,,,,,,,,,,,,,,,,,,,,,,,,,,,,,,,,,,,,,,,,,,,,,,,,,,,,,,,,,,,,,,,,,,,,,,,,,,,,,,,,,,,,,,,,,,,,,,,,,,,,,,,,,,,,,,,,,,,,,,,
1887,9,310.3,12.6,,,,,,,,,,,,,,,,,,,,,,,,,,,,,,,,,,,3.86,4.6,4.6,4.0,6.0,1.47,26.0,0.5,-1.72,-1.05,0.0,-0.92,6.0,0.89,26.0,0.5,-0.21,4.27,4.33,2.29,6.0,3.64,26.0,0.5,1010.43,1012.0,1013.98,1012.1,6.0,1.88,26.0,0.5,,,,,,,,,,,,,,,,,,,,,,,,,,,,,,,,,,,,,,,,,,,,,,,,,,,,,,,,,,,,,,,,,,,,,,,,,,,,,,,,,,,,,,,,,,,,,,,,,,,,,,,,,,,,,,,,,,,,,,,,,,,,,,,,,,
1887,9,310.3,14.6,,,,,,,,,,,,,,,,,,,,,,,,,,,,,,,,,,,4.6,4.6,4.6,4.6,14.0,0.0,22.0,0.5,-4.54,-4.13,-3.67,-3.94,14.0,0.61,22.0,0.5,-0.64,2.02,2.77,1.58,14.0,1.73,22.0,0.5,1009.2,1009.6,1012.11,1010.23,15.0,1.5,22.0,0.5,,,,,,,,,,,,,,,,,,,,,,,,,,,,,,,,,,,,,,,,,,,,,,,,,,,,,,,,,,,,,,,,,,,,,,,,,,,,,,,,,,,,,,,,,,,,,,,,,,,,,,,,,,,,,,,,,,,,,,,,,,,,,,,,,,
1887,9,310.3,16.6,,,,,,,,,,,,,,,,,,,,,,,,,,,,,,,,,,,12.3,12.3,12.3,12.3,2.0,0.0,24.0,1.0,-12.3,-12.3,-12.3,-12.3,2.0,0.0,24.0,1.0,0.0,0.0,0.0,0.0,2.0,0.0,24.0,1.0,1014.49,1014.9,1015.31,1014.9,2.0,0.85,24.0,1.0,,,,,,,,,,,,,,,,,,,,,,,,,,,,,,,,,,,,,,,,,,,,,,,,,,,,,,,,,,,,,,,,,,,,,,,,,,,,,,,,,,,,,,,,,,,,,,,,,,,,,,,,,,,,,,,,,,,,,,,,,,,,,,,,,,
1887,9,310.3,18.6,,,,,,,,,,,,,,,,,,,,,,,,,,,,,,,,,,,2.6,4.6,12.3,6.53,7.0,4.18,10.0,0.4,-11.32,0.0,2.39,-2.98,7.0,6.21,10.0,0.4,-4.61,-1.02,4.81,-0.86,7.0,4.18,10.0,0.4,1015.08,1015.25,1015.42,1015.25,2.0,0.35,24.0,0.5,,,,,,,,,,,,,,,,,,,,,,,,,,,,,,,,,,,,,,,,,,,,,,,,,,,,,,,,,,,,,,,,,,,,,,,,,,,,,,,,,,,,,,,,,,,,,,,,,,,,,,,,,,,,,,,,,,,,,,,,,,,,,,,,,,
1887,9,310.3,20.6,27.8,27.8,27.8,27.79,18.0,0.19,26.0,0.5,26.7,26.7,28.48,27.32,18.0,1.02,26.0,0.5,19.81,20.02,20.32,20.06,15.0,0.38,26.0,0.5,81.6,87.8,91.5,87.5,15.0,4.5,26.0,0.5,0.5,0.4,2.6,2.6,4.6,3.14,18.0,1.37,26.0,0.5,-4.29,-2.53,-1.96,-2.82,18.0,1.58,26.0,0.5,-1.65,-0.47,0.58,-0.58,18.0,1.02,26.0,0.5,1012.33,1013.2,1014.28,1013.31,15.0,0.89,26.0,0.5,2.0,3.0,4.0,3.0,18.0,0.7,26.0,0.5,81.6,87.8,91.5,87.5,15.0,4.5,26.0,0.5,0.5,0.4,-19.8,-6.6,-5.1,-10.8,18.0,8.0,26.0,0.5,-7.6,-1.2,1.5,-2.4,18.0,3.8,26.0,0.5,-0.68,1.1,1.1,0.47,18.0,1.01,26.0,0.5,-3.1,1.6,4.4,0.8,18.0,3.7,26.0,0.5,3.06,3.37,3.58,3.32,15.0,0.38,26.0,0.5,8.8,10.6,15.5,11.6,15.0,3.1,26.0,0.5,-123.2,-68.3,-54.8,-78.0,18.0,44.2,26.0,0.5,-47.6,-12.4,15.6,-16.4,18.0,28.3,26.0,0.5,-89.5,-50.8,-49.6,-67.5,15.0,20.6,26.0,0.5,-33.2,-18.6,11.7,-11.4,15.0,20.4,26.0,0.5,-14.9,-9.2,-8.5,-11.0,15.0,3.0,26.0,0.5,-5.5,-2.8,2.0,-1.7,15.0,3.3,26.0,0.5,17.5,17.5,97.5,46.5,18.0,42.0,26.0,0.5,20.0,20.0,95.0,45.0,18.0,40.0,26.0,0.5
1887,9,310.3,32.6,,,,,,,,,,,,,,,,,,,,,,,,,,,,,,,,,,,4.6,4.6,4.6,4.6,1.0,0.0,22.0,1.0,4.35,4.35,4.35,4.35,1.0,0.0,22.0,1.0,-1.5,-1.5,-1.5,-1.5,1.0,0.0,22.0,1.0,1009.8,1009.8,1009.8,1009.8,1.0,0.0,22.0,1.0,,,,,,,,,,,,,,,,,,,,,,,,,,,,,,,,,,,,,,,,,,,,,,,,,,,,,,,,,,,,,,,,,,,,,,,,,,,,,,,,,,,,,,,,,,,,,,,,,,,,,,,,,,,,,,,,,,,,,,,,,,,,,,,,,,
1887,9,310.3,34.6,24.42,25.0,25.6,25.31,39.0,0.77,24.0,0.5,23.9,25.0,26.1,24.82,39.0,1.21,24.0,0.5,13.78,14.94,15.11,14.73,9.0,0.83,20.0,0.3,75.1,82.3,93.1,83.4,9.0,9.1,20.0,0.3,0.5,0.5,4.34,6.7,6.7,5.5,38.0,1.84,24.0,0.6,-6.5,-2.07,4.68,-1.04,38.0,4.64,24.0,0.6,-2.18,1.62,4.4,1.06,38.0,3.26,24.0,0.6,1008.47,1009.5,1017.81,1011.84,41.0,4.92,24.0,0.5,3.3,5.0,8.0,5.2,41.0,2.0,24.0,0.5,75.1,82.3,93.1,83.4,9.0,9.1,20.0,0.3,0.5,0.5,-43.6,-6.5,31.4,-5.5,38.0,30.1,24.0,0.6,-14.6,8.8,20.2,6.0,38.0,22.3,24.0,0.6,-0.6,0.5,1.68,0.49,39.0,1.27,24.0,0.5,-4.5,1.4,11.4,3.7,36.0,8.6,24.0,0.5,3.99,4.76,5.38,4.76,9.0,0.64,20.0,0.3,12.6,24.8,32.8,23.3,9.0,10.6,20.0,0.3,-162.5,-54.5,107.5,-36.1,36.0,111.1,24.0,0.5,-61.9,40.5,109.9,30.0,36.0,78.3,24.0,0.5,-44.6,-33.1,-23.8,-36.4,9.0,15.0,20.0,0.3,2.0,59.5,95.1,50.4,9.0,54.4,20.0,0.3,-13.0,-10.2,-8.5,-11.2,9.0,3.1,20.0,0.3,0.6,23.6,31.2,16.2,9.0,16.6,20.0,0.3,87.0,301.0,301.0,215.5,38.0,154.5,24.0,0.6,85.0,300.0,300.0,215.0,38.0,155.0,24.0,0.6
1887,9,310.3,36.6,,,,,,,,,,,,,,,,,,,,,,,,,,,,,,,,,,,6.7,6.7,9.3,7.58,38.0,2.04,22.0,0.4,-6.58,-6.5,-4.74,-5.65,38.0,2.76,22.0,0.4,1.51,1.62,4.97,2.93,38.0,3.74,22.0,0.4,1012.09,1014.3,1019.3,1015.39,37.0,3.59,22.0,0.5,,,,,,,,,,,,,,,,,,,,,,,,,,,,,,,,,,,,,,,,,,,,,,,,,,,,,,,,,,,,,,,,,,,,,,,,,,,,,,,,,,,,,,,,,,,,,,,,,,,,,,,,,,,,,,,,,,,,,,,,,,,,,,,,,,
1887,9,310.3,38.6,,,,,,,,,,,,,,,,,,,,,,,,,,,,,,,,,,,6.7,6.7,6.7,6.7,8.0,0.0,24.0,0.5,-6.68,-6.01,-5.49,-5.95,8.0,0.77,24.0,0.5,0.26,2.68,3.84,2.44,8.0,1.86,24.0,0.5,1021.33,1021.95,1022.54,1021.93,8.0,0.51,24.0,0.5,,,,,,,,,,,,,,,,,,,,,,,,,,,,,,,,,,,,,,,,,,,,,,,,,,,,,,,,,,,,,,,,,,,,,,,,,,,,,,,,,,,,,,,,,,,,,,,,,,,,,,,,,,,,,,,,,,,,,,,,,,,,,,,,,,
1887,9,310.3,42.6,,,,,,,,,,,,,,,,,,,,,,,,,,,,,,,,,,,2.6,6.7,9.8,5.7,27.0,3.05,8.0,0.4,-6.93,-0.71,4.43,-1.5,27.0,5.06,8.0,0.4,-3.67,-1.84,2.37,-0.65,27.0,3.84,8.0,0.4,1011.4,1011.4,1011.4,1011.4,1.0,0.0,22.0,0.0,,,,,,,,,,,,,,,,,,,,,,,,,,,,,,,,,,,,,,,,,,,,,,,,,,,,,,,,,,,,,,,,,,,,,,,,,,,,,,,,,,,,,,,,,,,,,,,,,,,,,,,,,,,,,,,,,,,,,,,,,,,,,,,,,,
1887,9,310.3,44.6,,,,,,,,,,,,,,,,,,,,,,,,,,,,,,,,,,,2.6,4.6,7.9,5.24,17.0,2.57,20.0,0.4,-3.91,0.0,1.82,-0.91,17.0,3.52,20.0,0.4,-3.42,1.72,5.42,0.54,17.0,4.72,20.0,0.4,1011.27,1014.45,1026.35,1016.75,12.0,6.5,24.0,0.3,,,,,,,,,,,,,,,,,,,,,,,,,,,,,,,,,,,,,,,,,,,,,,,,,,,,,,,,,,,,,,,,,,,,,,,,,,,,,,,,,,,,,,,,,,,,,,,,,,,,,,,,,,,,,,,,,,,,,,,,,,,,,,,,,,
1887,9,310.3,46.6,,,,,,,,,,,,,,,,,,,,,,,,,,,,,,,,,,,4.6,4.6,6.7,5.31,12.0,1.35,16.0,0.4,-2.53,2.88,4.64,1.64,12.0,3.69,16.0,0.4,-2.78,0.86,4.74,1.03,12.0,3.85,16.0,0.4,1017.21,1020.75,1024.12,1020.62,6.0,3.83,14.0,0.7,,,,,,,,,,,,,,,,,,,,,,,,,,,,,,,,,,,,,,,,,,,,,,,,,,,,,,,,,,,,,,,,,,,,,,,,,,,,,,,,,,,,,,,,,,,,,,,,,,,,,,,,,,,,,,,,,,,,,,,,,,,,,,,,,,
1887,9,312.3,-47.4,,,,,,,,,,,,,,,,,,,,,,,,,,,,,,,,,,,6.7,12.3,18.03,13.02,9.0,7.3,14.0,0.7,-2.34,0.0,10.78,3.24,9.0,6.64,14.0,0.7,1.06,11.32,14.62,9.63,9.0,9.15,14.0,0.7,1004.39,1005.45,1008.37,1007.05,6.0,5.0,18.0,0.5,,,,,,,,,,,,,,,,,,,,,,,,,,,,,,,,,,,,,,,,,,,,,,,,,,,,,,,,,,,,,,,,,,,,,,,,,,,,,,,,,,,,,,,,,,,,,,,,,,,,,,,,,,,,,,,,,,,,,,,,,,,,,,,,,,
1887,9,312.3,-45.4,,,,,,,,,,,,,,,,,,,,,,,,,,,,,,,,,,,1.63,8.0,9.3,6.83,8.0,4.29,18.0,0.5,0.08,2.51,3.48,2.09,8.0,2.73,18.0,0.5,0.69,6.39,8.62,5.95,8.0,4.33,18.0,0.5,1005.73,1013.4,1015.13,1010.87,7.0,4.89,18.0,0.4,,,,,,,,,,,,,,,,,,,,,,,,,,,,,,,,,,,,,,,,,,,,,,,,,,,,,,,,,,,,,,,,,,,,,,,,,,,,,,,,,,,,,,,,,,,,,,,,,,,,,,,,,,,,,,,,,,,,,,,,,,,,,,,,,,
1887,9,312.3,-43.4,7.1,7.1,7.1,7.1,1.0,0.0,16.0,0.0,5.82,5.85,5.88,5.85,2.0,0.07,16.0,0.5,4.55,4.57,4.58,4.57,2.0,0.02,16.0,0.5,79.5,79.9,80.3,79.9,2.0,0.8,16.0,0.5,1.0,0.5,7.11,8.0,8.89,8.0,2.0,1.84,16.0,0.5,5.03,5.66,6.28,5.66,2.0,1.3,16.0,0.5,5.03,5.66,6.28,5.66,2.0,1.3,16.0,0.5,1014.43,1014.5,1014.57,1014.5,2.0,0.14,16.0,0.5,6.0,6.0,6.0,6.0,2.0,0.0,16.0,0.5,79.5,79.9,80.3,79.9,2.0,0.8,16.0,0.5,1.0,0.5,36.4,46.4,56.5,46.4,2.0,20.8,16.0,0.5,36.4,46.4,56.5,46.4,2.0,20.8,16.0,0.5,1.3,1.3,1.3,1.3,1.0,0.0,16.0,0.0,8.7,8.7,8.7,8.7,1.0,0.0,16.0,0.0,1.65,1.65,1.65,1.65,1.0,0.0,16.0,0.0,11.1,11.1,11.1,11.1,1.0,0.0,16.0,0.0,29.3,33.1,37.0,33.1,2.0,8.0,16.0,0.5,29.3,33.1,37.0,33.1,2.0,8.0,16.0,0.5,23.0,25.8,28.6,25.8,2.0,5.8,16.0,0.5,23.0,25.8,28.6,25.8,2.0,5.8,16.0,0.5,7.8,7.8,7.8,7.8,1.0,0.0,16.0,0.0,7.8,7.8,7.8,7.8,1.0,0.0,16.0,0.0,380.5,552.5,724.5,552.5,2.0,356.0,16.0,0.5,380.0,555.0,725.0,555.0,2.0,355.0,16.0,0.5
1887,9,312.3,-39.4,,,,,,,,,,,,,,,,,,,,,,,,,,,,,,,,,,,17.69,19.0,22.6,19.72,5.0,3.01,6.0,0.4,6.63,13.44,15.98,11.66,5.0,4.89,6.0,0.4,13.97,15.98,16.58,15.46,5.0,1.63,6.0,0.4,1007.59,1011.05,1018.41,1012.35,6.0,5.67,6.0,0.5,,,,,,,,,,,,,,,,,,,,,,,,,,,,,,,,,,,,,,,,,,,,,,,,,,,,,,,,,,,,,,,,,,,,,,,,,,,,,,,,,,,,,,,,,,,,,,,,,,,,,,,,,,,,,,,,,,,,,,,,,,,,,,,,,,
1887,9,312.3,-37.4,,,,,,,,,,,,,,,,,,,,,,,,,,,,,,,,,,,1.1,6.7,9.3,6.04,14.0,3.88,4.0,0.6,0.72,5.18,6.58,4.53,14.0,2.94,4.0,0.6,-2.26,2.15,6.58,2.33,14.0,4.21,4.0,0.6,1019.0,1021.0,1022.66,1020.21,14.0,3.23,4.0,0.6,,,,,,,,,,,,,,,,,,,,,,,,,,,,,,,,,,,,,,,,,,,,,,,,,,,,,,,,,,,,,,,,,,,,,,,,,,,,,,,,,,,,,,,,,,,,,,,,,,,,,,,,,,,,,,,,,,,,,,,,,,,,,,,,,,
1887,9,312.3,-35.4,,,,,,,,,,,,,,,,,,,,,,,,,,,,,,,,,,,5.52,9.5,12.94,9.07,6.0,5.24,2.0,0.3,1.09,3.56,7.56,4.39,6.0,3.92,2.0,0.3,5.12,8.45,11.0,7.72,6.0,4.0,2.0,0.3,1019.0,1020.5,1024.0,1021.17,6.0,2.32,2.0,0.3,,,,,,,,,,,,,,,,,,,,,,,,,,,,,,,,,,,,,,,,,,,,,,,,,,,,,,,,,,,,,,,,,,,,,,,,,,,,,,,,,,,,,,,,,,,,,,,,,,,,,,,,,,,,,,,,,,,,,,,,,,,,,,,,,,
1887,9,312.3,-33.4,18.3,18.3,19.87,18.76,9.0,0.87,10.0,0.8,15.81,16.7,17.9,16.69,13.0,1.76,10.0,0.6,10.64,11.27,11.28,11.01,5.0,0.39,2.0,0.6,89.1,89.8,89.8,89.5,5.0,0.3,2.0,0.6,0.1,1.0,3.71,9.3,12.3,9.42,9.0,5.49,14.0,0.7,-6.44,0.0,2.18,-1.95,9.0,4.56,14.0,0.7,0.0,8.62,12.06,7.23,9.0,6.79,14.0,0.7,1012.68,1019.6,1021.3,1017.74,11.0,4.41,12.0,0.6,2.1,4.0,4.0,3.8,14.0,1.8,10.0,0.6,89.1,89.8,89.8,89.5,5.0,0.3,2.0,0.6,0.1,1.0,-78.5,0.0,13.5,-31.3,9.0,55.6,14.0,0.7,0.0,80.2,148.3,98.0,9.0,109.6,14.0,0.7,,,,,,,,,,,,,,,,,,,,,,,,,,,,,,,,,,,,,,,,,,,,,,,,,,,,,,,,,,,,,,,,,,,,,,,,,,,,,,,,,,,,,,,,,,,,,,,,
1887,9,312.3,-31.4,18.0,18.6,19.4,18.77,12.0,0.83,12.0,0.4,15.08,17.2,18.9,16.87,16.0,1.6,10.0,0.5,9.0,11.28,12.09,10.77,11.0,1.36,8.0,0.5,82.8,89.8,89.9,88.0,11.0,4.3,8.0,0.5,0.3,0.4,8.1,9.3,10.06,8.72,12.0,3.09,12.0,0.4,-9.3,-7.22,1.57,-4.29,12.0,7.04,12.0,0.4,-4.13,0.94,5.18,0.95,12.0,4.67,12.0,0.4,1016.41,1019.4,1020.55,1018.06,16.0,3.41,10.0,0.5,4.0,6.0,7.6,5.6,16.0,1.7,10.0,0.5,82.8,89.8,89.9,88.0,11.0,4.3,8.0,0.5,0.3,0.4,-86.5,-67.1,20.8,-38.1,12.0,75.1,12.0,0.4,-27.0,9.0,53.0,13.4,12.0,47.2,12.0,0.4,-0.6,1.65,2.85,1.36,12.0,1.79,12.0,0.4,6.1,15.8,25.4,16.9,8.0,11.4,18.0,0.3,0.88,2.06,2.7,1.8,8.0,0.94,10.0,0.5,23.5,24.9,25.2,24.4,4.0,1.3,16.0,0.3,-161.4,-113.8,23.5,-72.5,12.0,110.6,12.0,0.4,-75.6,14.3,81.2,11.1,12.0,76.2,12.0,0.4,-105.4,-69.9,-69.7,-83.7,7.0,18.4,10.0,0.4,-72.4,-1.8,42.7,-1.1,7.0,53.6,10.0,0.4,-23.6,-20.0,-17.5,-20.5,4.0,3.6,16.0,0.3,-18.1,-9.3,-0.4,-9.3,4.0,10.2,16.0,0.3,624.5,804.5,1073.0,854.5,12.0,551.5,12.0,0.4,625.0,805.0,1075.0,855.0,12.0,550.0,12.0,0.4
1887,9,312.3,-29.4,18.8,19.7,20.7,19.67,23.0,0.92,16.0,0.7,15.79,17.7,20.0,18.16,26.0,2.19,16.0,0.7,10.27,10.68,12.69,11.22,10.0,1.4,14.0,0.7,85.9,90.7,94.8,90.1,12.0,7.0,14.0,0.7,0.6,0.5,4.54,9.3,12.3,9.27,26.0,4.35,16.0,0.7,-8.79,-2.74,5.41,-1.62,26.0,7.06,16.0,0.7,-3.26,4.41,7.23,2.2,26.0,7.12,16.0,0.7,1011.85,1016.7,1020.31,1016.56,23.0,3.84,16.0,0.7,2.0,5.0,8.0,4.9,25.0,2.4,16.0,0.6,85.9,90.7,94.8,90.1,12.0,7.0,14.0,0.7,0.6,0.5,-129.8,-10.2,54.8,-19.3,26.0,84.6,16.0,0.7,-15.0,36.0,78.0,13.0,26.0,102.3,16.0,0.7,-1.0,1.7,3.2,1.43,23.0,1.86,16.0,0.7,-6.5,12.1,27.1,12.2,23.0,18.5,16.0,0.7,0.39,2.6,2.95,1.96,8.0,1.3,16.0,0.8,6.7,28.3,36.2,23.8,8.0,15.1,16.0,0.8,-152.0,-49.7,103.9,-27.8,26.0,119.8,16.0,0.7,-57.9,75.7,125.2,34.5,26.0,137.0,16.0,0.7,-120.8,-91.9,-17.6,-72.3,10.0,62.7,14.0,0.7,-171.5,45.7,61.6,-20.9,10.0,120.1,14.0,0.7,-33.8,-26.4,-2.4,-20.6,8.0,15.0,16.0,0.8,-3.7,10.1,13.0,4.5,8.0,12.1,16.0,0.8,94.5,804.5,1861.0,1300.0,26.0,1470.0,16.0,0.7,95.0,805.0,1860.0,1300.0,26.0,1470.0,16.0,0.7
1887,9,312.3,-27.4,18.6,19.7,20.6,19.58,23.0,0.98,24.0,0.5,17.07,19.3,21.2,19.17,24.0,2.11,24.0,0.5,9.88,13.45,14.59,12.51,5.0,2.57,18.0,0.4,82.8,93.1,96.7,90.7,6.0,7.3,16.0,0.5,0.6,0.4,1.0,4.6,6.7,4.48,25.0,3.32,24.0,0.5,-3.3,0.0,1.06,-0.38,25.0,2.75,24.0,0.5,-4.78,-2.13,1.17,-1.96,25.0,4.49,24.0,0.5,1016.15,1017.9,1019.56,1018.0,23.0,2.39,24.0,0.4,0.0,0.0,8.0,2.7,25.0,3.5,24.0,0.5,82.8,93.1,96.7,90.7,6.0,7.3,16.0,0.5,0.6,0.4,-15.2,0.0,4.4,-3.5,25.0,19.8,24.0,0.5,-32.1,-6.3,4.2,-14.2,25.0,46.1,24.0,0.5,-1.07,0.0,1.73,0.23,22.0,1.31,24.0,0.5,-4.4,0.2,4.3,-0.3,22.0,7.1,24.0,0.5,-0.77,-0.44,0.46,-0.16,3.0,0.93,14.0,0.7,-6.0,-5.4,5.6,-0.3,3.0,9.6,14.0,0.7,-75.7,0.0,21.9,-10.5,24.0,53.2,24.0,0.5,-96.4,-40.8,25.1,-42.2,24.0,88.1,24.0,0.5,-68.5,0.0,2.8,-26.0,5.0,39.3,18.0,0.4,-161.3,-102.9,36.1,-66.6,5.0,110.6,18.0,0.4,0.0,0.0,1.5,0.7,3.0,1.3,14.0,0.7,-5.8,4.9,5.8,0.1,3.0,9.4,14.0,0.7,1.0,97.5,301.0,265.0,25.0,513.0,24.0,0.5,0.0,95.0,300.0,265.0,25.0,515.0,24.0,0.5
1887,9,312.3,-25.4,19.8,20.6,21.73,20.68,12.0,1.02,18.0,0.8,19.97,21.65,22.55,21.43,12.0,1.28,18.0,0.8,14.51,14.59,14.66,14.59,2.0,0.16,10.0,1.0,87.9,92.6,97.2,92.6,2.0,9.6,10.0,1.0,0.8,0.8,0.0,2.6,6.7,3.08,11.0,2.85,18.0,0.8,-4.58,-0.39,0.05,-1.15,11.0,2.48,18.0,0.8,-4.85,-0.56,0.0,-1.57,11.0,2.87,18.0,0.8,1014.77,1016.7,1018.15,1016.54,12.0,1.44,18.0,0.8,6.0,7.0,8.0,6.5,11.0,2.0,18.0,0.8,87.9,92.6,97.2,92.6,2.0,9.6,10.0,1.0,0.8,0.8,-25.0,-0.4,0.3,-6.5,11.0,14.6,18.0,0.8,-32.5,-0.9,0.0,-9.4,11.0,18.5,18.0,0.8,-0.98,-0.75,-0.32,-0.75,12.0,0.54,18.0,0.8,-3.2,-0.7,0.0,-1.5,11.0,1.9,18.0,0.8,0.24,0.77,1.29,0.77,2.0,1.09,10.0,1.0,0.0,0.0,0.0,0.0,2.0,0.0,10.0,1.0,-92.0,-8.1,1.0,-23.8,11.0,52.5,18.0,0.8,-97.1,-12.1,0.0,-31.3,11.0,58.7,18.0,0.8,-56.7,-33.7,-10.7,-33.7,2.0,47.7,10.0,1.0,-58.7,-34.9,-11.1,-34.9,2.0,49.3,10.0,1.0,0.0,0.0,0.0,0.0,2.0,0.0,10.0,1.0,0.0,0.0,0.0,0.0,2.0,0.0,10.0,1.0,0.0,17.5,301.0,101.5,11.0,133.0,18.0,0.8,0.0,20.0,300.0,100.0,11.0,135.0,18.0,0.8
1887,9,312.3,2.6,,,,,,,,,,,,,,,,,,,,,,,,,,,,,,,,,,,4.6,4.6,4.6,4.6,5.0,0.0,18.0,0.6,-4.6,-4.6,-3.25,-4.06,5.0,0.74,18.0,0.6,0.0,0.0,3.25,1.3,5.0,1.78,18.0,0.6,1010.0,1010.0,1012.37,1011.0,5.0,1.41,18.0,0.6,,,,,,,,,,,,,,,,,,,,,,,,,,,,,,,,,,,,,,,,,,,,,,,,,,,,,,,,,,,,,,,,,,,,,,,,,,,,,,,,,,,,,,,,,,,,,,,,,,,,,,,,,,,,,,,,,,,,,,,,,,,,,,,,,,
1887,9,312.3,12.6,,,,,,,,,,,,,,,,,,,,,,,,,,,,,,,,,,,4.6,4.6,6.23,5.02,15.0,0.87,22.0,0.4,-4.46,-3.67,-2.77,-3.59,15.0,0.75,22.0,0.4,-5.03,-3.67,1.11,-2.12,15.0,2.93,22.0,0.4,1010.0,1010.1,1011.48,1010.58,15.0,0.86,22.0,0.4,,,,,,,,,,,,,,,,,,,,,,,,,,,,,,,,,,,,,,,,,,,,,,,,,,,,,,,,,,,,,,,,,,,,,,,,,,,,,,,,,,,,,,,,,,,,,,,,,,,,,,,,,,,,,,,,,,,,,,,,,,,,,,,,,,
1887,9,312.3,14.6,,,,,,,,,,,,,,,,,,,,,,,,,,,,,,,,,,,4.6,4.6,6.97,6.0,7.0,2.89,26.0,0.3,-6.46,-4.23,-3.25,-5.25,7.0,2.89,26.0,0.3,-2.61,1.8,3.25,0.71,7.0,3.05,26.0,0.3,1011.79,1012.6,1013.83,1012.51,7.0,1.59,26.0,0.3,,,,,,,,,,,,,,,,,,,,,,,,,,,,,,,,,,,,,,,,,,,,,,,,,,,,,,,,,,,,,,,,,,,,,,,,,,,,,,,,,,,,,,,,,,,,,,,,,,,,,,,,,,,,,,,,,,,,,,,,,,,,,,,,,,
1887,9,312.3,16.6,,,,,,,,,,,,,,,,,,,,,,,,,,,,,,,,,,,6.7,6.7,12.3,9.1,7.0,2.99,24.0,0.4,-12.3,-6.21,-6.21,-8.69,7.0,3.11,24.0,0.4,-2.61,-2.51,0.0,-2.09,7.0,1.62,24.0,0.4,1012.44,1013.5,1013.81,1013.19,7.0,1.01,24.0,0.4,,,,,,,,,,,,,,,,,,,,,,,,,,,,,,,,,,,,,,,,,,,,,,,,,,,,,,,,,,,,,,,,,,,,,,,,,,,,,,,,,,,,,,,,,,,,,,,,,,,,,,,,,,,,,,,,,,,,,,,,,,,,,,,,,,
1887,9,312.3,18.6,26.33,26.7,26.7,26.51,11.0,0.41,18.0,0.7,26.58,27.8,28.01,27.43,11.0,0.72,18.0,0.7,19.98,20.2,20.32,20.14,8.0,0.22,24.0,0.9,84.2,87.3,87.7,87.0,8.0,2.4,24.0,0.9,0.7,0.8,4.6,6.7,6.7,6.17,11.0,1.46,18.0,0.7,-6.7,-6.17,-3.83,-5.56,11.0,1.74,18.0,0.7,-3.25,0.0,2.62,-0.31,11.0,2.64,18.0,0.7,1015.56,1016.1,1016.19,1015.96,8.0,0.29,24.0,0.9,4.0,4.0,5.0,4.3,11.0,0.8,18.0,0.7,84.2,87.3,87.7,87.0,8.0,2.4,24.0,0.9,0.7,0.8,-44.9,-41.3,-17.6,-36.4,11.0,20.1,18.0,0.7,-15.6,0.0,17.5,-1.6,11.0,16.4,18.0,0.7,-1.31,-1.1,-0.42,-0.92,11.0,0.5,18.0,0.7,-7.4,-7.4,-2.5,-5.3,11.0,2.7,18.0,0.7,1.52,1.64,1.87,1.7,8.0,0.22,24.0,0.9,8.3,10.2,13.8,11.1,8.0,3.2,24.0,0.9,-183.9,-171.5,-107.1,-152.3,11.0,47.2,18.0,0.7,-87.2,0.0,72.8,-7.0,11.0,71.3,18.0,0.7,-135.7,-125.3,-96.0,-125.5,8.0,29.6,24.0,0.9,0.0,18.0,53.2,20.0,8.0,33.5,24.0,0.9,-13.8,-9.4,-8.2,-10.6,8.0,3.3,24.0,0.9,0.0,1.6,4.0,1.5,8.0,2.7,24.0,0.9,97.5,301.0,301.0,272.5,11.0,202.5,18.0,0.7,95.0,300.0,300.0,275.0,11.0,205.0,18.0,0.7
1887,9,312.3,20.6,26.7,26.7,27.8,27.14,5.0,0.6,24.0,0.0,26.7,26.7,26.88,26.8,5.0,0.22,24.0,0.0,19.88,19.98,19.98,19.93,5.0,0.11,24.0,0.0,90.1,91.5,91.5,90.8,5.0,1.7,24.0,0.0,0.2,0.1,3.87,4.6,5.37,4.62,5.0,1.45,24.0,0.0,-5.17,-4.5,-3.64,-4.42,5.0,1.27,24.0,0.0,0.07,0.96,2.1,1.1,5.0,1.11,24.0,0.0,1014.7,1014.7,1015.6,1015.06,5.0,0.49,24.0,0.0,2.0,3.0,3.4,2.8,5.0,0.8,24.0,0.0,90.1,91.5,91.5,90.8,5.0,1.7,24.0,0.0,0.2,0.1,-28.5,-20.7,-14.8,-21.9,5.0,12.4,24.0,0.0,0.3,4.4,11.7,6.1,5.0,7.2,24.0,0.0,-0.18,0.0,1.1,0.34,5.0,0.72,24.0,0.0,-1.2,0.0,3.7,0.9,5.0,3.2,24.0,0.0,1.88,2.12,3.36,2.52,5.0,0.77,24.0,0.0,8.7,8.7,14.7,11.1,5.0,3.4,24.0,0.0,-139.2,-120.1,-97.1,-118.6,5.0,35.0,24.0,0.0,1.8,25.5,56.5,29.6,5.0,30.2,24.0,0.0,-102.8,-89.9,-72.6,-88.0,5.0,24.8,24.0,0.0,1.3,19.1,41.6,21.8,5.0,22.0,24.0,0.0,-14.0,-8.7,-8.3,-10.7,5.0,3.3,24.0,0.0,0.2,1.8,4.2,2.2,5.0,2.3,24.0,0.0,68.0,97.5,171.5,122.0,5.0,105.5,24.0,0.0,70.0,95.0,170.0,120.0,5.0,105.0,24.0,0.0
1887,9,312.3,34.6,24.4,25.0,25.6,24.92,21.0,0.65,22.0,0.7,23.23,24.4,24.49,24.05,19.0,0.98,22.0,0.6,13.22,13.8,14.07,13.65,10.0,0.61,20.0,0.6,74.6,77.2,78.2,76.7,10.0,1.6,20.0,0.6,0.4,0.6,3.58,6.7,6.7,5.53,23.0,1.62,22.0,0.6,-1.78,0.93,4.53,0.99,23.0,3.53,22.0,0.6,-6.47,-4.6,0.14,-3.4,23.0,3.0,22.0,0.6,1011.05,1020.5,1023.29,1017.78,24.0,5.87,22.0,0.6,2.7,4.0,6.0,4.3,24.0,1.5,22.0,0.6,74.6,77.2,78.2,76.7,10.0,1.6,20.0,0.6,0.4,0.6,-4.6,6.2,30.0,6.5,23.0,21.7,22.0,0.6,-43.3,-25.7,0.8,-20.9,23.0,20.5,22.0,0.6,0.0,1.2,1.6,0.93,19.0,0.65,22.0,0.6,0.0,8.0,10.7,5.7,19.0,4.6,22.0,0.6,4.75,5.32,5.77,5.29,10.0,0.55,20.0,0.6,12.9,26.8,38.7,26.2,10.0,12.5,20.0,0.6,-66.2,22.8,109.4,15.2,19.0,90.5,22.0,0.6,-162.1,-121.5,-19.0,-87.4,19.0,73.1,22.0,0.6,-26.3,29.2,62.9,16.8,10.0,46.5,20.0,0.6,-76.6,-43.1,-16.6,-44.6,10.0,28.6,20.0,0.6,-9.4,12.4,23.1,7.2,10.0,17.3,20.0,0.6,-34.6,-15.5,-5.7,-18.5,10.0,13.5,20.0,0.6,57.0,301.0,301.0,207.5,23.0,122.0,22.0,0.6,55.0,300.0,300.0,205.0,23.0,120.0,22.0,0.6
1887,9,312.3,36.6,,,,,,,,,,,,,,,,,,,,,,,,,,,,,,,,,,,2.6,4.6,6.7,5.09,22.0,2.33,16.0,0.4,0.0,1.72,4.23,1.32,22.0,3.61,16.0,0.4,-4.49,-1.82,3.23,-0.32,22.0,4.2,16.0,0.4,1017.03,1022.45,1023.83,1020.8,22.0,4.28,16.0,0.4,,,,,,,,,,,,,,,,,,,,,,,,,,,,,,,,,,,,,,,,,,,,,,,,,,,,,,,,,,,,,,,,,,,,,,,,,,,,,,,,,,,,,,,,,,,,,,,,,,,,,,,,,,,,,,,,,,,,,,,,,,,,,,,,,,
1887,9,312.3,38.6,,,,,,,,,,,,,,,,,,,,,,,,,,,,,,,,,,,12.3,12.3,12.3,12.3,1.0,0.0,2.0,0.0,-4.61,-4.61,-4.61,-4.61,1.0,0.0,2.0,0.0,11.4,11.4,11.4,11.4,1.0,0.0,2.0,0.0,1022.6,1022.6,1022.6,1022.6,1.0,0.0,2.0,0.0,,,,,,,,,,,,,,,,,,,,,,,,,,,,,,,,,,,,,,,,,,,,,,,,,,,,,,,,,,,,,,,,,,,,,,,,,,,,,,,,,,,,,,,,,,,,,,,,,,,,,,,,,,,,,,,,,,,,,,,,,,,,,,,,,,
1887,9,312.3,44.6,,,,,,,,,,,,,,,,,,,,,,,,,,,,,,,,,,,0.0,1.0,6.33,2.81,21.0,3.12,14.0,0.6,-3.15,0.0,1.68,-0.21,21.0,2.41,14.0,0.6,-3.9,-0.52,1.42,-1.15,21.0,3.28,14.0,0.6,1011.04,1029.1,1031.89,1024.44,20.0,8.9,14.0,0.6,,,,,,,,,,,,,,,,,,,,,,,,,,,,,,,,,,,,,,,,,,,,,,,,,,,,,,,,,,,,,,,,,,,,,,,,,,,,,,,,,,,,,,,,,,,,,,,,,,,,,,,,,,,,,,,,,,,,,,,,,,,,,,,,,,
1887,9,312.3,46.6,,,,,,,,,,,,,,,,,,,,,,,,,,,,,,,,,,,4.6,6.7,6.7,6.14,14.0,1.37,18.0,0.5,-2.46,0.0,3.74,0.58,14.0,2.71,18.0,0.5,3.84,4.74,6.7,4.59,14.0,3.47,18.0,0.5,1008.87,1013.55,1020.31,1014.34,8.0,5.0,22.0,0.4,,,,,,,,,,,,,,,,,,,,,,,,,,,,,,,,,,,,,,,,,,,,,,,,,,,,,,,,,,,,,,,,,,,,,,,,,,,,,,,,,,,,,,,,,,,,,,,,,,,,,,,,,,,,,,,,,,,,,,,,,,,,,,,,,,
1887,9,312.3,48.6,,,,,,,,,,,,,,,,,,,,,,,,,,,,,,,,,,,3.46,5.65,6.7,5.65,10.0,3.03,18.0,0.4,-1.45,2.27,5.15,1.85,10.0,3.3,18.0,0.4,-3.97,2.17,4.78,0.39,10.0,5.46,18.0,0.4,1016.63,1019.7,1022.77,1019.7,2.0,6.36,12.0,0.5,,,,,,,,,,,,,,,,,,,,,,,,,,,,,,,,,,,,,,,,,,,,,,,,,,,,,,,,,,,,,,,,,,,,,,,,,,,,,,,,,,,,,,,,,,,,,,,,,,,,,,,,,,,,,,,,,,,,,,,,,,,,,,,,,,
1887,9,314.3,-47.4,,,,,,,,,,,,,,,,,,,,,,,,,,,,,,,,,,,12.3,12.3,12.3,12.3,1.0,0.0,20.0,1.0,6.7,6.7,6.7,6.7,1.0,0.0,20.0,1.0,10.32,10.32,10.32,10.32,1.0,0.0,20.0,1.0,1005.9,1005.9,1005.9,1005.9,1.0,0.0,20.0,1.0,,,,,,,,,,,,,,,,,,,,,,,,,,,,,,,,,,,,,,,,,,,,,,,,,,,,,,,,,,,,,,,,,,,,,,,,,,,,,,,,,,,,,,,,,,,,,,,,,,,,,,,,,,,,,,,,,,,,,,,,,,,,,,,,,,
1887,9,314.3,-45.4,,,,,,,,,,,,,,,,,,,,,,,,,,,,,,,,,,,5.66,10.8,15.4,9.81,12.0,5.05,20.0,0.9,-4.08,2.23,7.67,1.72,12.0,6.83,20.0,0.9,-9.25,5.49,9.56,2.52,12.0,8.58,20.0,0.9,1004.51,1005.9,1015.48,1008.87,9.0,6.01,20.0,0.9,,,,,,,,,,,,,,,,,,,,,,,,,,,,,,,,,,,,,,,,,,,,,,,,,,,,,,,,,,,,,,,,,,,,,,,,,,,,,,,,,,,,,,,,,,,,,,,,,,,,,,,,,,,,,,,,,,,,,,,,,,,,,,,,,,
1887,9,314.3,-43.4,,,,,,,,,,,,,,,,,,,,,,,,,,,,,,,,,,,6.7,6.7,9.3,7.74,5.0,1.42,18.0,0.6,4.33,4.74,6.35,5.18,5.0,1.2,18.0,0.6,3.92,4.74,7.3,5.42,5.0,2.27,18.0,0.6,1005.33,1010.6,1011.33,1008.38,5.0,5.25,18.0,0.6,,,,,,,,,,,,,,,,,,,,,,,,,,,,,,,,,,,,,,,,,,,,,,,,,,,,,,,,,,,,,,,,,,,,,,,,,,,,,,,,,,,,,,,,,,,,,,,,,,,,,,,,,,,,,,,,,,,,,,,,,,,,,,,,,,
1887,9,314.3,-33.4,,,,,,,,,,,,,,,,,,,,,,,,,,,,,,,,,,,6.7,9.3,12.62,10.43,7.0,4.54,10.0,0.4,-6.21,-4.61,4.89,-1.23,7.0,5.7,10.0,0.4,-4.83,6.17,11.7,4.65,7.0,9.38,10.0,0.4,1012.12,1012.8,1017.65,1014.83,3.0,4.42,20.0,0.7,,,,,,,,,,,,,,,,,,,,,,,,,,,,,,,,,,,,,,,,,,,,,,,,,,,,,,,,,,,,,,,,,,,,,,,,,,,,,,,,,,,,,,,,,,,,,,,,,,,,,,,,,,,,,,,,,,,,,,,,,,,,,,,,,,
1887,9,314.3,-31.4,,,,,,,,,,,,,,,,,,,,,,,,,,,,,,,,,,,2.6,2.6,12.45,6.1,7.0,5.42,20.0,0.6,-1.87,-1.84,11.6,2.53,7.0,7.53,20.0,0.6,-1.84,0.0,4.5,0.51,7.0,2.88,20.0,0.6,1014.6,1018.7,1020.71,1017.27,7.0,4.3,20.0,0.6,,,,,,,,,,,,,,,,,,,,,,,,,,,,,,,,,,,,,,,,,,,,,,,,,,,,,,,,,,,,,,,,,,,,,,,,,,,,,,,,,,,,,,,,,,,,,,,,,,,,,,,,,,,,,,,,,,,,,,,,,,,,,,,,,,
1887,9,314.3,-29.4,18.95,19.4,20.7,19.71,11.0,0.93,14.0,0.2,16.62,18.0,23.91,19.49,15.0,3.32,12.0,0.3,9.7,11.78,18.28,13.68,9.0,4.21,12.0,0.2,82.4,95.9,100.0,92.5,9.0,8.3,12.0,0.2,0.5,0.5,4.6,9.3,16.85,9.37,15.0,5.54,12.0,0.3,-12.69,-5.85,1.26,-5.57,15.0,5.88,12.0,0.3,-0.21,5.8,11.87,5.56,15.0,4.89,12.0,0.3,1012.9,1018.1,1020.0,1016.85,15.0,4.63,12.0,0.3,3.7,6.0,8.0,6.3,15.0,2.1,12.0,0.3,82.4,95.9,100.0,92.5,9.0,8.3,12.0,0.2,0.5,0.5,-221.2,-54.4,6.9,-77.9,15.0,100.2,12.0,0.3,-0.9,41.9,210.1,74.9,15.0,94.5,12.0,0.3,-5.0,0.1,2.47,-0.67,11.0,3.38,14.0,0.2,-46.5,0.3,24.4,-5.5,11.0,36.9,14.0,0.2,-4.39,-3.47,1.52,-2.05,6.0,3.15,16.0,0.0,-41.9,-36.0,28.8,-15.2,6.0,40.4,16.0,0.0,-221.6,-118.4,24.6,-106.8,15.0,114.2,12.0,0.3,-4.5,109.9,187.1,102.9,15.0,90.8,12.0,0.3,-167.3,-128.3,-62.8,-123.9,9.0,57.9,12.0,0.2,48.9,82.8,151.2,97.8,9.0,68.0,12.0,0.2,-20.7,27.2,37.0,13.2,6.0,31.0,16.0,0.0,-27.9,-9.2,20.0,-5.0,6.0,26.7,16.0,0.0,97.5,804.5,5516.0,1749.0,15.0,2663.5,12.0,0.3,95.0,805.0,5515.0,1750.0,15.0,2665.0,12.0,0.3
1887,9,314.3,-27.4,20.15,20.75,21.5,20.78,12.0,0.68,12.0,0.5,17.97,20.5,21.91,20.05,15.0,1.84,12.0,0.5,10.32,10.52,10.91,10.61,3.0,0.44,16.0,0.7,81.1,90.6,92.9,87.3,7.0,5.8,14.0,0.4,0.5,0.8,6.7,6.7,11.63,8.27,15.0,3.06,12.0,0.5,-5.66,3.15,4.38,0.68,15.0,4.88,12.0,0.5,-8.15,0.32,5.92,-0.4,15.0,7.62,12.0,0.5,1009.24,1018.4,1023.54,1016.8,11.0,6.46,12.0,0.6,3.1,6.0,8.0,5.7,14.0,2.1,12.0,0.6,81.1,90.6,92.9,87.3,7.0,5.8,14.0,0.4,0.5,0.8,-35.8,21.1,42.4,4.5,15.0,44.8,12.0,0.5,-71.9,1.5,39.6,-12.0,15.0,88.2,12.0,0.5,,,,,,,,,,,,,,,,,,,,,,,,,,,,,,,,,-103.5,57.2,96.3,17.1,15.0,99.5,12.0,0.5,-176.6,5.8,119.6,-18.8,15.0,156.0,12.0,0.5,-65.6,-64.2,-52.4,-59.1,3.0,10.6,16.0,0.7,13.0,33.7,61.1,37.0,3.0,35.4,16.0,0.7,,,,,,,,,,,,,,,,,,,,,,,,,,,,,,,,
1887,9,314.3,-25.4,19.93,20.5,22.24,20.99,9.0,1.16,12.0,0.1,19.7,20.8,21.35,20.7,12.0,1.02,14.0,0.3,12.21,13.73,14.64,13.4,6.0,1.41,20.0,0.5,78.6,87.8,92.5,86.4,7.0,8.7,20.0,0.4,0.4,0.8,2.19,5.65,10.06,6.26,12.0,4.65,14.0,0.3,-9.51,-1.84,0.89,-3.41,12.0,5.88,14.0,0.3,-2.65,-0.2,4.68,-0.11,12.0,4.13,14.0,0.3,1008.99,1015.7,1019.67,1014.86,11.0,4.93,14.0,0.3,4.2,8.0,8.0,6.8,12.0,2.4,14.0,0.3,78.6,87.8,92.5,86.4,7.0,8.7,20.0,0.4,0.4,0.8,-96.9,-4.8,7.8,-37.9,12.0,78.5,14.0,0.3,-14.7,-0.2,25.0,2.0,12.0,35.8,14.0,0.3,-0.45,0.8,1.09,0.43,9.0,0.89,12.0,0.1,-0.9,3.7,5.5,2.4,9.0,3.7,12.0,0.1,0.5,1.79,2.03,1.28,3.0,1.2,18.0,0.3,-0.4,0.0,3.8,1.7,3.0,3.4,18.0,0.3,-202.5,-40.1,17.5,-71.9,12.0,122.6,14.0,0.3,-54.9,-4.3,89.7,-1.8,12.0,83.2,14.0,0.3,-151.6,-63.4,13.8,-66.9,6.0,98.8,20.0,0.5,-5.6,18.7,68.2,24.9,6.0,38.8,20.0,0.5,-2.8,-0.4,-0.1,-1.5,3.0,2.2,18.0,0.3,-2.8,-0.4,-0.1,-1.5,3.0,2.2,18.0,0.3,13.5,199.0,1073.0,663.0,12.0,1088.0,14.0,0.3,15.0,200.0,1075.0,665.0,12.0,1090.0,14.0,0.3
1887,9,314.3,-23.4,20.4,21.5,21.95,21.2,5.0,0.98,8.0,0.2,20.6,20.7,21.39,20.98,5.0,0.55,8.0,0.2,14.29,14.31,14.32,14.31,2.0,0.04,12.0,0.0,88.9,91.2,93.5,91.2,2.0,4.7,12.0,0.0,0.9,0.1,2.6,6.7,7.65,5.58,5.0,2.92,8.0,0.2,-6.06,-1.84,2.36,-1.49,5.0,5.28,8.0,0.2,-4.45,0.0,2.12,-1.1,5.0,3.91,8.0,0.2,1011.8,1014.5,1014.78,1013.44,5.0,1.95,8.0,0.2,6.0,7.0,7.4,6.8,5.0,0.8,8.0,0.2,88.9,91.2,93.5,91.2,2.0,4.7,12.0,0.0,0.9,0.1,-46.5,-4.8,16.2,-11.6,5.0,39.7,8.0,0.2,-36.4,0.0,5.5,-14.6,5.0,29.8,8.0,0.2,-0.2,0.3,0.74,0.22,5.0,0.68,8.0,0.2,-1.7,1.8,3.1,0.8,5.0,4.2,8.0,0.2,0.37,1.15,1.94,1.15,2.0,1.63,12.0,0.0,1.0,3.0,5.0,3.0,2.0,4.2,12.0,0.0,-124.9,-40.3,48.8,-31.1,5.0,109.1,8.0,0.2,-91.8,0.0,45.6,-22.0,5.0,81.2,8.0,0.2,-75.9,-55.8,-35.7,-55.8,2.0,41.6,12.0,0.0,-32.4,-8.5,15.3,-8.5,2.0,49.3,12.0,0.0,-3.6,-2.1,-0.7,-2.1,2.0,3.0,12.0,0.0,0.7,2.1,3.6,2.1,2.0,3.0,12.0,0.0,17.5,301.0,484.5,288.0,5.0,321.5,8.0,0.2,20.0,300.0,485.0,290.0,5.0,320.0,8.0,0.2
1887,9,314.3,0.6,,,,,,,,,,,,,,,,,,,,,,,,,,,,,,,,,,,2.92,3.6,4.28,3.6,2.0,1.41,18.0,1.0,-4.28,-3.6,-2.92,-3.6,2.0,1.41,18.0,1.0,0.0,0.0,0.0,0.0,2.0,0.0,18.0,1.0,1011.16,1011.5,1011.84,1011.5,2.0,0.71,18.0,1.0,,,,,,,,,,,,,,,,,,,,,,,,,,,,,,,,,,,,,,,,,,,,,,,,,,,,,,,,,,,,,,,,,,,,,,,,,,,,,,,,,,,,,,,,,,,,,,,,,,,,,,,,,,,,,,,,,,,,,,,,,,,,,,,,,,
1887,9,314.3,2.6,,,,,,,,,,,,,,,,,,,,,,,,,,,,,,,,,,,4.6,4.6,4.6,4.6,9.0,0.0,20.0,0.6,-4.52,-4.27,-4.27,-4.26,9.0,0.4,20.0,0.6,-1.72,-0.88,1.5,-0.02,9.0,1.79,20.0,0.6,1010.32,1011.0,1011.68,1011.0,2.0,1.41,18.0,0.5,,,,,,,,,,,,,,,,,,,,,,,,,,,,,,,,,,,,,,,,,,,,,,,,,,,,,,,,,,,,,,,,,,,,,,,,,,,,,,,,,,,,,,,,,,,,,,,,,,,,,,,,,,,,,,,,,,,,,,,,,,,,,,,,,,
1887,9,314.3,8.6,,,,,,,,,,,,,,,,,,,,,,,,,,,,,,,,,,,2.6,2.6,5.47,3.89,11.0,1.65,18.0,0.5,-3.96,-2.1,0.82,-1.59,11.0,2.75,18.0,0.5,-3.56,0.41,2.57,-0.07,11.0,3.0,18.0,0.5,1008.77,1009.4,1010.08,1009.52,12.0,0.76,18.0,0.5,,,,,,,,,,,,,,,,,,,,,,,,,,,,,,,,,,,,,,,,,,,,,,,,,,,,,,,,,,,,,,,,,,,,,,,,,,,,,,,,,,,,,,,,,,,,,,,,,,,,,,,,,,,,,,,,,,,,,,,,,,,,,,,,,,
1887,9,314.3,10.6,,,,,,,,,,,,,,,,,,,,,,,,,,,,,,,,,,,5.27,6.7,6.7,6.0,3.0,1.21,20.0,0.3,-4.95,-3.94,-3.79,-4.36,3.0,0.92,20.0,0.3,-2.84,2.7,3.55,0.41,3.0,5.08,20.0,0.3,1009.49,1010.1,1011.03,1010.31,7.0,0.92,20.0,0.7,,,,,,,,,,,,,,,,,,,,,,,,,,,,,,,,,,,,,,,,,,,,,,,,,,,,,,,,,,,,,,,,,,,,,,,,,,,,,,,,,,,,,,,,,,,,,,,,,,,,,,,,,,,,,,,,,,,,,,,,,,,,,,,,,,
1887,9,314.3,12.6,,,,,,,,,,,,,,,,,,,,,,,,,,,,,,,,,,,6.7,6.7,6.7,6.7,2.0,0.0,20.0,1.0,-3.94,-3.94,-3.94,-3.94,2.0,0.0,20.0,1.0,-5.42,-5.42,-5.42,-5.42,2.0,0.0,20.0,1.0,1010.0,1010.0,1010.0,1010.0,2.0,0.0,20.0,1.0,,,,,,,,,,,,,,,,,,,,,,,,,,,,,,,,,,,,,,,,,,,,,,,,,,,,,,,,,,,,,,,,,,,,,,,,,,,,,,,,,,,,,,,,,,,,,,,,,,,,,,,,,,,,,,,,,,,,,,,,,,,,,,,,,,
1887,9,314.3,14.6,,,,,,,,,,,,,,,,,,,,,,,,,,,,,,,,,,,6.7,6.7,8.75,7.82,5.0,2.5,22.0,0.4,-8.11,-6.21,-5.67,-6.96,5.0,2.57,22.0,0.4,-4.66,-2.51,-2.51,-3.37,5.0,1.19,22.0,0.4,1011.83,1011.9,1012.52,1012.14,5.0,0.48,22.0,0.4,,,,,,,,,,,,,,,,,,,,,,,,,,,,,,,,,,,,,,,,,,,,,,,,,,,,,,,,,,,,,,,,,,,,,,,,,,,,,,,,,,,,,,,,,,,,,,,,,,,,,,,,,,,,,,,,,,,,,,,,,,,,,,,,,,
1887,9,314.3,16.6,,,,,,,,,,,,,,,,,,,,,,,,,,,,,,,,,,,4.6,4.6,4.6,4.6,3.0,0.0,26.0,1.0,-4.6,-4.6,-4.37,-4.49,3.0,0.19,26.0,1.0,-1.18,0.0,0.0,-0.57,3.0,0.99,26.0,1.0,1011.37,1012.8,1013.55,1012.47,3.0,1.63,26.0,1.0,,,,,,,,,,,,,,,,,,,,,,,,,,,,,,,,,,,,,,,,,,,,,,,,,,,,,,,,,,,,,,,,,,,,,,,,,,,,,,,,,,,,,,,,,,,,,,,,,,,,,,,,,,,,,,,,,,,,,,,,,,,,,,,,,,
1887,9,314.3,18.6,26.0,26.7,27.0,26.55,17.0,0.44,20.0,0.4,25.74,26.65,27.8,26.77,16.0,0.98,20.0,0.3,20.33,20.37,21.41,20.72,7.0,0.73,24.0,0.4,87.3,91.5,91.6,89.7,7.0,2.3,24.0,0.4,0.6,0.3,4.6,6.7,9.3,7.38,17.0,2.68,20.0,0.4,-9.11,-6.21,-3.51,-6.49,17.0,3.32,20.0,0.4,-4.23,-1.93,-1.72,-2.6,17.0,1.46,20.0,0.4,1012.22,1013.55,1014.68,1013.42,12.0,1.42,24.0,0.3,2.0,3.0,4.0,3.2,17.0,1.0,20.0,0.4,87.3,91.5,91.6,89.7,7.0,2.3,24.0,0.4,0.6,0.3,-84.7,-41.6,-18.7,-55.8,17.0,45.6,20.0,0.4,-31.5,-18.0,-7.9,-18.9,17.0,10.4,20.0,0.4,-1.1,-0.35,0.55,-0.24,16.0,0.88,20.0,0.3,-10.2,-1.8,3.6,-2.9,16.0,6.3,20.0,0.3,1.15,1.52,1.54,1.35,7.0,0.42,24.0,0.4,11.6,14.1,14.7,13.3,7.0,3.4,24.0,0.4,-252.9,-161.5,-109.6,-182.3,16.0,93.5,20.0,0.3,-95.7,-53.8,-44.9,-63.7,16.0,31.0,20.0,0.3,-257.6,-185.3,-185.0,-206.8,7.0,37.3,24.0,0.4,-54.8,-39.4,-39.2,-43.5,7.0,8.4,24.0,0.4,-14.3,-13.8,-11.3,-13.0,7.0,3.3,24.0,0.4,-3.0,-2.9,-2.4,-2.7,7.0,0.6,24.0,0.4,97.5,301.0,804.5,560.5,17.0,572.0,20.0,0.4,95.0,300.0,805.0,560.0,17.0,570.0,20.0,0.4
1887,9,314.3,32.6,,,,,,,,,,,,,,,,,,,,,,,,,,,,,,,,,,,6.7,6.7,9.3,7.74,5.0,1.42,30.0,1.0,-1.34,-0.49,-0.35,-0.9,5.0,1.08,30.0,1.0,-9.29,-6.69,-6.46,-7.61,5.0,1.56,30.0,1.0,1011.32,1011.5,1011.74,1011.5,5.0,0.31,30.0,1.0,,,,,,,,,,,,,,,,,,,,,,,,,,,,,,,,,,,,,,,,,,,,,,,,,,,,,,,,,,,,,,,,,,,,,,,,,,,,,,,,,,,,,,,,,,,,,,,,,,,,,,,,,,,,,,,,,,,,,,,,,,,,,,,,,,
1887,9,314.3,34.6,25.0,25.0,26.1,25.38,42.0,0.61,20.0,0.6,23.57,25.0,25.18,24.51,18.0,0.93,20.0,0.6,13.47,15.78,16.98,15.48,16.0,1.62,18.0,0.6,72.1,84.5,89.1,81.4,16.0,8.2,18.0,0.6,0.5,0.8,2.6,4.6,5.74,3.87,48.0,2.12,20.0,0.6,-0.71,1.84,3.25,1.2,48.0,2.5,20.0,0.6,-4.27,-1.84,0.97,-1.46,48.0,3.14,20.0,0.6,1016.44,1019.3,1022.7,1019.54,48.0,3.44,20.0,0.6,1.0,3.0,8.0,4.0,48.0,3.0,20.0,0.6,72.1,84.5,89.1,81.4,16.0,8.2,18.0,0.6,0.5,0.8,-2.3,4.8,15.0,5.3,48.0,16.5,20.0,0.6,-19.6,-4.8,2.5,-6.1,48.0,20.5,20.0,0.6,-0.18,0.3,1.5,0.56,18.0,0.94,20.0,0.6,0.0,0.6,8.7,2.6,18.0,5.3,20.0,0.6,2.67,3.88,6.18,4.18,16.0,1.62,18.0,0.6,4.5,17.8,27.1,16.6,16.0,10.1,18.0,0.6,-8.6,33.2,89.1,39.3,18.0,66.6,20.0,0.6,-114.6,-65.0,13.6,-39.6,18.0,94.1,20.0,0.6,-0.6,32.4,65.2,30.2,16.0,44.6,18.0,0.6,-56.8,-23.3,19.0,-12.9,16.0,57.3,18.0,0.6,-0.3,6.0,13.8,5.5,16.0,10.5,18.0,0.6,-22.3,-8.9,3.0,-8.2,16.0,13.5,18.0,0.6,17.5,97.5,207.5,113.0,48.0,172.5,20.0,0.6,20.0,95.0,205.0,115.0,48.0,170.0,20.0,0.6
1887,9,314.3,36.6,,,,,,,,,,,,,,,,,,,,,,,,,,,,,,,,,,,2.6,4.6,6.82,5.01,7.0,2.64,10.0,0.9,-6.55,0.36,1.36,-2.44,7.0,4.54,10.0,0.9,-2.25,1.85,3.23,1.24,7.0,2.63,10.0,0.9,1014.83,1022.15,1028.39,1021.75,6.0,7.19,12.0,0.8,,,,,,,,,,,,,,,,,,,,,,,,,,,,,,,,,,,,,,,,,,,,,,,,,,,,,,,,,,,,,,,,,,,,,,,,,,,,,,,,,,,,,,,,,,,,,,,,,,,,,,,,,,,,,,,,,,,,,,,,,,,,,,,,,,
1887,9,314.3,44.6,,,,,,,,,,,,,,,,,,,,,,,,,,,,,,,,,,,6.09,9.3,9.3,7.73,3.0,2.71,24.0,0.3,-4.04,-3.63,-3.63,-3.83,3.0,0.35,24.0,0.3,-8.56,-8.56,-1.49,-5.11,3.0,5.98,24.0,0.3,1006.23,1007.6,1021.93,1013.93,3.0,12.74,24.0,0.3,,,,,,,,,,,,,,,,,,,,,,,,,,,,,,,,,,,,,,,,,,,,,,,,,,,,,,,,,,,,,,,,,,,,,,,,,,,,,,,,,,,,,,,,,,,,,,,,,,,,,,,,,,,,,,,,,,,,,,,,,,,,,,,,,,
1887,9,314.3,46.6,,,,,,,,,,,,,,,,,,,,,,,,,,,,,,,,,,,4.6,6.7,9.3,7.85,15.0,4.86,18.0,0.5,-2.34,0.0,6.58,2.5,15.0,6.06,18.0,0.5,-2.15,4.27,6.5,3.1,15.0,6.0,18.0,0.5,1001.77,1005.3,1009.85,1008.03,8.0,9.32,24.0,0.6,,,,,,,,,,,,,,,,,,,,,,,,,,,,,,,,,,,,,,,,,,,,,,,,,,,,,,,,,,,,,,,,,,,,,,,,,,,,,,,,,,,,,,,,,,,,,,,,,,,,,,,,,,,,,,,,,,,,,,,,,,,,,,,,,,
1887,9,314.3,48.6,,,,,,,,,,,,,,,,,,,,,,,,,,,,,,,,,,,4.6,6.7,6.7,5.99,11.0,1.77,16.0,0.7,0.29,1.28,6.63,3.24,11.0,3.23,16.0,0.7,-3.0,1.28,6.58,1.78,11.0,4.14,16.0,0.7,1010.82,1011.3,1021.2,1015.9,3.0,8.58,12.0,0.7,,,,,,,,,,,,,,,,,,,,,,,,,,,,,,,,,,,,,,,,,,,,,,,,,,,,,,,,,,,,,,,,,,,,,,,,,,,,,,,,,,,,,,,,,,,,,,,,,,,,,,,,,,,,,,,,,,,,,,,,,,,,,,,,,,
1887,9,316.3,-45.4,,,,,,,,,,,,,,,,,,,,,,,,,,,,,,,,,,,9.3,12.3,12.3,10.59,8.0,2.77,18.0,0.6,0.0,1.82,8.46,3.38,8.0,5.09,18.0,0.6,4.83,8.63,12.3,7.76,8.0,5.29,18.0,0.6,1004.68,1005.15,1006.67,1005.65,4.0,1.62,20.0,0.3,,,,,,,,,,,,,,,,,,,,,,,,,,,,,,,,,,,,,,,,,,,,,,,,,,,,,,,,,,,,,,,,,,,,,,,,,,,,,,,,,,,,,,,,,,,,,,,,,,,,,,,,,,,,,,,,,,,,,,,,,,,,,,,,,,
1887,9,316.3,-43.4,,,,,,,,,,,,,,,,,,,,,,,,,,,,,,,,,,,4.6,9.3,15.57,9.84,7.0,5.48,16.0,1.0,-0.34,4.23,9.38,3.82,7.0,6.06,16.0,1.0,-0.09,3.25,11.21,5.98,7.0,6.9,16.0,1.0,999.78,1006.4,1015.33,1007.5,4.0,11.75,18.0,1.0,,,,,,,,,,,,,,,,,,,,,,,,,,,,,,,,,,,,,,,,,,,,,,,,,,,,,,,,,,,,,,,,,,,,,,,,,,,,,,,,,,,,,,,,,,,,,,,,,,,,,,,,,,,,,,,,,,,,,,,,,,,,,,,,,,
1887,9,316.3,-41.4,,,,,,,,,,,,,,,,,,,,,,,,,,,,,,,,,,,10.25,12.3,12.3,11.3,3.0,1.73,18.0,0.0,9.44,11.32,11.32,10.4,3.0,1.59,18.0,0.0,4.01,4.81,4.81,4.42,3.0,0.68,18.0,0.0,1002.75,1004.8,1005.28,1004.03,3.0,1.97,18.0,0.0,,,,,,,,,,,,,,,,,,,,,,,,,,,,,,,,,,,,,,,,,,,,,,,,,,,,,,,,,,,,,,,,,,,,,,,,,,,,,,,,,,,,,,,,,,,,,,,,,,,,,,,,,,,,,,,,,,,,,,,,,,,,,,,,,,
1887,9,316.3,-31.4,,,,,,,,,,,,,,,,,,,,,,,,,,,,,,,,,,,1.86,4.6,9.3,6.16,17.0,5.48,24.0,0.6,-2.14,0.0,1.8,0.18,17.0,2.99,24.0,0.6,-4.23,-1.0,7.49,1.62,17.0,7.66,24.0,0.6,1019.52,1020.8,1021.83,1020.76,15.0,1.12,26.0,0.6,,,,,,,,,,,,,,,,,,,,,,,,,,,,,,,,,,,,,,,,,,,,,,,,,,,,,,,,,,,,,,,,,,,,,,,,,,,,,,,,,,,,,,,,,,,,,,,,,,,,,,,,,,,,,,,,,,,,,,,,,,,,,,,,,,
1887,9,316.3,-29.4,19.69,20.0,20.0,19.87,7.0,0.24,16.0,0.9,20.54,23.9,25.6,23.08,8.0,2.9,16.0,0.8,17.04,19.01,19.58,18.45,6.0,1.46,16.0,0.8,94.3,97.7,100.0,96.8,6.0,3.9,16.0,0.8,0.2,0.8,2.6,4.6,9.01,5.29,8.0,2.85,16.0,0.8,-4.9,0.24,2.29,-1.01,8.0,3.58,16.0,0.8,-3.51,1.83,4.57,1.46,8.0,4.86,16.0,0.8,1013.28,1014.05,1017.65,1015.5,8.0,3.21,16.0,0.8,5.0,5.5,8.0,6.3,8.0,1.5,16.0,0.8,94.3,97.7,100.0,96.8,6.0,3.9,16.0,0.8,0.2,0.8,-33.9,0.3,6.0,-13.3,8.0,26.1,16.0,0.8,-16.4,4.7,28.5,7.8,8.0,40.2,16.0,0.8,-5.63,-5.0,-1.65,-3.94,7.0,2.18,16.0,0.9,-26.5,-13.0,-7.2,-16.6,7.0,12.8,16.0,0.9,-5.28,-4.47,-2.52,-4.01,6.0,1.55,16.0,0.8,-25.9,-11.9,-7.4,-16.4,6.0,11.7,16.0,0.8,-122.3,6.2,52.0,-20.0,8.0,79.7,16.0,0.8,-76.1,46.4,116.9,35.0,8.0,101.2,16.0,0.8,-25.4,24.3,41.2,4.9,6.0,54.2,16.0,0.8,2.5,34.5,86.7,33.1,6.0,57.0,16.0,0.8,-7.6,-3.3,7.0,0.8,6.0,14.1,16.0,0.8,-23.2,-8.0,-1.2,-10.0,6.0,11.9,16.0,0.8,17.5,97.5,748.5,269.5,8.0,343.0,16.0,0.8,20.0,95.0,750.0,270.0,8.0,345.0,16.0,0.8
1887,9,316.3,-27.4,19.4,20.7,21.65,20.57,17.0,0.97,20.0,0.4,18.8,21.1,22.19,20.77,20.0,1.52,16.0,0.3,11.9,13.55,15.07,13.56,6.0,1.85,8.0,0.0,89.5,92.8,95.8,92.5,6.0,3.6,8.0,0.0,0.5,0.5,6.7,6.7,15.35,8.74,20.0,4.1,16.0,0.3,-7.56,-5.76,2.08,-3.26,20.0,5.3,16.0,0.3,-12.1,-3.13,4.08,-3.15,20.0,6.89,16.0,0.3,1013.53,1016.8,1021.36,1017.52,14.0,3.62,12.0,0.3,5.0,6.5,8.0,6.5,20.0,1.5,16.0,0.3,89.5,92.8,95.8,92.5,6.0,3.6,8.0,0.0,0.5,0.5,-92.3,-38.6,9.6,-32.9,20.0,62.6,16.0,0.3,-185.8,-21.0,20.2,-47.2,20.0,90.1,16.0,0.3,-1.7,-0.6,0.49,-0.55,17.0,1.26,20.0,0.4,-21.2,-3.1,2.7,-6.1,17.0,12.9,20.0,0.4,-1.25,-0.9,-0.9,-1.07,3.0,0.3,14.0,0.0,-16.3,-13.9,-13.9,-15.1,3.0,2.0,14.0,0.0,-166.2,-115.6,42.8,-70.4,20.0,108.5,16.0,0.3,-255.4,-68.3,84.0,-70.5,20.0,142.5,16.0,0.3,-140.8,-101.1,-71.4,-104.3,6.0,33.6,8.0,0.0,-180.2,-74.8,45.6,-65.5,6.0,119.0,8.0,0.0,8.5,8.5,10.0,9.3,3.0,1.3,14.0,0.0,10.9,10.9,12.8,11.9,3.0,1.6,14.0,0.0,301.0,301.0,3625.0,1114.5,20.0,1363.0,16.0,0.3,300.0,300.0,3625.0,1115.0,20.0,1365.0,16.0,0.3
1887,9,316.3,-25.4,21.0,21.3,21.7,21.36,12.0,0.41,12.0,0.3,20.2,20.75,21.62,20.95,16.0,0.96,10.0,0.5,11.63,11.93,12.75,12.19,3.0,0.85,4.0,1.0,82.3,89.5,89.9,87.2,8.0,4.0,10.0,0.6,0.7,0.6,4.6,6.7,12.3,7.81,15.0,3.99,10.0,0.5,-8.7,-6.25,2.46,-4.68,15.0,5.06,10.0,0.5,-8.7,-2.4,1.7,-3.01,15.0,4.76,10.0,0.5,1013.46,1019.65,1021.13,1018.03,10.0,3.47,8.0,0.5,3.0,5.5,6.6,5.0,16.0,1.6,10.0,0.5,82.3,89.5,89.9,87.2,8.0,4.0,10.0,0.6,0.7,0.6,-107.0,-41.9,6.4,-52.5,15.0,54.9,10.0,0.5,-107.0,-16.1,7.7,-37.5,15.0,58.9,10.0,0.5,,,,,,,,,,,,,,,,,,,,,,,,,,,,,,,,,-182.1,-129.5,53.3,-97.0,15.0,105.9,10.0,0.5,-182.1,-48.5,34.2,-64.0,15.0,100.3,10.0,0.5,-91.7,-82.1,-63.5,-77.7,3.0,21.0,4.0,1.0,-20.6,2.9,32.9,6.1,3.0,39.3,4.0,1.0,,,,,,,,,,,,,,,,,,,,,,,,,,,,,,,,
1887,9,316.3,-23.4,19.77,20.5,21.34,20.51,17.0,0.77,12.0,0.8,19.1,20.7,22.07,20.82,21.0,1.64,14.0,0.7,12.66,14.17,15.47,14.01,15.0,1.44,14.0,0.6,87.7,92.8,97.3,92.3,15.0,5.3,14.0,0.6,0.6,0.3,4.6,8.0,11.16,7.62,16.0,4.37,14.0,0.6,-9.2,-2.62,3.42,-2.35,16.0,6.87,14.0,0.6,-4.98,0.16,4.08,-0.28,16.0,5.28,14.0,0.6,1015.09,1018.0,1020.51,1017.4,23.0,3.32,14.0,0.6,4.7,8.0,8.0,6.5,19.0,2.5,14.0,0.7,87.7,92.8,97.3,92.3,15.0,5.3,14.0,0.6,0.6,0.3,-85.6,-10.1,15.7,-26.1,16.0,81.7,14.0,0.6,-43.3,0.7,18.8,-12.7,16.0,65.1,14.0,0.6,-2.34,-0.7,1.35,-0.53,17.0,1.78,12.0,0.8,-14.5,-2.0,6.2,-3.6,12.0,12.7,12.0,0.8,-0.79,0.29,2.36,0.68,11.0,1.72,12.0,0.7,-2.5,2.6,20.8,6.8,7.0,14.1,12.0,0.7,-193.0,-60.8,55.9,-58.2,15.0,136.3,14.0,0.6,-116.2,0.0,87.0,-6.9,15.0,112.4,14.0,0.6,-126.8,-34.7,29.4,-44.3,10.0,75.4,16.0,0.5,-95.2,-2.2,55.1,-9.0,10.0,83.2,16.0,0.5,-20.8,-1.7,0.0,-8.5,7.0,12.2,12.0,0.7,-6.6,0.0,2.7,-0.9,7.0,4.4,12.0,0.7,97.5,552.5,1459.0,874.5,16.0,1191.0,14.0,0.6,95.0,555.0,1460.0,875.0,16.0,1190.0,14.0,0.6
1887,9,316.3,-1.4,,,,,,,,,,,,,,,,,,,,,,,,,,,,,,,,,,,4.6,4.6,4.6,4.6,1.0,0.0,16.0,1.0,-4.23,-4.23,-4.23,-4.23,1.0,0.0,16.0,1.0,1.8,1.8,1.8,1.8,1.0,0.0,16.0,1.0,1013.5,1013.5,1013.5,1013.5,1.0,0.0,16.0,1.0,,,,,,,,,,,,,,,,,,,,,,,,,,,,,,,,,,,,,,,,,,,,,,,,,,,,,,,,,,,,,,,,,,,,,,,,,,,,,,,,,,,,,,,,,,,,,,,,,,,,,,,,,,,,,,,,,,,,,,,,,,,,,,,,,,
1887,9,316.3,0.6,,,,,,,,,,,,,,,,,,,,,,,,,,,,,,,,,,,4.6,5.65,6.7,5.4,8.0,1.54,18.0,0.3,-6.58,-5.59,-4.6,-5.34,8.0,1.48,18.0,0.3,0.0,0.64,1.28,0.64,8.0,0.68,18.0,0.3,1009.95,1011.0,1011.52,1010.75,4.0,1.26,16.0,0.3,,,,,,,,,,,,,,,,,,,,,,,,,,,,,,,,,,,,,,,,,,,,,,,,,,,,,,,,,,,,,,,,,,,,,,,,,,,,,,,,,,,,,,,,,,,,,,,,,,,,,,,,,,,,,,,,,,,,,,,,,,,,,,,,,,
1887,9,316.3,2.6,,,,,,,,,,,,,,,,,,,,,,,,,,,,,,,,,,,9.18,9.3,9.3,8.93,7.0,0.98,28.0,0.7,-9.19,-9.06,-7.48,-8.3,7.0,1.07,28.0,0.7,-1.45,2.09,5.47,1.93,7.0,2.84,28.0,0.7,1013.03,1013.9,1014.17,1013.6,6.0,1.31,30.0,0.7,,,,,,,,,,,,,,,,,,,,,,,,,,,,,,,,,,,,,,,,,,,,,,,,,,,,,,,,,,,,,,,,,,,,,,,,,,,,,,,,,,,,,,,,,,,,,,,,,,,,,,,,,,,,,,,,,,,,,,,,,,,,,,,,,,
1887,9,316.3,6.6,,,,,,,,,,,,,,,,,,,,,,,,,,,,,,,,,,,2.6,3.6,5.7,4.13,4.0,1.96,18.0,1.0,-0.14,1.05,2.06,0.96,4.0,1.43,18.0,1.0,1.44,3.53,5.58,3.51,4.0,2.61,18.0,1.0,1008.6,1009.6,1009.75,1009.28,5.0,0.64,18.0,1.0,,,,,,,,,,,,,,,,,,,,,,,,,,,,,,,,,,,,,,,,,,,,,,,,,,,,,,,,,,,,,,,,,,,,,,,,,,,,,,,,,,,,,,,,,,,,,,,,,,,,,,,,,,,,,,,,,,,,,,,,,,,,,,,,,,
1887,9,316.3,8.6,26.7,26.7,27.14,26.83,8.0,0.23,18.0,0.3,26.7,27.2,27.8,27.51,8.0,1.1,18.0,0.3,20.96,21.74,22.38,22.07,8.0,1.5,18.0,0.3,95.4,95.4,95.9,95.5,8.0,0.3,18.0,0.3,0.7,0.5,4.6,5.65,6.7,5.4,8.0,1.54,18.0,0.3,-3.84,-3.81,-3.77,-3.01,8.0,2.25,18.0,0.3,-5.49,-2.52,2.64,-1.7,8.0,4.11,18.0,0.3,1008.83,1009.3,1009.58,1009.14,8.0,0.57,18.0,0.3,0.0,4.0,8.0,4.0,8.0,4.3,18.0,0.3,95.4,95.4,95.9,95.5,8.0,0.3,18.0,0.3,0.7,0.5,-25.7,-21.5,-17.3,-18.5,8.0,11.0,18.0,0.3,-36.8,-17.8,12.1,-13.7,8.0,24.9,18.0,0.3,-1.04,-0.5,0.0,-0.69,8.0,0.94,18.0,0.3,-7.0,-1.8,0.0,-4.2,8.0,6.4,18.0,0.3,-0.32,0.26,1.03,0.08,8.0,1.29,18.0,0.3,-2.3,1.5,4.7,-0.2,8.0,8.2,18.0,0.3,-106.8,-102.5,-100.6,-83.2,8.0,61.9,18.0,0.3,-152.6,-67.1,70.4,-48.9,8.0,114.2,18.0,0.3,-86.0,-81.2,-79.0,-66.8,8.0,49.9,18.0,0.3,-122.8,-52.6,55.3,-40.3,8.0,92.1,18.0,0.3,-3.9,-1.0,1.4,-0.1,8.0,4.9,18.0,0.3,-1.3,1.4,2.7,2.1,8.0,6.1,18.0,0.3,97.5,199.0,301.0,189.0,8.0,122.0,18.0,0.3,95.0,200.0,300.0,190.0,8.0,120.0,18.0,0.3
1887,9,316.3,10.6,,,,,,,,,,,,,,,,,,,,,,,,,,,,,,,,,,,6.7,6.7,6.7,6.7,8.0,0.0,20.0,0.5,-5.68,-4.76,-3.84,-4.76,8.0,0.98,20.0,0.5,-5.49,-4.52,-3.55,-4.52,8.0,1.04,20.0,0.5,1009.81,1010.15,1010.89,1010.33,8.0,0.65,20.0,0.5,,,,,,,,,,,,,,,,,,,,,,,,,,,,,,,,,,,,,,,,,,,,,,,,,,,,,,,,,,,,,,,,,,,,,,,,,,,,,,,,,,,,,,,,,,,,,,,,,,,,,,,,,,,,,,,,,,,,,,,,,,,,,,,,,,
1887,9,316.3,12.6,,,,,,,,,,,,,,,,,,,,,,,,,,,,,,,,,,,6.7,6.7,6.7,6.7,5.0,0.0,22.0,0.6,-6.21,-6.21,-4.74,-5.62,5.0,0.81,22.0,0.6,-4.74,-2.51,-2.51,-3.4,5.0,1.22,22.0,0.6,1011.72,1011.9,1012.41,1012.02,5.0,0.45,22.0,0.6,,,,,,,,,,,,,,,,,,,,,,,,,,,,,,,,,,,,,,,,,,,,,,,,,,,,,,,,,,,,,,,,,,,,,,,,,,,,,,,,,,,,,,,,,,,,,,,,,,,,,,,,,,,,,,,,,,,,,,,,,,,,,,,,,,
1887,9,316.3,16.6,26.7,27.2,27.2,27.09,8.0,0.38,24.0,0.4,27.2,27.5,27.8,27.56,8.0,0.42,24.0,0.4,20.39,20.67,20.7,20.69,7.0,0.34,24.0,0.4,87.3,91.5,91.5,90.3,7.0,2.1,24.0,0.4,0.6,0.7,9.3,9.3,9.3,9.09,8.0,2.1,24.0,0.4,-9.3,-9.3,-9.12,-9.02,8.0,2.06,24.0,0.4,-1.76,-0.24,-0.16,-0.59,8.0,1.1,24.0,0.4,1011.0,1011.0,1012.7,1011.61,7.0,0.81,24.0,0.4,2.2,4.0,6.0,4.1,8.0,1.9,24.0,0.4,87.3,91.5,91.5,90.3,7.0,2.1,24.0,0.4,0.6,0.7,-86.5,-86.5,-84.8,-85.7,8.0,34.0,24.0,0.4,-16.3,-2.3,-1.5,-7.0,8.0,11.7,24.0,0.4,-0.6,-0.5,-0.5,-0.47,8.0,0.2,24.0,0.4,-5.6,-4.6,-2.6,-4.3,8.0,2.3,24.0,0.4,1.27,1.28,2.18,1.62,7.0,0.46,24.0,0.4,11.9,14.5,20.3,15.6,7.0,3.9,24.0,0.4,-258.4,-252.9,-248.0,-248.2,8.0,56.3,24.0,0.4,-47.8,-6.7,-4.4,-16.3,8.0,30.6,24.0,0.4,-195.3,-192.2,-189.4,-200.2,7.0,25.4,24.0,0.4,-40.7,-6.6,-3.4,-16.9,7.0,21.3,24.0,0.4,-20.3,-14.2,-11.9,-15.4,7.0,3.9,24.0,0.4,-3.1,-0.7,-0.2,-1.3,7.0,1.5,24.0,0.4,804.5,804.5,804.5,848.0,8.0,478.0,24.0,0.4,805.0,805.0,805.0,850.0,8.0,480.0,24.0,0.4
1887,9,316.3,18.6,26.43,27.0,27.15,26.79,9.0,0.41,12.0,0.7,25.92,26.5,27.44,26.51,7.0,1.2,14.0,0.6,21.25,21.25,21.25,21.25,1.0,0.0,24.0,1.0,88.4,88.4,88.4,88.4,1.0,0.0,24.0,1.0,0.1,0.0,4.6,4.6,9.46,6.23,8.0,3.24,12.0,0.8,-6.69,-4.6,-4.3,-5.52,8.0,2.9,12.0,0.8,-4.5,-1.35,0.0,-2.12,8.0,2.54,12.0,0.8,1013.25,1013.85,1015.87,1014.53,4.0,1.86,24.0,0.8,1.3,4.0,7.0,4.4,9.0,2.7,12.0,0.7,88.4,88.4,88.4,88.4,1.0,0.0,24.0,1.0,0.1,0.0,-63.9,-21.2,-19.8,-42.1,8.0,46.4,12.0,0.8,-31.7,-5.2,0.0,-17.7,8.0,24.4,12.0,0.8,-0.53,-0.1,1.27,0.24,7.0,1.25,14.0,0.6,-4.3,-0.1,6.8,0.3,6.0,8.5,16.0,0.7,1.31,1.31,1.31,1.31,1.0,0.0,24.0,1.0,16.1,16.1,16.1,16.1,1.0,0.0,24.0,1.0,-170.3,-116.3,-102.3,-145.9,6.0,97.9,16.0,0.7,-51.2,-12.9,0.0,-24.0,6.0,30.1,16.0,0.7,-255.7,-255.7,-255.7,-255.7,1.0,0.0,24.0,1.0,-54.3,-54.3,-54.3,-54.3,1.0,0.0,24.0,1.0,-15.7,-15.7,-15.7,-15.7,1.0,0.0,24.0,1.0,-3.3,-3.3,-3.3,-3.3,1.0,0.0,24.0,1.0,97.5,97.5,870.0,438.5,8.0,648.0,12.0,0.8,95.0,95.0,870.0,440.0,8.0,650.0,12.0,0.8
1887,9,316.3,20.6,,,,,,,,,,,,,,,,,,,,,,,,,,,,,,,,,,,2.6,2.6,2.6,2.6,3.0,0.0,26.0,0.3,-2.54,-2.41,-2.41,-2.47,3.0,0.11,26.0,0.3,-0.97,-0.97,-0.31,-0.65,3.0,0.56,26.0,0.3,1017.2,1017.2,1017.2,1017.2,1.0,0.0,26.0,1.0,,,,,,,,,,,,,,,,,,,,,,,,,,,,,,,,,,,,,,,,,,,,,,,,,,,,,,,,,,,,,,,,,,,,,,,,,,,,,,,,,,,,,,,,,,,,,,,,,,,,,,,,,,,,,,,,,,,,,,,,,,,,,,,,,,
1887,9,316.3,22.6,,,,,,,,,,,,,,,,,,,,,,,,,,,,,,,,,,,2.92,3.6,4.28,3.6,2.0,1.41,28.0,0.5,-4.25,-3.51,-2.76,-3.51,2.0,1.55,28.0,0.5,-0.82,-0.49,-0.15,-0.49,2.0,0.69,28.0,0.5,1014.2,1014.2,1014.2,1014.2,1.0,0.0,28.0,1.0,,,,,,,,,,,,,,,,,,,,,,,,,,,,,,,,,,,,,,,,,,,,,,,,,,,,,,,,,,,,,,,,,,,,,,,,,,,,,,,,,,,,,,,,,,,,,,,,,,,,,,,,,,,,,,,,,,,,,,,,,,,,,,,,,,
1887,9,316.3,32.6,,,,,,,,,,,,,,,,,,,,,,,,,,,,,,,,,,,1.0,2.6,4.6,3.04,13.0,3.06,10.0,0.3,-2.58,-0.42,0.03,-1.01,13.0,1.43,10.0,0.3,-0.45,1.0,2.46,1.64,13.0,3.65,10.0,0.3,1019.3,1026.1,1026.1,1023.04,22.0,5.24,8.0,0.4,,,,,,,,,,,,,,,,,,,,,,,,,,,,,,,,,,,,,,,,,,,,,,,,,,,,,,,,,,,,,,,,,,,,,,,,,,,,,,,,,,,,,,,,,,,,,,,,,,,,,,,,,,,,,,,,,,,,,,,,,,,,,,,,,,
1887,9,316.3,34.6,,,,,,,,,,,,,,,,,,,,,,,,,,,,,,,,,,,11.68,12.3,12.3,11.8,6.0,1.22,22.0,0.7,-0.72,0.0,0.0,-0.58,6.0,1.42,22.0,0.7,11.54,12.3,12.3,11.69,6.0,1.5,22.0,0.7,1019.3,1019.3,1019.3,1019.3,6.0,0.0,22.0,0.7,,,,,,,,,,,,,,,,,,,,,,,,,,,,,,,,,,,,,,,,,,,,,,,,,,,,,,,,,,,,,,,,,,,,,,,,,,,,,,,,,,,,,,,,,,,,,,,,,,,,,,,,,,,,,,,,,,,,,,,,,,,,,,,,,,
1887,9,316.3,36.6,,,,,,,,,,,,,,,,,,,,,,,,,,,,,,,,,,,2.6,2.6,4.6,3.4,5.0,1.1,16.0,0.2,0.72,1.02,2.39,1.45,5.0,0.87,16.0,0.2,-4.54,-1.02,0.23,-1.75,5.0,2.91,16.0,0.2,1019.01,1019.25,1019.49,1019.25,2.0,0.5,24.0,0.0,,,,,,,,,,,,,,,,,,,,,,,,,,,,,,,,,,,,,,,,,,,,,,,,,,,,,,,,,,,,,,,,,,,,,,,,,,,,,,,,,,,,,,,,,,,,,,,,,,,,,,,,,,,,,,,,,,,,,,,,,,,,,,,,,,
1887,9,316.3,38.6,,,,,,,,,,,,,,,,,,,,,,,,,,,,,,,,,,,5.6,6.7,6.7,6.18,4.0,1.05,8.0,0.3,-5.28,-4.45,-2.46,-3.89,4.0,1.84,8.0,0.3,-2.09,3.48,4.12,1.13,4.0,5.16,8.0,0.3,1022.92,1027.3,1028.43,1025.75,4.0,4.4,8.0,0.3,,,,,,,,,,,,,,,,,,,,,,,,,,,,,,,,,,,,,,,,,,,,,,,,,,,,,,,,,,,,,,,,,,,,,,,,,,,,,,,,,,,,,,,,,,,,,,,,,,,,,,,,,,,,,,,,,,,,,,,,,,,,,,,,,,
1887,9,316.3,44.6,,,,,,,,,,,,,,,,,,,,,,,,,,,,,,,,,,,0.48,1.0,3.99,2.18,4.0,3.05,22.0,1.0,-1.37,0.0,0.0,-0.65,4.0,1.31,22.0,1.0,-3.71,-1.0,-0.48,-2.04,4.0,2.79,22.0,1.0,1010.89,1011.5,1014.3,1012.57,3.0,2.67,24.0,1.0,,,,,,,,,,,,,,,,,,,,,,,,,,,,,,,,,,,,,,,,,,,,,,,,,,,,,,,,,,,,,,,,,,,,,,,,,,,,,,,,,,,,,,,,,,,,,,,,,,,,,,,,,,,,,,,,,,,,,,,,,,,,,,,,,,
1887,9,316.3,46.6,,,,,,,,,,,,,,,,,,,,,,,,,,,,,,,,,,,4.6,6.7,12.3,8.35,12.0,3.93,18.0,0.3,-2.62,4.88,8.7,3.48,12.0,5.27,18.0,0.3,-6.35,-1.28,7.36,0.03,12.0,7.11,18.0,0.3,1003.81,1005.3,1029.7,1013.11,7.0,12.38,22.0,0.1,,,,,,,,,,,,,,,,,,,,,,,,,,,,,,,,,,,,,,,,,,,,,,,,,,,,,,,,,,,,,,,,,,,,,,,,,,,,,,,,,,,,,,,,,,,,,,,,,,,,,,,,,,,,,,,,,,,,,,,,,,,,,,,,,,
1887,9,316.3,48.6,,,,,,,,,,,,,,,,,,,,,,,,,,,,,,,,,,,2.48,4.6,9.3,5.01,7.0,3.57,16.0,0.3,-0.07,4.6,6.67,3.56,7.0,3.6,16.0,0.3,-0.1,1.84,4.83,2.07,7.0,3.05,16.0,0.3,1010.72,1018.75,1026.72,1018.73,4.0,9.23,10.0,0.5,,,,,,,,,,,,,,,,,,,,,,,,,,,,,,,,,,,,,,,,,,,,,,,,,,,,,,,,,,,,,,,,,,,,,,,,,,,,,,,,,,,,,,,,,,,,,,,,,,,,,,,,,,,,,,,,,,,,,,,,,,,,,,,,,,
1887,9,318.3,-43.4,,,,,,,,,,,,,,,,,,,,,,,,,,,,,,,,,,,4.6,12.3,15.4,10.47,10.0,5.26,20.0,0.8,-1.86,4.7,12.95,4.94,10.0,6.71,20.0,0.8,-1.86,5.29,13.01,5.06,10.0,6.99,20.0,0.8,1006.29,1009.2,1012.63,1009.71,7.0,4.09,20.0,0.7,,,,,,,,,,,,,,,,,,,,,,,,,,,,,,,,,,,,,,,,,,,,,,,,,,,,,,,,,,,,,,,,,,,,,,,,,,,,,,,,,,,,,,,,,,,,,,,,,,,,,,,,,,,,,,,,,,,,,,,,,,,,,,,,,,
1887,9,318.3,-41.4,,,,,,,,,,,,,,,,,,,,,,,,,,,,,,,,,,,9.08,12.3,15.4,11.23,7.0,3.84,14.0,1.0,-0.54,3.25,14.18,4.14,7.0,9.1,14.0,1.0,-3.9,4.81,6.32,2.74,7.0,7.09,14.0,1.0,999.98,1001.0,1003.25,1001.6,3.0,2.46,20.0,1.0,,,,,,,,,,,,,,,,,,,,,,,,,,,,,,,,,,,,,,,,,,,,,,,,,,,,,,,,,,,,,,,,,,,,,,,,,,,,,,,,,,,,,,,,,,,,,,,,,,,,,,,,,,,,,,,,,,,,,,,,,,,,,,,,,,
1887,9,318.3,-39.4,,,,,,,,,,,,,,,,,,,,,,,,,,,,,,,,,,,19.0,19.0,19.0,19.0,1.0,0.0,18.0,1.0,17.49,17.49,17.49,17.49,1.0,0.0,18.0,1.0,7.42,7.42,7.42,7.42,1.0,0.0,18.0,1.0,999.63,999.9,1000.17,999.9,2.0,0.57,18.0,0.5,,,,,,,,,,,,,,,,,,,,,,,,,,,,,,,,,,,,,,,,,,,,,,,,,,,,,,,,,,,,,,,,,,,,,,,,,,,,,,,,,,,,,,,,,,,,,,,,,,,,,,,,,,,,,,,,,,,,,,,,,,,,,,,,,,
1887,9,318.3,-31.4,,,,,,,,,,,,,,,,,,,,,,,,,,,,,,,,,,,1.0,4.6,8.72,4.72,15.0,4.17,24.0,0.5,-0.86,0.92,3.41,0.94,15.0,2.99,24.0,0.5,-5.75,0.0,2.25,-0.06,15.0,5.6,24.0,0.5,1020.69,1023.0,1023.86,1022.3,13.0,1.85,28.0,0.5,,,,,,,,,,,,,,,,,,,,,,,,,,,,,,,,,,,,,,,,,,,,,,,,,,,,,,,,,,,,,,,,,,,,,,,,,,,,,,,,,,,,,,,,,,,,,,,,,,,,,,,,,,,,,,,,,,,,,,,,,,,,,,,,,,
1887,9,318.3,-29.4,,,,,,,,,,,,,,,,,,,,,,,,,,,,,,,,,,,6.17,9.3,16.32,10.33,12.0,5.54,22.0,0.4,-0.67,6.1,11.37,5.58,12.0,5.75,22.0,0.4,-9.2,4.67,7.09,1.14,12.0,8.87,22.0,0.4,1012.01,1015.3,1016.6,1014.26,12.0,2.7,22.0,0.4,,,,,,,,,,,,,,,,,,,,,,,,,,,,,,,,,,,,,,,,,,,,,,,,,,,,,,,,,,,,,,,,,,,,,,,,,,,,,,,,,,,,,,,,,,,,,,,,,,,,,,,,,,,,,,,,,,,,,,,,,,,,,,,,,,
1887,9,318.3,-27.4,19.4,20.0,20.0,19.89,9.0,0.64,14.0,0.8,20.0,20.6,22.64,20.91,9.0,1.43,14.0,0.8,11.69,12.64,16.22,13.65,8.0,2.1,14.0,0.8,80.9,85.0,94.7,87.3,8.0,6.7,14.0,0.8,0.6,0.7,9.3,9.3,11.49,9.68,9.0,1.71,14.0,0.8,-7.07,-5.73,-5.73,-5.78,9.0,1.46,14.0,0.8,-9.06,-7.33,-7.33,-6.35,9.0,4.82,14.0,0.8,1019.16,1021.3,1022.84,1021.24,9.0,2.15,14.0,0.8,2.0,3.0,5.7,3.6,9.0,1.7,14.0,0.8,80.9,85.0,94.7,87.3,8.0,6.7,14.0,0.8,0.6,0.7,-82.4,-53.2,-53.2,-58.1,9.0,23.2,14.0,0.8,-105.5,-68.2,-68.2,-67.3,9.0,46.4,14.0,0.8,-2.8,-1.2,0.0,-1.02,9.0,1.81,14.0,0.8,-32.2,-11.2,0.0,-12.2,9.0,17.5,14.0,0.8,-1.81,1.26,2.66,0.52,8.0,2.06,14.0,0.8,-21.8,11.7,24.8,3.5,8.0,21.0,14.0,0.8,-160.4,-117.9,-114.5,-122.4,9.0,37.0,14.0,0.8,-205.3,-151.0,-146.6,-137.1,9.0,99.8,14.0,0.8,-119.6,-72.4,-66.9,-85.6,8.0,24.4,14.0,0.8,-153.1,-92.6,-85.7,-109.6,8.0,31.3,14.0,0.8,-15.2,-7.2,13.4,-2.1,8.0,12.9,14.0,0.8,-19.5,-9.2,17.2,-2.7,8.0,16.5,14.0,0.8,804.5,804.5,1576.0,983.0,9.0,524.0,14.0,0.8,805.0,805.0,1575.0,985.0,9.0,525.0,14.0,0.8
1887,9,318.3,-25.4,,,,,,,,,,,,,,,,,,,,,,,,,,,,,,,,,,,0.7,5.65,7.49,5.46,18.0,4.58,16.0,0.5,-5.75,-2.03,0.11,-2.81,18.0,3.61,16.0,0.5,-4.88,-2.5,0.95,-2.79,18.0,4.79,16.0,0.5,1012.92,1016.7,1021.36,1016.93,9.0,4.56,10.0,0.6,2.4,5.5,8.0,5.1,16.0,2.4,18.0,0.5,90.1,91.1,92.2,91.1,4.0,1.3,12.0,0.3,0.5,1.0,-38.5,-5.3,0.1,-24.9,18.0,41.9,16.0,0.5,-36.8,-11.7,1.4,-32.6,18.0,65.5,16.0,0.5,,,,,,,,,,,,,,,,,,,,,,,,,,,,,,,,,,,,,,,,,,,,,,,,,,,,,,,,,,,,,,,,,,,,,,,,,,,,,,,,,,,,,,,,,,,,,,,,
1887,9,318.3,-23.4,19.64,21.25,22.2,21.09,40.0,1.21,12.0,0.3,20.1,20.95,22.2,21.28,52.0,1.47,14.0,0.3,13.31,13.99,15.74,14.39,29.0,1.39,14.0,0.2,87.7,91.1,98.2,92.1,29.0,5.2,14.0,0.2,0.5,0.5,4.6,6.7,9.3,6.76,48.0,2.99,14.0,0.3,-6.28,-3.41,0.0,-2.97,48.0,3.09,14.0,0.3,-4.65,-1.23,6.7,0.79,48.0,6.04,14.0,0.3,1012.66,1019.6,1022.1,1018.22,54.0,4.08,14.0,0.3,2.0,6.0,8.0,5.0,54.0,2.6,14.0,0.3,87.7,91.1,98.2,92.1,29.0,5.2,14.0,0.2,0.5,0.5,-42.6,-17.7,0.0,-22.0,48.0,27.0,14.0,0.3,-31.8,-4.8,44.9,10.3,48.0,65.2,14.0,0.3,-1.18,0.0,1.04,-0.24,40.0,1.35,12.0,0.3,-8.0,0.9,6.2,-0.8,34.0,9.2,12.0,0.2,-0.09,1.0,1.72,0.78,21.0,1.32,12.0,0.2,-0.5,7.0,16.1,6.7,15.0,8.6,12.0,0.1,-131.2,-78.4,0.0,-70.4,46.0,56.2,14.0,0.3,-101.3,-31.9,140.6,14.9,46.0,128.1,14.0,0.3,-76.4,-44.6,0.0,-36.7,23.0,35.3,14.0,0.1,-51.8,0.0,114.6,32.4,23.0,87.2,14.0,0.1,-5.8,0.0,0.0,-3.1,15.0,4.4,12.0,0.1,-6.2,0.0,12.9,2.5,15.0,9.3,12.0,0.1,97.5,301.0,804.5,510.5,48.0,773.5,14.0,0.3,95.0,300.0,805.0,510.0,48.0,775.0,14.0,0.3
1887,9,318.3,-21.4,19.47,20.75,23.03,20.99,12.0,1.76,16.0,0.6,21.55,22.35,23.4,22.35,18.0,1.24,16.0,0.6,13.54,15.2,17.02,15.09,11.0,1.65,18.0,0.7,79.6,88.5,98.2,89.2,11.0,8.6,18.0,0.7,0.8,0.2,6.4,6.7,9.3,6.88,19.0,2.26,16.0,0.6,-5.1,-4.22,-1.77,-3.97,19.0,2.04,16.0,0.6,-6.77,-4.65,3.79,-2.6,19.0,5.22,16.0,0.6,1015.76,1018.8,1021.67,1018.21,19.0,3.2,16.0,0.6,2.9,5.0,8.0,5.2,19.0,2.1,16.0,0.6,79.6,88.5,98.2,89.2,11.0,8.6,18.0,0.7,0.8,0.2,-36.4,-28.3,-14.5,-29.9,19.0,21.5,16.0,0.6,-48.0,-31.2,31.7,-23.2,19.0,44.0,16.0,0.6,-3.23,-0.95,0.28,-1.21,12.0,1.69,16.0,0.6,-21.6,-4.7,1.9,-7.8,12.0,11.1,16.0,0.6,-0.99,0.79,4.42,1.29,7.0,2.58,20.0,0.7,-6.7,2.6,20.8,4.9,7.0,15.2,20.0,0.7,-119.0,-98.7,-53.7,-93.1,18.0,42.0,16.0,0.6,-146.7,-105.1,82.0,-54.8,18.0,118.7,16.0,0.6,-88.9,-65.4,-38.4,-63.7,11.0,35.3,18.0,0.7,-121.2,12.7,60.0,-23.9,11.0,93.8,18.0,0.7,-14.7,-0.3,4.8,-3.4,7.0,10.8,20.0,0.7,2.2,4.4,14.7,8.0,7.0,7.4,20.0,0.7,271.5,301.0,804.5,425.0,19.0,413.0,16.0,0.6,270.0,300.0,805.0,425.0,19.0,415.0,16.0,0.6
1887,9,318.3,-1.4,,,,,,,,,,,,,,,,,,,,,,,,,,,,,,,,,,,6.7,6.7,8.47,7.57,3.0,1.5,16.0,0.3,-7.8,-6.17,-5.19,-6.49,3.0,1.93,16.0,0.3,-3.31,-2.62,2.4,-0.5,3.0,4.57,16.0,0.3,1010.43,1012.5,1013.0,1011.75,4.0,1.89,16.0,0.3,,,,,,,,,,,,,,,,,,,,,,,,,,,,,,,,,,,,,,,,,,,,,,,,,,,,,,,,,,,,,,,,,,,,,,,,,,,,,,,,,,,,,,,,,,,,,,,,,,,,,,,,,,,,,,,,,,,,,,,,,,,,,,,,,,
1887,9,318.3,0.6,,,,,,,,,,,,,,,,,,,,,,,,,,,,,,,,,,,9.3,9.3,12.3,9.91,13.0,1.57,26.0,0.6,-10.08,-9.1,-7.62,-8.79,13.0,1.21,26.0,0.6,1.87,5.33,7.05,4.1,13.0,2.32,26.0,0.6,1014.68,1015.6,1016.11,1015.44,9.0,0.7,30.0,0.6,,,,,,,,,,,,,,,,,,,,,,,,,,,,,,,,,,,,,,,,,,,,,,,,,,,,,,,,,,,,,,,,,,,,,,,,,,,,,,,,,,,,,,,,,,,,,,,,,,,,,,,,,,,,,,,,,,,,,,,,,,,,,,,,,,
1887,9,318.3,2.6,,,,,,,,,,,,,,,,,,,,,,,,,,,,,,,,,,,9.3,9.3,9.3,9.3,4.0,0.0,30.0,0.5,-9.19,-9.19,-9.19,-9.19,4.0,0.0,30.0,0.5,-1.45,-1.45,-1.45,-1.45,4.0,0.0,30.0,0.5,1014.6,1014.6,1014.76,1014.68,4.0,0.15,30.0,0.5,,,,,,,,,,,,,,,,,,,,,,,,,,,,,,,,,,,,,,,,,,,,,,,,,,,,,,,,,,,,,,,,,,,,,,,,,,,,,,,,,,,,,,,,,,,,,,,,,,,,,,,,,,,,,,,,,,,,,,,,,,,,,,,,,,
1887,9,318.3,4.6,25.6,25.6,26.7,26.05,11.0,0.54,16.0,0.5,26.7,27.8,27.8,27.25,11.0,0.81,16.0,0.5,20.93,22.35,22.39,21.74,10.0,1.09,16.0,0.4,95.4,95.4,95.4,95.5,10.0,0.2,16.0,0.4,0.8,0.7,3.77,4.6,4.6,4.09,11.0,1.19,16.0,0.5,-1.72,0.1,0.48,-0.4,11.0,1.26,16.0,0.5,2.98,4.57,4.59,3.9,11.0,1.17,16.0,0.5,1009.05,1009.7,1011.1,1009.88,11.0,0.96,16.0,0.5,2.0,8.0,8.0,5.1,11.0,3.4,16.0,0.5,95.4,95.4,95.4,95.5,10.0,0.2,16.0,0.4,0.8,0.7,-7.9,0.1,2.2,-1.9,11.0,5.7,16.0,0.5,11.6,21.0,21.1,17.1,11.0,6.9,16.0,0.5,-2.2,-1.1,0.0,-1.2,11.0,1.15,16.0,0.5,-10.1,-5.1,0.0,-5.9,11.0,4.6,16.0,0.5,-1.8,-1.1,0.43,-0.69,10.0,1.46,16.0,0.4,-8.3,-5.0,0.6,-4.2,10.0,4.7,16.0,0.4,-47.9,2.7,12.8,-11.5,11.0,35.1,16.0,0.5,82.5,122.1,127.5,106.6,11.0,32.5,16.0,0.5,-38.5,1.0,10.1,-11.4,10.0,29.3,16.0,0.4,63.2,95.6,102.7,84.0,10.0,27.3,16.0,0.4,-0.2,0.1,3.1,1.3,10.0,2.2,16.0,0.4,-8.0,-4.1,0.6,-3.9,10.0,4.3,16.0,0.4,64.5,97.5,97.5,81.5,11.0,36.0,16.0,0.5,65.0,95.0,95.0,80.0,11.0,35.0,16.0,0.5
1887,9,318.3,6.6,26.1,26.1,26.7,26.33,8.0,0.31,16.0,0.3,26.1,26.4,27.14,26.54,8.0,0.71,16.0,0.3,20.3,20.35,21.78,20.83,7.0,0.96,16.0,0.3,95.4,95.7,95.9,95.7,8.0,0.3,16.0,0.3,0.4,0.4,6.27,6.7,6.7,6.35,6.0,0.86,16.0,0.3,-1.28,3.16,3.75,1.88,6.0,2.49,16.0,0.3,5.2,5.55,6.58,5.61,6.0,1.01,16.0,0.3,1008.0,1008.6,1008.64,1008.49,7.0,0.53,16.0,0.3,4.0,6.0,8.0,5.8,8.0,2.5,16.0,0.3,95.4,95.7,95.9,95.7,8.0,0.3,16.0,0.3,0.4,0.4,-8.6,18.5,25.1,11.7,6.0,16.5,16.0,0.3,33.2,37.2,44.1,36.2,6.0,9.7,16.0,0.3,-1.04,0.0,0.59,-0.21,8.0,0.85,16.0,0.3,-8.2,-1.4,4.0,-2.2,6.0,6.2,16.0,0.3,-0.55,0.87,1.65,0.62,7.0,1.14,16.0,0.3,-5.1,1.2,11.1,2.4,5.0,8.5,16.0,0.4,-33.4,84.4,102.4,51.3,6.0,66.9,16.0,0.3,138.7,152.8,171.7,149.8,6.0,25.6,16.0,0.3,-26.0,54.0,82.4,33.5,5.0,55.6,16.0,0.4,105.9,124.5,133.8,118.6,5.0,22.3,16.0,0.4,-2.9,-2.1,-1.0,-2.0,5.0,1.8,16.0,0.4,-4.2,1.0,10.9,2.7,5.0,7.9,16.0,0.4,259.0,301.0,301.0,267.0,6.0,83.0,16.0,0.3,260.0,300.0,300.0,265.0,6.0,85.0,16.0,0.3
1887,9,318.3,10.6,,,,,,,,,,,,,,,,,,,,,,,,,,,,,,,,,,,0.0,2.6,2.6,2.08,12.0,1.92,28.0,0.4,-2.6,-1.84,0.0,-1.49,12.0,1.52,28.0,0.4,-2.03,-0.49,0.0,-1.15,12.0,1.49,28.0,0.4,1012.83,1013.1,1013.37,1013.1,2.0,0.57,22.0,0.0,,,,,,,,,,,,,,,,,,,,,,,,,,,,,,,,,,,,,,,,,,,,,,,,,,,,,,,,,,,,,,,,,,,,,,,,,,,,,,,,,,,,,,,,,,,,,,,,,,,,,,,,,,,,,,,,,,,,,,,,,,,,,,,,,,
1887,9,318.3,12.6,,,,,,,,,,,,,,,,,,,,,,,,,,,,,,,,,,,2.6,6.7,6.7,5.33,6.0,2.12,24.0,0.7,-5.03,-4.74,-1.84,-4.01,6.0,1.77,24.0,0.7,-4.74,-3.29,-0.92,-2.55,6.0,2.9,24.0,0.7,1011.69,1012.25,1012.65,1012.18,4.0,0.57,22.0,0.8,,,,,,,,,,,,,,,,,,,,,,,,,,,,,,,,,,,,,,,,,,,,,,,,,,,,,,,,,,,,,,,,,,,,,,,,,,,,,,,,,,,,,,,,,,,,,,,,,,,,,,,,,,,,,,,,,,,,,,,,,,,,,,,,,,
1887,9,318.3,16.6,27.2,27.2,27.8,27.45,21.0,0.35,24.0,0.5,26.79,27.8,27.8,27.55,21.0,0.59,24.0,0.5,19.59,20.39,20.67,20.19,13.0,0.49,22.0,0.5,83.8,87.3,91.5,88.5,13.0,3.9,22.0,0.5,0.5,0.2,4.6,6.7,9.3,6.69,19.0,1.65,24.0,0.5,-9.02,-6.58,-4.52,-6.53,19.0,1.67,24.0,0.5,-1.61,0.88,1.05,-0.03,19.0,1.51,24.0,0.5,1010.56,1011.0,1012.5,1011.35,13.0,0.87,22.0,0.5,1.2,2.0,4.8,2.8,21.0,1.6,24.0,0.5,83.8,87.3,91.5,88.5,13.0,3.9,22.0,0.5,0.5,0.2,-83.9,-44.1,-20.8,-46.3,19.0,22.8,24.0,0.5,-11.7,4.0,7.0,-1.8,19.0,11.0,24.0,0.5,-0.6,0.0,0.5,-0.1,21.0,0.62,24.0,0.5,-4.0,0.0,3.4,-0.9,19.0,3.4,24.0,0.5,1.94,2.19,3.03,2.41,13.0,0.49,22.0,0.5,14.6,17.1,20.3,17.9,13.0,3.9,22.0,0.5,-241.6,-184.0,-125.1,-179.3,19.0,45.1,24.0,0.5,-44.5,23.9,29.1,-0.3,19.0,41.4,24.0,0.5,-186.5,-134.8,-129.7,-148.6,13.0,26.0,22.0,0.5,-46.5,-30.2,20.6,-12.6,13.0,29.5,22.0,0.5,-20.1,-16.7,-14.4,-17.5,13.0,4.0,22.0,0.5,-3.9,-2.9,3.2,-1.0,13.0,3.3,22.0,0.5,97.5,301.0,804.5,353.0,19.0,255.0,24.0,0.5,95.0,300.0,805.0,355.0,19.0,255.0,24.0,0.5
1887,9,318.3,18.6,25.6,25.6,26.12,25.78,6.0,0.29,4.0,0.5,26.1,26.2,26.8,26.42,6.0,0.45,4.0,0.5,19.17,19.17,19.17,19.17,1.0,0.0,4.0,0.0,81.4,91.5,91.5,87.3,5.0,5.9,4.0,0.6,1.0,0.1,2.6,2.6,4.6,3.27,6.0,1.03,4.0,0.5,-3.5,-2.49,-2.46,-2.94,6.0,0.81,4.0,0.5,-1.55,0.11,0.85,-0.41,6.0,1.63,4.0,0.5,1020.0,1020.0,1020.0,1020.0,1.0,0.0,4.0,0.0,6.0,6.0,6.0,6.0,1.0,0.0,2.0,0.0,81.4,91.5,91.5,87.3,5.0,5.9,4.0,0.6,1.0,0.1,-16.1,-6.5,-6.4,-10.2,6.0,6.1,4.0,0.5,-7.2,0.3,2.2,-2.5,6.0,6.8,4.0,0.5,-1.1,-0.5,-0.42,-0.63,6.0,0.39,4.0,0.5,-3.3,-1.3,-1.1,-2.0,6.0,1.7,4.0,0.5,1.19,1.19,1.19,1.19,1.0,0.0,4.0,0.0,3.1,3.1,3.1,3.1,1.0,0.0,4.0,0.0,-93.0,-65.8,-64.2,-77.8,6.0,22.9,4.0,0.5,-41.7,2.6,22.1,-11.1,6.0,43.0,4.0,0.5,-47.1,-47.1,-47.1,-47.1,1.0,0.0,4.0,0.0,16.2,16.2,16.2,16.2,1.0,0.0,4.0,0.0,-2.9,-2.9,-2.9,-2.9,1.0,0.0,4.0,0.0,1.0,1.0,1.0,1.0,1.0,0.0,4.0,0.0,17.5,17.5,97.5,44.0,6.0,41.0,4.0,0.5,20.0,20.0,95.0,45.0,6.0,40.0,4.0,0.5
1887,9,318.3,20.6,25.6,26.7,26.71,26.34,13.0,0.51,18.0,0.2,25.46,27.2,27.2,26.43,8.0,1.18,10.0,0.1,18.31,18.68,18.7,18.49,5.0,0.45,2.0,0.2,82.1,83.7,83.7,82.8,5.0,2.0,2.0,0.2,0.7,0.5,2.6,9.3,9.3,7.24,13.0,3.22,18.0,0.2,-9.21,-8.56,-2.6,-6.82,13.0,2.97,18.0,0.2,-0.82,0.0,3.78,1.14,13.0,2.57,18.0,0.2,1018.03,1020.7,1021.7,1020.07,9.0,1.68,12.0,0.1,2.8,4.0,6.0,3.9,13.0,1.7,18.0,0.2,82.1,83.7,83.7,82.8,5.0,2.0,2.0,0.2,0.7,0.5,-85.6,-79.6,-6.8,-58.0,13.0,35.9,18.0,0.2,-7.6,0.0,35.2,10.6,13.0,23.9,18.0,0.2,-1.6,-0.5,1.37,-0.09,8.0,1.61,10.0,0.1,-14.9,-4.6,3.6,-5.1,8.0,9.0,10.0,0.1,1.65,2.65,3.04,2.4,5.0,0.71,2.0,0.2,15.3,24.6,28.3,22.4,5.0,6.6,2.0,0.2,-250.5,-244.3,-66.2,-179.8,8.0,94.8,10.0,0.1,-60.2,0.0,31.3,-9.8,8.0,38.9,10.0,0.1,-172.6,-172.2,-164.5,-168.9,5.0,6.0,2.0,0.2,-43.4,-12.1,24.2,-10.2,5.0,34.0,2.0,0.2,-28.0,-23.8,-15.1,-22.0,5.0,6.5,2.0,0.2,-4.8,-1.1,3.9,-0.7,5.0,4.6,2.0,0.2,17.5,804.5,804.5,562.5,13.0,378.0,18.0,0.2,20.0,805.0,805.0,560.0,13.0,380.0,18.0,0.2
1887,9,318.3,22.6,,,,,,,,,,,,,,,,,,,,,,,,,,,,,,,,,,,4.73,6.7,9.3,7.18,14.0,1.84,28.0,0.6,-9.09,-6.58,-4.66,-6.87,14.0,1.69,28.0,0.6,-1.28,0.0,3.4,0.28,14.0,2.25,28.0,0.6,1014.87,1016.75,1018.63,1016.75,2.0,3.89,26.0,1.0,,,,,,,,,,,,,,,,,,,,,,,,,,,,,,,,,,,,,,,,,,,,,,,,,,,,,,,,,,,,,,,,,,,,,,,,,,,,,,,,,,,,,,,,,,,,,,,,,,,,,,,,,,,,,,,,,,,,,,,,,,,,,,,,,,
1887,9,318.3,24.6,,,,,,,,,,,,,,,,,,,,,,,,,,,,,,,,,,,6.7,6.7,9.3,7.41,8.0,1.72,28.0,0.6,-7.71,-5.2,-3.75,-5.6,8.0,1.92,28.0,0.6,2.9,5.2,5.55,4.59,8.0,1.49,28.0,0.6,1014.4,1014.4,1014.4,1014.4,1.0,0.0,28.0,0.0,,,,,,,,,,,,,,,,,,,,,,,,,,,,,,,,,,,,,,,,,,,,,,,,,,,,,,,,,,,,,,,,,,,,,,,,,,,,,,,,,,,,,,,,,,,,,,,,,,,,,,,,,,,,,,,,,,,,,,,,,,,,,,,,,,
1887,9,318.3,28.6,25.6,25.6,26.08,25.78,33.0,0.58,22.0,0.5,26.18,27.2,28.3,27.08,5.0,1.6,14.0,0.6,18.77,19.09,19.4,19.09,2.0,0.65,16.0,0.5,84.3,85.7,87.1,85.7,2.0,2.9,16.0,0.5,1.0,1.0,1.0,2.6,4.6,3.69,26.0,3.29,22.0,0.5,-0.05,0.65,4.27,0.58,26.0,3.83,22.0,0.5,-0.93,0.88,2.67,0.83,26.0,3.05,22.0,0.5,1015.9,1020.3,1024.7,1020.3,4.0,5.08,20.0,0.5,0.0,2.0,6.2,2.3,31.0,2.8,22.0,0.5,84.3,85.7,87.1,85.7,2.0,2.9,16.0,0.5,1.0,1.0,-0.1,0.6,19.6,-3.8,26.0,38.8,22.0,0.5,-0.9,2.4,8.4,1.8,26.0,28.0,22.0,0.5,-2.2,-0.5,0.12,-0.84,5.0,1.42,14.0,0.6,-6.1,-5.9,0.2,-3.1,4.0,5.8,14.0,0.5,0.15,0.46,0.78,0.46,2.0,0.65,16.0,0.5,2.4,2.4,2.4,2.4,1.0,0.0,16.0,0.0,-301.5,-172.0,-20.3,-161.4,4.0,162.7,14.0,0.5,-174.0,-115.3,31.9,-73.1,4.0,135.4,14.0,0.5,-29.1,-29.1,-29.1,-29.1,1.0,0.0,16.0,0.0,-38.7,-38.7,-38.7,-38.7,1.0,0.0,16.0,0.0,-1.4,-1.4,-1.4,-1.4,1.0,0.0,16.0,0.0,-1.9,-1.9,-1.9,-1.9,1.0,0.0,16.0,0.0,1.0,17.5,97.5,212.0,26.0,509.5,22.0,0.5,0.0,20.0,95.0,210.0,26.0,510.0,22.0,0.5
1887,9,318.3,30.6,25.0,27.8,27.8,26.67,53.0,1.29,12.0,0.5,25.6,28.05,28.99,27.55,44.0,1.54,8.0,0.5,16.37,16.76,17.51,17.01,14.0,1.04,16.0,0.4,78.9,84.8,87.0,84.5,14.0,4.6,16.0,0.4,0.7,0.5,1.0,2.6,4.6,2.7,47.0,2.04,10.0,0.5,-3.42,-1.02,0.94,-1.15,47.0,2.53,10.0,0.5,-2.39,-0.64,1.02,-0.62,47.0,1.87,10.0,0.5,1024.7,1026.1,1029.5,1026.37,52.0,2.35,12.0,0.5,1.0,2.0,3.0,2.0,34.0,1.0,10.0,0.5,78.9,84.8,87.0,84.5,14.0,4.6,16.0,0.4,0.7,0.5,-15.7,-2.6,0.9,-7.1,47.0,17.0,10.0,0.5,-9.3,-0.9,2.6,-3.8,47.0,10.6,10.0,0.5,-1.6,-0.5,0.0,-0.66,44.0,0.65,8.0,0.5,-2.8,-0.8,0.0,-1.1,38.0,1.7,8.0,0.5,2.02,2.76,3.17,2.58,14.0,1.12,16.0,0.4,5.5,9.3,13.9,9.1,9.0,5.0,16.0,0.6,-90.7,5.0,43.5,-24.7,38.0,76.0,8.0,0.5,-75.3,0.0,57.7,-13.7,38.0,54.3,8.0,0.5,-70.6,-57.7,-31.4,-53.1,9.0,18.7,16.0,0.6,-53.4,-41.6,-15.8,-37.6,9.0,17.5,16.0,0.6,-10.7,-6.9,-3.6,-7.4,9.0,4.5,16.0,0.6,-7.7,-5.5,-1.6,-4.7,9.0,3.4,16.0,0.6,1.0,17.5,97.5,65.0,47.0,166.0,10.0,0.5,0.0,20.0,95.0,65.0,47.0,165.0,10.0,0.5
1887,9,318.3,32.6,25.0,25.6,27.8,26.12,77.0,1.11,16.0,0.5,24.4,27.8,28.91,26.75,45.0,2.21,10.0,0.5,14.11,15.16,16.18,15.14,24.0,0.96,18.0,0.5,74.3,78.0,82.6,78.1,24.0,4.7,18.0,0.5,0.8,0.4,0.0,1.0,4.6,2.07,68.0,2.26,16.0,0.6,-0.94,0.09,1.72,0.29,68.0,1.95,16.0,0.6,-1.57,0.2,2.47,0.42,68.0,2.32,16.0,0.6,1019.3,1024.4,1026.1,1023.15,77.0,2.79,16.0,0.5,1.0,2.0,5.0,2.5,58.0,2.4,16.0,0.6,74.3,78.0,82.6,78.1,24.0,4.7,18.0,0.5,0.8,0.4,-0.9,0.2,5.0,2.9,68.0,21.1,16.0,0.6,-6.2,0.2,6.4,2.7,68.0,21.6,16.0,0.6,-1.6,-0.5,0.6,-0.44,45.0,1.1,10.0,0.5,-2.9,-0.8,0.1,-1.1,38.0,1.9,10.0,0.6,3.37,4.39,5.44,4.41,24.0,0.96,18.0,0.5,1.4,5.4,15.0,7.7,17.0,7.0,18.0,0.6,-27.3,2.6,19.1,-2.6,38.0,43.6,10.0,0.6,-9.4,23.8,73.7,25.1,38.0,36.4,10.0,0.6,-49.2,-12.8,-1.6,-21.8,17.0,23.7,18.0,0.6,-21.9,-2.5,14.9,-2.8,17.0,15.7,18.0,0.6,-13.7,-5.0,-0.2,-6.5,17.0,6.8,18.0,0.6,-6.1,-0.5,2.8,-1.0,17.0,4.4,18.0,0.6,0.0,1.0,97.5,75.0,68.0,441.5,16.0,0.6,0.0,0.0,95.0,75.0,68.0,440.0,16.0,0.6
1887,9,318.3,34.6,25.0,25.0,25.0,25.0,12.0,0.0,20.0,0.5,23.9,24.4,25.0,24.48,12.0,0.44,20.0,0.5,14.86,15.04,15.33,15.12,12.0,0.24,20.0,0.5,78.5,78.9,82.3,79.9,12.0,1.8,20.0,0.5,0.9,0.4,4.6,4.6,6.7,5.31,9.0,1.46,20.0,0.4,0.96,1.8,2.62,1.93,9.0,1.42,20.0,0.4,4.31,4.5,6.17,4.83,9.0,1.18,20.0,0.4,1022.7,1022.7,1023.48,1022.98,12.0,0.43,20.0,0.5,1.0,1.0,1.0,1.0,2.0,0.0,20.0,0.5,78.5,78.9,82.3,79.9,12.0,1.8,20.0,0.5,0.9,0.4,4.4,8.3,17.5,11.8,9.0,10.2,20.0,0.4,19.8,20.7,41.3,27.1,9.0,12.3,20.0,0.4,0.0,0.6,1.1,0.53,12.0,0.44,20.0,0.5,0.0,2.9,4.0,2.4,9.0,1.9,20.0,0.4,4.26,4.53,4.73,4.47,12.0,0.24,20.0,0.5,18.9,19.6,31.7,24.0,9.0,7.7,20.0,0.4,23.5,44.9,63.9,47.4,9.0,34.6,20.0,0.4,106.9,112.5,150.5,118.6,9.0,28.7,20.0,0.4,14.7,27.6,38.9,29.0,9.0,21.0,20.0,0.4,66.0,69.2,91.7,72.9,9.0,17.0,20.0,0.4,3.9,7.6,12.4,8.9,9.0,6.9,20.0,0.4,18.1,19.1,29.1,21.8,9.0,6.2,20.0,0.4,97.5,97.5,301.0,179.0,9.0,118.5,20.0,0.4,95.0,95.0,300.0,180.0,9.0,120.0,20.0,0.4
1887,9,318.3,36.6,,,,,,,,,,,,,,,,,,,,,,,,,,,,,,,,,,,2.6,2.6,7.17,4.83,3.0,3.87,10.0,0.3,-1.62,2.39,2.39,0.43,3.0,3.39,10.0,0.3,-1.02,-1.02,5.56,2.2,3.0,5.56,10.0,0.3,1026.2,1026.2,1026.2,1026.2,1.0,0.0,8.0,0.0,,,,,,,,,,,,,,,,,,,,,,,,,,,,,,,,,,,,,,,,,,,,,,,,,,,,,,,,,,,,,,,,,,,,,,,,,,,,,,,,,,,,,,,,,,,,,,,,,,,,,,,,,,,,,,,,,,,,,,,,,,,,,,,,,,
1887,9,318.3,38.6,,,,,,,,,,,,,,,,,,,,,,,,,,,,,,,,,,,6.7,6.7,8.06,7.35,4.0,1.3,18.0,0.8,-4.22,-2.57,-1.39,-2.8,4.0,1.66,18.0,0.8,-6.55,-6.05,1.57,-2.65,4.0,7.15,18.0,0.8,1019.09,1019.9,1024.01,1021.48,4.0,3.94,18.0,0.8,,,,,,,,,,,,,,,,,,,,,,,,,,,,,,,,,,,,,,,,,,,,,,,,,,,,,,,,,,,,,,,,,,,,,,,,,,,,,,,,,,,,,,,,,,,,,,,,,,,,,,,,,,,,,,,,,,,,,,,,,,,,,,,,,,
1887,9,318.3,40.6,,,,,,,,,,,,,,,,,,,,,,,,,,,,,,,,,,,9.3,9.3,9.3,9.3,2.0,0.0,4.0,1.0,-5.07,-5.07,-5.07,-5.07,2.0,0.0,4.0,1.0,7.8,7.8,7.8,7.8,2.0,0.0,4.0,1.0,1024.83,1025.1,1025.37,1025.1,2.0,0.57,4.0,1.0,,,,,,,,,,,,,,,,,,,,,,,,,,,,,,,,,,,,,,,,,,,,,,,,,,,,,,,,,,,,,,,,,,,,,,,,,,,,,,,,,,,,,,,,,,,,,,,,,,,,,,,,,,,,,,,,,,,,,,,,,,,,,,,,,,
1887,9,318.3,44.6,,,,,,,,,,,,,,,,,,,,,,,,,,,,,,,,,,,0.48,1.0,1.84,1.15,4.0,1.08,20.0,0.5,-0.51,0.0,0.0,-0.24,4.0,0.49,20.0,0.5,-0.52,0.5,1.74,0.6,4.0,1.46,20.0,0.5,1019.72,1020.2,1020.68,1020.2,2.0,0.99,24.0,0.0,,,,,,,,,,,,,,,,,,,,,,,,,,,,,,,,,,,,,,,,,,,,,,,,,,,,,,,,,,,,,,,,,,,,,,,,,,,,,,,,,,,,,,,,,,,,,,,,,,,,,,,,,,,,,,,,,,,,,,,,,,,,,,,,,,
1887,9,318.3,46.6,,,,,,,,,,,,,,,,,,,,,,,,,,,,,,,,,,,0.0,2.6,8.85,4.01,21.0,4.47,14.0,0.6,-2.23,0.0,3.75,1.18,21.0,4.29,14.0,0.6,-4.81,0.0,2.69,-0.55,21.0,4.1,14.0,0.6,1016.93,1030.0,1031.04,1025.14,19.0,10.31,14.0,0.6,,,,,,,,,,,,,,,,,,,,,,,,,,,,,,,,,,,,,,,,,,,,,,,,,,,,,,,,,,,,,,,,,,,,,,,,,,,,,,,,,,,,,,,,,,,,,,,,,,,,,,,,,,,,,,,,,,,,,,,,,,,,,,,,,,
1887,9,318.3,48.6,,,,,,,,,,,,,,,,,,,,,,,,,,,,,,,,,,,4.6,6.7,6.7,5.49,9.0,2.25,12.0,0.7,0.0,4.74,4.74,2.92,9.0,2.42,12.0,0.7,-4.74,-4.6,4.1,-0.99,9.0,4.73,12.0,0.7,1015.6,1022.3,1027.27,1021.48,4.0,6.87,10.0,0.5,,,,,,,,,,,,,,,,,,,,,,,,,,,,,,,,,,,,,,,,,,,,,,,,,,,,,,,,,,,,,,,,,,,,,,,,,,,,,,,,,,,,,,,,,,,,,,,,,,,,,,,,,,,,,,,,,,,,,,,,,,,,,,,,,,
1887,9,320.3,-43.4,,,,,,,,,,,,,,,,,,,,,,,,,,,,,,,,,,,8.35,12.3,14.75,11.92,5.0,4.6,18.0,0.4,5.86,6.7,13.57,9.34,5.0,5.18,18.0,0.4,3.05,6.58,8.88,6.04,5.0,4.15,18.0,0.4,1010.32,1013.1,1014.92,1012.5,5.0,3.52,18.0,0.4,,,,,,,,,,,,,,,,,,,,,,,,,,,,,,,,,,,,,,,,,,,,,,,,,,,,,,,,,,,,,,,,,,,,,,,,,,,,,,,,,,,,,,,,,,,,,,,,,,,,,,,,,,,,,,,,,,,,,,,,,,,,,,,,,,
1887,9,320.3,-41.4,,,,,,,,,,,,,,,,,,,,,,,,,,,,,,,,,,,7.81,12.3,17.46,11.96,10.0,5.44,20.0,0.7,4.07,11.32,16.07,10.27,10.0,6.23,20.0,0.7,-5.5,2.17,6.3,1.24,10.0,5.56,20.0,0.7,1009.44,1010.2,1010.56,1010.6,7.0,2.36,22.0,0.6,,,,,,,,,,,,,,,,,,,,,,,,,,,,,,,,,,,,,,,,,,,,,,,,,,,,,,,,,,,,,,,,,,,,,,,,,,,,,,,,,,,,,,,,,,,,,,,,,,,,,,,,,,,,,,,,,,,,,,,,,,,,,,,,,,
1887,9,320.3,-39.4,,,,,,,,,,,,,,,,,,,,,,,,,,,,,,,,,,,2.71,10.0,19.17,10.9,4.0,9.91,14.0,1.0,-2.84,2.49,13.77,5.33,4.0,11.97,14.0,1.0,-0.49,2.35,9.72,4.51,4.0,6.96,14.0,1.0,998.29,999.3,1006.29,1002.15,4.0,6.62,18.0,0.5,,,,,,,,,,,,,,,,,,,,,,,,,,,,,,,,,,,,,,,,,,,,,,,,,,,,,,,,,,,,,,,,,,,,,,,,,,,,,,,,,,,,,,,,,,,,,,,,,,,,,,,,,,,,,,,,,,,,,,,,,,,,,,,,,,
1887,9,320.3,-31.4,17.2,17.45,18.07,17.63,8.0,0.65,14.0,0.5,15.0,16.0,17.77,16.56,9.0,1.89,10.0,0.6,9.92,9.93,9.94,9.93,4.0,0.01,2.0,0.3,93.7,93.7,93.7,93.7,4.0,0.0,2.0,0.3,0.6,0.4,6.27,6.7,6.7,6.35,6.0,0.86,18.0,0.8,-2.97,4.89,6.28,2.55,6.0,4.9,18.0,0.8,1.71,3.13,5.04,3.4,6.0,1.86,18.0,0.8,1010.9,1014.55,1017.77,1014.58,8.0,3.29,14.0,0.5,0.9,5.5,8.0,4.7,10.0,3.4,12.0,0.6,93.7,93.7,93.7,93.7,4.0,0.0,2.0,0.3,0.6,0.4,-19.9,28.3,42.1,15.6,6.0,32.4,18.0,0.8,9.1,21.0,33.8,22.1,6.0,13.2,18.0,0.8,,,,,,,,,,,,,,,,,,,,,,,,,,,,,,,,,,,,,,,,,,,,,,,,,,,,,,,,,,,,,,,,,,,,,,,,,,,,,,,,,,,,,,,,,,,,,,,,
1887,9,320.3,-29.4,,,,,,,,,,,,,,,,,,,,,,,,,,,,,,,,,,,6.7,12.3,12.3,10.78,8.0,4.6,6.0,0.5,-11.4,-8.81,-2.61,-7.62,8.0,4.97,6.0,0.5,-11.25,-4.61,-2.74,-5.21,8.0,5.64,6.0,0.5,1018.07,1018.85,1019.64,1018.85,2.0,1.63,10.0,0.5,,,,,,,,,,,,,,,,,,,,,,,,,,,,,,,,,,,,,,,,,,,,,,,,,,,,,,,,,,,,,,,,,,,,,,,,,,,,,,,,,,,,,,,,,,,,,,,,,,,,,,,,,,,,,,,,,,,,,,,,,,,,,,,,,,
1887,9,320.3,-27.4,,,,,,,,,,,,,,,,,,,,,,,,,,,,,,,,,,,6.7,9.3,15.4,9.72,9.0,5.12,18.0,0.6,-6.36,-5.55,0.0,-3.15,9.0,5.05,18.0,0.6,-13.29,-9.3,-3.75,-8.0,9.0,4.89,18.0,0.6,1017.5,1022.2,1025.42,1021.37,11.0,3.94,20.0,0.6,,,,,,,,,,,,,,,,,,,,,,,,,,,,,,,,,,,,,,,,,,,,,,,,,,,,,,,,,,,,,,,,,,,,,,,,,,,,,,,,,,,,,,,,,,,,,,,,,,,,,,,,,,,,,,,,,,,,,,,,,,,,,,,,,,
1887,9,320.3,-25.4,21.37,22.2,22.66,22.0,10.0,0.88,12.0,0.6,20.03,22.45,23.18,21.99,14.0,1.51,12.0,0.5,11.6,11.6,11.6,11.6,1.0,0.0,14.0,0.0,80.8,80.8,80.8,80.8,1.0,0.0,14.0,0.0,0.0,0.1,4.6,6.7,13.58,8.6,11.0,5.01,12.0,0.5,0.0,1.72,8.21,2.78,11.0,4.67,12.0,0.5,-7.77,-5.28,2.73,-2.71,11.0,8.25,12.0,0.5,1011.12,1012.7,1014.3,1013.35,14.0,3.54,12.0,0.5,3.0,5.0,7.0,5.1,14.0,2.0,12.0,0.5,80.8,80.8,80.8,80.8,1.0,0.0,14.0,0.0,0.0,0.1,0.0,7.9,117.6,41.9,11.0,74.6,12.0,0.5,-62.1,-35.4,48.4,-3.2,11.0,122.8,12.0,0.5,-1.47,-0.3,0.06,-0.54,10.0,1.07,12.0,0.6,-5.4,-2.0,-0.4,-6.4,9.0,12.8,12.0,0.6,2.79,2.79,2.79,2.79,1.0,0.0,14.0,0.0,18.7,18.7,18.7,18.7,1.0,0.0,14.0,0.0,0.0,38.9,165.0,60.8,11.0,100.8,12.0,0.5,-177.6,-105.6,46.5,-67.6,11.0,175.1,12.0,0.5,-47.9,-47.9,-47.9,-47.9,1.0,0.0,14.0,0.0,-61.3,-61.3,-61.3,-61.3,1.0,0.0,14.0,0.0,-11.5,-11.5,-11.5,-11.5,1.0,0.0,14.0,0.0,-14.7,-14.7,-14.7,-14.7,1.0,0.0,14.0,0.0,97.5,301.0,2600.5,1326.5,11.0,2133.5,12.0,0.5,95.0,300.0,2600.0,1325.0,11.0,2135.0,12.0,0.5
1887,9,320.3,-23.4,,,,,,,,,,,,,,,,,,,,,,,,,,,,,,,,,,,6.7,6.7,10.06,7.89,12.0,2.4,22.0,0.6,-6.75,-5.88,0.24,-3.73,12.0,4.5,22.0,0.6,-4.48,1.25,6.88,1.29,12.0,6.04,22.0,0.6,1009.61,1013.45,1020.23,1014.2,8.0,5.24,12.0,0.6,2.0,4.0,7.8,4.7,15.0,2.5,20.0,0.6,91.9,91.9,91.9,91.9,1.0,0.0,10.0,1.0,1.0,0.5,-55.0,-39.4,1.6,-31.8,12.0,45.8,22.0,0.6,-30.0,8.4,72.5,15.3,12.0,58.2,22.0,0.6,,,,,,,,,,,,,,,,,,,,,,,,,,,,,,,,,,,,,,,,,,,,,,,,,,,,,,,,,,,,,,,,,,,,,,,,,,,,,,,,,,,,,,,,,,,,,,,,
1887,9,320.3,-21.4,22.2,22.8,23.5,22.84,39.0,0.97,12.0,0.6,22.4,23.0,24.45,23.2,48.0,1.09,14.0,0.6,13.95,16.89,19.09,16.48,25.0,2.34,12.0,0.6,80.6,93.5,99.5,90.7,25.0,8.1,12.0,0.6,0.3,0.6,5.9,9.3,12.3,8.6,49.0,3.47,14.0,0.6,-4.82,-2.32,0.81,-1.97,49.0,3.11,14.0,0.6,-12.03,-2.96,7.69,-2.6,49.0,8.18,14.0,0.6,1012.63,1018.4,1021.58,1017.31,49.0,3.92,14.0,0.6,3.0,5.0,7.0,4.8,50.0,2.2,14.0,0.6,80.6,93.5,99.5,90.7,25.0,8.1,12.0,0.6,0.3,0.6,-33.1,-11.6,2.1,-14.9,49.0,32.4,14.0,0.6,-148.0,-13.6,60.8,-34.7,49.0,92.4,14.0,0.6,-1.7,-0.2,0.6,-0.49,39.0,1.25,12.0,0.6,-20.9,-1.1,6.2,-5.0,38.0,12.7,12.0,0.6,-2.24,-0.56,3.7,0.52,19.0,2.66,10.0,0.6,-27.5,-3.7,33.9,0.7,19.0,24.9,10.0,0.6,-110.6,-55.5,0.0,-51.7,47.0,65.2,14.0,0.6,-287.3,-62.3,192.4,-53.8,47.0,189.3,14.0,0.6,-67.9,-48.2,0.0,-35.7,25.0,36.5,12.0,0.6,-230.6,-71.0,123.9,-57.9,25.0,144.5,12.0,0.6,-1.2,0.0,5.7,0.1,19.0,8.1,10.0,0.6,-3.6,21.4,29.6,15.7,19.0,17.2,10.0,0.6,223.0,804.5,1861.0,933.0,49.0,891.0,14.0,0.6,225.0,805.0,1860.0,935.0,49.0,890.0,14.0,0.6
1887,9,320.3,-19.4,21.8,23.5,24.5,23.33,32.0,1.15,14.0,0.4,22.49,23.3,24.0,23.38,45.0,1.06,16.0,0.4,14.25,16.35,17.64,16.17,26.0,1.42,14.0,0.3,80.7,93.2,98.2,91.8,26.0,7.6,14.0,0.3,0.6,0.5,2.6,6.7,9.3,5.84,44.0,2.72,16.0,0.4,-5.84,-1.79,0.3,-2.21,44.0,2.85,16.0,0.4,-4.99,-1.84,6.58,-0.3,44.0,5.39,16.0,0.4,1015.9,1018.9,1020.57,1018.45,47.0,2.54,16.0,0.4,2.0,5.0,8.0,4.7,46.0,2.6,16.0,0.4,80.7,93.2,98.2,91.8,26.0,7.6,14.0,0.3,0.6,0.5,-39.2,-7.6,0.8,-14.9,44.0,22.0,16.0,0.4,-33.4,-4.8,61.2,3.1,44.0,46.3,16.0,0.4,-0.92,0.0,0.8,-0.06,32.0,1.37,14.0,0.4,-6.8,0.7,5.5,0.7,29.0,10.8,14.0,0.4,0.06,1.65,4.45,2.15,17.0,2.1,14.0,0.3,-0.2,12.0,40.3,17.7,16.0,19.1,14.0,0.3,-138.8,-43.8,0.0,-55.6,42.0,61.9,16.0,0.4,-107.3,-29.6,146.0,-0.9,42.0,123.4,16.0,0.4,-78.8,-32.2,0.0,-35.0,25.0,34.4,14.0,0.3,-74.9,12.0,111.2,12.9,25.0,88.7,14.0,0.3,-13.8,-1.5,0.0,-7.7,16.0,12.1,14.0,0.3,-9.5,1.4,36.0,10.2,16.0,19.5,14.0,0.3,17.5,301.0,804.5,327.5,44.0,371.5,16.0,0.4,20.0,300.0,805.0,330.0,44.0,370.0,16.0,0.4
1887,9,320.3,-17.4,23.07,23.5,24.37,23.69,24.0,0.8,16.0,0.7,23.0,24.0,24.9,24.13,34.0,1.12,18.0,0.6,15.09,16.16,17.87,16.34,19.0,1.26,18.0,0.7,77.2,86.5,98.2,86.5,19.0,9.6,18.0,0.7,0.8,0.5,2.6,4.6,6.7,4.61,38.0,1.86,16.0,0.6,-4.92,-2.77,-0.59,-2.88,38.0,2.33,16.0,0.6,-3.67,-1.03,0.67,-1.07,38.0,3.19,16.0,0.6,1016.7,1018.7,1020.5,1018.5,37.0,1.7,16.0,0.6,1.0,2.0,6.0,3.1,37.0,2.3,16.0,0.6,77.2,86.5,98.2,86.5,19.0,9.6,18.0,0.7,0.8,0.5,-33.0,-12.7,-1.2,-15.3,38.0,15.2,16.0,0.6,-16.9,-4.2,1.7,-3.3,38.0,21.6,16.0,0.6,-1.6,-0.2,0.73,-0.39,24.0,1.1,16.0,0.7,-8.1,-0.8,1.9,-2.5,24.0,6.5,16.0,0.7,0.64,2.04,2.72,1.95,11.0,1.39,14.0,0.8,3.5,8.4,19.9,11.3,11.0,9.9,14.0,0.8,-145.4,-63.8,-15.4,-74.3,34.0,56.5,18.0,0.6,-78.8,-21.3,40.6,-13.6,34.0,73.6,18.0,0.6,-100.5,-46.7,-23.6,-56.0,19.0,37.3,18.0,0.7,-47.5,-15.6,46.6,-3.5,19.0,56.1,18.0,0.7,-8.7,-4.2,-1.6,-6.8,11.0,8.6,14.0,0.8,-6.6,0.0,14.6,2.4,11.0,10.3,14.0,0.8,17.5,97.5,301.0,145.5,38.0,156.0,16.0,0.6,20.0,95.0,300.0,145.0,38.0,155.0,16.0,0.6
1887,9,320.3,-15.4,22.7,24.0,24.8,23.92,23.0,0.98,14.0,0.3,23.5,24.1,24.79,24.24,36.0,0.78,16.0,0.4,15.53,16.54,18.0,16.61,22.0,1.34,18.0,0.4,82.2,89.2,97.0,89.2,22.0,7.5,18.0,0.4,0.8,0.5,1.05,4.6,6.7,4.21,39.0,1.98,16.0,0.4,-6.12,-2.77,-0.4,-3.02,39.0,2.44,16.0,0.4,-2.51,-0.92,2.62,-0.33,39.0,2.59,16.0,0.4,1015.9,1017.3,1019.0,1017.51,39.0,1.58,16.0,0.4,1.0,2.0,6.3,3.3,37.0,2.5,16.0,0.4,82.2,89.2,97.0,89.2,22.0,7.5,18.0,0.4,0.8,0.5,-41.0,-12.7,-0.4,-16.3,39.0,16.1,16.0,0.4,-16.6,-0.9,14.7,-0.7,39.0,13.1,16.0,0.4,-0.95,0.0,0.65,-0.2,23.0,0.89,14.0,0.3,-4.8,0.0,1.8,-1.7,23.0,4.7,14.0,0.3,0.59,1.57,3.56,1.83,10.0,1.52,14.0,0.3,1.2,5.9,11.3,6.5,10.0,6.3,14.0,0.3,-143.4,-65.1,-8.1,-70.1,36.0,60.4,16.0,0.4,-71.5,-23.2,69.5,-7.9,36.0,64.2,16.0,0.4,-95.7,-56.0,-4.4,-52.4,22.0,37.9,18.0,0.4,-40.6,-16.0,43.6,-7.2,22.0,42.6,18.0,0.4,-11.1,-3.3,-0.9,-5.3,10.0,6.2,14.0,0.3,-5.2,-1.5,0.0,-2.0,10.0,3.4,14.0,0.3,1.5,97.5,301.0,119.0,39.0,108.0,16.0,0.4,0.0,95.0,300.0,120.0,39.0,110.0,16.0,0.4
1887,9,320.3,-13.4,23.61,24.5,25.45,24.46,17.0,0.92,14.0,0.4,23.55,24.4,25.1,24.46,23.0,1.05,16.0,0.3,15.92,16.8,18.04,16.86,14.0,1.12,16.0,0.4,81.5,90.2,98.2,89.9,14.0,8.5,16.0,0.4,0.8,0.3,2.6,4.6,6.7,4.34,23.0,2.18,16.0,0.3,-6.66,-2.6,-2.17,-3.76,23.0,2.35,16.0,0.3,-1.98,0.0,1.0,-0.33,23.0,2.02,16.0,0.3,1015.4,1017.2,1019.0,1017.17,25.0,1.63,16.0,0.4,1.0,2.0,4.3,2.8,24.0,2.2,16.0,0.4,81.5,90.2,98.2,89.9,14.0,8.5,16.0,0.4,0.8,0.3,-44.6,-16.8,-5.6,-20.7,23.0,20.5,16.0,0.3,-8.4,0.0,3.0,-1.5,23.0,12.5,16.0,0.3,-0.85,0.1,0.8,-0.02,17.0,0.91,14.0,0.4,-3.8,0.2,2.5,-0.2,15.0,3.1,14.0,0.3,0.62,2.08,3.71,2.2,8.0,1.67,14.0,0.4,1.9,8.2,9.7,9.2,8.0,9.8,14.0,0.4,-156.3,-66.0,-52.9,-85.0,21.0,52.3,16.0,0.3,-36.2,0.0,24.1,-5.5,21.0,51.1,16.0,0.3,-100.9,-47.5,-38.8,-62.4,14.0,31.8,16.0,0.4,-22.8,-2.9,14.1,-1.2,14.0,33.6,16.0,0.4,-9.2,-7.6,-1.8,-8.8,8.0,9.7,14.0,0.4,-4.0,0.0,1.9,-0.5,8.0,3.2,14.0,0.4,17.5,97.5,301.0,145.0,23.0,186.5,16.0,0.3,20.0,95.0,300.0,145.0,23.0,185.0,16.0,0.3
1887,9,320.3,-3.4,,,,,,,,,,,,,,,,,,,,,,,,,,,,,,,,,,,9.3,9.3,9.3,9.3,2.0,0.0,16.0,0.5,-6.58,-6.58,-6.58,-6.58,2.0,0.0,16.0,0.5,6.58,6.58,6.58,6.58,2.0,0.0,16.0,0.5,1013.32,1014.0,1014.68,1014.0,2.0,1.41,16.0,0.5,,,,,,,,,,,,,,,,,,,,,,,,,,,,,,,,,,,,,,,,,,,,,,,,,,,,,,,,,,,,,,,,,,,,,,,,,,,,,,,,,,,,,,,,,,,,,,,,,,,,,,,,,,,,,,,,,,,,,,,,,,,,,,,,,,
1887,9,320.3,-1.4,,,,,,,,,,,,,,,,,,,,,,,,,,,,,,,,,,,9.99,12.3,13.58,11.85,11.0,2.82,26.0,0.5,-11.39,-10.32,-7.87,-9.73,11.0,2.69,26.0,0.5,5.89,6.7,7.61,6.71,11.0,1.17,26.0,0.5,1015.12,1015.9,1016.71,1015.69,11.0,1.51,26.0,0.5,,,,,,,,,,,,,,,,,,,,,,,,,,,,,,,,,,,,,,,,,,,,,,,,,,,,,,,,,,,,,,,,,,,,,,,,,,,,,,,,,,,,,,,,,,,,,,,,,,,,,,,,,,,,,,,,,,,,,,,,,,,,,,,,,,
1887,9,320.3,0.6,,,,,,,,,,,,,,,,,,,,,,,,,,,,,,,,,,,12.3,12.3,12.3,12.3,1.0,0.0,30.0,1.0,-10.08,-10.08,-10.08,-10.08,1.0,0.0,30.0,1.0,7.05,7.05,7.05,7.05,1.0,0.0,30.0,1.0,1015.9,1015.9,1015.9,1015.9,1.0,0.0,30.0,1.0,,,,,,,,,,,,,,,,,,,,,,,,,,,,,,,,,,,,,,,,,,,,,,,,,,,,,,,,,,,,,,,,,,,,,,,,,,,,,,,,,,,,,,,,,,,,,,,,,,,,,,,,,,,,,,,,,,,,,,,,,,,,,,,,,,
1887,9,320.3,2.6,,,,,,,,,,,,,,,,,,,,,,,,,,,,,,,,,,,4.6,4.6,6.7,5.53,9.0,1.11,14.0,0.3,-5.62,-3.86,-2.89,-4.16,9.0,1.19,14.0,0.3,2.79,3.57,3.65,3.54,9.0,0.79,14.0,0.3,1010.7,1011.2,1011.4,1011.02,9.0,0.44,14.0,0.3,,,,,,,,,,,,,,,,,,,,,,,,,,,,,,,,,,,,,,,,,,,,,,,,,,,,,,,,,,,,,,,,,,,,,,,,,,,,,,,,,,,,,,,,,,,,,,,,,,,,,,,,,,,,,,,,,,,,,,,,,,,,,,,,,,
1887,9,320.3,4.6,,,,,,,,,,,,,,,,,,,,,,,,,,,,,,,,,,,4.83,6.7,6.7,5.93,8.0,1.53,20.0,0.6,-4.74,-4.48,-3.36,-4.13,8.0,1.51,20.0,0.6,2.69,4.74,5.15,4.11,8.0,1.16,20.0,0.6,1011.32,1012.0,1012.48,1011.9,3.0,0.85,16.0,1.0,,,,,,,,,,,,,,,,,,,,,,,,,,,,,,,,,,,,,,,,,,,,,,,,,,,,,,,,,,,,,,,,,,,,,,,,,,,,,,,,,,,,,,,,,,,,,,,,,,,,,,,,,,,,,,,,,,,,,,,,,,,,,,,,,,
1887,9,320.3,10.6,,,,,,,,,,,,,,,,,,,,,,,,,,,,,,,,,,,2.6,2.6,6.7,4.14,16.0,2.05,26.0,0.6,-5.65,-1.43,0.97,-1.75,16.0,3.15,26.0,0.6,-3.92,-2.46,-2.05,-2.78,16.0,1.0,26.0,0.6,1012.34,1012.7,1013.05,1012.68,5.0,0.51,20.0,0.6,,,,,,,,,,,,,,,,,,,,,,,,,,,,,,,,,,,,,,,,,,,,,,,,,,,,,,,,,,,,,,,,,,,,,,,,,,,,,,,,,,,,,,,,,,,,,,,,,,,,,,,,,,,,,,,,,,,,,,,,,,,,,,,,,,
1887,9,320.3,14.6,26.06,26.7,27.8,26.94,32.0,0.84,14.0,0.7,26.1,27.2,27.84,26.98,32.0,0.83,14.0,0.7,18.52,21.31,23.16,21.07,9.0,2.12,18.0,0.9,82.6,86.6,94.1,87.0,22.0,5.6,12.0,0.6,0.8,0.8,1.0,2.6,8.97,4.13,27.0,3.13,14.0,0.6,-8.46,-2.51,-0.97,-3.29,27.0,3.05,14.0,0.6,-3.65,-1.19,-0.26,-1.79,27.0,1.92,14.0,0.6,1010.74,1010.9,1019.17,1013.36,10.0,4.1,16.0,0.9,2.0,3.0,6.0,3.3,32.0,2.0,14.0,0.7,82.6,86.6,94.1,87.0,22.0,5.6,12.0,0.6,0.8,0.8,-76.5,-6.5,-1.0,-21.9,27.0,31.1,14.0,0.6,-20.9,-5.5,-0.3,-10.9,27.0,13.4,14.0,0.6,-0.6,-0.5,1.1,-0.03,32.0,0.83,14.0,0.7,-2.8,-0.5,4.4,-0.4,27.0,5.0,14.0,0.6,-0.32,1.31,3.7,1.63,9.0,1.76,18.0,0.9,-5.1,12.2,18.9,10.9,7.0,11.9,16.0,0.9,-230.2,-65.5,-25.8,-90.4,27.0,85.6,14.0,0.6,-99.0,-32.4,-6.8,-48.5,27.0,51.8,14.0,0.6,-209.0,-192.3,-81.3,-164.3,7.0,58.2,16.0,0.9,-52.1,-47.9,-20.3,-38.9,7.0,18.7,16.0,0.9,-18.9,-11.8,4.9,-10.6,7.0,11.6,16.0,0.9,-4.9,-2.7,1.2,-2.2,7.0,2.8,16.0,0.9,1.0,17.5,741.0,204.0,27.0,306.0,14.0,0.6,0.0,20.0,740.0,205.0,27.0,305.0,14.0,0.6
1887,9,320.3,16.6,25.6,26.1,26.7,26.16,22.0,0.52,6.0,0.3,25.77,26.1,26.7,26.21,22.0,0.73,6.0,0.3,16.26,17.95,18.82,17.84,7.0,1.69,6.0,0.3,76.2,82.8,89.8,83.5,22.0,6.4,6.0,0.3,0.5,0.5,2.6,6.7,6.7,5.43,19.0,2.13,6.0,0.4,-6.5,-6.5,-2.08,-5.1,19.0,2.28,6.0,0.4,-1.62,-1.62,-1.56,-1.65,19.0,0.34,6.0,0.4,1018.61,1019.0,1019.6,1018.1,7.0,3.19,6.0,0.3,2.0,4.0,4.0,3.2,19.0,0.9,6.0,0.4,76.2,82.8,89.8,83.5,22.0,6.4,6.0,0.3,0.5,0.5,-43.6,-43.6,-5.4,-32.3,19.0,21.9,6.0,0.4,-10.9,-10.9,-4.1,-9.1,19.0,4.4,6.0,0.4,-0.5,0.0,0.6,-0.05,22.0,0.65,6.0,0.3,-3.3,0.0,0.6,-1.1,19.0,3.5,6.0,0.4,2.26,3.06,5.5,3.72,7.0,1.7,6.0,0.3,14.3,14.3,16.3,15.2,4.0,1.9,10.0,0.5,-173.3,-169.7,-55.4,-134.3,19.0,60.6,6.0,0.4,-44.1,-42.3,-41.7,-43.5,19.0,8.3,6.0,0.4,-113.8,-33.8,-33.8,-72.0,4.0,76.4,10.0,0.5,-36.5,-25.4,-25.4,-30.7,4.0,10.5,10.0,0.5,-14.6,-11.4,-11.4,-12.9,4.0,3.0,10.0,0.5,-8.6,-8.6,-6.4,-7.5,4.0,2.1,10.0,0.5,17.5,301.0,301.0,227.0,19.0,193.5,6.0,0.4,20.0,300.0,300.0,225.0,19.0,195.0,6.0,0.4
1887,9,320.3,18.6,25.6,25.6,26.7,26.06,27.0,0.56,2.0,0.5,25.08,26.7,27.14,26.4,27.0,0.78,2.0,0.5,17.98,18.76,18.94,18.55,17.0,0.48,2.0,0.5,82.6,87.2,94.8,86.8,27.0,5.4,2.0,0.5,0.4,0.4,6.07,9.3,9.3,7.91,18.0,2.75,2.0,0.4,-9.05,-8.89,-5.4,-7.51,18.0,2.75,2.0,0.4,-2.41,-1.37,3.13,-0.28,18.0,2.53,2.0,0.4,1018.22,1019.6,1020.7,1019.35,17.0,1.72,2.0,0.5,4.0,4.0,5.0,4.6,9.0,0.7,2.0,0.2,82.6,87.2,94.8,86.8,27.0,5.4,2.0,0.5,0.4,0.4,-84.2,-82.7,-33.3,-66.5,18.0,40.4,2.0,0.4,-22.4,-8.0,22.4,-5.6,18.0,22.1,2.0,0.4,-1.1,0.0,0.59,-0.33,27.0,0.68,2.0,0.5,-7.4,-3.8,0.0,-3.4,18.0,4.5,2.0,0.4,1.42,1.65,3.93,2.35,17.0,1.2,2.0,0.5,7.0,9.5,37.6,18.7,10.0,15.9,2.0,0.4,-244.3,-227.7,-144.8,-199.8,18.0,73.0,2.0,0.4,-65.5,-37.2,81.1,-8.1,18.0,67.3,2.0,0.4,-190.1,-114.9,-72.8,-129.6,10.0,61.0,2.0,0.4,-50.9,18.2,63.4,6.5,10.0,52.2,2.0,0.4,-36.3,-8.6,-6.3,-17.7,10.0,15.5,2.0,0.4,-9.7,1.6,4.8,-1.6,10.0,6.8,2.0,0.4,239.5,804.5,804.5,655.0,18.0,533.5,2.0,0.4,240.0,805.0,805.0,655.0,18.0,535.0,2.0,0.4
1887,9,320.3,20.6,25.6,26.1,26.7,26.08,10.0,0.48,16.0,0.7,27.02,27.2,27.2,27.1,5.0,0.22,2.0,1.0,17.69,17.7,17.8,17.74,5.0,0.1,2.0,1.0,79.3,79.3,80.5,79.9,5.0,1.5,2.0,1.0,0.2,0.1,6.7,9.3,9.3,8.43,9.0,1.3,14.0,0.8,-8.98,-8.98,-6.17,-8.0,9.0,1.38,14.0,0.8,-2.41,-2.41,2.62,-0.06,9.0,2.8,14.0,0.8,1020.08,1020.7,1021.26,1020.62,5.0,0.99,2.0,1.0,2.4,4.0,6.0,4.1,10.0,1.5,16.0,0.7,79.3,79.3,80.5,79.9,5.0,1.5,2.0,1.0,0.2,0.1,-83.5,-83.5,-41.3,-69.0,9.0,20.8,14.0,0.8,-22.4,-22.4,17.5,-2.8,9.0,23.7,14.0,0.8,-1.6,-1.6,-0.88,-1.28,5.0,0.49,2.0,1.0,-14.9,-14.9,-8.2,-11.9,5.0,4.5,2.0,1.0,2.57,2.65,3.16,2.88,5.0,0.65,2.0,1.0,23.9,24.6,29.4,26.8,5.0,6.1,2.0,1.0,-244.3,-244.3,-242.7,-243.4,5.0,2.0,2.0,1.0,-65.5,-65.5,-65.0,-65.2,5.0,0.5,2.0,1.0,-159.9,-159.0,-158.9,-159.4,5.0,0.9,2.0,1.0,-42.8,-42.6,-42.6,-42.7,5.0,0.2,2.0,1.0,-28.4,-23.8,-23.1,-25.9,5.0,5.9,2.0,1.0,-7.6,-6.4,-6.2,-6.9,5.0,1.6,2.0,1.0,301.0,804.5,804.5,636.5,9.0,252.0,14.0,0.8,300.0,805.0,805.0,635.0,9.0,250.0,14.0,0.8
1887,9,320.3,22.6,,,,,,,,,,,,,,,,,,,,,,,,,,,,,,,,,,,2.82,8.0,9.3,6.71,8.0,3.05,28.0,0.8,-7.71,-6.63,-2.0,-5.42,8.0,2.71,28.0,0.8,2.0,4.47,5.2,3.93,8.0,1.5,28.0,0.8,1021.03,1021.1,1021.1,1021.07,3.0,0.06,24.0,0.7,,,,,,,,,,,,,,,,,,,,,,,,,,,,,,,,,,,,,,,,,,,,,,,,,,,,,,,,,,,,,,,,,,,,,,,,,,,,,,,,,,,,,,,,,,,,,,,,,,,,,,,,,,,,,,,,,,,,,,,,,,,,,,,,,,
1887,9,320.3,24.6,,,,,,,,,,,,,,,,,,,,,,,,,,,,,,,,,,,4.6,4.6,6.7,5.45,18.0,1.53,14.0,0.4,-6.32,-4.58,-4.32,-5.0,18.0,1.56,14.0,0.4,0.13,0.4,2.62,1.14,18.0,1.87,14.0,0.4,1021.45,1022.7,1022.7,1021.51,15.0,2.85,12.0,0.5,,,,,,,,,,,,,,,,,,,,,,,,,,,,,,,,,,,,,,,,,,,,,,,,,,,,,,,,,,,,,,,,,,,,,,,,,,,,,,,,,,,,,,,,,,,,,,,,,,,,,,,,,,,,,,,,,,,,,,,,,,,,,,,,,,
1887,9,320.3,26.6,,,,,,,,,,,,,,,,,,,,,,,,,,,,,,,,,,,4.22,6.7,9.3,6.7,25.0,2.83,18.0,0.6,-9.23,-3.75,-2.54,-5.3,25.0,3.7,18.0,0.6,-1.2,0.37,5.55,1.45,25.0,3.1,18.0,0.6,1018.52,1022.7,1026.1,1021.94,14.0,4.12,12.0,0.6,,,,,,,,,,,,,,,,,,,,,,,,,,,,,,,,,,,,,,,,,,,,,,,,,,,,,,,,,,,,,,,,,,,,,,,,,,,,,,,,,,,,,,,,,,,,,,,,,,,,,,,,,,,,,,,,,,,,,,,,,,,,,,,,,,
1887,9,320.3,28.6,25.6,25.8,26.1,25.96,91.0,0.65,18.0,0.5,25.0,26.1,27.8,26.28,57.0,1.14,14.0,0.5,17.51,17.89,18.91,18.07,38.0,0.85,14.0,0.6,82.6,86.6,88.1,86.1,38.0,3.5,14.0,0.6,0.3,0.8,0.0,2.6,6.7,3.56,78.0,3.02,18.0,0.5,-4.71,-0.63,0.0,-1.86,78.0,3.16,18.0,0.5,-2.34,0.0,4.27,0.75,78.0,2.81,18.0,0.5,1019.3,1022.15,1025.4,1022.08,76.0,2.95,18.0,0.5,1.0,4.0,8.0,4.6,58.0,3.0,22.0,0.5,82.6,86.6,88.1,86.1,38.0,3.5,14.0,0.6,0.3,0.8,-29.4,-0.8,0.0,-13.7,78.0,26.8,18.0,0.5,-6.8,0.0,19.6,5.0,78.0,16.5,18.0,0.5,-1.6,0.0,0.6,-0.38,57.0,1.02,14.0,0.5,-1.3,0.0,1.9,0.0,49.0,2.0,14.0,0.5,1.25,2.31,2.75,2.14,38.0,0.91,14.0,0.6,0.0,0.0,7.2,2.6,31.0,3.6,14.0,0.6,-201.1,-3.5,0.0,-55.7,49.0,97.8,14.0,0.5,-65.3,0.0,0.0,-17.0,49.0,47.0,14.0,0.5,-11.0,0.0,0.0,-3.3,31.0,6.0,14.0,0.6,-45.1,0.0,0.0,-16.9,31.0,21.3,14.0,0.6,-1.3,0.0,0.0,-0.4,31.0,0.7,14.0,0.6,-7.1,0.0,0.0,-2.5,31.0,3.6,14.0,0.6,0.0,17.5,301.0,153.5,78.0,245.5,18.0,0.5,0.0,20.0,300.0,155.0,78.0,245.0,18.0,0.5
1887,9,320.3,30.6,,,,,,,,,,,,,,,,,,,,,,,,,,,,,,,,,,,1.61,4.6,5.9,3.82,16.0,2.17,20.0,0.4,-5.57,-4.23,-1.55,-3.62,16.0,2.02,20.0,0.4,-0.5,0.0,1.8,0.28,16.0,1.47,20.0,0.4,1017.6,1019.3,1026.01,1020.79,16.0,3.66,20.0,0.4,,,,,,,,,,,,,,,,,,,,,,,,,,,,,,,,,,,,,,,,,,,,,,,,,,,,,,,,,,,,,,,,,,,,,,,,,,,,,,,,,,,,,,,,,,,,,,,,,,,,,,,,,,,,,,,,,,,,,,,,,,,,,,,,,,
1887,9,320.3,32.6,25.36,25.4,25.51,25.44,5.0,0.15,10.0,0.4,24.9,25.0,25.6,25.18,10.0,0.37,6.0,0.3,15.8,16.09,16.09,15.97,5.0,0.16,4.0,0.2,78.6,82.9,82.9,81.2,5.0,2.4,4.0,0.2,1.0,0.4,6.7,6.7,6.7,6.75,10.0,1.11,6.0,0.3,-6.7,-6.39,-5.55,-6.31,10.0,1.31,6.0,0.3,-3.75,-0.64,0.0,-1.32,10.0,1.99,6.0,0.3,1029.17,1030.15,1030.5,1029.9,10.0,0.81,6.0,0.3,2.0,2.5,4.6,3.1,10.0,1.4,6.0,0.3,78.6,82.9,82.9,81.2,5.0,2.4,4.0,0.2,1.0,0.4,-44.9,-42.8,-37.2,-43.8,10.0,16.8,6.0,0.3,-25.1,-4.3,0.0,-9.2,10.0,12.7,6.0,0.3,,,,,,,,,,,,,,,,,,,,,,,,,,,,,,,,,-170.7,-159.9,-140.3,-158.8,10.0,32.4,6.0,0.3,-94.9,-16.0,0.0,-33.5,10.0,50.5,6.0,0.3,-102.1,-89.4,-87.7,-94.1,5.0,8.3,4.0,0.2,-59.6,-59.2,-33.1,-47.9,5.0,17.4,4.0,0.2,,,,,,,,,,,,,,,,,,,,,,,,,,,,,,,,
1887,9,320.3,34.6,24.98,25.45,25.74,25.4,6.0,0.42,10.0,0.7,24.47,25.1,25.56,25.02,5.0,0.77,12.0,0.6,16.61,16.61,16.61,16.61,1.0,0.0,20.0,0.0,90.8,90.8,90.8,90.8,1.0,0.0,20.0,0.0,0.2,0.9,6.7,6.7,7.24,7.13,6.0,1.06,10.0,0.7,-6.28,-4.83,-1.47,-3.75,6.0,3.5,10.0,0.7,2.08,4.42,6.71,4.38,6.0,3.17,10.0,0.7,1025.24,1030.05,1031.1,1028.53,6.0,3.5,10.0,0.7,2.0,2.0,6.2,3.5,6.0,2.3,10.0,0.7,90.8,90.8,90.8,90.8,1.0,0.0,20.0,0.0,0.2,0.9,-42.1,-36.9,-9.9,-26.7,6.0,23.6,10.0,0.7,13.9,29.6,49.6,33.1,6.0,28.1,10.0,0.7,-0.05,0.4,0.91,0.42,5.0,0.55,12.0,0.6,-0.6,2.7,6.1,2.7,5.0,4.0,12.0,0.6,2.97,2.97,2.97,2.97,1.0,0.0,20.0,0.0,19.9,19.9,19.9,19.9,1.0,0.0,20.0,0.0,-160.5,-90.6,-17.6,-83.4,5.0,91.5,12.0,0.6,42.0,148.5,179.7,118.6,5.0,86.8,12.0,0.6,41.7,41.7,41.7,41.7,1.0,0.0,20.0,0.0,103.2,103.2,103.2,103.2,1.0,0.0,20.0,0.0,7.5,7.5,7.5,7.5,1.0,0.0,20.0,0.0,18.5,18.5,18.5,18.5,1.0,0.0,20.0,0.0,301.0,301.0,405.0,384.5,6.0,205.5,10.0,0.7,300.0,300.0,405.0,385.0,6.0,205.0,10.0,0.7
1887,9,320.3,36.6,25.0,25.0,25.56,25.2,16.0,0.34,16.0,0.6,22.8,23.9,25.0,23.77,16.0,1.37,16.0,0.6,13.8,15.05,15.41,14.75,11.0,0.87,20.0,0.5,80.3,82.3,85.8,82.9,11.0,4.2,20.0,0.5,0.2,0.4,2.6,4.6,8.12,5.6,12.0,3.52,14.0,0.8,-4.62,-3.5,0.19,-2.26,12.0,2.99,14.0,0.8,-4.41,-1.59,4.24,-0.01,12.0,5.66,14.0,0.8,1022.7,1022.7,1022.7,1022.79,13.0,0.43,18.0,0.6,0.0,2.0,2.0,1.4,7.0,1.1,10.0,0.9,80.3,82.3,85.8,82.9,11.0,4.2,20.0,0.5,0.2,0.4,-37.7,-16.1,1.2,-17.9,12.0,23.3,14.0,0.8,-22.8,-5.0,41.8,13.7,12.0,60.4,14.0,0.8,0.42,1.4,2.2,1.43,16.0,1.31,16.0,0.6,-2.2,6.2,10.5,3.9,12.0,7.5,14.0,0.8,4.18,4.54,5.79,4.84,11.0,0.87,20.0,0.5,18.6,20.9,30.4,23.5,7.0,6.0,20.0,0.7,-113.5,-85.5,5.2,-55.0,12.0,72.8,14.0,0.8,-101.8,-35.4,106.9,4.7,12.0,144.9,14.0,0.8,-70.0,-57.4,-22.2,-38.0,7.0,48.9,20.0,0.7,-72.5,-50.7,-10.9,-40.7,7.0,37.4,20.0,0.7,-21.4,-17.3,-5.9,-13.2,7.0,14.1,20.0,0.7,-21.9,-14.1,-5.3,-12.3,7.0,10.0,20.0,0.7,17.5,97.5,697.5,404.0,12.0,687.5,14.0,0.8,20.0,95.0,695.0,405.0,12.0,685.0,14.0,0.8
1887,9,320.3,38.6,25.0,25.0,25.0,25.0,11.0,0.0,22.0,0.5,21.1,21.7,21.7,21.43,11.0,0.31,22.0,0.5,12.73,13.13,13.7,13.11,11.0,0.43,22.0,0.5,80.5,85.1,85.7,83.3,11.0,2.4,22.0,0.5,0.2,0.4,4.6,4.6,6.7,6.16,9.0,2.52,22.0,0.3,-4.98,-4.54,-3.89,-4.47,9.0,1.02,22.0,0.3,-0.8,1.65,4.39,1.97,9.0,4.59,22.0,0.3,1020.18,1022.7,1022.7,1021.68,13.0,1.35,22.0,0.5,2.6,3.0,4.1,3.4,5.0,1.5,22.0,0.2,80.5,85.1,85.7,83.3,11.0,2.4,22.0,0.5,0.2,0.4,-39.5,-21.1,-20.0,-28.3,9.0,15.2,22.0,0.3,-3.7,7.6,27.2,19.0,9.0,48.5,22.0,0.3,3.3,3.3,3.9,3.57,11.0,0.31,22.0,0.5,15.2,17.9,27.2,22.8,7.0,11.9,22.0,0.4,5.89,6.5,6.86,6.49,11.0,0.43,22.0,0.5,30.7,32.4,45.2,40.6,7.0,18.2,22.0,0.4,-107.0,-98.6,-96.8,-104.4,7.0,14.4,22.0,0.4,-4.3,35.8,103.1,58.7,7.0,87.7,22.0,0.4,-66.7,-61.4,-57.5,-64.1,7.0,10.2,22.0,0.4,-2.6,21.2,64.2,36.4,7.0,54.7,22.0,0.4,-32.7,-31.8,-28.8,-31.3,7.0,3.3,22.0,0.4,-1.4,11.1,31.7,17.9,7.0,26.9,22.0,0.4,97.5,97.5,301.0,361.0,9.0,571.0,22.0,0.3,95.0,95.0,300.0,360.0,9.0,570.0,22.0,0.3
1887,9,320.3,40.6,23.3,25.0,25.0,24.32,5.0,0.93,14.0,0.2,20.6,21.1,21.7,21.14,5.0,0.55,14.0,0.2,14.3,14.55,15.02,14.66,3.0,0.54,22.0,0.0,91.9,94.6,94.6,93.3,3.0,2.3,22.0,0.0,0.8,0.2,6.6,9.3,19.0,11.9,7.0,5.87,18.0,0.3,-8.33,-3.55,1.61,-3.67,7.0,4.23,18.0,0.3,5.6,9.16,17.08,10.87,7.0,5.3,18.0,0.3,1018.47,1021.9,1024.01,1020.93,7.0,3.09,18.0,0.3,3.0,4.0,7.0,4.7,6.0,1.9,16.0,0.3,91.9,94.6,94.6,93.3,3.0,2.3,22.0,0.0,0.8,0.2,-158.3,-23.8,15.0,-59.7,7.0,77.0,18.0,0.3,37.1,85.2,324.5,156.0,7.0,131.3,18.0,0.3,2.52,3.3,3.7,3.18,5.0,0.82,14.0,0.2,23.4,62.7,64.5,47.7,5.0,22.9,14.0,0.2,4.68,5.11,5.36,5.02,3.0,0.5,22.0,0.0,84.5,85.0,93.3,88.8,3.0,7.2,22.0,0.0,-180.7,-129.0,33.6,-84.6,5.0,110.0,14.0,0.2,191.6,289.8,370.6,282.6,5.0,89.9,14.0,0.2,-125.1,-121.2,-99.1,-112.3,3.0,20.6,22.0,0.0,215.1,248.5,256.6,236.1,3.0,32.2,22.0,0.0,-40.9,-37.3,-35.2,-38.0,3.0,4.2,22.0,0.0,76.6,76.9,84.0,80.2,3.0,6.1,22.0,0.0,291.0,804.5,6859.0,2768.0,7.0,3033.0,18.0,0.3,290.0,805.0,6860.0,2770.0,7.0,3035.0,18.0,0.3
1887,9,320.3,46.6,,,,,,,,,,,,,,,,,,,,,,,,,,,,,,,,,,,2.48,2.6,4.7,3.39,7.0,2.13,18.0,0.7,-2.63,0.0,0.18,-0.56,7.0,2.33,18.0,0.7,-2.74,0.0,3.32,0.22,7.0,3.47,18.0,0.7,1023.86,1026.85,1029.27,1026.72,6.0,2.82,20.0,0.7,,,,,,,,,,,,,,,,,,,,,,,,,,,,,,,,,,,,,,,,,,,,,,,,,,,,,,,,,,,,,,,,,,,,,,,,,,,,,,,,,,,,,,,,,,,,,,,,,,,,,,,,,,,,,,,,,,,,,,,,,,,,,,,,,,
1887,9,320.3,48.6,,,,,,,,,,,,,,,,,,,,,,,,,,,,,,,,,,,4.6,6.7,6.7,7.0,8.0,3.55,14.0,0.4,-3.18,-2.56,3.96,-1.0,8.0,4.61,14.0,0.4,-5.68,3.5,5.99,2.01,8.0,6.45,14.0,0.4,1020.73,1023.8,1024.62,1022.7,3.0,3.01,10.0,0.3,,,,,,,,,,,,,,,,,,,,,,,,,,,,,,,,,,,,,,,,,,,,,,,,,,,,,,,,,,,,,,,,,,,,,,,,,,,,,,,,,,,,,,,,,,,,,,,,,,,,,,,,,,,,,,,,,,,,,,,,,,,,,,,,,,
1887,9,320.3,50.6,,,,,,,,,,,,,,,,,,,,,,,,,,,,,,,,,,,4.6,4.6,6.7,4.81,8.0,2.2,16.0,0.8,-3.81,0.0,2.61,0.05,8.0,3.78,16.0,0.8,-2.43,1.91,5.45,1.71,8.0,3.7,16.0,0.8,1016.0,1016.0,1016.0,1016.0,1.0,0.0,12.0,1.0,,,,,,,,,,,,,,,,,,,,,,,,,,,,,,,,,,,,,,,,,,,,,,,,,,,,,,,,,,,,,,,,,,,,,,,,,,,,,,,,,,,,,,,,,,,,,,,,,,,,,,,,,,,,,,,,,,,,,,,,,,,,,,,,,,
1887,9,322.3,-43.4,,,,,,,,,,,,,,,,,,,,,,,,,,,,,,,,,,,2.6,2.6,3.97,3.27,3.0,1.15,2.0,0.7,-1.02,2.39,2.98,1.02,3.0,3.16,2.0,0.7,-2.54,-1.02,-0.32,-1.42,3.0,1.66,2.0,0.7,1011.5,1011.5,1011.5,1011.5,2.0,0.0,2.0,0.5,,,,,,,,,,,,,,,,,,,,,,,,,,,,,,,,,,,,,,,,,,,,,,,,,,,,,,,,,,,,,,,,,,,,,,,,,,,,,,,,,,,,,,,,,,,,,,,,,,,,,,,,,,,,,,,,,,,,,,,,,,,,,,,,,,
1887,9,322.3,-41.4,,,,,,,,,,,,,,,,,,,,,,,,,,,,,,,,,,,5.4,9.3,11.16,8.44,16.0,3.42,18.0,0.5,2.85,7.66,10.28,6.48,16.0,4.28,18.0,0.5,-2.47,0.97,4.78,1.41,16.0,4.73,18.0,0.5,1007.4,1017.0,1021.9,1015.84,16.0,6.21,18.0,0.5,,,,,,,,,,,,,,,,,,,,,,,,,,,,,,,,,,,,,,,,,,,,,,,,,,,,,,,,,,,,,,,,,,,,,,,,,,,,,,,,,,,,,,,,,,,,,,,,,,,,,,,,,,,,,,,,,,,,,,,,,,,,,,,,,,
1887,9,322.3,-39.4,,,,,,,,,,,,,,,,,,,,,,,,,,,,,,,,,,,8.35,9.3,14.16,11.44,5.0,6.34,22.0,0.8,5.24,6.58,11.83,8.78,5.0,6.91,22.0,0.8,-0.74,6.58,8.5,3.93,5.0,6.35,22.0,0.8,1006.79,1017.6,1019.14,1013.38,5.0,8.29,22.0,0.8,,,,,,,,,,,,,,,,,,,,,,,,,,,,,,,,,,,,,,,,,,,,,,,,,,,,,,,,,,,,,,,,,,,,,,,,,,,,,,,,,,,,,,,,,,,,,,,,,,,,,,,,,,,,,,,,,,,,,,,,,,,,,,,,,,
1887,9,322.3,-37.4,11.84,12.4,13.59,12.7,4.0,1.16,18.0,0.8,9.09,10.3,11.84,10.45,8.0,1.29,18.0,0.6,5.44,6.66,6.94,6.29,5.0,0.8,20.0,0.4,76.8,84.0,87.2,82.4,5.0,5.6,20.0,0.4,0.7,0.6,6.7,6.7,9.01,7.85,8.0,5.07,18.0,0.6,2.51,3.62,6.54,5.19,8.0,5.53,18.0,0.6,2.76,6.21,6.54,4.99,8.0,2.51,18.0,0.6,1001.79,1003.05,1003.59,1002.8,6.0,1.15,20.0,0.5,3.3,7.5,8.0,6.3,8.0,2.4,18.0,0.6,76.8,84.0,87.2,82.4,5.0,5.6,20.0,0.4,0.7,0.6,16.8,24.3,59.0,64.5,8.0,109.8,18.0,0.6,18.5,41.6,59.0,47.0,8.0,42.2,18.0,0.6,0.75,2.1,3.92,2.33,4.0,2.27,18.0,0.8,0.2,8.9,26.3,13.0,4.0,16.8,18.0,0.8,2.79,3.6,4.42,3.6,2.0,1.69,20.0,0.5,18.7,24.1,29.6,24.1,2.0,11.3,20.0,0.5,21.9,36.9,79.5,57.7,8.0,64.5,18.0,0.6,32.0,55.0,78.1,51.9,8.0,27.2,18.0,0.6,13.7,16.7,65.9,40.1,5.0,47.6,20.0,0.4,33.2,33.9,45.5,38.8,5.0,8.5,20.0,0.4,11.5,11.7,11.9,11.7,2.0,0.4,20.0,0.5,14.3,20.6,26.9,20.6,2.0,13.0,20.0,0.5,301.0,301.0,748.5,1146.0,8.0,2319.0,18.0,0.6,300.0,300.0,750.0,1145.0,8.0,2320.0,18.0,0.6
1887,9,322.3,-31.4,18.9,18.9,18.9,18.9,6.0,0.0,2.0,0.8,15.6,16.1,16.1,15.93,6.0,0.26,2.0,0.8,9.68,10.11,10.12,9.97,6.0,0.22,2.0,0.8,87.9,89.1,89.1,88.7,6.0,0.6,2.0,0.8,0.5,0.8,,,,,,,,,,,,,,,,,,,,,,,,,,,,,,,,,,,,,,,,,,,,,,,,,,,,,,,,,,,,,,,,,,,,,,,,,,,,,,,,,,,,,,,,,,,,,,,,,,,,,,,,,,,,,,,,,,,,,,,,,,,,,,,,,,,,,,,,,,,,,,,,,,,,,,,,,,,,,,,,,,
1887,9,322.3,-27.4,,,,,,,,,,,,,,,,,,,,,,,,,,,,,,,,,,,0.95,2.6,4.7,3.16,7.0,2.31,14.0,0.4,-3.97,-0.54,0.12,-1.45,7.0,2.85,14.0,0.4,0.93,2.51,2.61,2.03,7.0,1.25,14.0,0.4,1023.19,1025.8,1027.21,1025.46,7.0,1.77,14.0,0.4,,,,,,,,,,,,,,,,,,,,,,,,,,,,,,,,,,,,,,,,,,,,,,,,,,,,,,,,,,,,,,,,,,,,,,,,,,,,,,,,,,,,,,,,,,,,,,,,,,,,,,,,,,,,,,,,,,,,,,,,,,,,,,,,,,
1887,9,322.3,-25.4,,,,,,,,,,,,,,,,,,,,,,,,,,,,,,,,,,,8.23,9.3,13.58,10.75,11.0,3.03,16.0,0.5,-13.07,-2.62,5.07,-3.34,11.0,8.26,16.0,0.5,-6.17,0.0,8.11,0.51,11.0,7.46,16.0,0.5,1009.65,1018.55,1023.88,1017.35,14.0,6.32,14.0,0.5,,,,,,,,,,,,,,,,,,,,,,,,,,,,,,,,,,,,,,,,,,,,,,,,,,,,,,,,,,,,,,,,,,,,,,,,,,,,,,,,,,,,,,,,,,,,,,,,,,,,,,,,,,,,,,,,,,,,,,,,,,,,,,,,,,
1887,9,322.3,-23.4,,,,,,,,,,,,,,,,,,,,,,,,,,,,,,,,,,,10.11,12.3,12.3,11.98,9.0,1.83,16.0,0.6,-9.88,0.0,4.81,-1.01,9.0,6.92,16.0,0.6,-11.38,-9.3,6.7,-4.97,9.0,9.38,16.0,0.6,1011.47,1015.1,1023.56,1017.29,7.0,6.09,18.0,0.4,2.0,3.0,4.0,3.3,8.0,2.3,16.0,0.5,91.9,91.9,91.9,91.9,1.0,0.0,10.0,1.0,0.5,1.0,-121.5,0.0,59.1,-10.4,9.0,87.7,16.0,0.6,-140.0,-86.5,82.4,-59.8,9.0,119.3,16.0,0.6,,,,,,,,,,,,,,,,,,,,,,,,,,,,,,,,,,,,,,,,,,,,,,,,,,,,,,,,,,,,,,,,,,,,,,,,,,,,,,,,,,,,,,,,,,,,,,,,
1887,9,322.3,-21.4,23.0,23.3,23.82,23.34,16.0,0.43,20.0,0.5,23.15,23.6,25.69,24.12,17.0,1.33,20.0,0.5,18.47,18.47,18.47,18.47,1.0,0.0,10.0,1.0,90.8,91.8,93.0,91.9,3.0,1.6,10.0,0.3,0.7,0.7,4.6,8.0,9.3,7.21,16.0,3.56,20.0,0.5,-1.35,0.0,3.06,0.69,16.0,2.65,20.0,0.5,-9.1,-4.67,4.33,-3.64,16.0,6.81,20.0,0.5,1013.49,1015.25,1016.94,1015.05,6.0,1.99,12.0,0.7,2.0,4.0,7.0,4.2,17.0,2.5,20.0,0.5,90.8,91.8,93.0,91.9,3.0,1.6,10.0,0.3,0.7,0.7,-9.0,0.0,29.7,7.9,16.0,26.6,20.0,0.5,-84.6,-26.5,27.5,-33.7,16.0,67.5,20.0,0.5,-2.5,-0.2,0.16,-0.73,16.0,1.18,20.0,0.5,-17.7,0.0,1.2,-5.3,15.0,9.7,20.0,0.5,-1.2,-1.2,-1.2,-1.2,1.0,0.0,10.0,1.0,-11.2,-11.2,-11.2,-11.2,1.0,0.0,10.0,1.0,-31.2,0.0,71.9,17.8,16.0,64.2,20.0,0.5,-234.0,-125.1,99.7,-91.7,16.0,162.3,20.0,0.5,-35.7,-35.7,-35.7,-35.7,1.0,0.0,10.0,1.0,-168.0,-168.0,-168.0,-168.0,1.0,0.0,10.0,1.0,2.3,2.3,2.3,2.3,1.0,0.0,10.0,1.0,10.9,10.9,10.9,10.9,1.0,0.0,10.0,1.0,97.5,552.5,804.5,609.0,16.0,587.5,20.0,0.5,95.0,555.0,805.0,610.0,16.0,585.0,20.0,0.5
1887,9,322.3,-19.4,23.3,23.9,23.9,23.71,28.0,0.44,16.0,0.4,23.06,24.25,25.0,24.12,28.0,0.89,16.0,0.4,18.23,18.26,18.77,18.31,8.0,0.45,10.0,0.4,91.8,95.6,95.9,94.5,8.0,2.3,10.0,0.4,0.4,0.5,4.54,6.7,12.3,7.46,26.0,3.44,16.0,0.4,-3.75,-1.13,2.15,-0.37,26.0,2.63,16.0,0.4,-12.11,-5.65,-2.57,-6.76,26.0,3.89,16.0,0.4,1012.9,1014.85,1017.4,1015.02,22.0,1.83,14.0,0.3,3.0,3.0,5.9,3.8,27.0,1.7,16.0,0.4,91.8,95.6,95.9,94.5,8.0,2.3,10.0,0.4,0.4,0.5,-18.0,-5.2,26.3,-0.3,26.0,20.0,16.0,0.4,-149.0,-37.9,-11.7,-63.1,26.0,55.0,16.0,0.4,-1.46,-0.4,0.6,-0.41,28.0,1.01,16.0,0.4,-10.3,-2.1,2.9,-3.1,26.0,8.3,16.0,0.4,-1.0,-0.55,-0.44,-0.63,8.0,0.58,10.0,0.4,-8.8,-4.3,-3.1,-5.2,8.0,5.3,10.0,0.4,-88.6,-26.3,51.4,-9.7,26.0,64.1,16.0,0.4,-276.4,-141.6,-61.5,-162.5,26.0,90.8,16.0,0.4,-69.2,-35.8,-35.2,-48.0,8.0,17.8,10.0,0.4,-165.9,-162.0,-103.0,-142.0,8.0,32.5,10.0,0.4,0.9,1.8,2.9,1.7,8.0,1.4,10.0,0.4,2.6,4.0,8.5,4.8,8.0,5.2,10.0,0.4,94.5,301.0,1861.0,675.0,26.0,714.5,16.0,0.4,95.0,300.0,1860.0,675.0,26.0,715.0,16.0,0.4
1887,9,322.3,-17.4,23.3,23.8,24.16,23.73,29.0,0.42,12.0,0.6,23.74,24.4,26.1,24.85,29.0,1.17,12.0,0.6,15.38,17.97,19.81,17.6,15.0,1.97,8.0,0.5,82.8,91.4,95.9,89.5,15.0,6.6,8.0,0.5,0.6,0.5,4.6,6.7,8.56,6.44,28.0,2.59,12.0,0.6,-6.44,-4.25,-2.85,-4.64,28.0,3.12,12.0,0.6,-5.55,-3.18,-0.04,-2.32,28.0,3.47,12.0,0.6,1014.35,1016.9,1018.6,1016.65,23.0,2.1,8.0,0.6,2.0,3.0,6.0,3.4,29.0,2.1,12.0,0.6,82.8,91.4,95.9,89.5,15.0,6.6,8.0,0.5,0.6,0.5,-43.2,-25.1,-10.4,-36.3,28.0,37.6,12.0,0.6,-37.2,-17.5,-0.1,-12.8,28.0,27.7,12.0,0.6,-2.8,-1.1,0.16,-1.12,29.0,1.27,12.0,0.6,-14.3,-5.5,0.9,-5.9,28.0,7.5,12.0,0.6,-2.03,-0.22,2.7,0.29,15.0,2.16,8.0,0.5,-13.6,-1.5,30.0,4.7,15.0,19.6,8.0,0.5,-153.8,-105.2,-72.1,-113.5,28.0,73.2,12.0,0.6,-137.9,-79.1,-1.0,-58.8,28.0,85.8,12.0,0.6,-100.8,-75.9,-65.5,-85.6,15.0,30.6,8.0,0.5,-109.8,-82.2,-14.9,-58.9,15.0,73.7,8.0,0.5,-11.5,0.8,7.9,-3.7,15.0,14.2,8.0,0.5,-2.0,1.6,13.5,7.0,15.0,11.7,8.0,0.5,97.5,301.0,661.0,396.0,28.0,466.5,12.0,0.6,95.0,300.0,660.0,395.0,28.0,465.0,12.0,0.6
1887,9,322.3,-15.4,23.7,24.3,24.83,24.27,37.0,0.57,8.0,0.5,23.7,24.5,26.79,24.88,36.0,1.34,8.0,0.5,15.9,20.06,20.56,18.66,8.0,2.4,8.0,0.8,89.3,91.5,91.5,90.2,8.0,4.8,8.0,0.8,0.8,0.3,2.6,4.6,6.7,4.78,37.0,2.78,8.0,0.5,-6.61,-4.27,-2.23,-4.27,37.0,2.63,8.0,0.5,-1.81,-0.71,2.39,-0.2,37.0,2.34,8.0,0.5,1016.44,1017.55,1019.28,1017.6,34.0,1.57,8.0,0.5,2.0,3.0,5.0,3.2,37.0,1.7,8.0,0.5,89.3,91.5,91.5,90.2,8.0,4.8,8.0,0.8,0.8,0.3,-44.9,-19.6,-5.8,-27.4,37.0,25.3,8.0,0.5,-8.6,-1.1,15.1,0.9,37.0,18.1,8.0,0.5,-2.36,-0.2,0.7,-0.62,36.0,1.53,8.0,0.5,-6.2,-0.3,2.9,-3.0,36.0,9.3,8.0,0.5,-2.78,-2.29,3.31,-0.45,8.0,3.06,8.0,0.8,-18.7,-15.4,26.7,-1.9,8.0,22.4,8.0,0.8,-174.6,-106.6,-52.9,-107.5,36.0,65.7,8.0,0.5,-47.2,-19.0,58.6,-5.8,36.0,59.1,8.0,0.5,-135.1,-123.5,-110.9,-120.9,8.0,15.9,8.0,0.8,-69.6,12.9,37.8,-4.0,8.0,51.3,8.0,0.8,-24.7,13.8,18.0,1.6,8.0,20.7,8.0,0.8,-2.7,6.0,11.2,5.0,8.0,6.6,8.0,0.8,17.5,97.5,301.0,218.5,37.0,264.5,8.0,0.5,20.0,95.0,300.0,220.0,37.0,265.0,8.0,0.5
1887,9,322.3,-13.4,23.7,24.9,25.5,24.78,29.0,0.95,14.0,0.5,24.2,25.0,26.26,25.27,38.0,1.04,14.0,0.6,15.31,17.08,19.15,17.05,16.0,2.09,16.0,0.6,79.5,86.6,92.8,84.2,16.0,10.4,16.0,0.6,0.3,0.7,2.6,4.6,6.7,5.09,39.0,2.1,14.0,0.6,-6.56,-4.27,-2.54,-4.53,39.0,1.75,14.0,0.6,-2.49,0.0,1.8,-0.02,39.0,2.62,14.0,0.6,1014.81,1016.7,1018.6,1016.71,39.0,1.94,14.0,0.6,0.0,2.0,3.0,1.8,37.0,1.4,14.0,0.6,79.5,86.6,92.8,84.2,16.0,10.4,16.0,0.6,0.3,0.7,-44.8,-19.6,-6.6,-26.5,39.0,19.3,14.0,0.6,-14.8,0.0,8.3,-0.8,39.0,19.8,14.0,0.6,-1.3,-0.2,0.56,-0.39,29.0,0.97,14.0,0.5,-8.5,-1.0,2.6,-2.7,29.0,6.6,14.0,0.5,0.92,1.94,3.44,1.93,8.0,1.76,14.0,0.5,2.4,12.3,16.0,8.6,8.0,10.4,14.0,0.5,-164.2,-109.1,-63.9,-114.0,38.0,44.7,14.0,0.6,-62.6,0.0,44.5,-1.6,38.0,67.0,14.0,0.6,-114.9,-76.2,-48.9,-77.3,16.0,37.7,16.0,0.6,-27.9,20.8,59.2,12.4,16.0,55.8,16.0,0.6,-14.6,-10.7,-2.2,-8.0,8.0,8.8,14.0,0.5,0.9,6.2,8.4,4.5,8.0,4.4,14.0,0.5,17.5,97.5,301.0,200.0,39.0,230.5,14.0,0.6,20.0,95.0,300.0,200.0,39.0,230.0,14.0,0.6
1887,9,322.3,-11.4,24.33,25.0,25.5,24.95,29.0,0.79,16.0,0.5,24.26,24.75,25.79,24.95,36.0,0.96,16.0,0.4,15.65,17.54,18.26,17.19,15.0,1.36,14.0,0.3,80.0,87.1,94.6,87.0,15.0,7.3,14.0,0.3,0.7,0.3,4.6,6.7,6.7,5.95,34.0,1.7,16.0,0.4,-6.7,-5.01,-4.17,-5.08,34.0,1.8,16.0,0.4,-3.92,-0.48,2.37,-0.76,34.0,3.0,16.0,0.4,1013.56,1015.65,1017.5,1015.47,36.0,1.91,16.0,0.4,1.0,2.0,3.0,2.2,36.0,1.5,16.0,0.4,80.0,87.1,94.6,87.0,15.0,7.3,14.0,0.3,0.7,0.3,-44.9,-33.6,-19.2,-32.7,34.0,17.7,16.0,0.4,-26.2,-2.2,13.4,-5.3,34.0,21.8,16.0,0.4,-1.29,0.4,1.02,-0.08,29.0,1.49,16.0,0.5,-9.4,1.3,6.6,-1.9,28.0,12.0,16.0,0.5,0.1,2.21,4.27,2.45,9.0,2.34,16.0,0.6,0.1,11.9,15.4,12.7,9.0,14.6,16.0,0.6,-165.7,-125.7,-103.3,-127.4,34.0,46.4,16.0,0.4,-99.2,-11.8,58.1,-19.7,34.0,75.5,16.0,0.4,-108.4,-82.0,-56.5,-82.6,14.0,31.3,14.0,0.4,-73.6,-8.6,53.8,-9.2,14.0,55.0,14.0,0.4,-13.9,-9.8,0.0,-10.0,9.0,10.6,16.0,0.6,-6.8,2.3,7.5,3.8,9.0,12.4,16.0,0.6,97.5,301.0,301.0,260.5,34.0,203.0,16.0,0.4,95.0,300.0,300.0,260.0,34.0,205.0,16.0,0.4
1887,9,322.3,-3.4,,,,,,,,,,,,,,,,,,,,,,,,,,,,,,,,,,,11.06,12.3,12.3,11.52,11.0,1.83,24.0,0.4,-10.43,-10.32,-7.82,-9.37,11.0,1.95,24.0,0.4,6.52,6.52,6.7,6.61,11.0,0.89,24.0,0.4,1014.17,1015.6,1016.3,1015.47,11.0,1.43,24.0,0.4,,,,,,,,,,,,,,,,,,,,,,,,,,,,,,,,,,,,,,,,,,,,,,,,,,,,,,,,,,,,,,,,,,,,,,,,,,,,,,,,,,,,,,,,,,,,,,,,,,,,,,,,,,,,,,,,,,,,,,,,,,,,,,,,,,
1887,9,322.3,-1.4,,,,,,,,,,,,,,,,,,,,,,,,,,,,,,,,,,,12.3,12.3,12.3,12.3,2.0,0.0,28.0,1.0,-10.32,-10.32,-10.32,-10.32,2.0,0.0,28.0,1.0,6.7,6.7,6.7,6.7,2.0,0.0,28.0,1.0,1016.12,1016.6,1017.08,1016.6,2.0,0.99,28.0,1.0,,,,,,,,,,,,,,,,,,,,,,,,,,,,,,,,,,,,,,,,,,,,,,,,,,,,,,,,,,,,,,,,,,,,,,,,,,,,,,,,,,,,,,,,,,,,,,,,,,,,,,,,,,,,,,,,,,,,,,,,,,,,,,,,,,
1887,9,322.3,0.6,,,,,,,,,,,,,,,,,,,,,,,,,,,,,,,,,,,6.7,6.7,6.7,6.47,9.0,0.7,16.0,0.2,-6.17,-5.74,-5.62,-5.64,9.0,0.68,16.0,0.2,2.62,3.45,3.65,3.12,9.0,0.55,16.0,0.2,1010.84,1010.95,1011.1,1010.93,6.0,0.19,14.0,0.2,,,,,,,,,,,,,,,,,,,,,,,,,,,,,,,,,,,,,,,,,,,,,,,,,,,,,,,,,,,,,,,,,,,,,,,,,,,,,,,,,,,,,,,,,,,,,,,,,,,,,,,,,,,,,,,,,,,,,,,,,,,,,,,,,,
1887,9,322.3,2.6,,,,,,,,,,,,,,,,,,,,,,,,,,,,,,,,,,,6.7,6.7,6.7,6.47,9.0,0.7,18.0,0.7,-6.17,-6.17,-5.62,-5.73,9.0,0.75,18.0,0.7,2.62,2.62,3.65,2.95,9.0,0.53,18.0,0.7,1011.03,1012.0,1012.65,1011.85,4.0,0.97,14.0,1.0,,,,,,,,,,,,,,,,,,,,,,,,,,,,,,,,,,,,,,,,,,,,,,,,,,,,,,,,,,,,,,,,,,,,,,,,,,,,,,,,,,,,,,,,,,,,,,,,,,,,,,,,,,,,,,,,,,,,,,,,,,,,,,,,,,
1887,9,322.3,6.6,,,,,,,,,,,,,,,,,,,,,,,,,,,,,,,,,,,6.7,6.7,6.7,6.7,1.0,0.0,18.0,1.0,4.74,4.74,4.74,4.74,1.0,0.0,18.0,1.0,4.74,4.74,4.74,4.74,1.0,0.0,18.0,1.0,1011.4,1011.4,1011.4,1011.4,1.0,0.0,18.0,1.0,,,,,,,,,,,,,,,,,,,,,,,,,,,,,,,,,,,,,,,,,,,,,,,,,,,,,,,,,,,,,,,,,,,,,,,,,,,,,,,,,,,,,,,,,,,,,,,,,,,,,,,,,,,,,,,,,,,,,,,,,,,,,,,,,,
1887,9,322.3,8.6,,,,,,,,,,,,,,,,,,,,,,,,,,,,,,,,,,,0.0,2.6,6.44,2.55,14.0,2.54,18.0,0.6,-2.47,-0.51,0.0,-0.82,14.0,1.46,18.0,0.6,-1.84,0.0,5.94,0.95,14.0,3.1,18.0,0.6,1011.74,1011.9,1012.83,1012.15,15.0,0.61,18.0,0.5,,,,,,,,,,,,,,,,,,,,,,,,,,,,,,,,,,,,,,,,,,,,,,,,,,,,,,,,,,,,,,,,,,,,,,,,,,,,,,,,,,,,,,,,,,,,,,,,,,,,,,,,,,,,,,,,,,,,,,,,,,,,,,,,,,
1887,9,322.3,10.6,,,,,,,,,,,,,,,,,,,,,,,,,,,,,,,,,,,2.6,4.6,6.7,4.64,5.0,2.05,4.0,0.4,-4.33,-2.55,0.03,-2.17,5.0,3.21,4.0,0.4,-2.78,-2.16,1.94,-0.45,5.0,3.83,4.0,0.4,1012.6,1012.6,1012.6,1012.6,1.0,0.0,20.0,0.0,,,,,,,,,,,,,,,,,,,,,,,,,,,,,,,,,,,,,,,,,,,,,,,,,,,,,,,,,,,,,,,,,,,,,,,,,,,,,,,,,,,,,,,,,,,,,,,,,,,,,,,,,,,,,,,,,,,,,,,,,,,,,,,,,,
1887,9,322.3,12.6,25.6,25.6,26.7,25.95,31.0,0.61,10.0,0.5,26.1,26.7,27.2,26.88,29.0,0.92,10.0,0.5,18.96,19.1,19.9,19.19,28.0,0.6,10.0,0.5,82.0,87.2,91.5,87.1,28.0,5.4,10.0,0.5,0.7,0.7,1.0,1.8,2.6,1.8,24.0,0.82,10.0,0.5,-2.32,-1.28,-0.63,-1.45,24.0,0.92,10.0,0.5,-0.7,0.25,1.3,0.37,24.0,0.92,10.0,0.5,1015.6,1018.3,1019.0,1017.87,31.0,1.3,10.0,0.5,2.0,4.0,6.0,4.5,31.0,1.8,10.0,0.5,82.0,87.2,91.5,87.1,28.0,5.4,10.0,0.5,0.7,0.7,-6.0,-2.5,-0.6,-3.3,24.0,2.8,10.0,0.5,-0.8,0.4,3.4,1.2,24.0,2.0,10.0,0.5,-1.38,-1.1,-0.5,-1.01,29.0,0.58,10.0,0.5,-2.9,-1.2,-1.1,-1.4,24.0,1.0,10.0,0.5,0.49,1.43,2.0,1.56,28.0,1.12,10.0,0.5,1.2,1.4,3.7,2.5,23.0,2.4,10.0,0.5,-62.1,-35.2,-17.1,-38.7,24.0,24.4,10.0,0.5,-19.1,6.8,34.2,9.7,24.0,24.3,10.0,0.5,-44.8,-18.8,-12.0,-27.2,23.0,18.0,10.0,0.5,-13.4,2.6,24.9,6.5,23.0,17.7,10.0,0.5,-3.2,-1.4,-0.5,-2.1,23.0,2.3,10.0,0.5,-1.0,0.4,1.6,0.3,23.0,1.4,10.0,0.5,1.0,9.5,17.5,9.5,24.0,8.5,10.0,0.5,0.0,10.0,20.0,10.0,24.0,10.0,10.0,0.5
1887,9,322.3,14.6,25.6,27.8,27.8,27.17,26.0,0.89,18.0,0.4,26.7,27.2,28.3,27.4,26.0,0.85,18.0,0.4,18.17,20.67,21.43,20.12,15.0,1.49,14.0,0.5,83.8,87.2,91.5,87.2,18.0,4.1,14.0,0.4,0.4,0.3,2.6,4.6,9.3,5.18,26.0,2.82,18.0,0.4,-7.33,-2.91,-0.88,-3.5,26.0,2.76,18.0,0.4,-5.73,-3.25,-2.25,-3.58,26.0,1.45,18.0,0.4,1010.72,1011.5,1019.0,1014.41,15.0,4.01,14.0,0.5,2.0,3.0,4.0,3.2,26.0,1.3,18.0,0.4,83.8,87.2,91.5,87.2,18.0,4.1,14.0,0.4,0.4,0.3,-68.2,-13.4,-3.3,-25.5,26.0,29.1,18.0,0.4,-53.2,-15.0,-5.9,-21.9,26.0,19.1,18.0,0.4,-1.1,0.0,0.6,-0.23,26.0,0.83,18.0,0.4,-4.6,0.0,2.8,-1.3,26.0,5.0,18.0,0.4,1.5,2.13,3.6,2.27,15.0,1.1,14.0,0.5,4.5,11.7,19.8,13.2,15.0,7.7,14.0,0.5,-207.4,-78.4,-23.8,-97.7,26.0,78.7,18.0,0.4,-159.3,-87.7,-60.1,-99.0,26.0,42.3,18.0,0.4,-157.1,-114.5,-18.2,-92.3,15.0,70.9,14.0,0.5,-122.5,-49.0,-40.9,-78.5,15.0,38.9,14.0,0.5,-15.6,-9.2,-1.8,-9.7,15.0,7.4,14.0,0.5,-12.0,-9.1,-4.1,-8.2,15.0,3.9,14.0,0.5,17.5,97.5,804.5,269.5,26.0,339.5,18.0,0.4,20.0,95.0,805.0,270.0,26.0,340.0,18.0,0.4
1887,9,322.3,18.6,26.1,26.1,26.1,26.1,4.0,0.0,22.0,0.8,26.08,26.1,26.18,26.27,7.0,0.7,24.0,0.4,18.22,18.22,18.34,18.27,4.0,0.11,26.0,0.3,86.6,86.6,88.6,87.6,4.0,1.8,26.0,0.3,0.8,0.8,6.7,9.3,9.32,8.63,7.0,1.33,24.0,0.4,-8.62,-6.58,-5.41,-6.67,7.0,2.14,24.0,0.4,-6.58,-5.48,-3.48,-5.07,7.0,1.45,24.0,0.4,1015.9,1016.1,1016.46,1016.18,4.0,0.34,26.0,0.3,1.9,3.0,5.1,3.3,7.0,2.3,24.0,0.4,86.6,86.6,88.6,87.6,4.0,1.8,26.0,0.3,0.8,0.8,-80.2,-61.2,-36.3,-59.6,7.0,24.2,24.0,0.4,-61.2,-41.3,-32.1,-43.9,7.0,14.8,24.0,0.4,-0.89,0.0,0.0,-0.42,4.0,0.85,22.0,0.8,-6.0,0.0,0.0,-2.8,4.0,5.7,22.0,0.8,2.84,2.84,2.84,2.84,1.0,0.0,26.0,1.0,26.4,26.4,26.4,26.4,1.0,0.0,26.0,1.0,-220.9,-171.6,-150.3,-174.8,7.0,54.5,24.0,0.4,-171.6,-143.0,-90.8,-133.1,7.0,37.4,24.0,0.4,-158.1,-138.4,-119.8,-138.9,4.0,22.1,26.0,0.3,-119.8,-92.0,-63.8,-91.8,4.0,32.3,26.0,0.3,-24.5,-24.5,-24.5,-24.5,1.0,0.0,26.0,1.0,-9.9,-9.9,-9.9,-9.9,1.0,0.0,26.0,1.0,301.0,804.5,811.0,680.0,7.0,264.0,24.0,0.4,300.0,805.0,810.0,680.0,7.0,265.0,24.0,0.4
1887,9,322.3,20.6,26.21,26.7,26.7,26.57,17.0,0.29,16.0,0.5,25.8,26.7,27.8,26.64,23.0,0.8,20.0,0.5,18.25,18.42,18.67,18.49,9.0,0.31,26.0,0.6,79.3,86.6,90.3,85.2,9.0,5.0,26.0,0.6,0.7,0.5,6.7,6.7,8.02,7.03,23.0,1.82,20.0,0.5,-7.94,-6.21,-5.21,-6.39,23.0,2.1,20.0,0.5,-4.22,-1.77,0.0,-2.09,23.0,1.83,20.0,0.5,1017.25,1018.3,1022.7,1019.25,17.0,2.38,20.0,0.6,1.5,2.0,5.5,3.1,23.0,2.1,20.0,0.5,79.3,86.6,90.3,85.2,9.0,5.0,26.0,0.6,0.7,0.5,-65.2,-41.6,-34.9,-48.4,23.0,30.1,20.0,0.5,-28.3,-16.5,0.0,-14.3,23.0,12.3,20.0,0.5,-1.1,0.0,0.55,-0.13,17.0,0.75,16.0,0.5,-7.4,0.0,4.1,-0.9,17.0,5.5,16.0,0.5,2.62,2.62,3.14,2.87,3.0,0.44,26.0,0.7,17.5,17.6,27.1,22.2,3.0,8.1,26.0,0.7,-216.1,-165.9,-139.0,-170.6,23.0,56.2,20.0,0.5,-113.7,-48.3,0.0,-56.2,23.0,48.8,20.0,0.5,-157.5,-123.2,-121.2,-133.2,9.0,20.9,26.0,0.6,-30.2,-23.3,0.0,-15.1,9.0,14.8,26.0,0.6,-26.7,-17.5,-17.3,-21.9,3.0,7.8,26.0,0.7,-5.2,-3.4,-1.1,-3.1,3.0,3.0,26.0,0.7,301.0,301.0,557.0,419.0,23.0,378.5,20.0,0.5,300.0,300.0,555.0,420.0,23.0,380.0,20.0,0.5
1887,9,322.3,22.6,26.1,26.7,27.8,26.93,33.0,0.68,14.0,0.6,26.1,26.8,28.3,27.15,39.0,1.21,16.0,0.6,18.95,19.19,19.41,19.18,8.0,0.4,28.0,0.8,84.1,90.9,91.5,88.9,8.0,5.0,28.0,0.8,0.6,0.5,4.6,6.7,9.3,6.75,35.0,1.92,16.0,0.7,-9.12,-6.66,-4.58,-6.52,35.0,1.84,16.0,0.7,-1.96,-0.27,0.0,-0.99,35.0,1.59,16.0,0.7,1019.63,1022.7,1022.7,1021.39,33.0,1.56,16.0,0.5,2.0,3.0,6.0,3.4,39.0,1.9,16.0,0.6,84.1,90.9,91.5,88.9,8.0,5.0,28.0,0.8,0.6,0.5,-84.8,-44.7,-21.1,-47.2,35.0,25.0,16.0,0.7,-13.1,-0.7,0.0,-7.6,35.0,14.9,16.0,0.7,-1.1,-0.5,0.09,-0.36,33.0,0.77,14.0,0.6,-5.3,-2.3,1.3,-2.3,29.0,5.3,14.0,0.7,1.71,1.99,2.03,1.87,3.0,0.25,28.0,1.0,13.8,14.7,17.6,15.7,3.0,3.0,28.0,1.0,-237.8,-173.5,-124.5,-175.8,35.0,48.4,16.0,0.7,-53.6,-7.6,0.0,-26.7,35.0,42.1,16.0,0.7,-177.9,-131.2,-128.4,-147.2,8.0,25.9,28.0,0.8,0.0,0.0,0.0,0.0,8.0,0.0,28.0,0.8,-17.6,-14.7,-13.8,-15.7,3.0,3.0,28.0,1.0,0.0,0.0,0.0,0.0,3.0,0.0,28.0,1.0,97.5,301.0,804.5,381.5,35.0,296.0,16.0,0.7,95.0,300.0,805.0,380.0,35.0,295.0,16.0,0.7
1887,9,322.3,24.6,26.1,26.7,27.8,26.82,28.0,0.65,16.0,0.4,25.51,26.1,27.35,26.1,33.0,0.92,18.0,0.3,17.52,18.11,18.33,17.97,14.0,0.62,16.0,0.3,82.9,86.6,91.3,87.6,14.0,4.3,16.0,0.3,0.9,0.5,2.6,4.6,9.32,5.83,26.0,3.39,20.0,0.3,-9.31,-4.45,-2.58,-5.48,26.0,3.46,20.0,0.3,-0.01,0.23,3.27,0.96,26.0,1.63,20.0,0.3,1020.79,1022.0,1024.57,1022.14,29.0,1.92,16.0,0.3,1.8,2.0,5.2,3.0,25.0,1.9,20.0,0.3,82.9,86.6,91.3,87.6,14.0,4.3,16.0,0.3,0.9,0.5,-86.7,-20.4,-6.7,-43.1,26.0,42.9,20.0,0.3,0.0,0.6,18.8,6.7,26.0,13.6,20.0,0.3,0.0,0.4,1.61,0.58,28.0,0.96,16.0,0.4,0.0,0.5,6.3,2.5,21.0,6.1,18.0,0.4,3.72,4.13,4.89,4.29,11.0,0.67,14.0,0.4,22.2,28.8,41.9,31.9,4.0,13.0,18.0,0.5,-227.7,-116.9,-66.2,-142.0,26.0,88.4,20.0,0.3,-0.2,6.3,82.6,25.1,26.0,42.5,20.0,0.3,-160.7,-155.2,-122.9,-151.4,7.0,46.6,22.0,0.3,-1.2,65.8,65.9,36.5,7.0,38.8,22.0,0.3,-40.6,-26.9,-21.6,-30.9,4.0,13.2,18.0,0.5,-3.9,1.7,8.5,2.3,4.0,8.5,18.0,0.5,17.5,97.5,809.0,402.0,26.0,487.5,20.0,0.3,20.0,95.0,810.0,400.0,26.0,485.0,20.0,0.3
1887,9,322.3,26.6,25.98,26.1,26.16,26.08,25.0,0.34,16.0,0.5,25.29,25.6,26.52,25.94,32.0,0.88,18.0,0.5,16.68,17.54,18.55,17.69,18.0,0.98,18.0,0.6,82.5,86.6,86.6,85.0,20.0,3.5,18.0,0.6,0.7,0.6,4.6,6.7,9.3,6.5,27.0,2.85,18.0,0.5,-8.51,-6.17,-2.7,-5.57,27.0,2.69,18.0,0.5,-4.48,1.28,2.62,-0.02,27.0,3.53,18.0,0.5,1018.3,1023.4,1024.7,1022.27,25.0,3.19,18.0,0.5,2.0,3.0,5.0,3.4,25.0,1.7,20.0,0.4,82.5,86.6,86.6,85.0,20.0,3.5,18.0,0.6,0.7,0.6,-79.6,-41.3,-8.9,-43.4,27.0,34.9,18.0,0.5,-30.0,8.6,18.2,-2.0,27.0,30.8,18.0,0.5,-0.52,0.5,0.72,0.2,25.0,0.71,16.0,0.5,-4.0,1.2,3.4,-0.2,20.0,5.1,18.0,0.5,2.58,3.37,4.23,3.58,13.0,1.0,14.0,0.6,16.0,21.8,28.2,21.5,9.0,6.3,16.0,0.7,-220.9,-157.9,-67.6,-145.6,27.0,71.4,18.0,0.5,-114.8,32.0,73.9,0.7,27.0,91.4,18.0,0.5,-119.2,-112.2,-66.4,-102.8,14.0,32.9,20.0,0.6,-73.5,47.6,50.6,4.3,14.0,60.1,20.0,0.6,-20.9,-20.0,-12.3,-17.3,9.0,4.5,16.0,0.7,-18.8,-12.1,6.1,-8.1,9.0,11.4,16.0,0.7,97.5,301.0,804.5,427.5,27.0,491.0,18.0,0.5,95.0,300.0,805.0,430.0,27.0,490.0,18.0,0.5
1887,9,322.3,28.6,25.6,26.1,26.1,25.86,39.0,0.28,24.0,0.5,25.0,25.6,26.1,25.65,31.0,0.87,16.0,0.6,16.93,17.55,17.77,17.27,23.0,0.72,18.0,0.6,82.5,84.8,86.6,84.4,24.0,2.5,16.0,0.6,0.6,0.5,4.6,6.7,10.24,6.74,44.0,3.19,22.0,0.6,-8.42,-4.74,0.0,-4.13,44.0,3.78,22.0,0.6,-5.87,4.27,4.74,1.5,44.0,4.75,22.0,0.6,1019.3,1021.0,1023.61,1021.69,47.0,3.32,24.0,0.6,2.0,4.0,5.5,4.1,48.0,1.9,22.0,0.6,82.5,84.8,86.6,84.4,24.0,2.5,16.0,0.6,0.6,0.5,-86.9,-31.7,0.0,-39.0,44.0,50.6,22.0,0.6,-69.7,19.6,31.7,-0.3,44.0,43.3,22.0,0.6,-0.23,0.5,1.2,0.4,17.0,0.91,16.0,0.5,-3.7,0.0,5.1,0.5,13.0,5.2,18.0,0.5,2.69,3.17,4.41,3.43,10.0,0.95,18.0,0.5,8.7,16.3,18.5,14.1,7.0,5.2,22.0,0.4,-275.2,-128.9,-118.4,-166.2,26.0,86.3,16.0,0.6,-165.8,7.6,123.7,-13.7,26.0,136.9,16.0,0.6,-181.7,-84.2,-82.1,-107.0,20.0,56.6,18.0,0.6,-113.9,46.0,83.6,3.0,20.0,88.0,18.0,0.6,-13.1,-11.5,-4.4,-9.3,7.0,4.4,22.0,0.4,-7.1,11.5,13.1,4.2,7.0,10.8,22.0,0.4,97.5,301.0,1103.0,536.5,44.0,771.5,22.0,0.6,95.0,300.0,1105.0,535.0,44.0,770.0,22.0,0.6
1887,9,322.3,30.6,25.0,25.6,26.1,25.56,10.0,0.52,18.0,0.6,25.0,25.6,26.1,25.55,24.0,0.63,18.0,0.5,17.4,17.44,18.26,17.76,17.0,0.65,18.0,0.5,85.0,86.6,91.4,87.3,17.0,3.0,18.0,0.5,0.7,0.4,6.7,6.7,9.8,7.45,24.0,2.9,18.0,0.5,-9.27,-2.86,2.62,-3.23,24.0,5.73,18.0,0.5,-3.93,0.65,6.17,0.81,24.0,4.69,18.0,0.5,1018.98,1020.7,1029.8,1023.66,17.0,5.46,18.0,0.5,2.0,4.0,6.0,4.0,24.0,2.2,18.0,0.5,85.0,86.6,91.4,87.3,17.0,3.0,18.0,0.5,0.7,0.4,-90.9,-17.1,17.5,-35.0,24.0,55.4,18.0,0.5,-36.6,0.7,41.3,-0.8,24.0,38.0,18.0,0.5,-0.89,0.5,0.89,0.04,10.0,0.96,18.0,0.6,-5.9,1.7,4.9,0.4,10.0,6.5,18.0,0.6,0.72,1.27,1.57,1.15,3.0,0.63,30.0,1.0,4.8,8.5,10.5,7.7,3.0,4.2,30.0,1.0,-235.4,-72.3,68.9,-82.4,24.0,146.4,18.0,0.5,-100.6,16.5,159.0,20.9,24.0,120.4,18.0,0.5,-147.0,0.0,48.8,-43.4,17.0,107.4,18.0,0.5,-68.5,82.3,112.6,31.0,17.0,91.7,18.0,0.5,2.6,3.3,4.1,3.3,3.0,1.1,30.0,1.0,4.0,7.8,9.7,6.9,3.0,4.2,30.0,1.0,301.0,301.0,941.0,579.0,24.0,501.0,18.0,0.5,300.0,300.0,940.0,580.0,24.0,500.0,18.0,0.5
1887,9,322.3,32.6,25.35,26.1,26.1,25.73,6.0,0.68,8.0,0.3,24.19,25.0,25.6,24.9,11.0,0.7,6.0,0.5,15.77,16.19,17.24,16.4,6.0,0.71,8.0,0.5,82.0,84.7,87.9,84.9,6.0,4.4,8.0,0.5,0.2,0.4,4.6,6.7,7.77,6.6,11.0,1.63,6.0,0.5,-7.12,-6.21,-3.25,-4.95,11.0,3.6,6.0,0.5,-3.53,-2.51,0.0,-1.79,11.0,2.67,6.0,0.5,1027.46,1030.5,1030.5,1028.23,6.0,5.36,8.0,0.5,2.0,4.0,5.4,3.6,11.0,1.8,6.0,0.5,82.0,84.7,87.9,84.9,6.0,4.4,8.0,0.5,0.2,0.4,-56.0,-41.6,-15.0,-34.8,11.0,30.0,6.0,0.5,-25.0,-15.0,0.0,-12.9,11.0,20.5,6.0,0.5,0.4,1.1,1.22,0.92,6.0,0.59,8.0,0.3,2.7,5.1,6.4,5.0,6.0,3.7,8.0,0.3,1.66,1.66,1.66,1.66,1.0,0.0,30.0,0.0,11.1,11.1,11.1,11.1,1.0,0.0,30.0,0.0,-183.8,-151.6,-81.3,-123.9,11.0,90.1,6.0,0.5,-89.3,-61.2,0.0,-45.3,11.0,66.9,6.0,0.5,-132.8,-102.2,-62.3,-81.3,6.0,81.5,8.0,0.5,-67.7,-40.6,1.0,-28.5,6.0,59.1,8.0,0.5,7.9,7.9,7.9,7.9,1.0,0.0,30.0,0.0,7.9,7.9,7.9,7.9,1.0,0.0,30.0,0.0,97.5,301.0,508.5,337.0,11.0,248.5,6.0,0.5,95.0,300.0,510.0,335.0,11.0,250.0,6.0,0.5
1887,9,322.3,34.6,24.28,25.0,25.6,24.92,17.0,0.62,4.0,0.6,23.9,25.0,25.0,24.75,40.0,0.74,4.0,0.5,15.69,16.08,16.28,16.04,23.0,0.49,4.0,0.5,78.6,82.9,86.6,83.4,23.0,3.1,4.0,0.5,0.5,0.6,2.6,4.6,6.7,4.34,40.0,1.66,4.0,0.5,-4.74,-3.25,-0.97,-3.1,40.0,1.96,4.0,0.5,-2.41,1.54,3.25,0.86,40.0,2.76,4.0,0.5,1030.5,1030.8,1031.2,1030.77,23.0,0.31,4.0,0.5,1.0,2.0,4.0,2.4,40.0,1.3,4.0,0.5,78.6,82.9,86.6,83.4,23.0,3.1,4.0,0.5,0.5,0.6,-31.7,-15.0,-2.5,-15.9,40.0,13.9,4.0,0.5,-11.2,6.3,15.0,2.7,40.0,15.0,4.0,0.5,,,,,,,,,,,,,,,,,,,,,,,,,,,,,,,,,-114.6,-77.7,-24.3,-76.4,40.0,48.3,4.0,0.5,-60.3,37.8,77.7,21.2,40.0,67.8,4.0,0.5,-60.0,-28.0,-13.1,-34.7,23.0,29.4,4.0,0.5,13.7,39.7,60.4,39.9,23.0,25.9,4.0,0.5,,,,,,,,,,,,,,,,,,,,,,,,,,,,,,,,
1887,9,322.3,36.6,23.5,24.2,25.0,24.23,30.0,0.97,4.0,0.5,23.3,23.9,25.54,24.34,36.0,1.23,4.0,0.5,16.23,16.38,16.78,16.45,6.0,0.29,6.0,0.8,82.7,86.5,87.0,85.3,6.0,2.3,6.0,0.8,0.9,0.1,2.6,4.6,4.6,4.3,34.0,3.25,4.0,0.5,-4.52,-1.65,0.97,-1.62,34.0,3.04,4.0,0.5,-2.08,0.79,2.6,1.06,34.0,4.06,4.0,0.5,1020.4,1030.8,1031.2,1026.82,10.0,5.51,4.0,0.7,2.0,4.0,7.0,4.1,36.0,2.5,4.0,0.5,82.7,86.5,87.0,85.3,6.0,2.3,6.0,0.8,0.9,0.1,-20.8,-4.3,2.5,-4.1,34.0,27.9,4.0,0.5,-8.6,1.1,6.8,12.6,34.0,53.3,4.0,0.5,,,,,,,,,,,,,,,,,,,,,,,,,,,,,,,,,-107.9,-39.4,22.8,-37.8,34.0,74.0,4.0,0.5,-49.0,18.8,68.4,27.8,34.0,102.8,4.0,0.5,-74.0,-21.0,0.0,-31.9,6.0,36.9,6.0,0.8,13.0,15.5,42.2,23.2,6.0,15.4,6.0,0.8,,,,,,,,,,,,,,,,,,,,,,,,,,,,,,,,
1887,9,322.3,40.6,24.12,24.4,25.0,24.47,12.0,0.62,20.0,0.5,19.44,21.7,23.01,21.33,11.0,2.07,18.0,0.5,15.26,15.45,16.08,15.58,8.0,0.39,22.0,0.8,90.7,92.7,94.6,92.7,8.0,2.1,22.0,0.8,0.3,0.7,5.83,6.7,13.58,9.75,11.0,4.77,20.0,0.5,-6.62,-4.46,-0.3,-3.17,11.0,5.24,20.0,0.5,-1.28,6.02,12.83,6.59,11.0,6.42,20.0,0.5,1014.29,1015.2,1025.86,1018.25,15.0,5.2,20.0,0.5,2.0,4.0,8.0,4.8,10.0,2.9,20.0,0.5,90.7,92.7,94.6,92.7,8.0,2.1,22.0,0.8,0.3,0.7,-81.9,-27.6,5.4,-31.2,11.0,71.5,20.0,0.5,-7.2,40.3,175.5,89.0,11.0,107.4,20.0,0.5,1.6,3.3,4.5,3.15,11.0,1.61,18.0,0.5,16.3,45.7,67.1,43.6,8.0,24.4,18.0,0.5,3.39,4.04,4.48,3.9,8.0,0.65,22.0,0.8,22.9,55.1,74.9,50.8,5.0,28.0,22.0,0.8,-143.2,-76.7,27.8,-53.2,8.0,115.0,18.0,0.5,110.6,174.3,293.7,197.9,8.0,100.3,18.0,0.5,-111.8,-82.3,-41.3,-78.1,5.0,39.4,22.0,0.8,84.8,168.8,229.2,160.2,5.0,80.8,22.0,0.8,-32.8,-24.2,-10.0,-22.3,5.0,12.3,22.0,0.8,20.6,49.6,67.3,45.7,5.0,25.2,22.0,0.8,216.5,301.0,2600.5,1590.0,11.0,2082.0,20.0,0.5,215.0,300.0,2600.0,1590.0,11.0,2080.0,20.0,0.5
1887,9,322.3,44.6,,,,,,,,,,,,,,,,,,,,,,,,,,,,,,,,,,,2.6,4.6,15.4,8.12,5.0,6.7,22.0,0.8,-1.86,-1.45,14.28,4.62,5.0,8.83,22.0,0.8,-5.77,2.16,2.76,-0.68,5.0,4.69,22.0,0.8,1003.48,1004.5,1005.52,1004.5,2.0,2.12,30.0,0.5,,,,,,,,,,,,,,,,,,,,,,,,,,,,,,,,,,,,,,,,,,,,,,,,,,,,,,,,,,,,,,,,,,,,,,,,,,,,,,,,,,,,,,,,,,,,,,,,,,,,,,,,,,,,,,,,,,,,,,,,,,,,,,,,,,
1887,9,322.3,46.6,,,,,,,,,,,,,,,,,,,,,,,,,,,,,,,,,,,1.65,2.6,5.37,3.3,5.0,2.51,18.0,0.4,-2.6,0.0,3.79,0.56,5.0,3.35,18.0,0.4,-3.79,0.0,0.0,-1.6,5.0,2.25,18.0,0.4,1022.52,1029.4,1033.39,1028.2,5.0,5.68,18.0,0.4,,,,,,,,,,,,,,,,,,,,,,,,,,,,,,,,,,,,,,,,,,,,,,,,,,,,,,,,,,,,,,,,,,,,,,,,,,,,,,,,,,,,,,,,,,,,,,,,,,,,,,,,,,,,,,,,,,,,,,,,,,,,,,,,,,
1887,9,322.3,48.6,,,,,,,,,,,,,,,,,,,,,,,,,,,,,,,,,,,0.0,0.0,6.7,2.19,20.0,3.67,12.0,0.4,0.0,0.0,0.0,0.37,20.0,1.4,12.0,0.4,0.0,0.0,4.53,0.92,20.0,3.94,12.0,0.4,1024.03,1025.7,1028.36,1025.96,14.0,2.22,12.0,0.5,,,,,,,,,,,,,,,,,,,,,,,,,,,,,,,,,,,,,,,,,,,,,,,,,,,,,,,,,,,,,,,,,,,,,,,,,,,,,,,,,,,,,,,,,,,,,,,,,,,,,,,,,,,,,,,,,,,,,,,,,,,,,,,,,,
1887,9,322.3,50.6,,,,,,,,,,,,,,,,,,,,,,,,,,,,,,,,,,,2.19,4.6,5.7,3.98,4.0,2.83,18.0,0.3,-4.15,-1.87,0.0,-2.07,4.0,2.41,18.0,0.3,-0.46,2.3,5.1,2.32,4.0,3.23,18.0,0.3,1023.0,1023.0,1023.0,1023.0,1.0,0.0,12.0,0.0,,,,,,,,,,,,,,,,,,,,,,,,,,,,,,,,,,,,,,,,,,,,,,,,,,,,,,,,,,,,,,,,,,,,,,,,,,,,,,,,,,,,,,,,,,,,,,,,,,,,,,,,,,,,,,,,,,,,,,,,,,,,,,,,,,
1887,9,324.3,-41.4,,,,,,,,,,,,,,,,,,,,,,,,,,,,,,,,,,,9.3,9.3,9.3,9.3,3.0,0.0,10.0,0.7,0.34,8.56,8.6,4.57,3.0,6.97,10.0,0.7,-7.04,-3.63,-3.53,-5.25,3.0,2.92,10.0,0.7,1009.7,1014.65,1019.6,1014.65,2.0,10.25,12.0,0.5,,,,,,,,,,,,,,,,,,,,,,,,,,,,,,,,,,,,,,,,,,,,,,,,,,,,,,,,,,,,,,,,,,,,,,,,,,,,,,,,,,,,,,,,,,,,,,,,,,,,,,,,,,,,,,,,,,,,,,,,,,,,,,,,,,
1887,9,324.3,-39.4,,,,,,,,,,,,,,,,,,,,,,,,,,,,,,,,,,,6.7,8.0,9.3,8.06,14.0,3.38,18.0,0.4,2.68,5.18,8.62,5.96,14.0,3.72,18.0,0.4,-6.55,-4.13,1.57,-3.5,14.0,4.01,18.0,0.4,1009.19,1022.6,1025.48,1018.89,13.0,7.48,18.0,0.4,,,,,,,,,,,,,,,,,,,,,,,,,,,,,,,,,,,,,,,,,,,,,,,,,,,,,,,,,,,,,,,,,,,,,,,,,,,,,,,,,,,,,,,,,,,,,,,,,,,,,,,,,,,,,,,,,,,,,,,,,,,,,,,,,,
1887,9,324.3,-37.4,12.1,13.4,14.01,13.07,3.0,1.43,18.0,1.0,10.54,12.0,14.14,12.33,4.0,2.19,18.0,1.0,4.86,4.86,4.86,4.86,1.0,0.0,20.0,1.0,62.3,62.3,62.3,62.3,1.0,0.0,20.0,1.0,0.5,1.0,7.58,9.3,16.06,11.62,5.0,6.73,16.0,1.0,-1.68,7.71,11.36,5.56,5.0,8.02,16.0,1.0,-8.92,0.0,9.14,0.64,5.0,10.52,16.0,1.0,1008.56,1015.8,1023.04,1015.8,2.0,14.99,16.0,1.0,4.0,6.0,7.4,5.8,5.0,1.8,16.0,1.0,62.3,62.3,62.3,62.3,1.0,0.0,20.0,1.0,0.5,1.0,-7.7,71.7,199.8,103.7,5.0,153.0,16.0,1.0,-94.0,0.0,162.6,43.2,5.0,188.7,16.0,1.0,,,,,,,,,,,,,,,,,,,,,,,,,,,,,,,,,-26.0,39.7,98.0,36.1,4.0,74.7,18.0,1.0,-127.7,-57.4,28.1,-50.2,4.0,92.1,18.0,1.0,37.5,37.5,37.5,37.5,1.0,0.0,20.0,1.0,25.3,25.3,25.3,25.3,1.0,0.0,20.0,1.0,,,,,,,,,,,,,,,,,,,,,,,,,,,,,,,,
1887,9,324.3,-35.4,,,,,,,,,,,,,,,,,,,,,,,,,,,,,,,,,,,7.58,9.3,10.4,8.96,5.0,2.76,20.0,0.4,6.98,8.56,8.61,7.72,5.0,1.95,20.0,0.4,1.65,3.63,5.48,3.56,5.0,3.71,20.0,0.4,1009.65,1011.0,1012.77,1011.2,4.0,2.3,20.0,0.3,,,,,,,,,,,,,,,,,,,,,,,,,,,,,,,,,,,,,,,,,,,,,,,,,,,,,,,,,,,,,,,,,,,,,,,,,,,,,,,,,,,,,,,,,,,,,,,,,,,,,,,,,,,,,,,,,,,,,,,,,,,,,,,,,,
1887,9,324.3,-29.4,19.02,20.0,20.0,19.73,8.0,0.51,4.0,0.4,16.1,16.1,16.1,16.18,8.0,0.21,4.0,0.4,10.07,10.09,10.1,10.05,8.0,0.11,4.0,0.4,89.1,89.1,89.1,88.4,8.0,2.0,4.0,0.4,0.4,0.3,12.3,12.3,12.3,11.93,8.0,1.06,4.0,0.4,3.16,5.74,6.88,5.24,8.0,1.91,4.0,0.4,10.2,10.2,11.4,10.57,8.0,0.94,4.0,0.4,1013.81,1014.8,1016.82,1015.34,8.0,1.68,4.0,0.4,5.0,5.0,6.0,5.4,8.0,0.5,4.0,0.4,89.1,89.1,89.1,88.4,8.0,2.0,4.0,0.4,0.4,0.3,38.8,70.6,84.6,63.7,8.0,25.1,4.0,0.4,125.4,125.4,140.3,126.6,8.0,19.3,4.0,0.4,2.86,3.9,3.9,3.55,8.0,0.51,4.0,0.4,35.1,48.0,48.0,42.6,8.0,8.4,4.0,0.4,3.56,4.43,4.43,4.22,8.0,0.47,4.0,0.4,43.8,54.4,54.5,50.5,8.0,8.7,4.0,0.4,50.8,93.8,110.7,84.8,8.0,30.7,4.0,0.4,164.2,164.2,189.7,171.0,8.0,16.2,4.0,0.4,31.7,57.9,69.5,52.7,8.0,19.4,4.0,0.4,102.8,103.0,114.5,106.2,8.0,9.1,4.0,0.4,11.4,26.0,30.5,22.7,8.0,9.4,4.0,0.4,41.7,45.2,49.8,44.6,8.0,6.5,4.0,0.4,1861.0,1861.0,1861.0,1729.0,8.0,373.5,4.0,0.4,1860.0,1860.0,1860.0,1730.0,8.0,375.0,4.0,0.4
1887,9,324.3,-25.4,20.0,21.1,21.11,20.93,26.0,0.53,12.0,0.5,21.09,21.65,23.32,22.1,26.0,1.66,12.0,0.5,13.96,14.98,16.3,15.16,23.0,1.43,12.0,0.5,90.3,90.7,90.7,90.6,23.0,2.1,12.0,0.5,0.4,0.6,4.6,4.6,8.72,6.27,15.0,3.77,12.0,0.5,-4.5,0.0,3.27,-0.23,15.0,4.64,12.0,0.5,-0.96,4.27,8.09,3.42,15.0,4.71,12.0,0.5,1019.49,1021.7,1023.76,1020.98,25.0,3.64,12.0,0.5,2.0,2.0,4.0,2.6,26.0,0.8,12.0,0.5,90.3,90.7,90.7,90.6,23.0,2.1,12.0,0.5,0.4,0.6,-20.7,0.0,28.9,9.0,15.0,46.6,12.0,0.5,-4.4,19.6,71.6,34.3,15.0,58.7,12.0,0.5,-2.84,-1.1,0.6,-1.17,26.0,1.81,12.0,0.5,-17.7,-11.4,-0.9,-10.4,15.0,7.7,12.0,0.5,-1.67,0.47,1.47,0.11,23.0,1.54,12.0,0.5,-7.9,0.0,6.9,0.2,15.0,6.7,12.0,0.5,-113.5,0.0,74.5,-5.7,15.0,104.1,12.0,0.5,-24.1,94.7,184.4,76.0,15.0,105.8,12.0,0.5,-78.0,0.0,50.8,-3.4,15.0,69.9,12.0,0.5,-16.6,63.9,125.8,51.5,15.0,71.7,12.0,0.5,-0.6,0.0,7.8,1.6,15.0,5.6,12.0,0.5,-0.9,1.8,5.4,1.8,15.0,2.9,12.0,0.5,97.5,97.5,692.5,541.5,15.0,981.0,12.0,0.5,95.0,95.0,695.0,540.0,15.0,980.0,12.0,0.5
1887,9,324.3,-23.4,,,,,,,,,,,,,,,,,,,,,,,,,,,,,,,,,,,4.09,5.65,6.7,5.4,12.0,2.2,18.0,0.4,-2.75,-0.2,5.11,0.28,12.0,3.97,18.0,0.4,2.48,3.81,6.27,4.0,12.0,1.83,18.0,0.4,1018.11,1019.95,1021.86,1019.74,14.0,2.03,18.0,0.4,,,,,,,,,,,,,,,,,,,,,,,,,,,,,,,,,,,,,,,,,,,,,,,,,,,,,,,,,,,,,,,,,,,,,,,,,,,,,,,,,,,,,,,,,,,,,,,,,,,,,,,,,,,,,,,,,,,,,,,,,,,,,,,,,,
1887,9,324.3,-21.4,,,,,,,,,,,,,,,,,,,,,,,,,,,,,,,,,,,4.6,6.7,9.3,6.96,22.0,1.96,18.0,0.7,-6.52,-2.62,2.42,-2.65,22.0,4.21,18.0,0.7,-7.78,0.0,4.74,-0.66,22.0,5.39,18.0,0.7,1016.79,1019.2,1022.78,1019.38,18.0,2.8,18.0,0.7,3.0,5.0,6.0,4.7,22.0,1.8,18.0,0.7,89.9,90.3,91.4,90.6,3.0,1.1,10.0,0.7,0.7,1.0,-43.7,-17.2,13.0,-20.3,22.0,34.6,18.0,0.7,-67.0,0.0,31.7,-9.6,22.0,42.6,18.0,0.7,,,,,,,,,,,,,,,,,,,,,,,,,,,,,,,,,,,,,,,,,,,,,,,,,,,,,,,,,,,,,,,,,,,,,,,,,,,,,,,,,,,,,,,,,,,,,,,,
1887,9,324.3,-19.4,,,,,,,,,,,,,,,,,,,,,,,,,,,,,,,,,,,4.6,9.3,9.3,7.8,30.0,2.29,18.0,0.4,-9.3,-5.49,3.81,-3.74,30.0,5.15,18.0,0.4,-8.62,0.0,2.57,-1.88,30.0,4.84,18.0,0.4,1017.91,1019.1,1021.97,1019.78,27.0,1.83,20.0,0.5,2.0,3.0,5.0,3.2,30.0,2.1,18.0,0.4,86.0,91.8,93.8,90.0,4.0,5.4,8.0,0.3,1.0,0.8,-86.5,-36.8,18.8,-34.0,30.0,42.0,18.0,0.4,-80.2,0.0,11.8,-19.9,30.0,49.2,18.0,0.4,,,,,,,,,,,,,,,,,,,,,,,,,,,,,,,,,,,,,,,,,,,,,,,,,,,,,,,,,,,,,,,,,,,,,,,,,,,,,,,,,,,,,,,,,,,,,,,,
1887,9,324.3,-17.4,,,,,,,,,,,,,,,,,,,,,,,,,,,,,,,,,,,2.6,6.7,12.3,6.91,46.0,4.07,12.0,0.4,-11.98,-6.38,-1.13,-6.09,46.0,4.36,12.0,0.4,-2.74,-2.0,1.83,-0.84,46.0,2.78,12.0,0.4,1015.9,1017.85,1021.9,1018.46,46.0,2.81,12.0,0.4,,,,,,,,,,,,,,,,,,,,,,,,,,,,,,,,,,,,,,,,,,,,,,,,,,,,,,,,,,,,,,,,,,,,,,,,,,,,,,,,,,,,,,,,,,,,,,,,,,,,,,,,,,,,,,,,,,,,,,,,,,,,,,,,,,
1887,9,324.3,-15.4,23.9,24.5,25.6,24.63,29.0,0.77,16.0,0.5,23.62,24.5,25.0,24.48,34.0,0.77,16.0,0.5,18.76,18.78,19.46,18.97,7.0,0.34,8.0,0.1,95.3,95.3,95.3,95.3,7.0,0.0,8.0,0.1,0.2,0.7,3.49,6.7,9.3,6.88,29.0,2.76,12.0,0.5,-7.31,-6.58,-3.03,-6.0,29.0,2.69,12.0,0.5,0.0,1.28,5.07,2.03,29.0,2.8,12.0,0.5,1017.0,1018.25,1022.0,1018.99,34.0,2.45,14.0,0.5,1.2,2.0,3.0,2.2,34.0,1.2,16.0,0.5,95.3,95.3,95.3,95.3,7.0,0.0,8.0,0.1,0.2,0.7,-67.5,-44.1,-11.1,-47.9,29.0,35.1,12.0,0.5,0.0,8.6,47.1,15.5,29.0,26.0,12.0,0.5,-1.1,0.2,1.31,0.11,29.0,1.27,16.0,0.5,-10.1,-0.4,5.2,-1.7,22.0,7.5,14.0,0.5,-1.07,-0.34,-0.34,-0.73,7.0,0.53,8.0,0.1,-7.1,-2.3,-2.3,-4.9,7.0,3.6,8.0,0.1,-185.5,-157.8,-68.0,-146.3,27.0,69.6,12.0,0.6,0.0,32.0,125.6,52.7,27.0,68.6,12.0,0.6,-123.8,-123.5,-91.9,-111.1,7.0,17.0,8.0,0.1,24.0,24.9,85.9,51.0,7.0,33.5,8.0,0.1,1.7,2.2,6.8,4.4,7.0,3.5,8.0,0.1,-2.3,-1.5,-0.4,-1.7,7.0,1.5,8.0,0.1,53.0,301.0,804.5,473.5,29.0,471.5,12.0,0.5,55.0,300.0,805.0,475.0,29.0,470.0,12.0,0.5
1887,9,324.3,-13.4,23.9,24.8,25.5,24.7,43.0,0.63,14.0,0.6,24.38,25.0,26.02,25.12,50.0,0.96,14.0,0.6,18.77,19.46,20.76,19.42,14.0,1.3,6.0,0.5,91.5,95.3,95.4,93.8,14.0,3.2,6.0,0.5,0.5,0.5,2.6,4.6,6.7,4.94,49.0,2.73,12.0,0.6,-6.32,-3.9,-2.06,-3.91,49.0,2.12,12.0,0.6,-0.17,1.84,4.35,1.4,49.0,3.21,12.0,0.6,1015.09,1016.45,1018.5,1016.71,48.0,2.42,12.0,0.6,0.0,2.0,4.0,2.2,54.0,1.7,12.0,0.6,91.5,95.3,95.4,93.8,14.0,3.2,6.0,0.5,0.5,0.5,-42.4,-17.9,-5.4,-24.7,49.0,22.7,12.0,0.6,-0.4,5.5,31.0,8.9,49.0,26.8,12.0,0.6,-1.7,0.0,0.6,-0.49,43.0,1.31,14.0,0.6,-7.3,-1.1,2.1,-2.0,38.0,5.1,14.0,0.6,-2.33,-0.75,-0.34,-0.82,14.0,1.52,6.0,0.5,-7.4,-2.3,-0.9,-2.4,14.0,8.0,6.0,0.5,-154.7,-99.9,-55.0,-99.1,45.0,51.9,12.0,0.6,-11.8,46.0,112.8,34.6,45.0,83.0,12.0,0.6,-77.5,-69.0,-41.4,-62.9,14.0,21.9,6.0,0.5,25.9,43.7,62.5,42.7,14.0,21.6,6.0,0.5,0.7,1.6,6.1,1.7,14.0,7.1,6.0,0.5,-4.7,-1.0,-0.5,-1.5,14.0,3.7,6.0,0.5,17.5,97.5,301.0,233.5,49.0,325.5,12.0,0.6,20.0,95.0,300.0,235.0,49.0,325.0,12.0,0.6
1887,9,324.3,-11.4,24.4,24.8,25.4,24.84,60.0,0.56,12.0,0.5,24.4,25.0,26.41,25.33,70.0,1.1,14.0,0.5,15.92,18.36,20.09,17.95,27.0,2.05,12.0,0.5,80.6,91.5,95.9,89.4,27.0,7.7,12.0,0.5,0.4,0.5,4.6,6.7,9.3,6.46,73.0,2.15,14.0,0.5,-7.28,-5.62,-4.17,-5.64,73.0,2.02,14.0,0.5,0.0,2.05,4.37,1.63,73.0,2.8,14.0,0.5,1014.58,1016.05,1016.91,1015.87,70.0,1.4,12.0,0.5,0.0,2.0,3.0,2.0,74.0,1.5,14.0,0.5,80.6,91.5,95.9,89.4,27.0,7.7,12.0,0.5,0.4,0.5,-67.2,-37.6,-19.5,-40.5,73.0,27.8,14.0,0.5,0.0,8.6,31.7,10.5,73.0,24.4,14.0,0.5,-1.8,-0.2,0.48,-0.61,59.0,1.18,12.0,0.5,-11.4,-1.4,3.3,-3.6,58.0,6.8,12.0,0.5,-1.55,0.35,3.06,0.81,20.0,2.2,10.0,0.5,-7.9,1.9,24.1,6.4,20.0,16.2,10.0,0.5,-180.9,-143.3,-101.9,-142.6,69.0,49.7,14.0,0.5,-4.2,47.5,93.3,36.1,69.0,66.9,14.0,0.5,-147.2,-103.6,-76.2,-111.7,27.0,43.0,12.0,0.5,-22.5,44.0,62.5,20.4,27.0,56.7,12.0,0.5,-22.1,-1.5,7.5,-5.4,20.0,14.1,10.0,0.5,-2.7,2.2,9.4,3.7,20.0,7.9,10.0,0.5,97.5,301.0,804.5,363.0,73.0,386.0,14.0,0.5,95.0,300.0,805.0,365.0,73.0,385.0,14.0,0.5
1887,9,324.3,-9.4,24.7,25.3,25.7,25.29,39.0,0.92,16.0,0.5,24.7,25.2,25.97,25.38,50.0,0.85,16.0,0.5,16.21,17.16,18.63,17.11,28.0,1.34,16.0,0.6,81.6,86.8,91.4,85.6,28.0,7.0,16.0,0.6,0.7,0.5,4.6,6.7,9.3,6.71,50.0,2.58,16.0,0.5,-8.57,-6.17,-2.85,-5.72,50.0,2.39,16.0,0.5,-0.95,1.44,3.76,1.43,50.0,3.38,16.0,0.5,1014.41,1015.4,1016.66,1015.59,46.0,1.39,14.0,0.5,0.0,2.0,4.0,2.3,50.0,1.7,16.0,0.5,81.6,86.8,91.4,85.6,28.0,7.0,16.0,0.6,0.7,0.5,-79.7,-41.3,-13.1,-43.7,50.0,33.0,16.0,0.5,-6.3,7.9,32.7,12.3,50.0,32.2,16.0,0.5,-1.1,0.1,0.8,-0.13,39.0,1.15,16.0,0.5,-5.3,0.5,4.1,-1.0,39.0,9.9,16.0,0.5,1.16,2.87,5.24,3.26,18.0,2.61,18.0,0.6,8.4,18.3,43.5,27.3,18.0,31.7,18.0,0.6,-218.7,-153.5,-72.0,-145.2,50.0,61.3,16.0,0.5,-23.9,36.7,96.3,36.7,50.0,86.6,16.0,0.5,-152.6,-106.2,-51.3,-103.3,28.0,44.9,16.0,0.6,-48.8,47.7,80.2,28.7,28.0,66.1,16.0,0.6,-26.2,-13.0,-6.5,-18.4,18.0,21.0,18.0,0.6,-7.8,7.1,31.8,13.7,18.0,28.2,18.0,0.6,97.5,301.0,804.5,442.5,50.0,499.0,16.0,0.5,95.0,300.0,805.0,445.0,50.0,500.0,16.0,0.5
1887,9,324.3,-7.4,25.1,25.7,25.74,25.48,6.0,0.45,12.0,0.7,24.7,25.3,26.75,25.71,7.0,1.14,12.0,0.7,16.43,16.43,16.43,16.43,1.0,0.0,10.0,1.0,82.0,82.0,82.0,82.0,1.0,0.0,10.0,1.0,1.0,0.2,4.6,6.7,9.3,6.87,6.0,2.11,12.0,0.7,-5.12,-4.32,-3.56,-4.47,6.0,1.19,12.0,0.7,3.08,4.74,6.99,5.05,6.0,2.23,12.0,0.7,1014.95,1015.1,1016.33,1015.41,7.0,0.98,12.0,0.7,1.9,3.0,4.2,3.3,7.0,2.5,12.0,0.7,82.0,82.0,82.0,82.0,1.0,0.0,10.0,1.0,1.0,0.2,-39.4,-31.7,-17.3,-31.9,6.0,16.4,12.0,0.7,14.2,31.7,65.0,38.4,6.0,26.8,12.0,0.7,,,,,,,,,,,,,,,,,,,,,,,,,,,,,,,,,,,,,,,,,,,,,,,,,,,,,,,,,,,,,,,,,,,,,,,,,,,,,,,,,,,,,,,,,,,,,,,,
1887,9,324.3,-5.4,,,,,,,,,,,,,,,,,,,,,,,,,,,,,,,,,,,10.58,12.3,12.3,11.44,10.0,1.91,22.0,0.2,-10.43,-7.4,-6.93,-7.88,10.0,2.37,22.0,0.2,6.52,7.64,9.82,8.03,10.0,1.69,22.0,0.2,1014.86,1016.3,1016.77,1015.99,10.0,1.43,22.0,0.2,,,,,,,,,,,,,,,,,,,,,,,,,,,,,,,,,,,,,,,,,,,,,,,,,,,,,,,,,,,,,,,,,,,,,,,,,,,,,,,,,,,,,,,,,,,,,,,,,,,,,,,,,,,,,,,,,,,,,,,,,,,,,,,,,,
1887,9,324.3,-3.4,,,,,,,,,,,,,,,,,,,,,,,,,,,,,,,,,,,11.2,12.3,12.3,11.7,5.0,1.34,24.0,1.0,-10.43,-10.43,-9.02,-9.66,5.0,1.72,24.0,1.0,6.52,6.52,6.54,6.53,5.0,0.03,24.0,1.0,1015.79,1016.3,1016.71,1016.2,5.0,0.77,24.0,1.0,,,,,,,,,,,,,,,,,,,,,,,,,,,,,,,,,,,,,,,,,,,,,,,,,,,,,,,,,,,,,,,,,,,,,,,,,,,,,,,,,,,,,,,,,,,,,,,,,,,,,,,,,,,,,,,,,,,,,,,,,,,,,,,,,,
1887,9,324.3,-1.4,24.4,24.4,26.05,25.1,7.0,1.03,16.0,0.3,25.6,26.0,26.61,26.07,10.0,0.53,18.0,0.3,19.58,19.59,19.6,19.59,3.0,0.01,14.0,0.0,95.3,95.3,95.3,95.3,3.0,0.0,14.0,0.0,0.8,0.9,6.7,8.0,11.02,8.6,10.0,2.28,18.0,0.3,-10.17,-6.17,-4.65,-6.88,10.0,2.68,18.0,0.3,2.62,4.81,6.57,4.66,10.0,1.84,18.0,0.3,1010.04,1010.5,1010.96,1010.5,4.0,0.55,14.0,0.0,0.0,0.0,0.0,0.2,10.0,0.6,18.0,0.3,95.3,95.3,95.3,95.3,3.0,0.0,14.0,0.0,0.8,0.9,-114.0,-46.7,-32.8,-64.0,10.0,42.5,18.0,0.3,17.5,36.3,64.8,41.4,10.0,21.1,18.0,0.3,-1.22,-1.2,0.0,-0.86,7.0,0.65,16.0,0.3,-11.4,-8.0,0.0,-7.1,7.0,5.7,16.0,0.3,-0.47,-0.47,-0.47,-0.47,3.0,0.0,14.0,0.0,-4.0,-3.1,-3.1,-3.5,3.0,0.7,14.0,0.0,-263.6,-160.4,-119.0,-180.1,10.0,72.0,18.0,0.3,69.2,127.4,168.1,121.3,10.0,47.0,18.0,0.3,-99.3,-77.2,-77.2,-88.0,3.0,18.7,14.0,0.0,106.2,106.2,133.0,119.3,3.0,22.6,14.0,0.0,1.8,1.8,2.4,2.1,3.0,0.4,14.0,0.0,-3.2,-2.5,-2.5,-2.9,3.0,0.5,14.0,0.0,301.0,552.5,1408.5,764.0,10.0,622.0,18.0,0.3,300.0,555.0,1410.0,765.0,10.0,620.0,18.0,0.3
1887,9,324.3,0.6,,,,,,,,,,,,,,,,,,,,,,,,,,,,,,,,,,,4.6,6.7,6.7,6.33,10.0,1.44,16.0,0.8,-6.17,-5.74,-3.94,-5.37,10.0,1.38,16.0,0.8,2.37,2.62,4.22,3.21,10.0,1.09,16.0,0.8,1009.4,1010.0,1010.86,1010.29,7.0,1.01,14.0,0.9,,,,,,,,,,,,,,,,,,,,,,,,,,,,,,,,,,,,,,,,,,,,,,,,,,,,,,,,,,,,,,,,,,,,,,,,,,,,,,,,,,,,,,,,,,,,,,,,,,,,,,,,,,,,,,,,,,,,,,,,,,,,,,,,,,
1887,9,324.3,4.6,,,,,,,,,,,,,,,,,,,,,,,,,,,,,,,,,,,6.7,6.7,6.7,6.7,6.0,0.0,16.0,0.5,-2.51,-2.51,0.54,-1.24,6.0,2.14,16.0,0.5,6.2,6.21,6.31,6.29,6.0,0.2,16.0,0.5,1012.18,1012.6,1013.62,1012.8,6.0,0.88,16.0,0.5,,,,,,,,,,,,,,,,,,,,,,,,,,,,,,,,,,,,,,,,,,,,,,,,,,,,,,,,,,,,,,,,,,,,,,,,,,,,,,,,,,,,,,,,,,,,,,,,,,,,,,,,,,,,,,,,,,,,,,,,,,,,,,,,,,
1887,9,324.3,6.6,,,,,,,,,,,,,,,,,,,,,,,,,,,,,,,,,,,6.7,6.7,6.7,6.7,3.0,0.0,16.0,0.0,0.0,0.0,3.23,1.58,3.0,2.74,16.0,0.0,5.36,6.7,6.7,6.05,3.0,1.13,16.0,0.0,1010.6,1011.5,1012.12,1011.42,5.0,0.83,16.0,0.4,,,,,,,,,,,,,,,,,,,,,,,,,,,,,,,,,,,,,,,,,,,,,,,,,,,,,,,,,,,,,,,,,,,,,,,,,,,,,,,,,,,,,,,,,,,,,,,,,,,,,,,,,,,,,,,,,,,,,,,,,,,,,,,,,,
1887,9,324.3,12.6,26.1,26.7,26.7,26.7,42.0,0.57,14.0,0.4,25.85,26.7,27.8,27.01,42.0,1.13,14.0,0.4,18.39,18.98,19.57,19.05,37.0,0.56,14.0,0.5,79.3,87.2,91.5,85.5,40.0,5.3,14.0,0.5,0.6,0.4,1.0,2.6,8.15,3.43,29.0,3.03,14.0,0.5,-4.51,-1.6,-0.22,-1.83,29.0,2.05,14.0,0.5,-6.95,0.32,0.99,-1.27,29.0,3.47,14.0,0.5,1012.2,1019.0,1019.0,1017.14,38.0,3.09,14.0,0.5,2.0,5.5,8.0,5.3,42.0,2.5,14.0,0.4,79.3,87.2,91.5,85.5,40.0,5.3,14.0,0.5,0.6,0.4,-34.5,-4.2,-0.2,-10.8,29.0,16.4,14.0,0.5,-58.2,0.5,2.4,-13.4,29.0,29.6,14.0,0.5,-1.1,0.0,0.6,-0.32,42.0,1.13,14.0,0.4,-2.9,0.0,1.6,0.0,29.0,3.7,14.0,0.5,2.23,2.82,3.45,2.81,37.0,0.69,14.0,0.5,2.4,6.8,26.9,11.0,28.0,11.4,14.0,0.5,-123.5,-41.8,-6.4,-50.1,29.0,56.0,14.0,0.5,-186.7,8.3,29.2,-34.5,29.0,94.4,14.0,0.5,-87.0,-24.8,-4.0,-34.1,28.0,39.5,14.0,0.5,-119.4,7.5,19.4,-22.3,28.0,67.6,14.0,0.5,-15.6,-3.7,-0.5,-5.7,28.0,7.3,14.0,0.5,-20.8,1.1,2.3,-4.5,28.0,12.1,14.0,0.5,1.0,17.5,581.0,162.0,29.0,304.0,14.0,0.5,0.0,20.0,580.0,160.0,29.0,305.0,14.0,0.5
1887,9,324.3,14.6,27.8,27.8,28.3,27.94,7.0,0.24,24.0,0.7,27.2,27.2,28.24,27.63,8.0,0.86,24.0,0.8,19.09,19.32,20.93,19.99,3.0,1.46,22.0,1.0,81.7,84.4,86.3,84.0,3.0,3.4,22.0,1.0,0.4,0.3,4.6,4.6,9.3,6.74,8.0,3.09,24.0,0.8,-7.03,-3.81,-2.57,-4.69,8.0,2.73,24.0,0.8,-6.75,-3.81,-2.71,-4.66,8.0,2.02,24.0,0.8,1011.76,1011.9,1015.79,1013.73,3.0,3.35,22.0,1.0,3.0,4.0,4.9,3.9,8.0,0.8,24.0,0.8,81.7,84.4,86.3,84.0,3.0,3.4,22.0,1.0,0.4,0.3,-65.4,-17.5,-11.8,-38.4,8.0,40.5,24.0,0.8,-72.5,-17.5,-12.5,-36.1,8.0,30.1,24.0,0.8,-0.55,0.6,1.1,0.19,7.0,0.98,24.0,0.7,-5.1,2.8,5.1,-0.6,7.0,7.2,24.0,0.7,2.12,2.92,3.71,2.92,2.0,1.66,20.0,1.0,19.7,27.1,34.5,27.1,2.0,15.4,20.0,1.0,-206.2,-104.9,-70.0,-129.9,8.0,75.2,24.0,0.8,-181.9,-103.7,-75.1,-129.1,8.0,57.4,24.0,0.8,-182.5,-158.8,-111.7,-147.4,3.0,52.8,22.0,1.0,-147.7,-130.6,-126.1,-136.8,3.0,16.7,22.0,1.0,-18.0,-15.9,-13.8,-15.9,2.0,4.4,20.0,1.0,-29.3,-21.5,-13.6,-21.5,2.0,16.2,20.0,1.0,97.5,97.5,804.5,494.5,8.0,638.0,24.0,0.8,95.0,95.0,805.0,495.0,8.0,640.0,24.0,0.8
1887,9,324.3,16.6,26.04,26.15,26.7,26.28,10.0,0.6,20.0,0.5,25.55,26.7,27.8,26.61,17.0,0.91,22.0,0.4,17.52,17.75,17.97,17.74,10.0,0.24,24.0,0.4,75.6,82.6,82.6,79.9,10.0,3.7,24.0,0.4,0.6,0.5,5.73,12.3,12.3,9.62,17.0,3.37,22.0,0.4,-10.2,-6.88,-3.75,-6.33,17.0,2.68,22.0,0.4,-10.2,-6.88,-3.79,-6.9,17.0,3.07,22.0,0.4,1016.59,1017.3,1018.6,1017.44,13.0,0.91,24.0,0.4,2.0,2.0,2.5,2.0,17.0,0.7,22.0,0.4,75.6,82.6,82.6,79.9,10.0,3.7,24.0,0.4,0.6,0.5,-125.4,-84.6,-19.6,-67.8,17.0,43.8,22.0,0.4,-125.4,-84.6,-23.7,-74.8,17.0,46.3,22.0,0.4,-0.93,0.0,0.56,-0.11,10.0,0.7,20.0,0.5,-9.2,0.0,3.3,-1.8,10.0,6.8,20.0,0.5,4.26,4.26,4.42,4.34,3.0,0.13,24.0,0.7,52.4,52.5,54.3,53.4,3.0,1.6,24.0,0.7,-272.3,-183.6,-95.9,-169.5,17.0,74.2,22.0,0.4,-277.4,-183.6,-96.2,-185.1,17.0,84.7,22.0,0.4,-183.1,-123.7,-120.5,-145.7,10.0,31.3,24.0,0.4,-181.4,-178.2,-123.5,-157.2,10.0,29.7,24.0,0.4,-40.5,-29.3,-29.3,-34.8,3.0,9.5,24.0,0.7,-43.5,-43.5,-34.9,-39.3,3.0,7.3,24.0,0.7,207.0,1861.0,1861.0,1182.5,17.0,838.5,22.0,0.4,205.0,1860.0,1860.0,1185.0,17.0,840.0,22.0,0.4
1887,9,324.3,18.6,26.1,26.1,27.8,26.65,36.0,0.76,14.0,0.5,26.1,26.7,27.2,26.56,39.0,0.63,14.0,0.5,16.31,19.17,19.89,18.42,15.0,1.55,14.0,0.5,75.0,91.5,91.5,86.2,15.0,7.7,14.0,0.5,0.6,0.4,4.6,9.3,12.3,8.33,34.0,2.91,16.0,0.4,-9.42,-6.42,-4.27,-6.22,34.0,2.61,16.0,0.4,-6.92,-5.85,-2.15,-5.16,34.0,2.38,16.0,0.4,1016.6,1019.3,1019.3,1018.45,36.0,1.44,14.0,0.5,1.8,2.0,6.0,3.1,31.0,2.1,16.0,0.5,75.0,91.5,91.5,86.2,15.0,7.7,14.0,0.5,0.6,0.4,-115.9,-53.4,-20.0,-58.1,34.0,39.2,16.0,0.4,-84.6,-54.4,-9.6,-48.8,34.0,30.8,16.0,0.4,-1.1,0.0,1.37,0.08,36.0,1.1,14.0,0.5,-8.1,0.0,5.5,-1.1,31.0,9.0,14.0,0.5,3.35,4.05,4.43,4.06,12.0,0.76,12.0,0.6,31.1,49.8,67.8,47.0,7.0,16.5,14.0,0.6,-245.9,-173.0,-109.2,-165.9,34.0,69.7,16.0,0.4,-184.7,-159.2,-57.2,-137.9,34.0,63.1,16.0,0.4,-175.3,-166.3,-110.3,-151.0,10.0,35.4,16.0,0.5,-158.3,-116.2,-112.1,-131.1,10.0,23.1,16.0,0.5,-56.2,-38.2,-14.6,-34.6,7.0,17.7,14.0,0.6,-37.9,-32.0,-27.1,-30.7,7.0,6.4,14.0,0.6,97.5,804.5,1861.0,776.0,34.0,635.5,16.0,0.4,95.0,805.0,1860.0,775.0,34.0,635.0,16.0,0.4
1887,9,324.3,20.6,25.9,26.6,27.8,26.78,17.0,0.84,14.0,0.5,25.86,26.1,27.29,26.49,17.0,1.0,14.0,0.5,18.36,19.15,19.17,19.08,10.0,0.75,14.0,0.4,86.4,91.5,91.5,89.6,10.0,4.2,14.0,0.4,0.4,0.3,2.6,6.7,6.7,5.97,12.0,2.69,16.0,0.5,-6.27,-5.92,-2.51,-5.46,12.0,2.6,16.0,0.5,-3.15,-2.62,-1.29,-2.3,12.0,1.0,16.0,0.5,1018.11,1019.3,1021.0,1019.42,17.0,1.89,14.0,0.5,2.0,3.0,5.1,3.5,13.0,1.6,16.0,0.5,86.4,91.5,91.5,89.6,10.0,4.2,14.0,0.4,0.4,0.3,-42.0,-39.6,-6.5,-39.0,12.0,36.6,16.0,0.5,-21.1,-17.5,-4.2,-15.7,12.0,12.3,16.0,0.5,-1.1,0.3,1.7,0.29,17.0,1.26,14.0,0.5,-7.4,-0.7,3.1,-0.3,12.0,7.9,16.0,0.5,1.75,3.57,4.05,2.98,10.0,1.26,14.0,0.4,8.7,13.7,26.7,18.4,6.0,16.5,18.0,0.3,-168.3,-159.7,-71.1,-144.8,12.0,68.0,16.0,0.5,-86.0,-66.4,-34.9,-60.8,12.0,26.6,16.0,0.5,-140.8,-116.1,-100.4,-123.6,6.0,55.4,18.0,0.3,-54.9,-48.1,-22.4,-42.6,6.0,21.5,18.0,0.3,-25.9,-12.7,-8.1,-17.4,6.0,15.8,18.0,0.3,-7.5,-4.8,-3.3,-5.8,6.0,5.0,18.0,0.3,17.5,301.0,301.0,343.0,12.0,495.0,16.0,0.5,20.0,300.0,300.0,345.0,12.0,495.0,16.0,0.5
1887,9,324.3,22.6,25.56,25.75,26.1,25.78,6.0,0.28,18.0,0.5,25.6,26.1,26.93,26.19,15.0,0.62,12.0,0.4,17.19,17.91,19.13,18.25,14.0,1.08,12.0,0.4,81.1,86.6,91.5,86.4,14.0,5.3,12.0,0.4,0.4,0.4,6.7,12.3,12.3,10.36,15.0,3.44,12.0,0.4,-12.25,-10.86,-6.25,-9.67,15.0,3.09,12.0,0.4,-5.77,-1.39,1.07,-2.0,15.0,3.59,12.0,0.4,1020.72,1021.85,1022.98,1021.8,14.0,1.31,12.0,0.4,3.0,4.0,6.2,4.7,11.0,1.8,12.0,0.5,81.1,86.6,91.5,86.4,14.0,5.3,12.0,0.4,0.4,0.4,-150.7,-133.6,-41.9,-109.5,15.0,56.4,12.0,0.4,-71.0,-8.3,13.2,-23.4,15.0,51.2,12.0,0.4,-1.26,-0.8,-0.09,-0.6,6.0,0.92,18.0,0.5,-7.4,-4.8,2.0,-1.9,6.0,9.6,18.0,0.5,2.95,3.25,3.42,3.18,5.0,0.29,22.0,0.6,15.8,18.2,21.0,18.4,5.0,2.8,22.0,0.6,-319.8,-278.0,-167.9,-252.5,15.0,79.5,12.0,0.4,-147.8,-36.2,28.0,-51.0,15.0,91.1,12.0,0.4,-234.4,-190.6,-106.8,-177.2,14.0,65.7,12.0,0.4,-97.7,-19.9,20.5,-22.9,14.0,48.4,12.0,0.4,-19.8,-17.8,-15.0,-17.6,5.0,2.7,22.0,0.6,-6.9,-4.5,-3.6,-5.2,5.0,2.0,22.0,0.6,301.0,1861.0,1861.0,1433.0,15.0,999.5,12.0,0.4,300.0,1860.0,1860.0,1435.0,15.0,1000.0,12.0,0.4
1887,9,324.3,24.6,25.6,25.7,26.1,25.85,14.0,0.38,16.0,0.5,25.0,26.1,27.1,26.07,23.0,0.92,10.0,0.6,17.3,17.72,18.67,17.85,16.0,0.64,10.0,0.7,80.2,83.8,86.6,83.9,16.0,3.7,10.0,0.7,0.4,0.4,4.6,6.7,12.3,8.07,23.0,3.81,10.0,0.6,-10.86,-4.6,-3.86,-6.8,23.0,3.35,10.0,0.6,-6.34,-5.55,-1.8,-4.14,23.0,2.25,10.0,0.6,1020.88,1024.4,1025.4,1023.3,16.0,2.15,10.0,0.7,1.3,3.0,5.0,3.2,22.0,1.8,10.0,0.6,80.2,83.8,86.6,83.9,16.0,3.7,10.0,0.7,0.4,0.4,-133.6,-25.1,-18.3,-66.8,23.0,55.2,10.0,0.6,-71.0,-37.2,-8.3,-40.7,23.0,32.4,10.0,0.6,-1.39,0.15,0.6,-0.26,14.0,1.06,16.0,0.5,-6.3,0.7,5.0,-0.1,14.0,5.8,16.0,0.5,1.76,2.88,3.44,2.68,7.0,0.96,20.0,0.6,7.4,10.0,15.8,11.5,7.0,4.8,20.0,0.6,-283.5,-120.5,-96.6,-176.7,23.0,86.4,10.0,0.6,-163.2,-138.9,-48.9,-107.0,23.0,57.5,10.0,0.6,-193.9,-81.3,-70.6,-124.6,16.0,63.0,10.0,0.7,-103.1,-40.8,-30.8,-61.8,16.0,38.5,10.0,0.7,-14.5,-10.0,-6.8,-10.6,7.0,4.1,20.0,0.6,-6.3,-3.2,-2.2,-4.2,7.0,3.0,20.0,0.6,97.5,301.0,1861.0,866.0,23.0,849.0,10.0,0.6,95.0,300.0,1860.0,865.0,23.0,850.0,10.0,0.6
1887,9,324.3,26.6,25.5,26.1,26.4,25.94,37.0,0.56,22.0,0.5,25.0,25.65,26.1,25.96,34.0,1.03,18.0,0.4,16.76,17.82,18.06,17.56,7.0,0.63,18.0,0.3,81.7,85.5,87.5,84.6,10.0,4.4,14.0,0.2,0.3,0.4,1.0,2.6,9.8,3.99,38.0,4.08,20.0,0.4,-8.32,-0.99,0.0,-2.82,38.0,3.86,20.0,0.4,-5.52,0.0,2.6,-0.37,38.0,3.14,20.0,0.4,1020.0,1021.35,1023.19,1021.51,20.0,1.97,22.0,0.4,1.5,3.0,6.0,3.2,42.0,2.2,20.0,0.4,81.7,85.5,87.5,84.6,10.0,4.4,14.0,0.2,0.3,0.4,-81.5,-1.0,0.0,-25.9,38.0,47.5,20.0,0.4,-55.5,0.0,6.8,-10.4,38.0,29.3,20.0,0.4,-1.38,0.0,0.71,-0.11,29.0,1.04,22.0,0.4,-1.7,0.0,2.0,0.1,27.0,2.8,22.0,0.4,2.04,2.95,3.21,2.72,5.0,0.68,24.0,0.2,0.0,0.0,1.4,0.7,3.0,1.1,26.0,0.3,-252.6,-37.0,0.0,-82.8,32.0,104.5,18.0,0.4,-144.6,0.0,73.7,-11.1,32.0,87.8,18.0,0.4,-189.9,-16.9,0.0,-79.7,5.0,101.6,16.0,0.4,-101.0,0.0,2.5,-39.2,5.0,56.9,16.0,0.4,-1.3,0.0,0.0,-0.6,3.0,1.1,26.0,0.3,0.0,0.0,0.5,0.2,3.0,0.4,26.0,0.3,1.0,17.5,941.0,335.0,38.0,652.5,20.0,0.4,0.0,20.0,940.0,335.0,38.0,650.0,20.0,0.4
1887,9,324.3,28.6,25.57,25.95,26.1,25.91,38.0,0.52,24.0,0.5,25.0,25.6,28.22,26.22,35.0,1.42,24.0,0.5,16.96,20.08,20.66,19.2,9.0,2.02,26.0,0.4,79.0,82.3,85.0,81.9,9.0,3.3,26.0,0.4,0.6,0.2,1.0,2.6,6.7,4.0,37.0,2.71,24.0,0.5,-4.99,-2.41,0.56,-2.23,37.0,2.78,24.0,0.5,-1.12,0.93,4.74,1.71,37.0,2.82,24.0,0.5,1017.24,1019.05,1021.57,1019.47,14.0,1.95,26.0,0.6,2.0,5.0,7.0,4.5,38.0,2.1,24.0,0.5,79.0,82.3,85.0,81.9,9.0,3.3,26.0,0.4,0.6,0.2,-33.4,-6.3,0.6,-15.2,37.0,20.1,24.0,0.5,-2.0,0.9,31.7,11.3,37.0,20.7,24.0,0.5,-2.68,0.5,0.66,-0.37,35.0,1.58,24.0,0.5,-7.1,0.6,5.2,-0.9,34.0,8.2,24.0,0.5,-0.84,0.0,3.35,0.93,9.0,2.23,26.0,0.4,-5.2,0.0,4.5,0.1,9.0,4.8,26.0,0.4,-147.2,-63.9,13.7,-61.2,34.0,71.5,24.0,0.5,-22.5,26.3,121.3,48.2,34.0,73.0,24.0,0.5,-77.9,-49.4,0.0,-41.5,9.0,43.7,26.0,0.4,16.7,50.3,75.7,49.6,9.0,29.8,26.0,0.4,0.0,0.0,1.9,0.9,9.0,2.0,26.0,0.4,-2.9,0.0,4.2,0.5,9.0,4.2,26.0,0.4,1.0,17.5,301.0,157.5,37.0,229.5,24.0,0.5,0.0,20.0,300.0,160.0,37.0,230.0,24.0,0.5
1887,9,324.3,30.6,24.66,25.0,25.6,25.19,19.0,0.51,26.0,0.4,23.62,24.4,25.99,24.91,17.0,1.67,26.0,0.4,18.82,20.16,20.51,19.67,3.0,1.31,28.0,0.3,83.2,85.8,87.4,85.3,3.0,3.2,28.0,0.3,1.0,0.2,4.6,6.7,9.8,6.79,19.0,3.45,26.0,0.4,-8.25,-4.6,-2.2,-4.78,19.0,4.44,26.0,0.4,0.0,2.57,5.59,2.8,19.0,2.91,26.0,0.4,1016.95,1023.1,1023.9,1021.44,7.0,3.45,28.0,0.3,4.0,6.0,7.1,5.7,19.0,1.7,26.0,0.4,83.2,85.8,87.4,85.3,3.0,3.2,28.0,0.3,1.0,0.2,-80.9,-21.2,-14.5,-39.0,19.0,49.7,26.0,0.4,0.0,11.8,53.7,25.8,19.0,30.5,26.0,0.4,-0.73,0.6,1.65,0.29,17.0,1.56,26.0,0.4,-2.1,5.9,12.0,3.7,17.0,9.0,26.0,0.4,-0.33,-0.24,0.78,0.21,3.0,0.9,28.0,0.3,-1.5,-1.1,3.6,1.0,3.0,4.2,28.0,0.3,-210.9,-129.3,-36.6,-117.2,17.0,111.7,26.0,0.4,0.0,85.5,142.6,70.8,17.0,73.8,26.0,0.4,-94.3,-92.7,-85.5,-90.0,3.0,6.9,28.0,0.3,0.0,0.0,10.9,5.3,3.0,9.2,28.0,0.3,-3.5,1.1,1.5,-1.0,3.0,4.1,28.0,0.3,0.0,0.0,0.8,0.4,3.0,0.6,28.0,0.3,97.5,301.0,941.0,537.5,19.0,590.5,26.0,0.4,95.0,300.0,940.0,540.0,19.0,590.0,26.0,0.4
1887,9,324.3,32.6,24.06,24.7,25.88,24.93,11.0,0.86,18.0,0.5,23.65,25.6,26.18,25.16,11.0,1.33,18.0,0.5,16.52,16.94,17.59,17.05,4.0,0.65,28.0,0.8,79.4,81.9,83.8,81.6,4.0,2.8,28.0,0.8,1.0,0.1,3.77,6.7,6.7,5.94,11.0,2.88,18.0,0.5,-6.58,-4.74,-2.91,-4.67,11.0,2.18,18.0,0.5,-4.16,0.93,2.01,0.26,11.0,4.27,18.0,0.5,1024.6,1024.6,1025.02,1024.8,4.0,0.4,28.0,0.8,2.6,4.0,6.8,4.5,11.0,2.2,18.0,0.5,79.4,81.9,83.8,81.6,4.0,2.8,28.0,0.8,1.0,0.1,-44.1,-31.7,-12.6,-32.5,11.0,23.1,18.0,0.5,-27.8,4.0,8.6,5.1,11.0,43.2,18.0,0.5,-2.12,0.0,1.1,-0.24,11.0,1.49,18.0,0.5,-9.8,0.0,4.7,-1.4,11.0,8.6,18.0,0.5,1.27,1.53,1.82,1.54,4.0,0.33,28.0,0.8,7.1,8.9,10.3,8.7,4.0,2.4,28.0,0.8,-164.7,-122.2,-74.7,-119.1,11.0,55.7,18.0,0.5,-106.8,23.1,49.6,4.5,11.0,105.3,18.0,0.5,-113.4,-91.7,-74.1,-93.7,4.0,22.8,28.0,0.8,17.7,22.0,26.5,22.1,4.0,6.3,28.0,0.8,-10.1,-8.8,-6.8,-8.5,4.0,2.5,28.0,0.8,1.7,1.9,2.1,1.9,4.0,0.2,28.0,0.8,64.5,301.0,301.0,352.5,11.0,515.5,18.0,0.5,65.0,300.0,300.0,355.0,11.0,515.0,18.0,0.5
1887,9,324.3,34.6,,,,,,,,,,,,,,,,,,,,,,,,,,,,,,,,,,,5.93,6.7,6.7,6.28,5.0,0.94,2.0,0.6,-5.28,-4.74,-3.66,-4.44,5.0,1.61,2.0,0.6,-4.74,-4.74,-3.6,-4.19,5.0,0.96,2.0,0.6,1029.5,1029.7,1030.32,1029.9,4.0,0.57,2.0,0.8,,,,,,,,,,,,,,,,,,,,,,,,,,,,,,,,,,,,,,,,,,,,,,,,,,,,,,,,,,,,,,,,,,,,,,,,,,,,,,,,,,,,,,,,,,,,,,,,,,,,,,,,,,,,,,,,,,,,,,,,,,,,,,,,,,
1887,9,324.3,36.6,23.3,24.4,25.0,24.02,30.0,1.26,4.0,0.5,23.11,23.9,24.99,23.94,39.0,0.96,4.0,0.5,15.68,16.26,16.27,16.15,11.0,0.33,6.0,0.5,86.4,87.0,87.0,86.8,11.0,0.3,6.0,0.5,0.3,0.7,2.6,4.6,6.7,4.49,39.0,2.58,4.0,0.5,-4.23,-1.84,0.0,-1.98,39.0,2.5,4.0,0.5,-3.8,0.98,2.62,0.44,39.0,4.1,4.0,0.5,1030.57,1031.2,1032.03,1030.92,19.0,2.52,4.0,0.4,1.0,3.0,5.0,3.0,39.0,1.7,4.0,0.5,86.4,87.0,87.0,86.8,11.0,0.3,6.0,0.5,0.3,0.7,-20.2,-7.9,0.0,-8.0,39.0,21.1,4.0,0.5,-17.5,2.6,17.5,7.2,39.0,40.7,4.0,0.5,-0.6,0.6,1.1,0.19,30.0,1.45,4.0,0.5,-2.5,1.1,5.1,0.5,30.0,6.6,4.0,0.5,-1.99,-1.99,-1.99,-1.99,2.0,0.0,6.0,0.5,-9.1,-9.1,-9.1,-9.1,2.0,0.0,6.0,0.5,-101.1,-45.6,0.0,-47.4,39.0,61.5,4.0,0.5,-82.6,21.8,65.4,12.2,39.0,99.5,4.0,0.5,-68.3,-62.1,-27.6,-52.7,11.0,18.4,6.0,0.5,18.7,41.9,67.9,49.6,11.0,36.2,6.0,0.5,7.8,8.3,8.8,8.3,2.0,1.0,6.0,0.5,-4.6,-3.4,-2.3,-3.4,2.0,2.4,6.0,0.5,17.5,97.5,301.0,209.5,39.0,584.5,4.0,0.5,20.0,95.0,300.0,210.0,39.0,585.0,4.0,0.5
1887,9,324.3,38.6,22.8,23.5,24.25,23.1,23.0,1.75,4.0,0.5,22.87,23.85,24.8,23.82,22.0,1.05,4.0,0.5,15.96,16.24,16.58,16.27,3.0,0.46,8.0,0.7,86.7,87.0,89.6,88.1,3.0,2.3,8.0,0.7,0.8,0.1,4.6,6.7,6.7,5.63,23.0,2.07,4.0,0.5,-3.81,-0.92,4.74,0.29,23.0,3.94,4.0,0.5,2.57,4.52,5.87,4.16,23.0,1.95,4.0,0.5,1028.19,1029.1,1033.53,1030.69,7.0,2.88,4.0,0.6,2.0,3.0,8.0,4.6,23.0,2.5,4.0,0.5,86.7,87.0,89.6,88.1,3.0,2.3,8.0,0.7,0.8,0.1,-17.5,-0.9,31.7,5.8,23.0,26.5,4.0,0.5,11.8,25.1,39.3,27.0,23.0,20.5,4.0,0.5,-2.2,0.0,1.07,-0.74,22.0,2.19,4.0,0.5,-18.8,0.0,5.1,-4.6,22.0,11.9,4.0,0.5,-3.28,-2.94,-2.66,-2.97,3.0,0.45,8.0,0.7,-16.6,-15.8,-14.2,-15.4,3.0,1.8,8.0,0.7,-92.4,-22.7,113.1,2.9,22.0,93.7,4.0,0.5,58.5,102.4,136.9,98.4,22.0,48.8,4.0,0.5,-80.3,-63.9,-62.5,-71.2,3.0,14.5,8.0,0.7,42.2,43.1,54.2,48.1,3.0,9.8,8.0,0.7,11.8,13.1,13.8,12.8,3.0,1.5,8.0,0.7,-9.3,-8.9,-8.0,-8.6,3.0,1.0,8.0,0.7,97.5,301.0,301.0,248.0,23.0,246.5,4.0,0.5,95.0,300.0,300.0,250.0,23.0,245.0,4.0,0.5
1887,9,324.3,40.6,,,,,,,,,,,,,,,,,,,,,,,,,,,,,,,,,,,1.0,2.6,4.6,3.19,9.0,2.04,8.0,0.3,-3.86,-0.93,1.15,-1.16,9.0,2.99,8.0,0.3,0.37,1.42,2.51,1.51,9.0,1.62,8.0,0.3,1027.5,1027.5,1027.5,1027.5,1.0,0.0,26.0,0.0,,,,,,,,,,,,,,,,,,,,,,,,,,,,,,,,,,,,,,,,,,,,,,,,,,,,,,,,,,,,,,,,,,,,,,,,,,,,,,,,,,,,,,,,,,,,,,,,,,,,,,,,,,,,,,,,,,,,,,,,,,,,,,,,,,
1887,9,324.3,42.6,21.1,23.3,24.19,22.93,10.0,1.36,18.0,0.7,20.26,21.7,21.7,21.13,10.0,0.92,18.0,0.7,15.01,15.23,15.24,15.06,7.0,0.38,24.0,0.6,94.4,94.6,94.6,94.1,7.0,1.5,24.0,0.6,0.3,0.8,4.38,6.7,15.4,7.63,7.0,5.76,16.0,0.7,-5.13,-4.44,8.14,0.15,7.0,7.14,16.0,0.7,-1.19,4.31,9.46,4.1,7.0,5.51,16.0,0.7,1016.3,1017.1,1021.12,1019.08,12.0,4.73,18.0,0.7,2.0,3.0,3.1,3.0,7.0,1.4,16.0,0.7,94.4,94.6,94.6,94.1,7.0,1.5,24.0,0.6,0.3,0.8,-34.4,-20.4,125.4,28.8,7.0,89.6,16.0,0.7,-5.5,28.9,145.6,56.1,7.0,83.0,16.0,0.7,-0.13,2.2,2.76,1.8,10.0,1.52,18.0,0.7,2.1,14.7,48.3,23.9,5.0,26.0,12.0,0.8,0.29,3.2,3.78,2.29,7.0,1.62,24.0,0.6,11.5,17.6,23.7,17.6,2.0,12.6,24.0,0.5,-108.7,0.0,190.9,36.5,5.0,159.0,12.0,0.8,56.3,95.6,213.4,127.2,5.0,102.9,12.0,0.8,-76.6,-75.1,-73.6,-75.1,2.0,3.1,24.0,0.5,61.8,63.0,64.3,63.0,2.0,2.6,24.0,0.5,-18.2,-13.5,-8.8,-13.5,2.0,9.7,24.0,0.5,7.4,11.3,15.2,11.3,2.0,8.1,24.0,0.5,92.5,301.0,3652.5,1157.0,7.0,1708.0,16.0,0.7,95.0,300.0,3650.0,1155.0,7.0,1710.0,16.0,0.7
1887,9,324.3,44.6,18.9,18.9,20.78,19.68,5.0,1.08,28.0,0.8,19.62,19.8,20.6,20.02,5.0,0.57,28.0,0.8,14.19,14.19,14.19,14.19,2.0,0.0,24.0,1.0,94.6,94.6,94.6,94.6,2.0,0.0,24.0,1.0,0.9,0.1,6.7,11.05,15.4,11.05,4.0,5.02,26.0,0.8,-5.86,-2.93,0.0,-2.93,4.0,3.38,26.0,0.8,3.25,9.32,15.4,9.32,4.0,7.02,26.0,0.8,1002.27,1011.0,1018.6,1010.44,5.0,8.34,28.0,0.8,6.3,7.0,7.7,7.0,3.0,1.0,30.0,0.7,94.6,94.6,94.6,94.6,2.0,0.0,24.0,1.0,0.9,0.1,-39.3,-19.6,0.0,-19.6,4.0,22.7,26.0,0.8,21.8,129.5,237.2,129.5,4.0,124.4,26.0,0.8,-0.9,-0.4,0.18,-0.34,5.0,0.6,28.0,0.8,-10.2,-3.1,1.8,-4.2,4.0,7.6,26.0,0.8,0.9,1.06,1.22,1.06,2.0,0.34,24.0,1.0,6.0,7.1,8.2,7.1,2.0,2.2,24.0,1.0,-120.7,-60.4,0.0,-60.4,4.0,69.7,26.0,0.8,66.9,182.1,301.3,184.0,4.0,135.2,26.0,0.8,-83.2,-83.2,-83.2,-83.2,2.0,0.0,24.0,1.0,46.1,46.1,46.1,46.1,2.0,0.0,24.0,1.0,-7.1,-6.2,-5.3,-6.2,2.0,2.0,24.0,1.0,2.9,3.4,4.0,3.4,2.0,1.1,24.0,1.0,301.0,1976.5,3652.5,1976.5,4.0,1935.0,26.0,0.8,300.0,1975.0,3650.0,1975.0,4.0,1935.0,26.0,0.8
1887,9,324.3,46.6,,,,,,,,,,,,,,,,,,,,,,,,,,,,,,,,,,,2.6,4.6,12.62,7.2,7.0,6.27,14.0,0.3,-2.57,0.0,0.64,0.97,7.0,5.62,14.0,0.3,-12.35,0.0,2.66,-3.41,7.0,7.32,14.0,0.3,1017.03,1017.5,1033.07,1023.54,5.0,8.89,12.0,0.4,,,,,,,,,,,,,,,,,,,,,,,,,,,,,,,,,,,,,,,,,,,,,,,,,,,,,,,,,,,,,,,,,,,,,,,,,,,,,,,,,,,,,,,,,,,,,,,,,,,,,,,,,,,,,,,,,,,,,,,,,,,,,,,,,,
1887,9,324.3,48.6,,,,,,,,,,,,,,,,,,,,,,,,,,,,,,,,,,,3.14,4.6,8.6,5.72,9.0,2.61,14.0,0.7,-3.23,-1.72,2.36,-0.74,9.0,3.0,14.0,0.7,1.84,4.27,7.74,4.14,9.0,3.84,14.0,0.7,1024.56,1026.8,1028.57,1026.58,4.0,2.39,18.0,0.8,,,,,,,,,,,,,,,,,,,,,,,,,,,,,,,,,,,,,,,,,,,,,,,,,,,,,,,,,,,,,,,,,,,,,,,,,,,,,,,,,,,,,,,,,,,,,,,,,,,,,,,,,,,,,,,,,,,,,,,,,,,,,,,,,,
1887,9,324.3,50.6,,,,,,,,,,,,,,,,,,,,,,,,,,,,,,,,,,,1.24,4.65,6.7,4.0,4.0,3.29,16.0,0.3,-0.96,0.0,1.37,0.19,4.0,1.83,16.0,0.3,0.88,4.0,6.45,3.68,4.0,3.28,16.0,0.3,1024.07,1024.65,1025.23,1024.65,2.0,1.2,10.0,0.0,,,,,,,,,,,,,,,,,,,,,,,,,,,,,,,,,,,,,,,,,,,,,,,,,,,,,,,,,,,,,,,,,,,,,,,,,,,,,,,,,,,,,,,,,,,,,,,,,,,,,,,,,,,,,,,,,,,,,,,,,,,,,,,,,,
1887,9,326.3,-39.4,,,,,,,,,,,,,,,,,,,,,,,,,,,,,,,,,,,6.7,9.3,15.74,12.2,7.0,5.86,18.0,0.7,0.0,2.62,6.82,3.12,7.0,3.66,18.0,0.7,-15.74,-9.3,0.0,-9.79,7.0,8.45,18.0,0.7,1009.32,1018.95,1022.88,1017.57,6.0,7.23,20.0,0.7,,,,,,,,,,,,,,,,,,,,,,,,,,,,,,,,,,,,,,,,,,,,,,,,,,,,,,,,,,,,,,,,,,,,,,,,,,,,,,,,,,,,,,,,,,,,,,,,,,,,,,,,,,,,,,,,,,,,,,,,,,,,,,,,,,
1887,9,326.3,-37.4,,,,,,,,,,,,,,,,,,,,,,,,,,,,,,,,,,,4.6,6.7,12.94,9.12,13.0,5.91,16.0,0.5,-0.22,4.23,6.17,2.99,13.0,3.2,16.0,0.5,-12.7,-3.25,1.87,-5.66,13.0,8.4,16.0,0.5,1013.89,1017.6,1021.58,1017.12,11.0,5.76,16.0,0.5,,,,,,,,,,,,,,,,,,,,,,,,,,,,,,,,,,,,,,,,,,,,,,,,,,,,,,,,,,,,,,,,,,,,,,,,,,,,,,,,,,,,,,,,,,,,,,,,,,,,,,,,,,,,,,,,,,,,,,,,,,,,,,,,,,
1887,9,326.3,-35.4,,,,,,,,,,,,,,,,,,,,,,,,,,,,,,,,,,,9.3,13.85,15.4,12.85,6.0,3.0,20.0,1.0,0.0,6.62,11.57,6.38,6.0,5.84,20.0,1.0,-12.23,-7.66,5.01,-4.62,6.0,9.92,20.0,1.0,1015.47,1016.7,1023.94,1019.63,3.0,6.7,22.0,1.0,,,,,,,,,,,,,,,,,,,,,,,,,,,,,,,,,,,,,,,,,,,,,,,,,,,,,,,,,,,,,,,,,,,,,,,,,,,,,,,,,,,,,,,,,,,,,,,,,,,,,,,,,,,,,,,,,,,,,,,,,,,,,,,,,,
1887,9,326.3,-33.4,15.58,15.75,15.92,15.75,2.0,0.35,20.0,0.5,12.56,13.0,15.12,13.7,5.0,1.4,22.0,0.4,6.81,6.96,7.48,7.14,4.0,0.49,22.0,0.3,70.1,77.7,82.1,76.2,4.0,8.5,22.0,0.3,0.9,0.8,6.7,9.3,9.3,8.26,5.0,1.42,22.0,0.4,4.83,8.56,8.56,6.87,5.0,2.65,22.0,0.4,0.33,3.63,4.58,2.49,5.0,3.67,22.0,0.4,1014.02,1015.45,1016.67,1015.35,4.0,1.63,22.0,0.3,3.6,5.0,6.0,4.8,5.0,1.3,22.0,0.4,70.1,77.7,82.1,76.2,4.0,8.5,22.0,0.3,0.9,0.8,32.4,79.6,79.6,59.4,5.0,29.0,22.0,0.4,-1.2,33.8,36.7,18.6,5.0,30.6,22.0,0.4,0.48,1.5,2.52,1.5,2.0,2.12,20.0,0.5,4.4,14.0,23.5,14.0,2.0,19.7,20.0,0.5,3.41,3.41,3.41,3.41,1.0,0.0,22.0,0.0,31.8,31.8,31.8,31.8,1.0,0.0,22.0,0.0,69.8,107.9,119.1,95.0,5.0,38.4,22.0,0.4,4.2,45.8,58.3,30.7,5.0,50.9,22.0,0.4,29.2,50.2,63.1,46.3,4.0,21.8,22.0,0.3,21.1,26.7,36.6,28.8,4.0,11.1,22.0,0.3,29.2,29.2,29.2,29.2,1.0,0.0,22.0,0.0,12.4,12.4,12.4,12.4,1.0,0.0,22.0,0.0,301.0,804.5,804.5,603.0,5.0,276.0,22.0,0.4,300.0,805.0,805.0,605.0,5.0,275.0,22.0,0.4
1887,9,326.3,-29.4,20.0,20.0,20.0,20.0,4.0,0.0,4.0,0.8,17.2,17.75,18.3,17.75,4.0,0.64,4.0,0.8,10.79,10.94,11.08,10.93,4.0,0.17,4.0,0.8,85.3,87.3,89.2,87.3,4.0,2.2,4.0,0.8,0.2,0.9,7.94,10.8,12.3,10.15,4.0,2.7,4.0,0.8,1.51,2.06,2.35,1.94,4.0,0.52,4.0,0.8,7.79,10.6,12.07,9.96,4.0,2.65,4.0,0.8,1018.6,1018.6,1019.12,1018.85,4.0,0.5,4.0,0.8,4.5,5.5,6.0,5.3,4.0,1.0,4.0,0.8,85.3,87.3,89.2,87.3,4.0,2.2,4.0,0.8,0.2,0.9,12.3,22.7,28.9,20.7,4.0,10.0,4.0,0.8,63.5,116.7,148.5,106.5,4.0,51.3,4.0,0.8,1.7,2.25,2.8,2.25,4.0,0.64,4.0,0.8,19.8,20.9,23.6,21.7,4.0,3.1,4.0,0.8,3.38,3.52,3.67,3.52,4.0,0.16,4.0,0.8,29.1,37.9,41.6,35.5,4.0,8.1,4.0,0.8,26.1,36.7,42.9,34.6,4.0,10.2,4.0,0.8,134.0,189.0,221.0,178.0,4.0,52.7,4.0,0.8,16.3,22.6,26.0,21.2,4.0,5.9,4.0,0.8,84.1,116.2,133.8,109.3,4.0,30.5,4.0,0.8,5.6,7.2,7.9,6.8,4.0,1.5,4.0,0.8,28.6,37.2,40.9,34.8,4.0,8.0,4.0,0.8,540.5,1332.5,1861.0,1206.5,4.0,783.0,4.0,0.8,540.0,1335.0,1860.0,1205.0,4.0,785.0,4.0,0.8
1887,9,326.3,-27.4,20.0,20.55,21.1,20.55,8.0,0.59,4.0,0.4,17.2,17.5,17.8,17.5,8.0,0.32,4.0,0.4,10.77,11.02,11.26,11.02,8.0,0.26,4.0,0.4,89.2,89.5,89.8,89.5,8.0,0.3,4.0,0.4,0.7,0.5,6.7,6.7,9.01,7.35,8.0,1.2,4.0,0.4,-6.58,-6.02,-5.26,-5.54,8.0,1.6,4.0,0.4,1.19,2.87,7.24,3.8,8.0,3.01,4.0,0.4,1020.93,1021.7,1021.8,1021.4,8.0,0.56,4.0,0.4,4.0,5.0,5.9,4.9,8.0,0.8,4.0,0.4,89.2,89.5,89.8,89.5,8.0,0.3,4.0,0.4,0.7,0.5,-44.3,-42.2,-38.5,-39.4,8.0,9.8,4.0,0.4,7.9,19.2,66.3,30.9,8.0,30.1,4.0,0.4,2.2,3.05,3.9,3.05,8.0,0.8,4.0,0.4,14.7,24.1,26.1,22.6,8.0,7.6,4.0,0.4,3.16,3.92,4.68,3.92,8.0,0.72,4.0,0.4,21.2,29.7,33.7,29.0,8.0,7.9,4.0,0.4,-113.6,-107.1,-90.9,-97.0,8.0,28.2,4.0,0.4,20.6,51.1,124.7,66.3,8.0,51.6,4.0,0.4,-71.2,-67.8,-57.0,-61.1,8.0,17.8,4.0,0.4,12.9,32.3,78.1,41.7,8.0,32.3,4.0,0.4,-30.4,-22.1,-18.1,-21.9,8.0,8.1,4.0,0.4,5.2,10.2,30.9,14.7,8.0,12.6,4.0,0.4,301.0,301.0,748.5,426.5,8.0,233.0,4.0,0.4,300.0,300.0,750.0,425.0,8.0,235.0,4.0,0.4
1887,9,326.3,-21.4,22.63,22.95,23.31,22.98,6.0,0.67,22.0,0.8,22.48,23.4,25.08,23.74,7.0,1.6,20.0,0.9,14.79,14.79,14.79,14.79,1.0,0.0,20.0,0.0,85.8,85.8,85.8,85.8,1.0,0.0,20.0,0.0,1.0,0.9,4.19,6.7,7.24,6.1,6.0,2.27,20.0,0.8,-6.29,-4.5,1.87,-2.94,6.0,3.98,20.0,0.8,-5.1,-1.76,2.73,-1.07,6.0,4.71,20.0,0.8,1014.95,1016.5,1022.4,1018.07,6.0,4.08,22.0,0.8,1.9,2.0,4.0,2.4,7.0,1.6,20.0,0.9,85.8,85.8,85.8,85.8,1.0,0.0,20.0,0.0,1.0,0.9,-45.7,-25.7,7.3,-22.7,6.0,28.1,20.0,0.8,-34.1,-9.7,18.9,-4.2,6.0,37.1,20.0,0.8,-2.02,-0.7,-0.4,-1.05,6.0,0.95,22.0,0.8,-8.8,-4.6,-1.5,-5.2,5.0,4.9,22.0,0.8,2.47,2.47,2.47,2.47,1.0,0.0,20.0,0.0,16.6,16.6,16.6,16.6,1.0,0.0,20.0,0.0,-139.0,-109.1,44.5,-66.6,6.0,93.3,20.0,0.8,-124.5,-41.1,62.6,-26.7,6.0,108.5,20.0,0.8,25.6,25.6,25.6,25.6,1.0,0.0,20.0,0.0,-95.7,-95.7,-95.7,-95.7,1.0,0.0,20.0,0.0,4.3,4.3,4.3,4.3,1.0,0.0,20.0,0.0,-16.0,-16.0,-16.0,-16.0,1.0,0.0,20.0,0.0,81.0,301.0,405.0,303.5,6.0,274.0,20.0,0.8,80.0,300.0,405.0,305.0,6.0,275.0,20.0,0.8
1887,9,326.3,-19.4,22.8,23.3,23.3,23.13,23.0,0.46,18.0,0.5,22.93,23.95,26.7,24.4,24.0,1.63,18.0,0.5,12.64,15.29,16.76,15.12,14.0,1.86,20.0,0.4,73.0,75.3,85.6,77.6,14.0,6.3,20.0,0.4,0.9,0.6,4.6,4.6,6.95,6.05,13.0,2.51,18.0,0.5,-3.35,1.72,3.85,0.91,13.0,3.13,18.0,0.5,-6.8,-4.46,1.72,-3.98,13.0,4.25,18.0,0.5,1014.75,1016.6,1018.6,1016.73,23.0,2.15,18.0,0.5,1.0,2.0,3.0,2.1,24.0,1.3,18.0,0.5,73.0,75.3,85.6,77.6,14.0,6.3,20.0,0.4,0.9,0.6,-15.4,6.2,27.3,9.7,13.0,23.6,18.0,0.5,-47.5,-20.5,7.9,-31.7,13.0,41.0,18.0,0.5,-3.4,-0.7,0.0,-1.29,23.0,1.49,18.0,0.5,-9.5,-4.4,0.0,-5.2,12.0,5.2,18.0,0.5,0.98,2.41,5.12,2.57,14.0,1.86,20.0,0.4,11.4,16.6,21.1,16.3,4.0,7.5,20.0,0.3,-79.7,39.5,95.2,22.7,13.0,73.8,18.0,0.5,-158.9,-119.2,38.5,-95.6,13.0,100.2,18.0,0.5,15.8,21.9,25.7,20.8,4.0,5.9,20.0,0.3,-95.7,-84.3,-63.4,-79.8,4.0,19.8,20.0,0.3,2.9,4.3,5.2,4.1,4.0,1.8,20.0,0.3,-20.4,-16.0,-11.0,-15.7,4.0,7.3,20.0,0.3,97.5,97.5,349.0,344.0,13.0,499.5,18.0,0.5,95.0,95.0,350.0,345.0,13.0,500.0,18.0,0.5
1887,9,326.3,-17.4,22.86,23.35,23.9,23.42,28.0,0.57,16.0,0.5,22.8,23.3,25.5,23.81,28.0,1.35,16.0,0.5,12.53,13.08,13.48,13.23,9.0,1.23,18.0,0.3,72.9,74.0,85.8,76.6,12.0,6.2,16.0,0.3,0.6,0.6,3.58,4.6,6.7,5.3,23.0,1.9,16.0,0.5,-6.55,-3.25,-0.63,-3.15,23.0,2.92,16.0,0.5,-4.53,-1.45,1.23,-1.46,23.0,3.44,16.0,0.5,1015.53,1016.3,1018.3,1016.72,22.0,1.78,18.0,0.5,1.0,2.0,5.0,2.6,28.0,2.0,16.0,0.5,72.9,74.0,85.8,76.6,12.0,6.2,16.0,0.3,0.6,0.6,-43.9,-15.0,-2.3,-18.7,23.0,23.5,16.0,0.5,-20.9,-9.3,5.7,-6.0,23.0,24.0,16.0,0.5,-1.57,-0.15,0.57,-0.39,28.0,1.1,16.0,0.5,-7.3,-0.9,4.2,-1.6,23.0,5.4,16.0,0.5,4.3,4.67,5.9,4.9,9.0,1.27,18.0,0.3,27.1,27.1,27.7,27.4,4.0,0.5,18.0,0.3,-148.5,-73.5,-16.0,-74.1,23.0,68.4,16.0,0.5,-113.7,-33.6,30.0,-35.0,23.0,81.7,16.0,0.5,-46.0,-37.9,-29.4,-37.7,4.0,9.6,18.0,0.3,-49.0,-41.6,-34.7,-41.8,4.0,8.2,18.0,0.3,-21.7,-18.1,-14.2,-18.0,4.0,4.3,18.0,0.3,-23.7,-19.8,-16.3,-20.0,4.0,4.3,18.0,0.3,57.0,97.5,301.0,207.0,23.0,217.5,16.0,0.5,55.0,95.0,300.0,205.0,23.0,215.0,16.0,0.5
1887,9,326.3,-15.4,24.18,24.4,24.6,24.36,25.0,0.32,14.0,0.5,23.44,24.4,25.6,24.78,28.0,1.35,12.0,0.5,12.34,13.18,14.09,13.24,11.0,0.96,18.0,0.5,66.7,78.2,85.4,76.7,17.0,8.8,14.0,0.5,0.7,0.5,2.6,2.6,6.7,4.28,20.0,2.85,10.0,0.6,-5.73,-2.4,-1.84,-3.54,20.0,2.91,10.0,0.6,0.92,1.84,3.24,1.82,20.0,1.48,10.0,0.6,1016.31,1017.9,1019.3,1017.78,20.0,1.47,14.0,0.5,1.0,1.0,2.0,1.4,26.0,0.9,12.0,0.5,66.7,78.2,85.4,76.7,17.0,8.8,14.0,0.5,0.7,0.5,-38.4,-6.2,-4.8,-22.9,20.0,35.7,10.0,0.6,0.9,4.8,23.0,9.5,20.0,10.4,10.0,0.6,-1.5,0.0,1.1,-0.43,25.0,1.36,14.0,0.5,-5.5,-2.2,2.2,-2.2,16.0,4.1,10.0,0.6,4.86,5.8,6.41,5.64,11.0,0.8,18.0,0.5,27.6,29.6,31.6,29.6,2.0,4.1,18.0,1.0,-138.7,-62.9,-39.7,-90.0,19.0,70.9,10.0,0.6,17.5,51.5,79.6,44.9,19.0,37.4,10.0,0.6,-76.3,-66.4,-56.5,-66.4,2.0,20.6,18.0,1.0,33.9,39.9,45.9,39.9,2.0,12.4,18.0,1.0,-27.1,-25.4,-23.7,-25.4,2.0,3.6,18.0,1.0,14.2,15.2,16.3,15.2,2.0,2.1,18.0,1.0,17.5,17.5,301.0,206.0,20.0,433.5,10.0,0.6,20.0,20.0,300.0,205.0,20.0,435.0,10.0,0.6
1887,9,326.3,-13.4,24.4,24.4,25.17,24.65,14.0,0.48,16.0,0.6,23.3,23.9,25.0,24.3,21.0,1.05,12.0,0.5,14.3,14.56,14.57,14.47,6.0,0.14,16.0,0.5,77.8,82.2,82.5,81.9,7.0,3.6,14.0,0.4,0.9,0.4,2.6,4.6,8.72,5.83,15.0,3.33,10.0,0.5,-7.54,-3.25,-1.93,-4.75,15.0,3.46,10.0,0.5,1.42,2.35,4.72,2.84,15.0,1.66,10.0,0.5,1016.51,1017.95,1019.4,1018.01,20.0,1.58,14.0,0.6,1.0,2.0,2.0,1.7,21.0,1.0,12.0,0.5,77.8,82.2,82.5,81.9,7.0,3.6,14.0,0.4,0.9,0.4,-66.8,-18.3,-5.0,-38.1,15.0,49.0,10.0,0.5,3.7,15.0,31.7,17.3,15.0,14.7,10.0,0.5,0.13,0.6,1.1,0.53,14.0,0.91,16.0,0.6,-4.5,3.1,7.0,2.1,8.0,5.9,14.0,0.5,4.41,4.42,4.69,4.5,6.0,0.14,16.0,0.5,32.9,36.2,39.5,36.2,2.0,6.8,16.0,0.5,-176.1,-82.6,-50.1,-115.3,15.0,84.2,10.0,0.5,34.0,56.6,112.1,68.9,15.0,39.5,10.0,0.5,-105.3,-79.6,-53.9,-79.6,2.0,53.3,16.0,0.5,70.6,76.9,83.2,76.9,2.0,13.0,16.0,0.5,-32.1,-24.7,-17.2,-24.7,2.0,15.4,16.0,0.5,21.7,24.4,27.0,24.4,2.0,5.4,16.0,0.5,17.5,97.5,692.5,407.5,15.0,625.5,10.0,0.5,20.0,95.0,695.0,405.0,15.0,625.0,10.0,0.5
1887,9,326.3,-11.4,24.77,25.0,25.0,24.94,18.0,0.14,20.0,0.5,23.3,24.6,25.73,24.67,19.0,1.23,20.0,0.5,20.16,20.63,21.1,20.63,2.0,0.97,6.0,0.5,91.5,91.5,91.5,91.5,2.0,0.0,6.0,0.5,0.1,0.9,4.73,6.7,12.11,7.35,14.0,3.2,20.0,0.6,-11.92,-4.98,-4.07,-6.19,14.0,3.55,20.0,0.6,-0.64,3.36,4.74,2.53,14.0,2.77,20.0,0.6,1015.0,1017.2,1020.79,1017.52,19.0,2.6,20.0,0.5,2.0,2.0,3.0,2.4,19.0,1.4,20.0,0.5,91.5,91.5,91.5,91.5,2.0,0.0,6.0,0.5,0.1,0.9,-145.4,-33.4,-19.3,-55.7,14.0,53.5,20.0,0.6,-7.9,20.1,31.7,16.1,14.0,22.3,20.0,0.6,-0.18,0.5,1.7,0.37,18.0,1.19,20.0,0.5,-4.7,0.7,14.2,2.3,13.0,11.2,20.0,0.5,-1.39,-0.92,-0.46,-0.92,2.0,0.96,6.0,0.5,-9.3,-6.2,-3.1,-6.2,2.0,6.5,6.0,0.5,-278.5,-130.2,-100.1,-152.4,14.0,81.4,20.0,0.6,-15.0,84.8,119.6,64.1,14.0,70.3,20.0,0.6,-105.0,-102.7,-100.4,-102.7,2.0,4.8,6.0,0.5,90.4,92.5,94.6,92.5,2.0,4.4,6.0,0.5,2.3,4.6,6.9,4.6,2.0,4.8,6.0,0.5,-6.2,-4.1,-2.0,-4.1,2.0,4.3,6.0,0.5,110.0,301.0,1794.0,616.0,14.0,699.5,20.0,0.6,110.0,300.0,1795.0,615.0,14.0,700.0,20.0,0.6
1887,9,326.3,-9.4,24.73,25.4,25.6,25.27,31.0,0.51,16.0,0.6,24.62,25.6,26.74,25.62,36.0,1.22,16.0,0.6,17.71,19.21,21.69,19.59,10.0,2.03,6.0,0.5,90.3,91.5,93.0,91.3,10.0,2.6,6.0,0.5,0.2,0.4,6.7,6.7,9.3,7.78,35.0,2.26,14.0,0.5,-8.64,-5.21,-4.45,-6.19,35.0,2.11,14.0,0.5,2.62,4.48,5.8,4.3,35.0,2.14,14.0,0.5,1014.17,1015.6,1017.9,1015.62,38.0,1.85,16.0,0.6,2.0,2.5,4.1,2.9,38.0,1.6,16.0,0.6,90.3,91.5,93.0,91.3,10.0,2.6,6.0,0.5,0.2,0.4,-80.9,-34.9,-27.7,-52.4,35.0,33.2,14.0,0.5,17.5,30.0,57.3,36.5,35.0,24.6,14.0,0.5,-1.47,0.0,0.6,-0.41,31.0,1.41,16.0,0.6,-11.0,-0.9,5.3,-2.4,27.0,10.8,14.0,0.6,-2.38,0.17,2.29,-0.01,10.0,2.45,6.0,0.5,-15.9,1.1,15.3,0.9,10.0,18.1,6.0,0.5,-203.8,-147.5,-116.3,-155.8,32.0,47.3,14.0,0.6,66.1,114.8,148.5,108.3,32.0,56.7,14.0,0.6,-112.5,-102.3,-92.0,-105.7,10.0,16.4,6.0,0.5,71.1,86.1,97.3,83.2,10.0,17.6,6.0,0.5,-13.4,-0.8,11.8,-1.6,10.0,15.1,6.0,0.5,-10.7,0.7,7.0,-0.9,10.0,9.8,6.0,0.5,301.0,301.0,804.5,594.0,35.0,528.0,14.0,0.5,300.0,300.0,805.0,595.0,35.0,530.0,14.0,0.5
1887,9,326.3,-7.4,24.88,25.3,26.02,25.39,63.0,0.74,16.0,0.5,25.0,25.7,26.5,25.77,71.0,1.11,14.0,0.5,16.4,17.39,20.51,18.23,36.0,2.18,10.0,0.5,80.5,87.9,95.9,87.9,36.0,7.5,10.0,0.5,0.5,0.5,4.6,6.7,9.3,7.62,67.0,2.36,14.0,0.6,-8.56,-5.8,-4.44,-6.17,67.0,2.12,14.0,0.6,0.99,4.03,6.33,3.78,67.0,2.64,14.0,0.6,1013.73,1015.6,1017.57,1015.73,66.0,1.66,14.0,0.5,1.0,2.0,3.0,2.5,68.0,1.5,16.0,0.5,80.5,87.9,95.9,87.9,36.0,7.5,10.0,0.5,0.5,0.5,-79.6,-41.3,-20.7,-51.3,67.0,31.7,14.0,0.6,4.6,29.5,61.2,33.0,67.0,28.6,14.0,0.6,-1.73,-0.2,0.72,-0.41,63.0,1.35,16.0,0.5,-15.4,-1.4,4.7,-3.2,58.0,11.4,16.0,0.6,-1.22,2.45,3.97,1.76,32.0,3.03,10.0,0.5,-11.4,18.4,31.9,17.3,30.0,29.3,12.0,0.5,-220.6,-153.7,-112.5,-159.6,66.0,54.2,14.0,0.6,25.2,106.2,160.1,97.2,66.0,67.4,14.0,0.6,-160.6,-118.4,-84.1,-118.4,34.0,38.9,12.0,0.5,59.8,92.8,108.9,80.2,34.0,37.2,12.0,0.5,-28.6,-9.7,9.3,-13.1,30.0,22.0,12.0,0.5,-6.3,9.1,17.7,9.6,30.0,20.2,12.0,0.5,97.5,301.0,804.5,573.5,67.0,518.0,14.0,0.6,95.0,300.0,805.0,575.0,67.0,520.0,14.0,0.6
1887,9,326.3,-5.4,24.4,25.4,25.99,25.29,37.0,0.82,16.0,0.5,24.73,25.55,26.46,25.58,46.0,1.0,16.0,0.5,16.98,18.13,19.3,18.1,20.0,1.25,14.0,0.6,82.2,89.0,91.6,88.0,20.0,5.7,14.0,0.6,0.7,0.5,6.7,9.3,12.3,8.66,46.0,2.63,16.0,0.5,-9.3,-6.67,-4.8,-7.24,46.0,2.24,16.0,0.5,1.39,3.89,6.84,4.21,46.0,2.63,16.0,0.5,1012.9,1014.85,1016.13,1014.64,38.0,1.71,16.0,0.5,0.0,2.0,3.0,2.0,42.0,1.5,16.0,0.5,82.2,89.0,91.6,88.0,20.0,5.7,14.0,0.6,0.7,0.5,-107.0,-61.2,-32.3,-67.8,46.0,39.1,16.0,0.5,8.3,33.1,71.7,41.2,46.0,35.5,16.0,0.5,-1.2,0.0,0.96,-0.22,37.0,1.25,16.0,0.5,-8.6,0.0,5.1,-1.3,37.0,13.2,16.0,0.5,-0.47,1.62,3.48,1.4,13.0,2.02,14.0,0.5,-3.3,11.0,27.6,9.9,13.0,15.7,14.0,0.5,-240.8,-173.7,-122.9,-184.8,46.0,56.6,16.0,0.5,34.5,99.1,171.2,107.4,46.0,66.3,16.0,0.5,-161.9,-132.0,-84.7,-125.9,20.0,37.4,14.0,0.6,43.4,83.8,117.5,78.9,20.0,44.0,14.0,0.6,-17.0,-10.7,2.8,-7.8,13.0,12.5,14.0,0.5,-1.9,0.4,13.4,4.8,13.0,10.3,14.0,0.5,301.0,804.5,1861.0,832.0,46.0,736.5,16.0,0.5,300.0,805.0,1860.0,830.0,46.0,735.0,16.0,0.5
1887,9,326.3,-3.4,24.4,24.7,25.67,24.92,21.0,0.69,14.0,0.4,25.5,25.7,26.91,26.06,28.0,0.78,14.0,0.5,18.22,19.57,21.15,19.57,17.0,1.47,12.0,0.5,86.3,95.3,95.4,91.8,17.0,5.2,12.0,0.5,0.6,0.4,6.7,8.0,12.3,8.34,28.0,2.61,14.0,0.5,-10.67,-6.01,-4.03,-6.6,28.0,2.91,14.0,0.5,2.44,4.81,6.02,4.43,28.0,2.23,14.0,0.5,1011.0,1012.3,1014.6,1012.69,23.0,1.81,14.0,0.5,0.0,2.0,4.0,1.8,28.0,1.7,14.0,0.5,86.3,95.3,95.4,91.8,17.0,5.2,12.0,0.5,0.6,0.4,-130.1,-40.3,-21.2,-61.4,28.0,44.0,14.0,0.5,17.1,38.1,59.1,39.7,28.0,25.2,14.0,0.5,-2.71,-1.2,-0.03,-1.18,21.0,1.29,14.0,0.4,-15.3,-8.0,-0.2,-9.6,21.0,11.1,14.0,0.4,-1.87,-0.47,0.28,-0.5,14.0,1.57,12.0,0.5,-12.2,-3.7,3.6,-4.1,14.0,8.7,12.0,0.5,-277.9,-159.9,-103.2,-172.0,28.0,76.0,14.0,0.5,62.9,125.0,158.9,115.6,28.0,58.1,14.0,0.5,-155.4,-83.2,-71.1,-101.1,17.0,38.3,12.0,0.5,42.3,104.8,140.3,95.3,17.0,48.5,12.0,0.5,-2.6,1.9,7.5,2.0,14.0,7.3,12.0,0.5,-9.2,-3.4,-0.2,-4.1,14.0,4.3,12.0,0.5,301.0,552.5,1861.0,750.0,28.0,642.5,14.0,0.5,300.0,555.0,1860.0,750.0,28.0,645.0,14.0,0.5
1887,9,326.3,-1.4,24.4,24.4,24.4,24.4,7.0,0.0,12.0,0.9,26.17,26.7,27.18,26.79,8.0,0.56,12.0,0.9,20.33,20.94,21.71,21.07,7.0,0.72,12.0,0.9,95.4,95.4,95.9,95.6,7.0,0.3,12.0,0.9,0.1,0.3,6.7,6.7,6.7,7.4,8.0,1.98,12.0,0.9,-4.03,-4.03,-4.03,-4.94,8.0,2.58,12.0,0.9,5.35,5.35,5.35,5.28,8.0,0.19,12.0,0.9,1009.5,1010.1,1011.2,1010.36,7.0,0.8,12.0,0.9,0.0,0.0,0.0,0.5,8.0,1.4,12.0,0.9,95.4,95.4,95.9,95.6,7.0,0.3,12.0,0.9,0.1,0.3,-27.0,-27.0,-27.0,-41.0,8.0,39.7,12.0,0.9,35.9,35.9,35.9,38.8,8.0,8.2,12.0,0.9,-2.83,-2.3,-1.7,-2.36,7.0,0.6,12.0,0.9,-19.0,-15.4,-11.4,-15.8,7.0,4.0,12.0,0.9,-2.61,-1.81,-1.19,-1.95,7.0,0.74,12.0,0.9,-17.5,-12.1,-8.0,-13.0,7.0,4.9,12.0,0.9,-111.8,-107.7,-105.5,-132.6,8.0,70.0,12.0,0.9,139.7,142.9,145.2,141.5,8.0,5.6,12.0,0.9,-87.6,-84.4,-82.0,-84.9,7.0,2.9,12.0,0.9,108.8,112.0,116.2,112.7,7.0,3.9,12.0,0.9,4.8,7.3,10.5,7.9,7.0,3.0,12.0,0.9,-14.0,-9.7,-6.4,-10.4,7.0,3.9,12.0,0.9,301.0,301.0,301.0,496.0,8.0,551.5,12.0,0.9,300.0,300.0,300.0,495.0,8.0,550.0,12.0,0.9
1887,9,326.3,0.6,,,,,,,,,,,,,,,,,,,,,,,,,,,,,,,,,,,6.7,6.7,6.7,6.7,2.0,0.0,14.0,0.5,-5.94,-5.45,-4.96,-5.45,2.0,1.01,14.0,0.5,2.95,3.68,4.4,3.68,2.0,1.5,14.0,0.5,1013.33,1013.4,1013.47,1013.4,2.0,0.14,14.0,0.5,,,,,,,,,,,,,,,,,,,,,,,,,,,,,,,,,,,,,,,,,,,,,,,,,,,,,,,,,,,,,,,,,,,,,,,,,,,,,,,,,,,,,,,,,,,,,,,,,,,,,,,,,,,,,,,,,,,,,,,,,,,,,,,,,,
1887,9,326.3,2.6,,,,,,,,,,,,,,,,,,,,,,,,,,,,,,,,,,,6.7,6.7,6.7,6.7,6.0,0.0,14.0,0.5,-6.7,-4.74,-4.28,-5.02,6.0,1.56,14.0,0.5,0.0,4.74,5.04,3.4,6.0,2.7,14.0,0.5,1013.18,1013.65,1014.36,1013.7,6.0,0.69,14.0,0.5,,,,,,,,,,,,,,,,,,,,,,,,,,,,,,,,,,,,,,,,,,,,,,,,,,,,,,,,,,,,,,,,,,,,,,,,,,,,,,,,,,,,,,,,,,,,,,,,,,,,,,,,,,,,,,,,,,,,,,,,,,,,,,,,,,
1887,9,326.3,10.6,26.7,26.7,26.7,26.78,31.0,0.24,16.0,0.5,26.1,27.2,27.44,27.07,30.0,0.75,16.0,0.5,18.77,18.79,19.03,18.96,7.0,0.39,16.0,0.9,83.7,86.6,88.8,86.1,30.0,3.1,16.0,0.5,0.8,0.5,1.0,1.0,5.53,2.45,28.0,2.4,16.0,0.4,-3.93,-0.47,0.94,-1.29,28.0,2.59,16.0,0.4,-0.99,-0.19,0.85,-0.45,28.0,1.83,16.0,0.4,1015.6,1015.95,1017.22,1015.56,8.0,2.28,16.0,0.9,2.0,3.0,4.2,3.2,31.0,2.0,16.0,0.5,83.7,86.6,88.8,86.1,30.0,3.1,16.0,0.5,0.8,0.5,-31.8,-0.5,0.9,-8.5,28.0,16.9,16.0,0.4,-1.7,-0.2,2.5,-2.3,28.0,14.8,16.0,0.4,-0.74,-0.5,0.6,-0.28,30.0,0.77,16.0,0.5,-1.6,-0.5,0.6,-0.4,27.0,1.8,16.0,0.4,3.04,3.62,3.71,3.38,7.0,0.39,16.0,0.9,3.0,3.1,28.1,13.5,5.0,14.7,16.0,0.8,-115.7,-12.8,24.5,-37.2,27.0,70.7,16.0,0.4,-28.0,-7.4,23.5,-12.8,27.0,50.3,16.0,0.4,-100.7,-8.8,-6.3,-45.8,5.0,55.0,16.0,0.8,-70.9,16.6,24.0,-22.1,5.0,80.4,16.0,0.8,-19.0,-1.4,-1.0,-8.6,5.0,10.7,16.0,0.8,-12.5,2.7,4.4,-3.9,5.0,14.7,16.0,0.8,1.0,1.0,220.0,76.0,28.0,177.5,16.0,0.4,0.0,0.0,220.0,75.0,28.0,175.0,16.0,0.4
1887,9,326.3,12.6,26.7,27.8,27.8,27.38,30.0,0.61,18.0,0.5,26.7,27.2,28.3,27.42,32.0,0.93,20.0,0.5,18.23,19.58,20.18,19.31,18.0,0.91,20.0,0.5,79.3,83.8,87.8,84.3,25.0,5.1,18.0,0.5,0.4,0.3,2.6,6.7,10.97,6.98,29.0,3.65,20.0,0.6,-7.76,-3.25,1.55,-2.91,29.0,3.69,20.0,0.6,-8.45,-6.17,-1.26,-5.45,29.0,3.26,20.0,0.6,1009.8,1014.5,1019.0,1014.35,20.0,4.08,20.0,0.5,2.0,3.0,5.8,3.5,33.0,2.0,20.0,0.5,79.3,83.8,87.8,84.3,25.0,5.1,18.0,0.5,0.4,0.3,-86.7,-21.8,3.7,-32.9,29.0,39.1,20.0,0.6,-93.1,-41.3,-3.3,-48.8,29.0,38.0,20.0,0.6,-0.83,0.0,1.1,-0.01,29.0,1.07,18.0,0.5,-4.6,0.0,5.6,0.5,25.0,4.8,20.0,0.6,2.64,3.62,4.02,3.4,15.0,1.08,18.0,0.5,6.9,30.3,42.1,27.9,15.0,18.1,18.0,0.5,-219.8,-90.3,26.4,-84.9,28.0,100.2,20.0,0.5,-234.8,-172.7,-36.1,-154.0,28.0,88.8,20.0,0.5,-154.4,-89.4,22.7,-76.0,18.0,71.8,20.0,0.5,-162.2,-154.3,-40.9,-123.7,18.0,54.0,20.0,0.5,-20.4,-14.7,2.5,-13.6,15.0,14.5,18.0,0.5,-34.1,-26.5,-4.1,-22.8,15.0,14.0,18.0,0.5,17.5,301.0,1392.0,605.0,29.0,653.5,20.0,0.6,20.0,300.0,1390.0,605.0,29.0,655.0,20.0,0.6
1887,9,326.3,14.6,27.26,27.8,27.8,27.62,36.0,0.33,10.0,0.5,26.1,26.7,27.8,26.98,41.0,0.78,12.0,0.5,19.2,19.22,20.27,19.58,33.0,0.7,10.0,0.5,83.7,91.5,91.5,88.7,33.0,3.9,10.0,0.5,0.3,0.4,1.0,2.6,9.3,4.66,38.0,3.86,12.0,0.5,-7.83,-0.85,0.99,-2.54,38.0,4.26,12.0,0.5,-6.58,-2.16,-0.27,-2.54,38.0,2.41,12.0,0.5,1016.98,1017.9,1018.3,1017.47,40.0,1.32,12.0,0.5,1.0,1.0,3.0,1.7,24.0,1.0,16.0,0.5,83.7,91.5,91.5,88.7,33.0,3.9,10.0,0.5,0.3,0.4,-72.8,-1.9,2.0,-26.8,38.0,45.1,12.0,0.5,-61.2,-5.6,-0.7,-19.4,38.0,30.1,12.0,0.5,-0.2,1.1,1.7,0.69,36.0,0.89,10.0,0.5,-0.9,1.6,2.9,0.7,33.0,3.8,10.0,0.5,2.99,3.35,4.06,3.44,28.0,0.55,8.0,0.5,4.1,8.7,10.6,11.3,25.0,11.5,8.0,0.6,-209.3,-22.7,26.8,-70.1,38.0,117.7,12.0,0.5,-175.6,-58.2,-7.5,-68.9,38.0,66.7,12.0,0.5,-164.2,-5.6,30.2,-39.5,30.0,85.3,10.0,0.5,-122.5,-47.4,-17.8,-55.8,30.0,45.1,10.0,0.5,-5.5,-0.4,7.7,-2.9,25.0,12.5,8.0,0.6,-10.2,-6.8,-2.6,-7.4,25.0,6.5,8.0,0.6,1.0,17.5,804.5,361.0,38.0,640.0,12.0,0.5,0.0,20.0,805.0,360.0,38.0,640.0,12.0,0.5
1887,9,326.3,16.6,26.7,27.8,27.8,27.41,18.0,0.51,12.0,0.6,26.1,26.3,27.2,26.56,18.0,0.59,12.0,0.6,19.21,20.17,20.64,19.97,11.0,0.65,8.0,0.5,89.7,91.5,95.4,91.8,11.0,2.9,8.0,0.5,0.3,0.4,2.6,4.6,6.7,4.45,15.0,1.9,12.0,0.6,-4.06,-3.25,-2.34,-2.81,15.0,1.56,12.0,0.6,-6.03,-2.16,-0.17,-2.55,15.0,2.65,12.0,0.6,1015.52,1017.3,1017.88,1017.04,14.0,1.06,10.0,0.5,1.2,2.0,6.0,3.3,15.0,2.3,12.0,0.5,89.7,91.5,95.4,91.8,11.0,2.9,8.0,0.5,0.3,0.4,-19.4,-17.5,-6.1,-14.1,15.0,8.0,12.0,0.6,-40.4,-9.9,-0.4,-15.5,15.0,16.7,12.0,0.6,0.21,0.6,1.7,0.86,18.0,0.64,12.0,0.6,0.0,2.9,5.1,3.1,15.0,2.7,12.0,0.6,2.64,3.11,4.06,3.31,11.0,0.64,8.0,0.5,7.8,10.1,17.9,10.6,8.0,6.1,8.0,0.6,-108.4,-86.2,-64.8,-74.5,15.0,41.1,12.0,0.6,-157.4,-57.7,-4.7,-67.1,15.0,70.1,12.0,0.6,-82.6,-59.1,-5.2,-47.1,8.0,39.6,8.0,0.6,-55.5,-30.2,22.0,-18.5,8.0,39.1,8.0,0.6,-13.8,-8.8,-0.8,-7.4,8.0,6.5,8.0,0.6,-11.3,-3.8,3.2,-3.2,8.0,7.0,8.0,0.6,17.5,97.5,301.0,129.0,15.0,113.0,12.0,0.6,20.0,95.0,300.0,130.0,15.0,115.0,12.0,0.6
1887,9,326.3,18.6,27.8,27.8,27.8,27.8,1.0,0.0,8.0,0.0,26.1,26.1,26.1,26.1,1.0,0.0,8.0,0.0,19.2,19.2,19.2,19.2,1.0,0.0,8.0,0.0,91.5,91.5,91.5,91.5,1.0,0.0,8.0,0.0,0.0,0.0,,,,,,,,,,,,,,,,,,,,,,,,,,,,,,,,,,,,,,,,,,,,,,,,,,,,,,,,,,,,,,,,,,,,,,,,,,,,,,,,,,,,,,,,,,,,,,,,,,,,,,,,,,,,,,,,,,,,,,,,,,,,,,,,,,,,,,,,,,,,,,,,,,,,,,,,,,,,,,,,,,
1887,9,326.3,28.6,,,,,,,,,,,,,,,,,,,,,,,,,,,,,,,,,,,1.0,1.8,4.75,2.83,4.0,2.69,16.0,0.8,-3.07,0.66,0.97,-0.97,4.0,3.51,16.0,0.8,-1.14,0.65,1.69,0.29,4.0,2.05,16.0,0.8,1020.83,1021.1,1021.17,1021.0,3.0,0.26,22.0,0.7,,,,,,,,,,,,,,,,,,,,,,,,,,,,,,,,,,,,,,,,,,,,,,,,,,,,,,,,,,,,,,,,,,,,,,,,,,,,,,,,,,,,,,,,,,,,,,,,,,,,,,,,,,,,,,,,,,,,,,,,,,,,,,,,,,
1887,9,326.3,30.6,,,,,,,,,,,,,,,,,,,,,,,,,,,,,,,,,,,6.7,6.7,9.3,6.9,8.0,3.11,14.0,0.3,-6.54,-6.21,-2.62,-5.03,8.0,2.84,14.0,0.3,-2.51,-1.25,5.95,0.57,8.0,5.17,14.0,0.3,1014.63,1016.0,1019.69,1017.13,3.0,3.83,28.0,0.3,,,,,,,,,,,,,,,,,,,,,,,,,,,,,,,,,,,,,,,,,,,,,,,,,,,,,,,,,,,,,,,,,,,,,,,,,,,,,,,,,,,,,,,,,,,,,,,,,,,,,,,,,,,,,,,,,,,,,,,,,,,,,,,,,,
1887,9,326.3,32.6,23.9,24.4,25.0,24.49,14.0,0.91,28.0,0.7,23.3,23.95,24.4,23.94,14.0,0.93,28.0,0.7,16.27,16.27,16.27,16.27,1.0,0.0,30.0,0.0,85.5,85.5,85.5,85.5,1.0,0.0,30.0,0.0,0.5,0.5,4.73,9.3,9.8,7.69,14.0,2.76,28.0,0.7,-9.02,-6.58,-0.02,-5.16,14.0,4.47,28.0,0.7,1.28,3.22,6.78,3.5,14.0,3.09,28.0,0.7,1014.66,1014.8,1021.9,1018.2,3.0,6.06,30.0,0.7,2.5,6.5,8.0,5.5,12.0,3.0,26.0,0.7,85.5,85.5,85.5,85.5,1.0,0.0,30.0,0.0,0.5,0.5,-88.4,-44.1,0.0,-47.5,14.0,40.5,28.0,0.7,8.6,19.7,66.0,30.9,14.0,29.1,28.0,0.7,0.03,0.6,1.1,0.54,14.0,1.14,28.0,0.7,0.0,4.5,10.5,4.1,14.0,10.5,28.0,0.7,1.68,1.68,1.68,1.68,1.0,0.0,30.0,0.0,11.2,11.2,11.2,11.2,1.0,0.0,30.0,0.0,-219.1,-156.1,-0.6,-122.6,14.0,106.5,28.0,0.7,28.6,76.5,176.4,84.2,14.0,75.1,28.0,0.7,-107.0,-107.0,-107.0,-107.0,1.0,0.0,30.0,0.0,20.8,20.8,20.8,20.8,1.0,0.0,30.0,0.0,-11.0,-11.0,-11.0,-11.0,1.0,0.0,30.0,0.0,2.1,2.1,2.1,2.1,1.0,0.0,30.0,0.0,110.0,804.5,941.0,596.5,14.0,384.0,28.0,0.7,110.0,805.0,940.0,595.0,14.0,385.0,28.0,0.7
1887,9,326.3,34.6,23.39,23.9,24.2,23.94,15.0,0.52,26.0,0.6,22.8,23.9,27.81,24.83,15.0,2.24,26.0,0.6,18.63,18.75,19.07,18.85,5.0,0.42,30.0,0.6,79.7,80.3,84.4,81.9,5.0,3.2,30.0,0.6,0.5,0.2,4.6,6.7,9.8,7.24,15.0,2.32,26.0,0.6,-9.02,-6.21,-3.38,-5.83,15.0,2.68,26.0,0.6,2.52,3.83,4.71,3.75,15.0,1.71,26.0,0.6,1022.38,1024.0,1025.69,1024.48,6.0,2.64,24.0,0.5,3.0,5.0,6.0,4.3,15.0,1.8,26.0,0.6,79.7,80.3,84.4,81.9,5.0,3.2,30.0,0.6,0.5,0.2,-88.4,-41.6,-15.5,-47.4,15.0,31.7,26.0,0.6,12.5,24.4,37.5,28.9,15.0,19.6,26.0,0.6,-3.8,0.5,0.6,-0.89,15.0,2.2,26.0,0.6,-18.9,4.9,5.9,-4.3,15.0,13.6,26.0,0.6,-0.81,-0.33,-0.11,-0.45,5.0,0.4,30.0,0.6,-4.5,-1.5,-0.8,-2.6,5.0,2.6,30.0,0.6,-205.7,-161.5,-87.8,-142.4,15.0,60.1,26.0,0.6,67.2,89.2,127.6,92.3,15.0,39.9,26.0,0.6,-112.3,-89.0,-67.8,-89.5,5.0,24.0,30.0,0.6,47.0,60.0,77.8,62.9,5.0,17.8,30.0,0.6,0.6,1.1,3.8,2.2,5.0,2.2,30.0,0.6,-2.5,-1.1,-0.4,-1.5,5.0,1.4,30.0,0.6,97.5,301.0,941.0,489.0,15.0,390.5,26.0,0.6,95.0,300.0,940.0,490.0,15.0,390.0,26.0,0.6
1887,9,326.3,36.6,22.93,23.6,23.9,23.7,14.0,0.91,18.0,0.5,22.2,23.05,27.08,24.09,14.0,2.29,18.0,0.5,16.97,18.28,18.66,17.83,5.0,1.14,30.0,0.6,78.0,80.8,83.5,80.9,5.0,3.2,30.0,0.6,0.8,0.2,4.6,6.7,10.04,7.59,13.0,2.83,16.0,0.5,-4.95,-3.75,-2.5,-4.0,13.0,1.94,16.0,0.5,-5.55,0.0,9.38,2.22,13.0,6.64,16.0,0.5,1015.36,1017.8,1019.38,1017.42,5.0,2.49,30.0,0.6,3.0,5.0,7.9,4.9,14.0,2.3,18.0,0.5,78.0,80.8,83.5,80.9,5.0,3.2,30.0,0.6,0.8,0.2,-35.2,-25.1,-17.4,-30.3,13.0,20.7,16.0,0.5,-37.2,0.0,90.7,30.6,13.0,66.0,16.0,0.5,-3.48,0.8,1.7,-0.39,14.0,2.64,18.0,0.5,-34.3,7.4,11.4,-6.3,13.0,24.6,16.0,0.5,-0.6,-0.22,0.27,-0.11,5.0,0.72,30.0,0.6,-5.7,-3.6,-2.3,-4.0,4.0,2.2,30.0,0.5,-129.9,-85.4,-54.1,-94.5,13.0,42.8,16.0,0.5,-123.6,0.0,254.4,64.5,13.0,168.5,16.0,0.5,-69.1,-46.3,-39.9,-54.1,4.0,23.6,30.0,0.5,125.6,188.8,218.1,172.6,4.0,61.3,30.0,0.5,0.5,1.0,2.3,1.4,4.0,1.3,30.0,0.5,-5.0,-2.9,-2.3,-3.6,4.0,2.1,30.0,0.5,97.5,301.0,1029.0,615.5,13.0,634.0,16.0,0.5,95.0,300.0,1030.0,615.0,13.0,635.0,16.0,0.5
1887,9,326.3,38.6,18.9,22.8,23.76,21.91,34.0,2.1,8.0,0.6,22.8,23.3,24.87,23.53,43.0,1.13,6.0,0.6,14.04,14.77,15.99,14.86,20.0,0.94,8.0,0.5,78.9,82.9,86.3,83.2,20.0,5.1,8.0,0.5,0.6,0.6,2.32,4.6,6.7,4.44,44.0,2.83,8.0,0.5,-3.28,-0.74,4.87,0.34,44.0,3.66,8.0,0.5,0.96,2.51,3.81,2.88,44.0,2.48,8.0,0.5,1027.1,1036.2,1036.2,1032.69,27.0,6.02,8.0,0.6,2.0,3.0,6.0,3.5,42.0,2.1,8.0,0.5,78.9,82.9,86.3,83.2,20.0,5.1,8.0,0.5,0.6,0.6,-15.1,-0.7,33.5,6.3,44.0,23.5,8.0,0.5,2.3,11.8,18.9,18.9,44.0,36.8,8.0,0.5,-4.49,-1.1,1.06,-1.74,33.0,2.66,6.0,0.6,-20.3,-5.9,2.8,-7.5,33.0,10.9,6.0,0.6,-2.73,-2.63,-1.36,-2.12,10.0,0.83,8.0,0.6,-12.6,-7.5,-2.1,-8.0,10.0,5.6,8.0,0.6,-82.0,-18.1,115.3,8.6,43.0,88.2,6.0,0.6,21.3,58.6,87.8,61.0,43.0,36.5,6.0,0.6,-52.4,-26.8,-10.9,-31.6,20.0,21.8,8.0,0.5,9.8,24.1,47.1,26.6,20.0,16.5,8.0,0.5,1.6,5.9,9.8,6.2,10.0,4.4,8.0,0.6,-8.9,-4.6,-1.4,-5.0,10.0,3.4,8.0,0.6,14.5,97.5,301.0,223.0,44.0,568.0,8.0,0.5,15.0,95.0,300.0,225.0,44.0,570.0,8.0,0.5
1887,9,326.3,42.6,,,,,,,,,,,,,,,,,,,,,,,,,,,,,,,,,,,4.6,6.7,16.14,9.5,6.0,6.14,12.0,0.5,-3.65,-2.51,8.31,0.89,6.0,6.26,12.0,0.5,-2.83,6.05,13.84,5.99,6.0,7.93,12.0,0.5,1016.97,1023.35,1030.05,1023.5,4.0,7.57,16.0,0.5,,,,,,,,,,,,,,,,,,,,,,,,,,,,,,,,,,,,,,,,,,,,,,,,,,,,,,,,,,,,,,,,,,,,,,,,,,,,,,,,,,,,,,,,,,,,,,,,,,,,,,,,,,,,,,,,,,,,,,,,,,,,,,,,,,
1887,9,326.3,44.6,19.71,20.6,20.6,20.18,4.0,0.85,26.0,0.0,19.92,20.6,20.6,20.28,4.0,0.65,26.0,0.0,14.18,14.19,14.73,14.45,3.0,0.46,24.0,0.0,94.6,94.6,98.3,96.4,3.0,3.1,24.0,0.0,0.2,0.2,6.7,6.7,9.63,8.1,4.0,2.8,26.0,0.0,-5.86,-5.86,-2.79,-4.39,4.0,2.93,26.0,0.0,3.25,3.25,7.99,5.51,4.0,4.53,26.0,0.0,1018.48,1019.5,1020.68,1019.58,4.0,1.41,26.0,0.0,6.0,6.0,6.0,6.0,2.0,0.0,28.0,0.0,94.6,94.6,98.3,96.4,3.0,3.1,24.0,0.0,0.2,0.2,-39.3,-39.3,-18.7,-29.4,4.0,19.6,26.0,0.0,21.8,21.8,89.6,54.1,4.0,64.8,26.0,0.0,-0.21,0.0,0.0,-0.1,4.0,0.2,26.0,0.0,-2.6,0.0,0.0,-1.2,4.0,2.5,26.0,0.0,0.26,0.82,0.82,0.55,3.0,0.47,24.0,0.0,1.7,5.5,5.5,3.7,3.0,3.2,24.0,0.0,-120.7,-120.7,-57.5,-90.5,4.0,60.4,26.0,0.0,66.9,66.9,156.2,109.5,4.0,85.2,26.0,0.0,-86.3,-83.1,-83.1,-84.7,3.0,2.7,24.0,0.0,46.1,46.1,47.8,46.9,3.0,1.5,24.0,0.0,-4.8,-4.8,-1.5,-3.2,3.0,2.8,24.0,0.0,0.8,2.7,2.7,1.8,3.0,1.5,24.0,0.0,301.0,301.0,1118.0,691.0,4.0,780.0,26.0,0.0,300.0,300.0,1120.0,690.0,4.0,780.0,26.0,0.0
1887,9,326.3,46.6,,,,,,,,,,,,,,,,,,,,,,,,,,,,,,,,,,,1.0,10.8,19.0,10.42,10.0,9.88,14.0,0.5,-0.83,6.72,13.44,7.2,10.0,8.43,14.0,0.5,-13.44,-5.72,-0.16,-6.52,10.0,6.52,14.0,0.5,1010.87,1012.9,1032.05,1017.6,7.0,10.27,10.0,0.4,,,,,,,,,,,,,,,,,,,,,,,,,,,,,,,,,,,,,,,,,,,,,,,,,,,,,,,,,,,,,,,,,,,,,,,,,,,,,,,,,,,,,,,,,,,,,,,,,,,,,,,,,,,,,,,,,,,,,,,,,,,,,,,,,,
1887,9,326.3,48.6,,,,,,,,,,,,,,,,,,,,,,,,,,,,,,,,,,,3.86,4.6,7.24,5.13,6.0,2.75,10.0,0.7,1.83,2.91,7.1,3.79,6.0,3.41,10.0,0.7,-3.81,0.0,3.3,-0.15,6.0,3.21,10.0,0.7,1017.27,1026.15,1027.39,1022.5,4.0,8.66,12.0,0.3,,,,,,,,,,,,,,,,,,,,,,,,,,,,,,,,,,,,,,,,,,,,,,,,,,,,,,,,,,,,,,,,,,,,,,,,,,,,,,,,,,,,,,,,,,,,,,,,,,,,,,,,,,,,,,,,,,,,,,,,,,,,,,,,,,
1887,9,326.3,50.6,,,,,,,,,,,,,,,,,,,,,,,,,,,,,,,,,,,0.0,4.6,5.37,3.18,5.0,3.03,16.0,0.8,-1.39,0.0,1.73,0.18,5.0,3.03,16.0,0.8,0.0,2.57,4.65,2.38,5.0,2.34,16.0,0.8,1025.5,1025.5,1025.5,1025.5,2.0,0.0,10.0,1.0,,,,,,,,,,,,,,,,,,,,,,,,,,,,,,,,,,,,,,,,,,,,,,,,,,,,,,,,,,,,,,,,,,,,,,,,,,,,,,,,,,,,,,,,,,,,,,,,,,,,,,,,,,,,,,,,,,,,,,,,,,,,,,,,,,
1887,9,328.3,-39.4,,,,,,,,,,,,,,,,,,,,,,,,,,,,,,,,,,,12.3,12.3,14.42,13.33,3.0,1.79,26.0,0.7,9.21,10.32,13.02,11.1,3.0,2.87,26.0,0.7,-8.06,-6.7,-6.06,-7.06,3.0,1.5,26.0,0.7,997.61,997.9,1001.02,999.14,5.0,2.31,26.0,0.6,,,,,,,,,,,,,,,,,,,,,,,,,,,,,,,,,,,,,,,,,,,,,,,,,,,,,,,,,,,,,,,,,,,,,,,,,,,,,,,,,,,,,,,,,,,,,,,,,,,,,,,,,,,,,,,,,,,,,,,,,,,,,,,,,,
1887,9,328.3,-37.4,,,,,,,,,,,,,,,,,,,,,,,,,,,,,,,,,,,7.28,12.3,21.0,13.34,15.0,7.2,18.0,0.5,-0.99,8.62,12.6,6.18,15.0,7.66,18.0,0.5,-16.77,-3.48,1.43,-6.39,15.0,9.96,18.0,0.5,1003.58,1007.2,1016.22,1008.95,15.0,6.82,18.0,0.5,,,,,,,,,,,,,,,,,,,,,,,,,,,,,,,,,,,,,,,,,,,,,,,,,,,,,,,,,,,,,,,,,,,,,,,,,,,,,,,,,,,,,,,,,,,,,,,,,,,,,,,,,,,,,,,,,,,,,,,,,,,,,,,,,,
1887,9,328.3,-35.4,,,,,,,,,,,,,,,,,,,,,,,,,,,,,,,,,,,2.6,6.7,9.3,6.51,18.0,4.16,8.0,0.6,-2.23,0.64,4.74,1.16,18.0,3.71,8.0,0.6,-8.73,-2.39,2.58,-3.19,18.0,6.01,8.0,0.6,1014.81,1019.3,1020.84,1018.15,17.0,3.09,8.0,0.5,,,,,,,,,,,,,,,,,,,,,,,,,,,,,,,,,,,,,,,,,,,,,,,,,,,,,,,,,,,,,,,,,,,,,,,,,,,,,,,,,,,,,,,,,,,,,,,,,,,,,,,,,,,,,,,,,,,,,,,,,,,,,,,,,,
1887,9,328.3,-33.4,14.93,15.0,15.41,15.17,3.0,0.38,20.0,1.0,13.64,14.65,16.44,15.03,4.0,1.75,16.0,1.0,6.82,6.82,6.82,6.82,1.0,0.0,22.0,1.0,70.3,70.3,70.3,70.3,1.0,0.0,22.0,1.0,0.5,1.0,3.71,6.7,15.03,9.25,4.0,9.3,16.0,1.0,1.57,4.6,7.63,4.6,4.0,3.6,16.0,1.0,-11.31,-0.35,3.25,-3.86,4.0,11.81,16.0,1.0,1020.4,1020.4,1020.4,1020.4,1.0,0.0,22.0,1.0,2.5,4.0,6.6,4.5,4.0,2.6,16.0,1.0,70.3,70.3,70.3,70.3,1.0,0.0,22.0,1.0,0.5,1.0,8.4,30.9,121.6,63.4,4.0,87.2,16.0,1.0,-248.4,-0.4,21.8,-108.2,4.0,244.4,16.0,1.0,-0.03,1.2,1.81,0.9,3.0,1.37,20.0,1.0,-2.1,2.1,6.2,2.0,3.0,6.0,20.0,1.0,3.68,3.68,3.68,3.68,1.0,0.0,22.0,1.0,24.7,24.7,24.7,24.7,1.0,0.0,22.0,1.0,21.5,69.2,126.2,73.6,4.0,62.8,16.0,1.0,-194.5,-4.8,44.9,-71.6,4.0,198.6,16.0,1.0,17.1,17.1,17.1,17.1,1.0,0.0,22.0,1.0,42.4,42.4,42.4,42.4,1.0,0.0,22.0,1.0,9.2,9.2,9.2,9.2,1.0,0.0,22.0,1.0,22.9,22.9,22.9,22.9,1.0,0.0,22.0,1.0,143.5,301.0,6190.5,3036.5,4.0,5673.0,16.0,1.0,145.0,300.0,6190.0,3035.0,4.0,5675.0,16.0,1.0
1887,9,328.3,-31.4,17.06,17.8,17.8,17.53,6.0,0.42,10.0,0.7,13.9,14.4,15.42,14.68,18.0,1.03,10.0,0.4,7.58,8.01,8.77,8.17,4.0,0.75,22.0,0.3,80.2,80.8,81.5,80.8,4.0,0.9,22.0,0.3,0.8,0.5,6.7,6.7,12.3,7.83,18.0,2.51,10.0,0.4,0.0,1.28,4.74,1.99,18.0,2.12,10.0,0.4,4.74,6.58,12.3,7.12,18.0,2.98,10.0,0.4,1020.28,1023.85,1025.69,1023.36,18.0,2.83,10.0,0.4,2.0,2.5,5.0,2.9,18.0,1.5,10.0,0.4,80.2,80.8,81.5,80.8,4.0,0.9,22.0,0.3,0.8,0.5,0.0,8.6,31.7,13.2,18.0,14.2,10.0,0.4,31.7,44.1,151.3,62.5,18.0,49.3,10.0,0.4,2.56,2.8,3.4,2.85,6.0,0.52,10.0,0.7,13.3,20.4,36.0,23.9,6.0,11.8,10.0,0.7,3.45,3.45,3.45,3.45,1.0,0.0,22.0,0.0,23.1,23.1,23.1,23.1,1.0,0.0,22.0,0.0,0.0,17.8,68.9,29.6,18.0,31.9,10.0,0.4,68.1,93.1,177.1,104.2,18.0,43.0,10.0,0.4,35.9,38.0,41.5,38.7,4.0,3.5,22.0,0.3,35.9,38.0,41.5,38.7,4.0,3.5,22.0,0.3,16.3,16.3,16.3,16.3,1.0,0.0,22.0,0.0,16.3,16.3,16.3,16.3,1.0,0.0,22.0,0.0,301.0,301.0,1861.0,636.0,18.0,675.5,10.0,0.4,300.0,300.0,1860.0,635.0,18.0,675.0,10.0,0.4
1887,9,328.3,-29.4,17.8,18.3,19.4,18.5,7.0,0.73,8.0,0.7,15.6,16.7,18.48,17.02,18.0,1.59,6.0,0.5,6.48,9.51,11.58,9.23,16.0,2.1,6.0,0.4,61.6,78.9,84.7,75.5,16.0,10.9,6.0,0.4,0.7,0.6,4.6,9.5,15.4,10.07,18.0,4.61,6.0,0.5,-4.29,-1.31,1.32,-0.36,18.0,5.24,6.0,0.5,-15.12,-4.65,4.52,-5.48,18.0,8.32,6.0,0.5,1014.18,1022.0,1025.12,1020.28,18.0,5.3,6.0,0.5,2.0,4.5,7.0,4.4,18.0,2.3,6.0,0.5,61.6,78.9,84.7,75.5,16.0,10.9,6.0,0.4,0.7,0.6,-45.3,-8.8,11.5,-0.3,18.0,59.0,6.0,0.5,-232.8,-31.2,20.8,-85.2,18.0,115.8,6.0,0.5,0.07,1.6,1.75,1.11,7.0,1.13,8.0,0.7,0.2,7.8,18.2,7.7,7.0,9.9,8.0,0.7,2.4,3.0,6.11,3.89,6.0,1.94,8.0,0.7,26.4,33.8,38.9,33.3,6.0,7.9,8.0,0.7,-67.0,-20.4,23.3,-3.4,18.0,91.5,6.0,0.5,-259.8,-72.5,69.2,-99.8,18.0,148.9,6.0,0.5,-33.8,-24.3,18.0,0.9,16.0,58.0,6.0,0.4,-160.5,-46.0,27.2,-70.0,16.0,83.1,6.0,0.4,-24.1,-3.6,10.8,-4.6,6.0,23.6,8.0,0.7,-35.4,-16.9,10.5,-12.1,6.0,25.2,8.0,0.7,97.5,1081.0,3652.5,1632.5,18.0,1589.0,6.0,0.5,95.0,1080.0,3650.0,1635.0,18.0,1590.0,6.0,0.5
1887,9,328.3,-27.4,19.38,20.0,21.7,20.33,7.0,1.08,10.0,0.7,18.39,18.9,20.7,19.53,19.0,1.42,14.0,0.4,10.52,11.32,12.41,11.35,17.0,0.87,12.0,0.4,75.9,81.9,89.8,82.7,17.0,5.7,12.0,0.4,0.6,0.6,9.3,12.3,15.4,11.84,17.0,2.79,12.0,0.4,-6.62,9.13,12.07,3.91,17.0,8.65,12.0,0.4,-14.8,-2.35,-0.47,-5.06,17.0,6.21,12.0,0.4,1014.16,1017.2,1020.44,1017.66,19.0,3.45,14.0,0.4,4.0,6.0,8.0,5.9,17.0,1.7,14.0,0.5,75.9,81.9,89.8,82.7,17.0,5.7,12.0,0.4,0.6,0.6,-60.6,84.9,148.5,49.7,17.0,98.9,12.0,0.4,-227.8,-28.9,-5.7,-72.7,17.0,95.6,12.0,0.4,-0.06,1.1,2.3,0.93,7.0,1.32,10.0,0.7,-1.0,13.5,15.7,7.3,7.0,13.9,10.0,0.7,2.33,3.39,3.58,3.16,7.0,0.79,10.0,0.7,23.9,29.0,42.7,35.8,7.0,14.0,10.0,0.7,-128.4,162.5,228.2,71.4,17.0,162.8,12.0,0.4,-302.4,-44.4,-7.7,-101.2,17.0,128.1,12.0,0.4,-82.7,99.0,135.2,43.6,17.0,96.0,12.0,0.4,-169.8,-26.1,-4.3,-58.1,17.0,74.9,12.0,0.4,-23.6,0.0,40.9,5.7,7.0,30.5,10.0,0.7,-29.3,-8.0,3.8,-12.7,7.0,23.1,10.0,0.7,804.5,1861.0,3652.5,1912.5,17.0,1146.0,12.0,0.4,805.0,1860.0,3650.0,1910.0,17.0,1145.0,12.0,0.4
1887,9,328.3,-25.4,21.1,21.7,21.7,21.54,23.0,0.56,12.0,0.5,18.9,19.4,20.33,19.77,29.0,1.29,12.0,0.4,9.2,11.35,13.03,11.65,27.0,2.14,10.0,0.4,70.3,80.8,89.9,81.3,27.0,9.1,10.0,0.4,0.6,0.6,6.7,9.3,12.3,9.56,19.0,2.19,10.0,0.5,-8.19,-6.62,3.18,-3.42,19.0,5.89,10.0,0.5,-11.88,-5.6,1.06,-4.79,19.0,5.48,10.0,0.5,1015.9,1018.3,1027.27,1020.3,29.0,5.34,12.0,0.4,2.0,5.0,6.0,4.3,29.0,1.8,12.0,0.4,70.3,80.8,89.9,81.3,27.0,9.1,10.0,0.4,0.6,0.6,-76.1,-44.6,39.2,-23.4,19.0,60.2,10.0,0.5,-146.1,-52.1,7.5,-54.6,19.0,64.5,10.0,0.5,0.85,1.7,2.8,1.6,23.0,1.0,12.0,0.5,5.1,14.7,18.8,12.1,18.0,9.1,10.0,0.5,2.09,3.36,6.28,4.09,21.0,1.92,12.0,0.5,19.8,28.7,51.1,32.2,16.0,16.1,8.0,0.4,-155.4,-125.1,74.2,-64.8,19.0,118.2,10.0,0.5,-255.9,-111.9,20.0,-102.4,19.0,118.0,10.0,0.5,-87.1,-70.9,51.4,-30.5,17.0,70.2,8.0,0.5,-179.5,-72.9,3.5,-77.4,17.0,77.0,8.0,0.5,-46.2,-19.9,2.7,-18.9,16.0,24.7,8.0,0.4,-22.5,-14.1,2.8,-10.4,16.0,15.9,8.0,0.4,301.0,804.5,1861.0,1005.5,19.0,632.5,10.0,0.5,300.0,805.0,1860.0,1005.0,19.0,630.0,10.0,0.5
1887,9,328.3,-23.4,21.51,22.1,22.2,21.9,11.0,0.41,14.0,0.5,20.0,22.5,22.91,21.83,13.0,1.48,14.0,0.5,10.27,10.3,15.67,12.14,7.0,2.61,8.0,0.4,71.5,71.5,90.7,78.2,7.0,9.2,8.0,0.4,0.9,0.3,4.6,4.6,10.79,6.32,9.0,3.54,16.0,0.3,-1.17,1.8,2.81,1.32,9.0,3.22,16.0,0.3,-8.32,-4.23,1.03,-3.51,9.0,5.59,16.0,0.3,1014.54,1018.25,1021.35,1018.18,12.0,3.15,12.0,0.4,2.0,5.0,6.1,4.5,13.0,2.2,14.0,0.5,71.5,71.5,90.7,78.2,7.0,9.2,8.0,0.4,0.9,0.3,-3.0,8.3,30.8,15.5,9.0,32.3,16.0,0.3,-93.5,-19.5,1.8,-33.6,9.0,60.6,16.0,0.3,-0.9,-0.6,0.75,-0.32,11.0,0.93,14.0,0.5,-7.4,-4.1,-0.8,-4.5,9.0,4.4,16.0,0.3,1.0,3.66,5.16,3.19,5.0,2.1,10.0,0.4,10.4,12.3,12.3,11.4,3.0,1.6,10.0,0.0,-25.4,40.4,64.2,30.1,9.0,73.2,16.0,0.3,-189.8,-95.3,21.8,-79.0,9.0,129.1,16.0,0.3,1.8,49.9,95.0,48.4,3.0,68.3,10.0,0.0,-175.9,-153.9,-30.8,-104.6,3.0,114.6,10.0,0.0,-3.0,3.2,6.1,1.6,3.0,6.8,10.0,0.0,-11.2,-9.8,2.0,-4.7,3.0,10.6,10.0,0.0,97.5,97.5,1440.5,503.0,9.0,773.5,16.0,0.3,95.0,95.0,1440.0,505.0,9.0,775.0,16.0,0.3
1887,9,328.3,-21.4,22.2,22.2,23.3,22.52,40.0,0.55,18.0,0.5,21.13,23.0,24.0,22.81,52.0,1.48,16.0,0.5,12.89,14.02,16.07,14.45,23.0,1.57,20.0,0.5,80.4,81.6,86.5,82.6,23.0,4.4,20.0,0.5,0.5,0.2,4.6,6.7,6.7,6.28,51.0,2.44,16.0,0.5,-6.21,-2.62,1.74,-2.14,51.0,4.03,16.0,0.5,-6.17,-3.35,3.66,-2.46,51.0,4.36,16.0,0.5,1017.3,1019.6,1020.3,1018.9,29.0,1.56,20.0,0.5,2.0,4.0,8.0,4.5,52.0,2.7,16.0,0.5,80.4,81.6,86.5,82.6,23.0,4.4,20.0,0.5,0.5,0.2,-41.6,-13.0,11.6,-18.3,51.0,38.1,16.0,0.5,-41.3,-19.5,16.8,-22.6,51.0,35.3,16.0,0.5,-1.7,-0.1,1.0,-0.22,40.0,1.2,18.0,0.5,-10.8,-0.5,3.7,-1.6,40.0,7.6,18.0,0.5,0.75,2.63,3.66,2.4,23.0,1.32,20.0,0.5,5.0,12.2,16.8,11.2,23.0,5.7,20.0,0.5,-124.6,-52.4,43.4,-46.0,51.0,93.0,16.0,0.5,-148.2,-79.2,79.0,-58.8,51.0,100.6,16.0,0.5,-16.9,-2.8,68.6,16.2,23.0,43.4,20.0,0.5,-91.1,32.6,59.9,-5.4,23.0,68.2,20.0,0.5,-3.9,-1.7,3.9,-0.5,23.0,6.0,20.0,0.5,-4.9,9.0,13.7,4.5,23.0,10.3,20.0,0.5,97.5,301.0,301.0,373.5,51.0,513.5,16.0,0.5,95.0,300.0,300.0,375.0,51.0,515.0,16.0,0.5
1887,9,328.3,-19.4,22.2,22.8,23.0,22.74,39.0,0.55,16.0,0.5,22.2,22.95,25.27,23.53,48.0,1.47,16.0,0.4,13.5,14.25,15.49,14.5,21.0,0.9,18.0,0.3,74.4,78.6,82.2,79.2,21.0,4.6,18.0,0.3,0.7,0.6,1.0,2.6,6.7,3.99,51.0,3.21,16.0,0.5,-6.21,-2.1,0.0,-2.98,51.0,3.29,16.0,0.5,-3.64,-0.99,0.41,-1.11,51.0,2.31,16.0,0.5,1016.44,1020.0,1020.98,1019.44,47.0,2.16,16.0,0.5,0.0,2.0,4.0,2.2,52.0,1.9,16.0,0.5,74.4,78.6,82.2,79.2,21.0,4.6,18.0,0.3,0.7,0.6,-41.6,-5.5,0.0,-21.8,51.0,34.5,16.0,0.5,-20.9,-1.6,1.1,-4.1,51.0,16.4,16.0,0.5,-2.0,-0.6,0.22,-0.89,35.0,1.32,16.0,0.4,-7.4,-1.3,1.2,-2.1,34.0,4.5,14.0,0.4,1.84,2.47,3.06,2.34,21.0,0.71,18.0,0.3,0.0,6.0,11.3,5.7,20.0,4.7,18.0,0.4,-137.5,-46.7,0.0,-71.6,47.0,78.2,16.0,0.4,-82.6,-24.9,0.0,-26.0,47.0,56.1,16.0,0.4,-39.0,-6.3,0.0,-18.5,20.0,24.1,18.0,0.4,-40.4,-28.1,0.0,-26.4,20.0,21.4,18.0,0.4,-6.5,-1.0,0.0,-2.9,20.0,3.8,18.0,0.4,-8.1,-4.2,0.0,-4.2,20.0,3.8,18.0,0.4,1.0,17.5,301.0,209.5,51.0,404.5,16.0,0.5,0.0,20.0,300.0,210.0,51.0,405.0,16.0,0.5
1887,9,328.3,-17.4,22.56,23.25,23.6,23.18,30.0,0.74,14.0,0.5,22.8,23.9,25.6,24.06,39.0,1.51,14.0,0.4,14.51,15.51,15.85,15.24,21.0,0.9,14.0,0.3,76.2,82.2,82.4,81.4,21.0,5.2,14.0,0.3,0.4,0.4,4.6,6.7,9.68,7.25,38.0,2.85,14.0,0.4,-9.35,-5.45,-4.46,-6.61,38.0,2.82,14.0,0.4,-2.56,0.32,3.48,0.47,38.0,3.02,14.0,0.4,1019.23,1021.3,1023.11,1021.26,37.0,1.78,14.0,0.4,2.0,2.0,5.0,2.7,39.0,1.8,14.0,0.4,76.2,82.2,82.4,81.4,21.0,5.2,14.0,0.3,0.4,0.4,-91.2,-36.5,-20.5,-55.4,38.0,44.5,14.0,0.4,-31.5,1.5,29.9,1.1,38.0,28.7,14.0,0.4,-2.44,-1.1,0.14,-1.21,30.0,1.39,14.0,0.5,-14.9,-5.1,1.8,-6.1,29.0,7.5,14.0,0.5,1.15,1.61,2.04,1.7,18.0,0.67,16.0,0.4,6.1,9.3,15.0,10.7,17.0,7.0,16.0,0.4,-217.4,-138.0,-104.0,-157.2,38.0,63.7,14.0,0.4,-59.3,6.6,79.7,11.7,38.0,70.3,14.0,0.4,-135.7,-75.6,-64.8,-93.6,20.0,36.8,14.0,0.4,-53.2,-16.1,49.1,-6.3,20.0,44.6,14.0,0.4,-14.1,-9.0,-4.5,-9.8,17.0,6.3,16.0,0.4,-2.2,-0.5,5.1,-0.1,17.0,5.2,16.0,0.4,97.5,301.0,939.5,567.5,38.0,628.0,14.0,0.4,95.0,300.0,940.0,565.0,38.0,630.0,14.0,0.4
1887,9,328.3,-15.4,23.3,23.9,24.43,23.86,37.0,0.59,12.0,0.6,23.33,24.4,26.04,24.64,47.0,1.29,12.0,0.5,13.74,15.54,16.9,15.37,18.0,1.4,12.0,0.5,74.4,82.2,83.0,79.7,18.0,4.7,12.0,0.5,0.5,0.5,4.6,9.3,9.3,7.6,47.0,2.79,12.0,0.5,-9.09,-6.58,-4.27,-6.87,47.0,2.89,12.0,0.5,-1.4,1.72,4.4,1.55,47.0,2.79,12.0,0.5,1017.86,1019.95,1022.57,1020.04,40.0,2.36,14.0,0.5,1.0,2.0,4.0,2.3,47.0,1.4,12.0,0.5,74.4,82.2,83.0,79.7,18.0,4.7,12.0,0.5,0.5,0.5,-84.5,-61.2,-19.6,-59.8,47.0,41.8,12.0,0.5,-7.9,7.9,31.1,11.1,47.0,25.2,12.0,0.5,-2.23,-1.1,0.03,-1.09,37.0,1.13,12.0,0.6,-18.3,-6.4,0.2,-8.1,37.0,9.5,12.0,0.6,0.9,1.43,2.74,1.9,12.0,1.34,14.0,0.6,8.3,13.3,25.6,18.8,12.0,15.1,14.0,0.6,-229.1,-159.9,-104.2,-168.5,47.0,69.1,12.0,0.5,-35.3,43.9,105.0,38.8,47.0,67.8,12.0,0.5,-165.5,-144.8,-120.4,-141.1,18.0,23.9,12.0,0.5,-32.8,51.7,59.4,22.8,18.0,47.2,12.0,0.5,-23.3,-12.3,-7.8,-17.5,12.0,15.1,14.0,0.6,0.0,4.1,7.6,3.4,12.0,6.1,14.0,0.6,97.5,804.5,804.5,611.0,47.0,541.0,12.0,0.5,95.0,805.0,805.0,610.0,47.0,540.0,12.0,0.5
1887,9,328.3,-13.4,23.8,24.1,24.4,24.1,45.0,0.51,12.0,0.6,23.34,24.4,26.1,24.68,54.0,1.33,12.0,0.6,14.58,15.5,17.0,15.57,22.0,1.1,14.0,0.5,74.4,82.4,87.9,80.9,27.0,6.4,12.0,0.5,0.5,0.6,4.6,6.7,12.3,7.75,54.0,2.87,12.0,0.6,-9.29,-6.21,-4.01,-6.77,54.0,2.87,12.0,0.6,-0.58,2.94,4.7,2.24,54.0,3.06,12.0,0.6,1017.1,1019.0,1021.54,1019.25,35.0,1.94,14.0,0.5,2.0,2.0,4.1,3.0,51.0,1.5,12.0,0.5,74.4,82.4,87.9,80.9,27.0,6.4,12.0,0.5,0.5,0.6,-107.0,-41.6,-18.5,-60.1,54.0,43.8,12.0,0.6,-6.5,17.2,38.0,16.0,54.0,31.9,12.0,0.6,-1.71,-0.5,0.2,-0.68,45.0,1.07,12.0,0.6,-14.1,-3.2,0.9,-5.0,45.0,8.5,12.0,0.6,1.56,3.09,4.17,2.93,18.0,1.19,14.0,0.6,12.6,25.5,40.0,24.8,18.0,12.3,14.0,0.6,-248.0,-159.0,-97.9,-166.9,54.0,71.5,12.0,0.6,-15.0,74.7,116.0,55.2,54.0,74.8,12.0,0.6,-178.0,-111.4,-84.5,-124.0,22.0,38.9,14.0,0.5,-26.6,49.8,76.0,32.8,22.0,49.4,14.0,0.5,-36.3,-20.7,-9.9,-22.0,18.0,12.6,14.0,0.6,-2.2,8.6,14.1,7.2,18.0,8.7,14.0,0.6,97.5,301.0,1861.0,655.5,54.0,632.0,12.0,0.6,95.0,300.0,1860.0,655.0,54.0,630.0,12.0,0.6
1887,9,328.3,-11.4,24.4,24.9,25.11,24.76,38.0,0.39,12.0,0.4,23.89,24.4,25.62,24.56,51.0,1.12,12.0,0.3,14.29,15.11,16.6,15.34,29.0,0.94,14.0,0.3,77.8,82.3,82.5,81.5,30.0,2.5,14.0,0.3,0.6,0.5,6.7,9.3,12.3,9.05,42.0,2.28,12.0,0.3,-11.88,-8.35,-4.9,-8.14,42.0,2.71,12.0,0.3,-0.49,3.48,4.62,2.62,42.0,2.6,12.0,0.3,1017.0,1018.6,1020.3,1018.64,42.0,1.72,12.0,0.3,2.0,4.0,6.0,3.8,51.0,1.7,12.0,0.3,77.8,82.3,82.5,81.5,30.0,2.5,14.0,0.3,0.6,0.5,-146.1,-77.6,-32.8,-79.5,42.0,43.2,12.0,0.3,-4.5,30.6,41.9,21.2,42.0,25.9,12.0,0.3,-1.2,0.1,1.1,0.11,38.0,1.13,12.0,0.4,-11.2,0.0,7.4,-2.5,29.0,9.2,12.0,0.4,2.18,4.55,5.38,4.03,23.0,1.27,14.0,0.3,20.2,29.4,41.2,29.3,14.0,9.9,14.0,0.4,-282.9,-212.3,-120.6,-201.6,42.0,66.7,12.0,0.3,-11.9,87.3,117.6,65.5,42.0,64.4,12.0,0.3,-184.2,-136.2,-76.4,-131.3,20.0,41.9,14.0,0.3,-10.3,64.5,75.5,33.6,20.0,48.9,14.0,0.3,-36.7,-19.7,-17.7,-24.7,14.0,10.2,14.0,0.4,7.2,10.5,22.2,13.0,14.0,8.8,14.0,0.4,301.0,804.5,1861.0,878.5,42.0,604.5,12.0,0.3,300.0,805.0,1860.0,880.0,42.0,605.0,12.0,0.3
1887,9,328.3,-9.4,24.51,25.0,25.57,24.98,27.0,0.46,12.0,0.5,24.22,25.0,26.1,25.15,35.0,1.15,12.0,0.5,15.61,15.97,16.28,15.99,16.0,0.56,14.0,0.7,75.0,78.6,82.4,78.8,16.0,3.8,14.0,0.7,0.8,0.4,6.7,9.3,12.3,9.16,29.0,2.4,12.0,0.4,-12.18,-7.12,-5.86,-8.3,29.0,2.72,12.0,0.4,0.57,3.25,4.95,3.01,29.0,2.11,12.0,0.4,1015.6,1017.3,1018.7,1017.04,31.0,1.76,12.0,0.5,1.0,2.0,5.0,2.8,36.0,1.8,12.0,0.5,75.0,78.6,82.4,78.8,16.0,3.8,14.0,0.7,0.8,0.4,-149.8,-66.3,-39.3,-82.0,29.0,46.9,12.0,0.4,3.8,21.8,55.6,26.5,29.0,21.4,12.0,0.4,-0.6,-0.2,0.61,-0.14,26.0,0.87,12.0,0.5,-5.7,-2.0,3.6,-2.2,19.0,8.0,12.0,0.4,3.32,4.09,4.45,3.89,12.0,0.55,14.0,0.7,30.5,38.1,52.0,40.7,5.0,11.4,12.0,0.6,-300.4,-176.0,-144.2,-206.4,28.0,69.6,12.0,0.4,36.3,79.9,123.6,76.9,28.0,50.7,12.0,0.4,-198.3,-192.3,-125.1,-168.7,9.0,35.9,12.0,0.7,-9.9,27.0,75.6,26.2,9.0,42.8,12.0,0.7,-51.7,-29.2,-27.0,-37.3,5.0,13.8,12.0,0.6,-1.9,7.6,21.8,9.6,5.0,12.4,12.0,0.6,301.0,804.5,1861.0,924.0,29.0,673.0,12.0,0.4,300.0,805.0,1860.0,925.0,29.0,675.0,12.0,0.4
1887,9,328.3,-7.4,25.0,25.2,25.6,25.27,26.0,0.37,24.0,0.5,24.51,25.0,26.0,25.25,33.0,0.97,22.0,0.5,15.12,15.68,16.36,15.77,6.0,0.67,14.0,0.3,74.3,76.7,79.4,77.2,6.0,3.3,14.0,0.3,1.0,0.5,6.7,6.7,12.3,8.6,32.0,2.45,22.0,0.5,-11.32,-5.89,-5.47,-7.09,32.0,2.94,22.0,0.5,2.61,3.75,6.58,4.15,32.0,2.0,22.0,0.5,1013.18,1017.65,1019.18,1016.54,30.0,2.76,22.0,0.4,1.0,2.0,4.0,2.4,34.0,1.5,22.0,0.5,74.3,76.7,79.4,77.2,6.0,3.3,14.0,0.3,1.0,0.5,-139.3,-40.5,-37.2,-67.4,32.0,47.2,22.0,0.5,20.8,25.1,61.2,35.1,32.0,21.2,22.0,0.5,-0.61,0.25,0.81,0.2,26.0,0.91,24.0,0.5,-7.4,1.8,7.5,1.4,26.0,7.1,24.0,0.5,3.69,3.69,3.69,3.69,1.0,0.0,14.0,1.0,45.4,45.4,45.4,45.4,1.0,0.0,14.0,1.0,-292.8,-145.5,-135.0,-181.9,31.0,78.2,22.0,0.5,70.6,95.9,160.9,103.5,31.0,50.3,22.0,0.5,-194.7,-182.4,-177.4,-185.9,4.0,13.0,14.0,0.5,50.3,75.4,77.5,64.4,4.0,23.8,14.0,0.5,-41.8,-41.8,-41.8,-41.8,1.0,0.0,14.0,1.0,17.7,17.7,17.7,17.7,1.0,0.0,14.0,1.0,301.0,301.0,1861.0,794.5,32.0,659.5,22.0,0.5,300.0,300.0,1860.0,795.0,32.0,660.0,22.0,0.5
1887,9,328.3,-5.4,24.4,25.0,25.66,25.02,37.0,0.69,12.0,0.6,25.16,25.95,27.2,26.16,46.0,0.99,12.0,0.6,16.06,19.59,21.63,19.18,31.0,2.5,8.0,0.5,77.6,95.3,95.6,89.2,31.0,9.8,8.0,0.5,0.4,0.6,6.7,6.7,12.3,8.39,44.0,2.31,12.0,0.6,-10.76,-5.68,-4.74,-6.83,44.0,2.53,12.0,0.6,3.75,4.74,5.26,4.63,44.0,1.1,12.0,0.6,1011.9,1014.1,1016.6,1014.11,46.0,2.33,12.0,0.6,0.0,2.0,4.0,2.0,47.0,1.9,12.0,0.6,77.6,95.3,95.6,89.2,31.0,9.8,8.0,0.5,0.4,0.6,-132.3,-38.0,-31.7,-62.7,44.0,40.9,12.0,0.6,25.1,31.7,59.1,40.1,44.0,18.0,12.0,0.6,-2.3,-1.2,0.03,-1.23,37.0,1.23,12.0,0.6,-20.4,-11.2,0.3,-10.9,36.0,11.1,12.0,0.6,-2.44,-0.47,3.07,-0.17,27.0,2.6,8.0,0.6,-19.9,-4.4,8.6,-2.0,26.0,24.4,8.0,0.6,-283.1,-155.8,-122.2,-181.8,42.0,68.2,12.0,0.6,98.2,120.8,136.8,121.1,42.0,28.9,12.0,0.6,-182.2,-132.2,-96.8,-143.5,27.0,46.4,8.0,0.6,75.1,88.3,101.6,89.7,27.0,22.1,8.0,0.6,-7.8,3.8,16.6,1.4,26.0,21.6,8.0,0.6,-10.8,-2.1,2.9,-1.7,26.0,11.3,8.0,0.6,301.0,301.0,1861.0,729.5,44.0,617.5,12.0,0.6,300.0,300.0,1860.0,730.0,44.0,615.0,12.0,0.6
1887,9,328.3,-3.4,24.4,25.0,25.99,25.15,39.0,0.72,12.0,0.5,25.0,25.6,26.7,25.68,50.0,0.82,12.0,0.5,16.24,17.61,20.03,17.91,32.0,1.79,12.0,0.4,78.6,85.8,93.2,86.3,32.0,7.0,12.0,0.4,0.5,0.5,6.23,6.7,12.3,8.16,50.0,2.6,12.0,0.5,-8.64,-6.47,-4.71,-6.32,50.0,1.95,12.0,0.5,2.59,4.5,8.7,4.77,50.0,2.62,12.0,0.5,1012.5,1014.05,1016.26,1014.4,46.0,1.92,12.0,0.5,2.0,2.0,3.2,2.4,50.0,1.2,12.0,0.5,78.6,85.8,93.2,86.3,32.0,7.0,12.0,0.4,0.5,0.5,-87.9,-43.4,-29.4,-55.8,50.0,30.9,12.0,0.5,16.8,31.7,107.0,44.5,50.0,36.8,12.0,0.5,-2.18,-0.4,0.3,-0.58,39.0,1.21,12.0,0.5,-15.8,-3.7,2.4,-4.7,39.0,10.1,12.0,0.5,-1.03,1.83,3.58,1.5,24.0,2.26,10.0,0.5,-9.4,10.3,23.1,11.1,24.0,20.3,10.0,0.5,-217.6,-162.0,-120.3,-162.5,50.0,51.0,12.0,0.5,65.4,113.8,222.7,122.7,50.0,67.6,12.0,0.5,-150.9,-119.0,-77.4,-113.8,32.0,38.9,12.0,0.4,45.1,85.2,131.6,83.6,32.0,41.0,12.0,0.4,-22.1,-7.0,7.8,-8.2,24.0,15.3,10.0,0.5,-5.2,2.5,14.9,6.4,24.0,14.0,10.0,0.5,255.5,301.0,1861.0,711.0,50.0,631.5,12.0,0.5,255.0,300.0,1860.0,710.0,50.0,630.0,12.0,0.5
1887,9,328.3,-1.4,24.7,25.35,25.95,25.3,34.0,0.74,14.0,0.6,25.0,25.6,26.51,25.72,51.0,0.82,14.0,0.5,15.88,17.96,19.22,17.55,34.0,1.43,14.0,0.4,74.6,89.7,94.6,85.8,35.0,8.7,14.0,0.5,0.6,0.5,4.6,6.7,9.3,7.01,53.0,2.16,14.0,0.5,-6.58,-5.07,-3.63,-5.27,53.0,1.84,14.0,0.5,2.37,4.74,6.58,4.33,53.0,2.0,14.0,0.5,1013.2,1014.8,1016.87,1014.85,52.0,1.99,14.0,0.5,1.1,2.0,3.0,2.3,52.0,1.4,14.0,0.5,74.6,89.7,94.6,85.8,35.0,8.7,14.0,0.5,0.6,0.5,-61.2,-36.8,-17.5,-40.3,53.0,22.7,14.0,0.5,11.4,31.7,61.2,33.8,53.0,22.6,14.0,0.5,-1.58,-0.3,0.48,-0.4,34.0,0.98,14.0,0.6,-7.4,-2.0,2.5,-3.0,34.0,6.0,14.0,0.6,0.84,2.09,3.93,2.39,20.0,2.17,12.0,0.5,2.4,10.1,24.7,12.7,20.0,13.0,12.0,0.5,-169.3,-135.0,-91.8,-135.9,51.0,47.6,14.0,0.5,59.7,118.0,168.3,110.9,51.0,52.1,14.0,0.5,-122.2,-99.3,-51.6,-92.2,34.0,38.0,14.0,0.4,43.5,83.6,109.2,77.5,34.0,35.7,14.0,0.4,-17.6,-7.6,1.4,-9.0,20.0,9.6,12.0,0.5,-0.1,5.8,17.5,8.3,20.0,9.5,12.0,0.5,97.5,301.0,804.5,439.5,53.0,350.0,14.0,0.5,95.0,300.0,805.0,440.0,53.0,350.0,14.0,0.5
1887,9,328.3,0.6,24.84,25.5,25.98,25.54,18.0,0.79,16.0,0.5,25.0,25.6,26.55,25.81,31.0,0.88,16.0,0.5,15.97,17.27,18.22,17.22,21.0,1.28,16.0,0.5,76.2,81.3,89.8,82.9,22.0,6.8,16.0,0.5,0.7,0.5,4.6,6.7,9.3,6.78,32.0,1.91,16.0,0.5,-6.58,-5.52,-3.25,-5.16,32.0,1.31,16.0,0.5,2.55,3.79,6.58,4.09,32.0,2.14,16.0,0.5,1013.13,1014.9,1017.67,1015.17,31.0,2.09,16.0,0.5,1.0,2.0,4.1,2.7,32.0,1.6,16.0,0.5,76.2,81.3,89.8,82.9,22.0,6.8,16.0,0.5,0.7,0.5,-61.2,-37.0,-15.0,-37.1,32.0,17.8,16.0,0.5,14.4,25.4,61.2,31.0,32.0,21.5,16.0,0.5,-0.86,-0.5,0.98,-0.16,18.0,1.32,16.0,0.5,-5.9,-2.7,3.7,-2.6,18.0,8.5,16.0,0.5,2.88,3.32,5.48,3.72,11.0,2.25,16.0,0.5,12.2,26.7,34.9,22.7,11.0,13.7,16.0,0.5,-172.6,-141.0,-85.5,-134.1,31.0,37.0,16.0,0.5,61.2,97.0,169.1,105.7,31.0,57.8,16.0,0.5,-110.3,-101.6,-59.5,-92.4,21.0,24.3,16.0,0.5,34.3,70.9,109.7,69.4,21.0,41.7,16.0,0.5,-24.7,-18.9,-10.5,-16.7,11.0,9.2,16.0,0.5,-2.4,18.9,24.7,14.1,11.0,12.1,16.0,0.5,97.5,301.0,804.5,382.5,32.0,283.0,16.0,0.5,95.0,300.0,805.0,385.0,32.0,285.0,16.0,0.5
1887,9,328.3,2.6,24.83,26.7,26.92,26.07,9.0,1.05,18.0,0.7,25.54,26.25,28.48,26.68,16.0,1.43,18.0,0.6,16.82,17.24,17.92,17.28,13.0,0.61,16.0,0.6,69.6,79.2,84.4,78.7,13.0,7.4,16.0,0.6,0.6,0.4,4.6,6.7,6.7,5.79,16.0,1.5,18.0,0.6,-4.74,-4.74,-3.63,-4.41,16.0,1.03,18.0,0.6,1.56,4.74,4.74,3.62,16.0,1.52,18.0,0.6,1013.98,1014.9,1016.6,1015.25,16.0,1.34,18.0,0.6,1.4,2.0,3.0,2.2,16.0,1.0,18.0,0.6,69.6,79.2,84.4,78.7,13.0,7.4,16.0,0.6,0.6,0.4,-31.7,-31.7,-16.7,-26.8,16.0,10.4,18.0,0.6,5.4,31.7,31.7,22.8,16.0,12.0,18.0,0.6,-1.82,-0.3,0.44,-0.53,9.0,1.09,18.0,0.7,-12.2,-1.4,1.1,-4.0,9.0,6.5,18.0,0.7,3.83,4.65,4.8,4.06,6.0,1.55,18.0,0.8,10.4,21.5,32.1,20.6,6.0,12.5,18.0,0.8,-138.4,-123.9,-93.1,-117.7,16.0,28.1,18.0,0.6,40.3,121.3,134.9,97.5,16.0,42.8,18.0,0.6,-83.2,-79.7,-72.3,-75.3,13.0,17.2,16.0,0.6,31.9,79.7,81.8,67.3,13.0,23.1,16.0,0.6,-22.7,-16.0,-8.8,-15.2,6.0,8.2,18.0,0.8,5.5,14.2,22.7,13.7,6.0,9.8,18.0,0.8,97.5,301.0,301.0,227.0,16.0,115.0,18.0,0.6,95.0,300.0,300.0,225.0,16.0,115.0,18.0,0.6
1887,9,328.3,4.6,26.29,26.7,27.04,26.67,3.0,0.55,16.0,0.7,26.7,26.7,28.6,27.37,9.0,1.08,16.0,0.3,16.33,16.73,17.31,17.02,7.0,0.96,16.0,0.1,74.8,75.0,79.6,77.5,7.0,5.0,16.0,0.1,0.3,0.4,6.7,6.7,6.7,6.7,9.0,0.0,16.0,0.3,-4.74,-2.51,-2.51,-3.25,9.0,1.11,16.0,0.3,4.74,6.21,6.21,5.72,9.0,0.74,16.0,0.3,1015.2,1016.3,1017.3,1016.37,9.0,1.03,16.0,0.3,2.0,2.0,3.0,2.4,9.0,0.5,16.0,0.3,74.8,75.0,79.6,77.5,7.0,5.0,16.0,0.1,0.3,0.4,-31.7,-16.8,-16.8,-21.8,9.0,7.5,16.0,0.3,31.7,41.6,41.6,38.3,9.0,4.9,16.0,0.3,-1.85,-1.1,-0.76,-1.3,3.0,0.82,16.0,0.7,-12.4,-7.4,-5.1,-8.7,3.0,5.5,16.0,0.7,2.54,3.58,4.63,3.58,2.0,2.16,16.0,0.5,17.0,24.0,31.0,24.0,2.0,14.5,16.0,0.5,-126.5,-72.5,-67.0,-88.5,9.0,28.6,16.0,0.3,126.5,165.9,177.7,156.9,9.0,23.6,16.0,0.3,-82.0,-42.0,-41.0,-59.7,7.0,23.3,16.0,0.1,81.6,101.4,101.6,94.5,7.0,9.9,16.0,0.1,-12.3,-11.3,-10.2,-11.3,2.0,2.2,16.0,0.5,13.2,20.7,28.3,20.7,2.0,15.6,16.0,0.5,301.0,301.0,301.0,301.0,9.0,0.0,16.0,0.3,300.0,300.0,300.0,300.0,9.0,0.0,16.0,0.3
1887,9,328.3,6.6,27.2,27.2,27.9,27.53,25.0,0.56,12.0,0.5,25.09,27.2,27.8,26.86,33.0,1.49,12.0,0.5,16.93,17.25,17.37,17.17,5.0,0.31,18.0,0.4,74.3,76.0,79.2,76.4,5.0,3.0,18.0,0.4,0.3,0.6,1.0,4.6,6.7,4.46,27.0,2.73,14.0,0.6,-2.51,-1.45,0.0,-1.16,27.0,1.49,14.0,0.6,0.93,4.27,6.21,4.1,27.0,2.65,14.0,0.6,1015.6,1015.9,1017.34,1016.31,10.0,0.94,18.0,0.4,2.0,5.0,6.0,4.2,33.0,2.0,12.0,0.5,74.3,76.0,79.2,76.4,5.0,3.0,18.0,0.4,0.3,0.6,-16.8,-7.9,0.0,-6.8,27.0,9.7,14.0,0.6,0.9,19.6,41.6,25.2,27.0,23.2,14.0,0.6,0.0,1.1,2.3,0.94,25.0,1.31,12.0,0.5,-0.6,1.1,4.8,1.7,19.0,7.6,12.0,0.6,4.93,4.93,4.93,4.93,1.0,0.0,18.0,1.0,33.0,33.0,33.0,33.0,1.0,0.0,18.0,1.0,-69.8,-36.9,0.0,-32.6,27.0,40.7,14.0,0.6,24.5,116.0,172.7,112.4,27.0,72.5,14.0,0.6,-43.6,-43.3,-42.5,-43.1,5.0,0.8,18.0,0.4,105.1,107.1,107.9,106.6,5.0,1.9,18.0,0.4,-12.4,-12.4,-12.4,-12.4,1.0,0.0,18.0,1.0,30.6,30.6,30.6,30.6,1.0,0.0,18.0,1.0,1.0,97.5,301.0,182.0,27.0,206.0,14.0,0.6,0.0,95.0,300.0,180.0,27.0,205.0,14.0,0.6
1887,9,328.3,8.6,26.7,26.7,27.8,27.16,37.0,0.54,18.0,0.6,26.7,27.2,27.8,27.23,52.0,0.8,18.0,0.5,17.89,18.34,19.6,18.58,36.0,0.83,18.0,0.6,79.3,83.7,87.8,83.6,52.0,4.8,18.0,0.5,0.5,0.6,1.0,2.6,4.6,3.05,49.0,2.32,20.0,0.5,-1.01,0.96,4.23,1.08,49.0,2.95,20.0,0.5,-1.8,0.0,2.16,0.06,49.0,2.24,20.0,0.5,1013.52,1016.45,1017.3,1015.56,40.0,2.38,18.0,0.6,2.0,3.0,6.0,3.6,54.0,1.8,18.0,0.6,79.3,83.7,87.8,83.6,52.0,4.8,18.0,0.5,0.5,0.6,-3.2,1.0,19.5,5.3,49.0,20.0,20.0,0.5,-6.8,0.0,5.6,1.9,49.0,15.2,20.0,0.5,-1.1,-0.25,0.6,-0.11,34.0,0.98,18.0,0.6,-2.0,0.0,2.8,0.9,28.0,4.7,18.0,0.6,2.98,4.05,5.34,4.07,19.0,1.29,16.0,0.7,8.2,14.7,34.6,18.7,15.0,12.4,18.0,0.8,-32.6,40.4,115.2,33.7,45.0,81.9,20.0,0.5,-48.9,0.0,20.7,-4.3,45.0,58.5,20.0,0.5,-46.4,42.0,78.1,27.8,31.0,65.9,20.0,0.6,-33.0,-4.0,9.0,1.4,31.0,42.7,20.0,0.6,-9.9,8.3,26.6,8.2,15.0,17.3,18.0,0.8,-7.2,0.0,20.7,3.2,15.0,12.0,18.0,0.8,1.0,17.5,97.5,89.5,49.0,195.5,20.0,0.5,0.0,20.0,95.0,90.0,49.0,195.0,20.0,0.5
1887,9,328.3,10.6,26.7,27.8,27.94,27.44,37.0,0.63,20.0,0.5,26.7,27.15,28.39,27.44,52.0,0.94,20.0,0.5,18.0,19.53,20.43,19.53,40.0,1.11,20.0,0.5,80.4,83.8,89.2,84.9,49.0,4.7,20.0,0.5,0.5,0.4,2.6,4.6,9.3,5.22,44.0,2.56,20.0,0.5,-2.71,0.99,4.23,0.8,44.0,3.07,20.0,0.5,-6.97,-0.61,2.59,-1.62,44.0,4.65,20.0,0.5,1010.77,1016.3,1017.3,1014.48,43.0,3.18,20.0,0.5,2.0,4.0,6.0,3.9,53.0,1.8,20.0,0.5,80.4,83.8,89.2,84.9,49.0,4.7,20.0,0.5,0.5,0.4,-18.2,2.6,19.5,0.5,44.0,20.7,20.0,0.5,-50.4,-1.6,6.7,-14.1,44.0,37.2,20.0,0.5,-0.6,0.0,1.1,-0.03,36.0,0.82,20.0,0.6,-3.3,0.0,3.8,-0.1,29.0,4.3,20.0,0.6,2.11,3.21,3.83,3.12,26.0,0.93,18.0,0.6,6.0,14.8,32.4,18.7,19.0,11.8,20.0,0.7,-79.9,22.0,113.1,18.9,43.0,83.3,20.0,0.5,-200.3,-33.2,63.9,-50.9,43.0,126.9,20.0,0.5,-69.2,16.6,77.2,10.9,31.0,61.2,20.0,0.6,-166.9,-36.0,50.9,-43.9,31.0,99.0,20.0,0.6,-8.1,1.8,12.4,2.8,19.0,10.9,20.0,0.7,-30.4,-5.8,5.5,-9.9,19.0,16.7,20.0,0.7,17.5,97.5,804.5,247.5,44.0,288.0,20.0,0.5,20.0,95.0,805.0,245.0,44.0,290.0,20.0,0.5
1887,9,328.3,12.6,27.2,27.8,27.8,27.64,30.0,0.39,12.0,0.6,26.22,27.8,27.8,27.41,35.0,0.81,14.0,0.6,19.2,19.49,20.27,19.61,22.0,0.49,10.0,0.6,83.8,87.3,91.5,87.0,23.0,4.8,10.0,0.6,0.5,0.5,4.6,6.7,12.3,7.92,27.0,3.52,18.0,0.6,-8.7,-3.25,-1.35,-4.55,27.0,3.08,18.0,0.6,-8.7,-6.58,-3.28,-5.94,27.0,3.15,18.0,0.6,1014.18,1017.6,1018.3,1016.5,28.0,2.17,12.0,0.6,1.0,2.0,4.3,2.7,24.0,1.8,18.0,0.6,83.8,87.3,91.5,87.0,23.0,4.8,10.0,0.6,0.5,0.5,-105.2,-20.4,-8.6,-45.2,27.0,41.8,18.0,0.6,-107.0,-44.1,-15.5,-55.5,27.0,43.8,18.0,0.6,-0.6,0.15,1.34,0.34,30.0,0.81,12.0,0.6,-5.1,0.4,3.4,-0.1,22.0,4.6,16.0,0.5,2.37,3.59,4.06,3.35,17.0,0.75,6.0,0.6,13.7,16.5,39.0,23.2,10.0,14.9,8.0,0.5,-241.8,-88.5,-37.7,-126.7,27.0,87.1,18.0,0.6,-251.4,-182.8,-89.3,-165.3,27.0,88.6,18.0,0.6,-165.4,-89.2,-41.1,-99.1,15.0,59.4,14.0,0.5,-169.4,-165.2,-80.7,-131.6,15.0,51.7,14.0,0.5,-24.7,-7.5,-6.2,-13.1,10.0,12.0,8.0,0.5,-29.7,-14.7,-12.2,-18.8,10.0,9.7,8.0,0.5,97.5,301.0,1861.0,779.5,27.0,760.5,18.0,0.6,95.0,300.0,1860.0,780.0,27.0,760.0,18.0,0.6
1887,9,328.3,14.6,26.7,27.2,27.8,27.17,38.0,0.44,14.0,0.6,26.7,27.2,28.3,27.49,38.0,0.71,14.0,0.6,19.66,19.94,20.27,19.94,8.0,0.32,4.0,0.6,87.3,87.6,91.1,88.0,8.0,2.5,4.0,0.6,0.2,0.1,2.6,4.6,6.7,4.91,34.0,2.59,14.0,0.6,-5.69,-3.96,0.0,-3.23,34.0,2.69,14.0,0.6,-5.55,-2.59,0.31,-2.37,34.0,2.78,14.0,0.6,1015.9,1017.3,1019.3,1017.19,24.0,2.15,12.0,0.6,1.8,4.0,6.0,4.0,31.0,2.5,16.0,0.6,87.3,87.6,91.1,88.0,8.0,2.5,4.0,0.6,0.2,0.1,-38.9,-20.1,0.0,-21.2,34.0,22.0,14.0,0.6,-37.2,-6.7,1.4,-15.9,34.0,21.6,14.0,0.6,-1.1,0.0,0.5,-0.32,38.0,0.72,14.0,0.6,-4.9,0.0,1.2,-1.2,34.0,3.2,14.0,0.6,2.99,3.36,3.59,3.34,8.0,0.33,4.0,0.6,7.8,8.7,9.5,8.7,6.0,0.9,4.0,0.5,-153.2,-106.9,0.0,-88.3,34.0,73.8,14.0,0.6,-147.5,-71.1,8.3,-64.3,34.0,75.5,14.0,0.6,-4.6,0.4,5.4,0.4,6.0,5.4,4.0,0.5,-52.5,-51.6,-50.8,-51.6,6.0,0.9,4.0,0.5,-0.7,0.1,1.0,0.1,6.0,0.9,4.0,0.5,-9.4,-8.7,-7.7,-8.7,6.0,0.9,4.0,0.5,17.5,97.5,301.0,213.5,34.0,258.0,14.0,0.6,20.0,95.0,300.0,215.0,34.0,260.0,14.0,0.6
1887,9,328.3,16.6,,,,,,,,,,,,,,,,,,,,,,,,,,,,,,,,,,,4.6,4.6,6.23,5.02,15.0,0.87,14.0,0.5,-5.53,-4.02,-3.98,-4.36,15.0,0.81,14.0,0.5,-3.2,-2.23,-2.23,-2.44,15.0,0.6,14.0,0.5,1017.6,1019.3,1019.3,1018.77,16.0,0.81,14.0,0.5,,,,,,,,,,,,,,,,,,,,,,,,,,,,,,,,,,,,,,,,,,,,,,,,,,,,,,,,,,,,,,,,,,,,,,,,,,,,,,,,,,,,,,,,,,,,,,,,,,,,,,,,,,,,,,,,,,,,,,,,,,,,,,,,,,
1887,9,328.3,30.6,,,,,,,,,,,,,,,,,,,,,,,,,,,,,,,,,,,0.0,0.0,9.3,3.72,5.0,5.09,14.0,0.8,-6.58,0.0,0.0,-2.63,5.0,3.6,14.0,0.8,-6.58,0.0,0.0,-2.63,5.0,3.6,14.0,0.8,1021.39,1021.8,1023.3,1022.33,3.0,1.47,22.0,0.7,,,,,,,,,,,,,,,,,,,,,,,,,,,,,,,,,,,,,,,,,,,,,,,,,,,,,,,,,,,,,,,,,,,,,,,,,,,,,,,,,,,,,,,,,,,,,,,,,,,,,,,,,,,,,,,,,,,,,,,,,,,,,,,,,,
1887,9,328.3,32.6,,,,,,,,,,,,,,,,,,,,,,,,,,,,,,,,,,,4.25,6.7,9.3,6.4,5.0,3.81,12.0,0.4,-6.58,-4.74,0.96,-3.05,5.0,4.16,12.0,0.4,-6.58,-4.74,2.25,-2.34,5.0,5.47,12.0,0.4,1014.23,1018.15,1022.08,1018.15,2.0,8.13,26.0,0.5,,,,,,,,,,,,,,,,,,,,,,,,,,,,,,,,,,,,,,,,,,,,,,,,,,,,,,,,,,,,,,,,,,,,,,,,,,,,,,,,,,,,,,,,,,,,,,,,,,,,,,,,,,,,,,,,,,,,,,,,,,,,,,,,,,
1887,9,328.3,38.6,17.8,21.1,22.2,20.1,13.0,2.11,16.0,0.7,21.7,22.8,25.33,23.24,13.0,1.62,16.0,0.7,14.24,14.83,15.11,14.7,6.0,0.44,10.0,0.5,74.3,80.3,86.4,80.4,6.0,5.6,10.0,0.5,0.1,0.9,1.0,6.7,10.04,5.89,13.0,4.53,16.0,0.7,-4.69,0.67,2.92,-0.23,13.0,4.22,16.0,0.7,0.74,2.51,9.79,4.33,13.0,4.47,16.0,0.7,1025.23,1037.3,1037.57,1033.84,8.0,6.19,8.0,0.5,2.0,3.0,5.3,3.9,13.0,2.0,16.0,0.7,74.3,80.3,86.4,80.4,6.0,5.6,10.0,0.5,0.1,0.9,-54.0,0.7,10.0,-10.8,13.0,36.1,16.0,0.7,0.7,16.8,98.7,42.9,13.0,55.2,16.0,0.7,-7.21,-2.5,-0.49,-3.14,13.0,3.16,16.0,0.7,-11.7,-7.2,-4.4,-6.0,13.0,7.4,16.0,0.7,-2.75,-2.07,-1.87,-2.21,6.0,0.45,10.0,0.5,-4.5,-2.8,-2.1,-3.2,6.0,1.2,10.0,0.5,-102.4,16.7,65.2,-1.9,13.0,95.7,16.0,0.7,18.5,57.2,212.5,96.2,13.0,96.4,16.0,0.7,9.9,10.1,27.2,16.8,6.0,11.2,10.0,0.5,7.7,11.1,14.6,11.2,6.0,10.3,10.0,0.5,-3.5,-1.8,-1.4,-2.3,6.0,1.2,10.0,0.5,-2.4,-1.8,-1.1,-1.7,6.0,1.4,10.0,0.5,1.0,301.0,1029.0,553.0,13.0,695.0,16.0,0.7,0.0,300.0,1030.0,555.0,13.0,695.0,16.0,0.7
1887,9,328.3,40.6,17.8,21.7,22.8,20.68,38.0,2.19,8.0,0.6,20.07,22.2,23.9,22.27,37.0,1.73,8.0,0.5,14.25,15.65,17.39,15.77,10.0,1.49,10.0,0.6,83.6,86.6,90.7,87.7,10.0,4.4,10.0,0.6,0.6,0.2,2.6,4.6,6.7,4.82,38.0,2.1,8.0,0.6,-2.58,3.67,6.17,2.01,38.0,4.0,8.0,0.6,-2.58,1.28,2.83,0.83,38.0,2.72,8.0,0.6,1029.8,1031.9,1034.2,1031.86,17.0,3.06,10.0,0.6,2.0,4.0,6.1,4.3,38.0,2.1,8.0,0.6,83.6,86.6,90.7,87.7,10.0,4.4,10.0,0.6,0.6,0.2,-6.8,16.9,41.3,15.9,38.0,26.6,8.0,0.6,-7.4,4.9,13.0,5.2,38.0,19.6,8.0,0.6,-5.53,0.0,1.1,-1.51,37.0,3.14,8.0,0.5,-28.3,0.0,4.6,-7.6,37.0,15.9,8.0,0.5,-4.97,-3.62,-2.32,-3.61,10.0,1.33,10.0,0.6,-24.4,-20.1,-8.0,-18.4,10.0,9.9,10.0,0.6,-54.6,89.5,136.1,47.3,37.0,89.8,8.0,0.5,-54.2,29.1,70.9,17.5,37.0,61.4,8.0,0.5,47.2,63.9,71.0,61.3,10.0,19.4,10.0,0.6,-49.3,20.3,48.1,6.9,10.0,52.0,10.0,0.6,-18.3,-15.4,-8.0,-14.6,10.0,7.4,10.0,0.6,-13.8,-2.9,10.5,-2.4,10.0,13.3,10.0,0.6,17.5,97.5,301.0,181.5,38.0,248.0,8.0,0.6,20.0,95.0,300.0,180.0,38.0,250.0,8.0,0.6
1887,9,328.3,42.6,,,,,,,,,,,,,,,,,,,,,,,,,,,,,,,,,,,4.6,5.65,9.01,6.68,8.0,2.82,12.0,0.4,-3.44,-0.26,2.37,0.05,8.0,3.4,12.0,0.4,-2.09,5.53,8.82,4.43,8.0,4.99,12.0,0.4,1021.65,1029.3,1030.46,1026.13,3.0,7.01,20.0,0.0,,,,,,,,,,,,,,,,,,,,,,,,,,,,,,,,,,,,,,,,,,,,,,,,,,,,,,,,,,,,,,,,,,,,,,,,,,,,,,,,,,,,,,,,,,,,,,,,,,,,,,,,,,,,,,,,,,,,,,,,,,,,,,,,,,
1887,9,328.3,44.6,19.57,20.0,20.0,19.83,28.0,0.88,24.0,0.6,17.94,19.4,20.43,19.37,28.0,1.08,24.0,0.6,11.89,13.04,13.56,12.77,23.0,0.87,24.0,0.6,89.4,90.6,95.1,91.7,23.0,3.9,24.0,0.6,0.6,0.7,0.0,2.6,4.57,2.68,20.0,3.18,26.0,0.6,-2.5,0.0,0.0,-0.81,20.0,1.58,26.0,0.6,-0.72,0.0,2.21,1.16,20.0,3.62,26.0,0.6,1026.04,1032.2,1035.07,1031.01,29.0,4.67,24.0,0.6,0.0,2.0,6.0,2.7,15.0,3.0,24.0,0.5,89.4,90.6,95.1,91.7,23.0,3.9,24.0,0.6,0.6,0.7,-6.5,0.0,0.0,-2.5,20.0,5.2,26.0,0.6,-1.8,0.0,10.1,12.8,20.0,38.2,26.0,0.6,-0.9,0.0,2.06,0.46,28.0,1.46,24.0,0.6,-3.0,0.0,0.2,-1.3,19.0,3.4,26.0,0.6,0.67,1.2,2.35,1.46,23.0,0.87,24.0,0.6,0.0,1.8,2.7,1.6,15.0,1.5,24.0,0.5,-52.5,0.0,0.8,-15.1,19.0,31.9,26.0,0.6,-12.7,0.0,50.6,24.6,19.0,69.0,26.0,0.6,-34.4,0.0,2.8,-12.9,15.0,23.2,24.0,0.5,-9.0,0.0,8.2,-1.1,15.0,13.4,24.0,0.5,-2.5,0.0,0.1,-0.6,15.0,2.0,24.0,0.5,-1.2,0.0,0.3,-0.2,15.0,0.9,24.0,0.5,0.0,17.5,96.0,150.0,20.0,440.0,26.0,0.6,0.0,20.0,95.0,150.0,20.0,440.0,26.0,0.6
1887,9,328.3,46.6,,,,,,,,,,,,,,,,,,,,,,,,,,,,,,,,,,,1.0,1.0,2.6,1.64,5.0,0.88,22.0,0.6,-0.71,-0.5,0.0,-0.38,5.0,0.36,22.0,0.6,-2.57,-1.0,-0.71,-1.51,5.0,0.98,22.0,0.6,1032.01,1032.45,1032.89,1032.45,2.0,0.92,26.0,1.0,,,,,,,,,,,,,,,,,,,,,,,,,,,,,,,,,,,,,,,,,,,,,,,,,,,,,,,,,,,,,,,,,,,,,,,,,,,,,,,,,,,,,,,,,,,,,,,,,,,,,,,,,,,,,,,,,,,,,,,,,,,,,,,,,,
1887,9,328.3,48.6,,,,,,,,,,,,,,,,,,,,,,,,,,,,,,,,,,,4.31,6.7,9.73,6.89,19.0,5.2,12.0,0.5,-3.75,-1.72,1.71,-0.45,19.0,5.81,12.0,0.5,-2.31,4.27,8.49,3.88,19.0,5.23,12.0,0.5,1014.45,1018.1,1021.22,1016.55,19.0,8.23,12.0,0.6,,,,,,,,,,,,,,,,,,,,,,,,,,,,,,,,,,,,,,,,,,,,,,,,,,,,,,,,,,,,,,,,,,,,,,,,,,,,,,,,,,,,,,,,,,,,,,,,,,,,,,,,,,,,,,,,,,,,,,,,,,,,,,,,,,
1887,9,328.3,50.6,,,,,,,,,,,,,,,,,,,,,,,,,,,,,,,,,,,0.43,4.65,11.02,5.35,10.0,4.8,12.0,0.4,-0.22,0.0,7.55,2.27,10.0,4.94,12.0,0.4,0.39,3.03,6.7,3.53,10.0,3.3,12.0,0.4,1025.83,1025.9,1025.97,1025.9,2.0,0.14,10.0,0.5,,,,,,,,,,,,,,,,,,,,,,,,,,,,,,,,,,,,,,,,,,,,,,,,,,,,,,,,,,,,,,,,,,,,,,,,,,,,,,,,,,,,,,,,,,,,,,,,,,,,,,,,,,,,,,,,,,,,,,,,,,,,,,,,,,
1887,9,330.3,-35.4,,,,,,,,,,,,,,,,,,,,,,,,,,,,,,,,,,,6.5,6.7,9.59,7.64,13.0,2.48,18.0,0.2,3.41,4.27,7.11,4.99,13.0,2.85,18.0,0.2,-6.77,-4.74,-1.56,-4.68,13.0,3.25,18.0,0.2,1004.31,1014.1,1015.5,1011.54,16.0,6.12,16.0,0.2,,,,,,,,,,,,,,,,,,,,,,,,,,,,,,,,,,,,,,,,,,,,,,,,,,,,,,,,,,,,,,,,,,,,,,,,,,,,,,,,,,,,,,,,,,,,,,,,,,,,,,,,,,,,,,,,,,,,,,,,,,,,,,,,,,
1887,9,330.3,-33.4,14.48,15.6,16.43,15.63,25.0,1.15,18.0,0.6,12.38,13.9,15.11,14.1,32.0,1.81,14.0,0.5,7.7,8.48,8.7,8.31,13.0,0.53,2.0,0.5,83.2,87.6,88.3,85.7,13.0,4.3,2.0,0.5,0.2,0.4,4.6,6.7,12.3,8.97,33.0,5.16,14.0,0.5,-0.81,4.74,11.23,4.94,33.0,6.45,14.0,0.5,-3.72,4.52,8.49,2.96,33.0,5.81,14.0,0.5,1012.4,1014.9,1019.24,1015.45,30.0,3.65,14.0,0.5,3.0,6.0,7.8,5.3,34.0,1.9,14.0,0.6,83.2,87.6,88.3,85.7,13.0,4.3,2.0,0.5,0.2,0.4,-2.3,31.7,138.2,69.1,33.0,104.9,14.0,0.5,-17.1,21.2,132.2,30.8,33.0,76.3,14.0,0.5,0.2,1.3,2.8,1.6,23.0,1.53,18.0,0.6,0.0,9.8,24.1,14.5,23.0,19.6,18.0,0.6,1.61,2.31,3.58,2.67,5.0,1.58,2.0,0.8,5.0,9.6,35.0,20.1,5.0,26.5,2.0,0.8,-12.7,60.2,139.2,67.9,32.0,97.5,14.0,0.5,-54.0,55.5,103.4,33.4,32.0,84.5,14.0,0.5,-25.4,0.0,0.0,-9.9,13.0,23.7,2.0,0.5,0.0,21.5,89.5,33.5,13.0,39.3,2.0,0.5,-7.3,0.0,2.4,-2.4,5.0,8.6,2.0,0.8,-1.6,3.2,30.2,14.9,5.0,29.2,2.0,0.8,97.5,301.0,1861.0,1458.0,33.0,2000.5,14.0,0.5,95.0,300.0,1860.0,1460.0,33.0,2000.0,14.0,0.5
1887,9,330.3,-31.4,16.21,16.85,17.42,16.75,6.0,0.77,26.0,0.7,13.54,15.3,18.64,15.9,9.0,2.34,22.0,0.8,7.27,7.37,7.48,7.37,2.0,0.22,14.0,0.5,72.0,73.9,75.8,73.9,2.0,4.0,14.0,0.5,0.3,0.5,4.6,4.6,6.7,5.7,9.0,2.77,22.0,0.8,0.65,3.25,4.44,2.75,9.0,1.75,22.0,0.8,-4.77,0.97,3.25,0.87,9.0,5.64,22.0,0.8,1017.53,1027.0,1029.16,1023.67,7.0,7.28,22.0,0.7,2.3,4.0,5.0,4.2,9.0,1.9,22.0,0.8,72.0,73.9,75.8,73.9,2.0,4.0,14.0,0.5,0.3,0.5,1.7,15.0,20.4,12.7,9.0,8.5,22.0,0.8,-31.5,2.5,15.0,11.3,9.0,57.0,22.0,0.8,0.07,2.05,2.24,1.27,6.0,1.56,26.0,0.7,0.4,7.4,10.3,4.8,6.0,8.2,26.0,0.7,4.61,4.61,4.61,4.61,1.0,0.0,24.0,0.0,21.2,21.2,21.2,21.2,1.0,0.0,24.0,0.0,9.9,49.8,62.1,44.5,9.0,29.1,22.0,0.8,-81.7,14.8,54.8,7.8,9.0,85.4,22.0,0.8,3.9,12.2,20.6,12.2,2.0,17.3,14.0,0.5,34.7,56.6,78.6,56.6,2.0,45.5,14.0,0.5,15.0,15.0,15.0,15.0,1.0,0.0,24.0,0.0,15.0,15.0,15.0,15.0,1.0,0.0,24.0,0.0,97.5,97.5,301.0,329.5,9.0,582.5,22.0,0.8,95.0,95.0,300.0,330.0,9.0,580.0,22.0,0.8
1887,9,330.3,-29.4,17.92,17.95,17.98,17.95,2.0,0.07,22.0,1.0,14.99,16.5,18.5,16.84,7.0,1.69,22.0,0.7,7.4,7.61,8.03,7.71,4.0,0.5,24.0,0.5,66.4,69.7,72.0,69.3,4.0,3.6,24.0,0.5,0.5,0.6,4.6,6.7,6.7,6.1,7.0,1.02,22.0,0.7,-6.24,-4.74,4.61,-1.86,7.0,4.96,22.0,0.7,-4.74,0.0,4.61,-0.38,7.0,3.95,22.0,0.7,1028.37,1030.1,1030.81,1029.6,5.0,1.57,24.0,0.6,3.0,6.0,7.0,5.6,7.0,1.9,22.0,0.7,66.4,69.7,72.0,69.3,4.0,3.6,24.0,0.5,0.5,0.6,-41.8,-31.7,21.7,-13.9,7.0,31.3,22.0,0.7,-31.7,0.0,21.7,-3.9,7.0,24.7,22.0,0.7,1.55,1.65,1.75,1.65,2.0,0.21,22.0,1.0,7.7,9.5,11.2,9.5,2.0,3.6,22.0,1.0,4.9,4.9,4.9,4.9,1.0,0.0,24.0,1.0,32.8,32.8,32.8,32.8,1.0,0.0,24.0,1.0,-108.2,-71.1,76.5,-31.1,7.0,86.0,22.0,0.7,-87.7,0.0,67.8,-11.9,7.0,66.1,22.0,0.7,-45.7,-37.9,-17.1,-31.7,4.0,22.1,24.0,0.5,-20.9,16.6,34.7,7.3,4.0,35.4,24.0,0.5,-32.8,-32.8,-32.8,-32.8,1.0,0.0,24.0,1.0,0.0,0.0,0.0,0.0,1.0,0.0,24.0,1.0,97.5,301.0,301.0,242.5,7.0,99.5,22.0,0.7,95.0,300.0,300.0,245.0,7.0,100.0,22.0,0.7
1887,9,330.3,-27.4,20.42,20.6,21.1,20.71,15.0,0.47,24.0,0.5,18.9,20.0,21.16,20.03,19.0,1.18,24.0,0.5,12.08,13.57,13.67,12.91,5.0,1.19,26.0,0.6,80.3,87.8,89.1,85.0,5.0,5.7,26.0,0.6,0.6,0.8,9.3,15.4,15.4,12.92,19.0,4.34,24.0,0.5,-9.28,0.0,5.8,-1.83,19.0,7.62,24.0,0.5,-14.44,-9.48,2.18,-8.36,19.0,7.73,24.0,0.5,1016.04,1021.15,1024.42,1020.21,18.0,5.5,24.0,0.5,4.9,6.0,8.0,6.2,19.0,1.6,24.0,0.5,80.3,87.8,89.1,85.0,5.0,5.7,26.0,0.6,0.6,0.8,-175.0,0.0,89.4,-36.3,19.0,110.0,24.0,0.5,-222.4,-146.0,6.9,-133.1,19.0,116.8,24.0,0.5,-0.59,1.1,1.7,0.88,15.0,1.23,24.0,0.5,-7.2,9.5,26.2,10.1,15.0,15.4,24.0,0.5,1.59,1.71,2.94,2.25,3.0,1.1,26.0,0.7,21.9,23.6,53.1,37.1,3.0,25.7,26.0,0.7,-185.0,0.0,124.3,-31.5,19.0,153.2,24.0,0.5,-309.3,-187.9,39.4,-169.6,19.0,157.6,24.0,0.5,-36.7,49.6,71.5,19.4,5.0,73.7,26.0,0.6,-194.8,-181.1,-140.2,-168.4,5.0,33.4,26.0,0.6,-22.1,0.0,5.6,-8.0,3.0,21.5,26.0,0.7,-47.4,-23.6,-20.7,-33.8,3.0,21.4,26.0,0.7,804.5,3652.5,3652.5,2784.5,19.0,1962.0,24.0,0.5,805.0,3650.0,3650.0,2785.0,19.0,1960.0,24.0,0.5
1887,9,330.3,-25.4,20.6,20.85,21.58,21.03,12.0,0.46,18.0,0.7,20.07,21.7,23.38,21.73,15.0,1.47,20.0,0.7,11.2,13.43,13.58,12.44,4.0,2.15,26.0,0.5,76.9,88.3,90.0,83.7,4.0,11.3,26.0,0.5,0.8,0.5,4.6,6.7,9.3,6.83,15.0,1.78,20.0,0.7,-4.27,0.0,3.55,-0.6,15.0,4.36,20.0,0.7,-8.15,-6.17,1.72,-3.76,15.0,4.32,20.0,0.7,1012.21,1018.0,1020.7,1017.43,11.0,5.37,22.0,0.5,2.0,7.0,8.0,5.3,15.0,3.1,20.0,0.7,76.9,88.3,90.0,83.7,4.0,11.3,26.0,0.5,0.8,0.5,-29.6,0.0,28.6,-3.6,15.0,33.2,20.0,0.7,-71.9,-41.3,7.9,-31.3,15.0,33.3,20.0,0.7,-2.25,-0.85,0.05,-1.02,12.0,1.27,18.0,0.7,-17.2,-7.0,0.2,-7.9,12.0,10.6,18.0,0.7,2.17,3.59,5.01,3.59,2.0,2.94,26.0,0.5,16.9,31.4,46.0,31.4,2.0,30.1,26.0,0.5,-93.4,0.0,76.3,-12.8,15.0,92.5,20.0,0.7,-180.0,-129.5,36.5,-84.2,15.0,96.3,20.0,0.7,-26.6,35.5,39.9,8.0,4.0,60.6,26.0,0.5,-83.8,-52.6,12.3,-36.5,4.0,60.8,26.0,0.5,-42.2,-23.5,-4.8,-23.5,2.0,38.8,26.0,0.5,-13.0,-11.5,-10.0,-11.5,2.0,3.1,26.0,0.5,97.5,301.0,804.5,381.0,15.0,278.0,20.0,0.7,95.0,300.0,805.0,380.0,15.0,280.0,20.0,0.7
1887,9,330.3,-23.4,21.7,21.95,23.9,22.25,36.0,0.97,22.0,0.4,20.59,21.7,23.2,21.71,45.0,1.39,20.0,0.4,11.97,13.26,14.83,13.32,15.0,1.49,24.0,0.1,80.3,85.0,88.1,84.3,15.0,3.8,24.0,0.1,0.5,0.7,6.7,6.7,6.7,6.87,40.0,1.85,20.0,0.4,-5.86,-3.58,0.93,-2.23,40.0,3.98,20.0,0.4,-6.05,3.25,6.39,1.16,40.0,5.44,20.0,0.4,1015.11,1024.0,1028.1,1023.04,37.0,5.25,20.0,0.4,2.0,3.0,5.0,3.6,45.0,1.9,20.0,0.4,80.3,85.0,88.1,84.3,15.0,3.8,24.0,0.1,0.5,0.7,-39.3,-19.9,6.2,-13.5,40.0,34.6,20.0,0.4,-40.5,21.8,42.8,3.6,40.0,46.9,20.0,0.4,-0.6,0.6,1.7,0.54,36.0,1.05,22.0,0.4,-6.5,0.9,11.4,2.0,29.0,7.6,20.0,0.4,3.04,4.01,4.87,3.72,13.0,1.37,24.0,0.1,12.3,25.5,32.6,23.5,10.0,9.6,24.0,0.1,-136.8,-59.6,24.8,-45.1,38.0,90.3,20.0,0.4,-143.4,73.9,128.7,19.4,38.0,122.5,20.0,0.4,-84.2,-57.2,89.6,-21.9,12.0,79.5,24.0,0.1,-78.2,46.0,62.0,4.4,12.0,81.5,24.0,0.1,-23.9,-17.9,1.0,-13.3,10.0,12.5,24.0,0.1,-3.8,13.3,25.1,11.9,10.0,14.0,24.0,0.1,301.0,301.0,301.0,403.0,40.0,435.0,20.0,0.4,300.0,300.0,300.0,405.0,40.0,435.0,20.0,0.4
1887,9,330.3,-21.4,21.7,22.45,23.99,22.79,52.0,0.94,20.0,0.5,21.1,22.35,23.9,22.57,70.0,1.52,20.0,0.5,12.65,14.54,15.76,14.01,23.0,1.3,20.0,0.2,81.5,85.0,93.3,85.7,23.0,5.3,20.0,0.2,0.5,0.6,4.6,6.7,9.3,7.02,68.0,2.44,20.0,0.5,-6.51,-4.5,3.75,-2.52,68.0,4.86,20.0,0.5,-6.77,-0.59,3.25,-1.79,68.0,4.76,20.0,0.5,1017.06,1022.0,1026.8,1021.34,59.0,4.32,18.0,0.5,2.0,4.0,6.0,4.3,70.0,2.2,20.0,0.5,81.5,85.0,93.3,85.7,23.0,5.3,20.0,0.2,0.5,0.6,-45.7,-20.7,28.9,-19.4,68.0,41.6,20.0,0.5,-63.3,-3.5,17.5,-19.9,68.0,44.9,20.0,0.5,-1.1,0.6,1.1,0.07,52.0,1.31,20.0,0.5,-10.2,3.4,7.4,-0.5,49.0,9.4,20.0,0.5,1.89,2.15,3.6,2.78,21.0,0.92,20.0,0.2,9.7,15.2,22.4,17.1,19.0,8.3,18.0,0.3,-143.7,-100.0,87.0,-53.3,67.0,110.5,18.0,0.5,-153.9,-15.5,67.0,-45.0,67.0,108.1,18.0,0.5,-81.4,4.2,100.6,4.3,21.0,75.0,20.0,0.2,-90.6,-7.7,47.2,-14.7,21.0,62.2,20.0,0.2,-16.4,1.0,12.7,-2.2,19.0,15.3,18.0,0.3,-12.7,-1.3,11.8,-1.5,19.0,11.6,18.0,0.3,97.5,301.0,804.5,476.0,68.0,499.5,20.0,0.5,95.0,300.0,805.0,475.0,68.0,500.0,20.0,0.5
1887,9,330.3,-19.4,22.37,23.2,23.83,23.17,62.0,0.77,20.0,0.5,21.6,22.35,23.9,22.75,76.0,1.23,18.0,0.5,12.52,14.03,15.05,13.83,32.0,1.31,16.0,0.5,72.8,76.8,87.2,79.4,32.0,7.2,16.0,0.5,0.5,0.5,2.6,6.7,9.3,6.11,79.0,3.01,20.0,0.5,-8.21,-2.6,0.0,-3.66,79.0,3.58,20.0,0.5,-3.42,0.93,6.33,1.06,79.0,4.4,20.0,0.5,1016.55,1020.3,1025.1,1020.73,47.0,3.81,20.0,0.5,2.0,4.0,6.0,3.8,76.0,1.9,18.0,0.5,72.8,76.8,87.2,79.4,32.0,7.2,16.0,0.5,0.5,0.5,-76.4,-16.8,0.0,-29.3,79.0,32.5,20.0,0.5,-19.7,2.6,42.4,12.1,79.0,35.5,20.0,0.5,-0.52,0.5,1.4,0.36,62.0,1.3,20.0,0.5,-1.5,1.8,10.2,2.1,62.0,8.5,20.0,0.5,2.3,3.45,5.6,3.78,25.0,1.66,18.0,0.6,13.5,29.6,52.1,31.5,25.0,18.1,18.0,0.6,-191.3,-58.8,0.4,-79.2,76.0,81.1,18.0,0.5,-99.1,0.0,143.1,20.5,76.0,101.6,18.0,0.5,-110.7,-80.8,-16.2,-70.4,32.0,43.1,16.0,0.5,-1.4,47.5,100.4,37.0,32.0,59.7,16.0,0.5,-44.8,-22.1,-1.8,-22.1,25.0,19.8,18.0,0.6,-0.6,20.0,26.3,15.3,25.0,14.7,18.0,0.6,17.5,301.0,804.5,381.0,79.0,358.5,20.0,0.5,20.0,300.0,805.0,380.0,79.0,360.0,20.0,0.5
1887,9,330.3,-17.4,22.42,23.25,23.6,23.04,34.0,0.64,18.0,0.5,22.02,22.5,23.08,22.59,40.0,0.71,16.0,0.5,13.69,15.03,15.6,14.71,16.0,0.84,10.0,0.5,81.6,89.6,90.7,86.4,16.0,5.1,10.0,0.5,0.4,0.4,4.6,6.7,12.21,7.08,39.0,3.28,18.0,0.4,-9.1,-5.62,-2.54,-6.07,39.0,3.24,18.0,0.4,-3.82,0.0,3.65,0.19,39.0,3.74,18.0,0.4,1016.0,1017.9,1021.12,1018.25,30.0,2.12,16.0,0.4,2.0,5.0,6.0,4.1,41.0,2.2,16.0,0.4,81.6,89.6,90.7,86.4,16.0,5.1,10.0,0.5,0.4,0.4,-106.3,-37.6,-11.8,-52.6,39.0,46.6,18.0,0.4,-18.0,0.0,24.4,5.2,39.0,34.3,18.0,0.4,-0.18,0.5,1.1,0.47,34.0,0.78,18.0,0.5,-1.3,2.5,10.2,3.2,32.0,6.3,18.0,0.5,2.28,2.72,3.05,2.77,12.0,0.52,12.0,0.6,14.8,25.9,33.6,24.6,10.0,8.6,12.0,0.5,-210.2,-125.9,-58.2,-135.6,38.0,74.1,16.0,0.4,-89.5,0.0,85.7,4.6,38.0,86.1,16.0,0.4,-165.6,-91.6,-71.1,-105.8,14.0,44.4,12.0,0.4,-51.5,6.7,89.8,13.6,14.0,58.1,12.0,0.4,-29.7,-19.8,-14.5,-21.3,10.0,8.0,12.0,0.5,-2.9,3.6,16.3,5.8,10.0,11.9,12.0,0.5,97.5,301.0,1828.5,583.0,39.0,653.0,18.0,0.4,95.0,300.0,1830.0,585.0,39.0,655.0,18.0,0.4
1887,9,330.3,-15.4,23.1,23.9,24.4,23.73,20.0,0.74,18.0,0.4,22.85,23.3,24.0,23.25,23.0,0.78,18.0,0.4,15.92,16.1,16.34,16.1,10.0,0.35,12.0,0.2,88.6,90.7,90.7,90.0,10.0,1.6,12.0,0.2,0.5,0.6,6.7,12.3,12.3,10.13,23.0,2.8,18.0,0.4,-12.23,-9.3,-6.38,-9.64,23.0,2.74,18.0,0.4,0.0,1.29,2.56,1.91,23.0,2.61,18.0,0.4,1016.67,1017.45,1019.93,1017.89,18.0,1.49,18.0,0.4,2.5,4.0,5.5,4.0,23.0,1.3,18.0,0.4,88.6,90.7,90.7,90.0,10.0,1.6,12.0,0.2,0.5,0.6,-150.5,-107.0,-42.7,-104.5,23.0,48.8,18.0,0.4,0.0,15.8,17.2,21.5,23.0,31.9,18.0,0.4,0.0,0.5,1.1,0.54,20.0,0.61,18.0,0.4,0.0,3.7,13.5,6.1,20.0,7.0,18.0,0.4,2.31,2.89,2.9,2.62,10.0,0.4,12.0,0.2,21.2,35.6,35.6,30.2,10.0,7.8,12.0,0.2,-288.8,-213.9,-150.6,-224.5,23.0,66.0,18.0,0.4,0.0,30.0,59.3,44.1,23.0,60.9,18.0,0.4,-199.9,-197.0,-168.3,-183.6,10.0,33.2,12.0,0.2,20.1,20.7,21.0,18.7,10.0,6.6,12.0,0.2,-35.4,-35.4,-21.1,-30.1,10.0,7.8,12.0,0.2,2.5,3.7,3.7,3.1,10.0,1.2,12.0,0.2,301.0,1861.0,1861.0,1252.5,23.0,735.5,18.0,0.4,300.0,1860.0,1860.0,1250.0,23.0,735.0,18.0,0.4
1887,9,330.3,-13.4,24.16,24.4,24.42,24.32,13.0,0.29,14.0,0.6,23.18,24.4,24.96,24.14,16.0,0.87,14.0,0.5,16.05,16.57,16.78,16.47,11.0,0.34,14.0,0.5,82.8,87.0,91.2,87.3,11.0,4.5,14.0,0.5,0.6,0.6,7.69,10.8,12.3,10.31,16.0,2.25,14.0,0.5,-12.23,-8.66,-6.58,-9.23,16.0,2.53,14.0,0.5,1.29,1.95,6.58,3.49,16.0,2.89,14.0,0.5,1013.03,1016.6,1018.83,1015.97,15.0,2.4,14.0,0.5,2.0,2.0,4.0,2.9,16.0,1.3,14.0,0.5,82.8,87.0,91.2,87.3,11.0,4.5,14.0,0.5,0.6,0.6,-150.5,-93.6,-51.1,-99.7,16.0,44.6,14.0,0.5,15.8,16.7,61.2,36.5,16.0,33.1,14.0,0.5,-0.66,0.0,0.9,-0.04,13.0,0.74,14.0,0.6,-8.1,0.0,8.4,-1.0,13.0,7.8,14.0,0.6,2.2,2.5,2.73,2.43,11.0,0.37,14.0,0.5,18.4,27.0,31.8,25.9,11.0,7.9,14.0,0.5,-303.0,-201.3,-156.2,-223.9,16.0,66.9,14.0,0.5,31.4,49.0,157.0,82.7,16.0,67.0,14.0,0.5,-202.7,-196.2,-119.8,-166.1,11.0,42.1,14.0,0.5,20.5,21.3,67.3,33.9,11.0,28.0,14.0,0.5,-31.6,-26.8,-16.3,-25.0,11.0,8.3,14.0,0.5,2.9,3.2,9.7,5.1,11.0,4.2,14.0,0.5,492.5,1332.5,1861.0,1238.0,16.0,667.5,14.0,0.5,490.0,1335.0,1860.0,1240.0,16.0,665.0,14.0,0.5
1887,9,330.3,-11.4,24.2,24.4,24.9,24.6,26.0,0.48,12.0,0.5,23.92,24.75,25.84,24.86,30.0,1.04,12.0,0.5,16.75,17.4,17.67,17.3,13.0,0.5,16.0,0.3,82.8,87.0,94.9,88.7,16.0,5.1,14.0,0.4,0.6,0.6,9.3,12.3,12.3,11.0,30.0,2.77,12.0,0.5,-12.23,-8.7,-6.58,-9.42,30.0,3.13,12.0,0.5,1.29,4.77,7.49,4.72,30.0,2.86,12.0,0.5,1013.0,1014.8,1017.9,1015.36,23.0,2.42,16.0,0.4,2.0,3.5,5.4,3.7,30.0,1.5,12.0,0.5,82.8,87.0,94.9,88.7,16.0,5.1,14.0,0.4,0.6,0.6,-150.5,-107.0,-61.2,-110.9,30.0,61.1,12.0,0.5,15.8,51.9,96.1,52.7,30.0,35.1,12.0,0.5,-1.1,-0.05,0.6,-0.23,26.0,1.0,12.0,0.5,-12.4,-0.3,4.8,-3.1,26.0,9.3,12.0,0.5,1.3,1.69,3.03,2.08,13.0,0.91,16.0,0.3,9.3,20.5,46.7,25.4,13.0,16.5,16.0,0.3,-298.5,-217.2,-160.6,-234.9,30.0,80.7,12.0,0.5,31.4,120.2,189.3,118.1,30.0,71.9,12.0,0.5,-258.7,-182.0,-129.4,-184.9,13.0,55.4,16.0,0.3,22.4,27.5,81.2,45.0,13.0,32.7,16.0,0.3,-46.5,-20.4,-8.7,-24.4,13.0,16.8,16.0,0.3,2.1,4.6,10.0,5.2,13.0,3.9,16.0,0.3,804.5,1861.0,1861.0,1568.0,30.0,1029.0,12.0,0.5,805.0,1860.0,1860.0,1570.0,30.0,1030.0,12.0,0.5
1887,9,330.3,-9.4,24.4,25.0,26.09,25.11,33.0,0.68,16.0,0.4,24.02,25.0,26.65,25.34,33.0,1.33,16.0,0.4,17.78,18.17,18.66,18.11,15.0,0.98,12.0,0.6,80.4,86.6,87.2,84.5,16.0,3.4,10.0,0.6,0.3,0.5,6.7,9.3,12.3,9.51,30.0,2.09,16.0,0.4,-9.25,-8.05,-6.43,-8.03,30.0,1.75,16.0,0.4,0.56,4.51,7.42,4.16,30.0,3.21,16.0,0.4,1012.92,1019.0,1020.3,1017.22,29.0,3.29,16.0,0.4,2.0,3.0,4.0,3.1,35.0,1.2,16.0,0.4,80.4,86.6,87.2,84.5,16.0,3.4,10.0,0.6,0.3,0.5,-107.0,-77.6,-43.3,-78.8,30.0,30.5,16.0,0.4,3.8,41.9,79.4,43.2,30.0,38.9,16.0,0.4,-1.84,0.0,1.12,-0.36,31.0,1.56,16.0,0.4,-13.9,3.7,11.2,-2.1,26.0,14.6,16.0,0.3,0.49,1.01,3.26,1.78,15.0,1.48,12.0,0.6,3.1,25.6,31.7,19.8,10.0,16.0,12.0,0.6,-241.4,-201.6,-158.7,-204.1,28.0,49.6,16.0,0.3,6.3,113.9,195.0,105.5,28.0,81.2,16.0,0.3,-170.4,-164.0,-153.9,-162.7,10.0,27.3,12.0,0.6,-17.6,45.0,85.6,34.8,10.0,48.6,12.0,0.6,-31.5,-25.4,-2.8,-18.7,10.0,14.5,12.0,0.6,-3.0,0.0,2.7,2.3,10.0,9.3,12.0,0.6,301.0,804.5,1861.0,978.5,30.0,581.0,16.0,0.4,300.0,805.0,1860.0,980.0,30.0,580.0,16.0,0.4
1887,9,330.3,-7.4,24.4,25.0,25.77,25.23,43.0,0.62,12.0,0.6,25.0,25.6,26.89,25.92,49.0,1.01,12.0,0.6,15.98,18.11,19.53,17.74,33.0,1.52,12.0,0.5,78.6,86.6,91.5,85.2,33.0,6.5,12.0,0.5,0.5,0.5,6.7,9.3,9.3,8.55,43.0,2.13,12.0,0.6,-9.01,-7.8,-5.21,-7.17,43.0,1.95,12.0,0.6,2.04,4.22,5.48,4.18,43.0,2.25,12.0,0.6,1011.0,1016.55,1019.16,1015.84,48.0,3.43,12.0,0.5,2.0,3.0,5.0,3.1,49.0,1.5,12.0,0.6,78.6,86.6,91.5,85.2,33.0,6.5,12.0,0.5,0.5,0.5,-86.0,-72.5,-34.9,-64.8,43.0,28.3,12.0,0.6,9.9,31.7,53.5,38.0,43.0,29.0,12.0,0.6,-1.7,-0.6,0.53,-0.71,43.0,1.24,12.0,0.6,-14.8,-6.5,1.9,-5.1,37.0,9.1,12.0,0.6,1.03,2.83,3.86,2.6,28.0,1.36,12.0,0.6,6.0,16.1,35.9,20.6,22.0,14.3,12.0,0.6,-231.2,-202.4,-133.7,-185.3,43.0,48.6,12.0,0.6,57.2,108.1,139.8,108.3,43.0,57.5,12.0,0.6,-167.6,-138.3,-90.8,-128.8,27.0,42.0,12.0,0.5,17.8,74.3,86.3,66.1,27.0,39.5,12.0,0.5,-30.8,-14.0,-4.7,-17.5,22.0,12.7,12.0,0.6,2.0,4.3,18.0,8.4,22.0,9.7,12.0,0.6,301.0,804.5,804.5,735.5,43.0,489.0,12.0,0.6,300.0,805.0,805.0,735.0,43.0,490.0,12.0,0.6
1887,9,330.3,-5.4,24.4,25.2,26.1,25.2,38.0,0.68,14.0,0.3,24.7,25.6,26.69,25.63,39.0,0.97,14.0,0.3,18.07,18.77,19.58,18.59,19.0,1.23,12.0,0.3,86.2,90.3,95.3,89.5,19.0,4.4,12.0,0.3,0.6,0.3,6.7,8.0,9.3,8.42,36.0,1.99,14.0,0.3,-8.59,-5.92,-5.23,-6.62,36.0,1.95,14.0,0.3,3.15,4.55,6.58,4.89,36.0,1.84,14.0,0.3,1011.79,1013.2,1016.08,1014.04,38.0,2.51,14.0,0.3,1.0,3.0,4.0,3.0,39.0,1.8,14.0,0.3,86.2,90.3,95.3,89.5,19.0,4.4,12.0,0.3,0.6,0.3,-79.9,-39.6,-35.9,-58.5,36.0,31.8,14.0,0.3,21.1,32.1,73.3,43.6,36.0,24.4,14.0,0.3,-1.53,-0.1,0.5,-0.45,38.0,0.98,14.0,0.3,-14.4,0.0,3.4,-3.9,35.0,8.7,14.0,0.3,-0.47,1.36,2.65,1.38,19.0,1.53,12.0,0.3,-5.8,13.1,17.6,8.5,16.0,13.8,12.0,0.3,-217.4,-152.9,-137.3,-169.4,36.0,50.2,14.0,0.3,80.5,110.8,171.0,124.8,36.0,45.7,14.0,0.3,-210.6,-122.2,-109.5,-141.5,16.0,43.4,12.0,0.3,58.2,65.2,116.7,83.3,16.0,27.7,12.0,0.3,-15.6,-10.9,5.0,-7.4,16.0,12.1,12.0,0.3,-2.8,6.9,8.3,4.2,16.0,6.6,12.0,0.3,301.0,552.5,804.5,699.5,36.0,528.0,14.0,0.3,300.0,555.0,805.0,700.0,36.0,530.0,14.0,0.3
1887,9,330.3,-3.4,25.0,25.5,26.1,25.59,26.0,0.65,18.0,0.8,24.7,25.6,26.9,25.79,26.0,1.15,18.0,0.8,18.51,19.15,20.05,19.36,7.0,0.74,12.0,0.9,87.2,87.8,90.4,88.8,7.0,1.8,12.0,0.9,0.4,0.5,6.7,9.3,12.3,9.22,26.0,2.36,18.0,0.8,-9.35,-5.92,-4.74,-6.97,26.0,2.39,18.0,0.8,3.15,4.74,8.63,5.4,26.0,2.73,18.0,0.8,1010.84,1013.0,1016.37,1013.41,21.0,2.48,18.0,0.8,2.0,3.0,4.0,2.8,26.0,1.3,18.0,0.8,87.2,87.8,90.4,88.8,7.0,1.8,12.0,0.9,0.4,0.5,-107.8,-56.8,-33.7,-67.5,26.0,37.1,18.0,0.8,21.1,40.6,81.1,53.7,26.0,37.5,18.0,0.8,-1.0,-0.2,0.51,-0.2,26.0,0.98,18.0,0.8,-9.3,-2.2,3.7,-2.2,26.0,8.3,18.0,0.8,1.1,2.07,2.63,1.8,7.0,0.74,12.0,0.9,7.4,17.6,25.4,16.7,7.0,7.5,12.0,0.9,-252.4,-152.9,-116.1,-181.5,26.0,67.6,18.0,0.8,80.5,121.4,215.8,137.8,26.0,66.4,18.0,0.8,-208.3,-167.5,-109.5,-162.3,7.0,49.1,12.0,0.9,58.2,89.1,110.8,86.3,7.0,26.1,12.0,0.9,-22.4,-15.6,-6.6,-14.8,7.0,6.6,12.0,0.9,3.5,8.3,11.9,7.9,7.0,3.5,12.0,0.9,301.0,804.5,1861.0,935.5,26.0,664.0,18.0,0.8,300.0,805.0,1860.0,935.0,26.0,665.0,18.0,0.8
1887,9,330.3,-1.4,24.4,24.7,26.1,25.02,23.0,0.69,10.0,0.3,24.7,25.6,27.01,25.89,23.0,1.26,10.0,0.3,18.57,19.53,21.27,19.86,15.0,1.61,8.0,0.3,90.3,91.6,95.4,92.2,15.0,3.3,8.0,0.3,0.2,0.6,6.7,6.7,12.3,8.21,23.0,2.69,10.0,0.3,-10.86,-5.55,-4.23,-6.41,23.0,2.83,10.0,0.3,3.44,5.2,5.77,4.85,23.0,1.46,10.0,0.3,1010.7,1012.85,1014.32,1012.54,18.0,1.95,8.0,0.3,2.0,3.0,4.0,3.0,23.0,1.0,10.0,0.3,90.3,91.6,95.4,92.2,15.0,3.3,8.0,0.3,0.2,0.6,-133.6,-39.6,-28.4,-59.5,23.0,43.3,10.0,0.3,21.1,37.2,71.0,42.4,23.0,21.9,10.0,0.3,-2.3,-0.4,0.35,-0.87,23.0,1.46,10.0,0.3,-15.6,-2.7,2.0,-6.0,23.0,10.2,10.0,0.3,-1.81,-0.47,2.46,0.09,15.0,2.34,8.0,0.3,-12.1,-4.3,22.5,3.0,15.0,19.5,8.0,0.3,-278.0,-145.5,-110.9,-166.2,23.0,73.4,10.0,0.3,88.5,131.7,150.7,125.4,23.0,36.5,10.0,0.3,-208.2,-150.6,-99.4,-141.3,15.0,60.3,8.0,0.3,81.5,101.6,110.7,93.9,15.0,22.9,8.0,0.3,-19.9,3.6,9.9,-3.1,15.0,16.6,8.0,0.3,-8.3,-2.4,10.6,0.8,15.0,10.0,8.0,0.3,301.0,301.0,1861.0,728.0,23.0,652.0,10.0,0.3,300.0,300.0,1860.0,730.0,23.0,650.0,10.0,0.3
1887,9,330.3,0.6,24.74,25.6,26.1,25.44,35.0,0.65,12.0,0.5,24.94,25.6,26.7,25.79,35.0,0.92,12.0,0.5,17.04,19.11,19.8,18.5,20.0,1.43,12.0,0.5,84.5,88.7,91.5,88.4,20.0,4.9,12.0,0.5,0.4,0.5,4.6,6.7,6.7,6.27,30.0,1.51,12.0,0.4,-5.55,-4.74,-3.2,-4.36,30.0,1.8,12.0,0.4,2.78,4.74,5.32,4.23,30.0,1.22,12.0,0.4,1010.84,1013.2,1015.84,1013.43,30.0,2.32,10.0,0.5,1.6,2.5,4.0,2.8,36.0,1.6,12.0,0.5,84.5,88.7,91.5,88.4,20.0,4.9,12.0,0.5,0.4,0.5,-37.2,-31.7,-17.6,-29.5,30.0,17.0,12.0,0.4,16.2,31.7,37.2,27.7,30.0,11.5,12.0,0.4,-1.18,-0.45,0.5,-0.37,34.0,0.96,12.0,0.6,-7.8,-0.9,2.6,-2.4,28.0,6.1,12.0,0.5,0.16,1.36,2.77,1.5,19.0,1.45,10.0,0.5,-1.6,3.2,17.0,7.7,13.0,9.6,10.0,0.2,-143.2,-118.9,-75.8,-111.7,29.0,48.2,12.0,0.4,67.3,118.9,138.3,108.3,29.0,32.6,12.0,0.4,-92.6,-74.8,-38.9,-75.4,14.0,33.6,10.0,0.2,63.6,88.9,96.0,81.2,14.0,24.3,10.0,0.2,-14.2,-1.8,1.1,-5.6,13.0,7.5,10.0,0.2,-1.1,2.6,9.4,4.9,13.0,6.2,10.0,0.2,97.5,301.0,301.0,286.0,30.0,188.0,12.0,0.4,95.0,300.0,300.0,285.0,30.0,190.0,12.0,0.4
1887,9,330.3,2.6,25.4,26.5,26.99,26.31,39.0,0.9,16.0,0.5,25.6,26.2,26.89,26.34,39.0,0.77,16.0,0.6,16.24,17.69,19.08,17.85,27.0,1.3,14.0,0.6,76.5,80.8,90.3,83.4,27.0,6.8,14.0,0.6,0.5,0.6,4.6,6.7,9.3,6.18,42.0,2.1,16.0,0.6,-5.79,-3.53,-1.72,-3.7,42.0,2.49,16.0,0.6,2.81,4.24,6.21,4.39,42.0,1.88,16.0,0.6,1012.5,1013.9,1016.3,1014.22,39.0,1.81,14.0,0.6,2.0,2.0,4.5,2.8,42.0,1.5,16.0,0.6,76.5,80.8,90.3,83.4,27.0,6.8,14.0,0.6,0.5,0.6,-48.4,-17.2,-7.9,-25.9,42.0,23.8,16.0,0.6,13.4,22.8,41.6,29.8,42.0,21.0,16.0,0.6,-0.71,0.1,1.1,0.13,36.0,1.08,16.0,0.6,-4.8,0.7,8.2,0.9,36.0,6.9,16.0,0.6,2.11,3.4,5.83,3.74,25.0,2.12,14.0,0.6,11.2,23.5,32.1,21.9,25.0,11.2,14.0,0.6,-149.7,-91.1,-45.2,-95.7,39.0,66.1,16.0,0.6,71.2,108.4,134.1,109.8,39.0,46.2,16.0,0.6,-146.8,-56.4,-25.0,-63.0,27.0,54.7,14.0,0.6,49.8,73.7,105.8,78.6,27.0,32.6,14.0,0.6,-23.5,-8.0,-0.2,-10.5,25.0,10.2,14.0,0.6,8.0,14.4,28.5,16.9,25.0,10.6,14.0,0.6,97.5,301.0,804.5,318.0,42.0,291.0,16.0,0.6,95.0,300.0,805.0,320.0,42.0,290.0,16.0,0.6
1887,9,330.3,4.6,26.5,26.9,27.8,27.14,41.0,0.84,16.0,0.6,26.1,26.7,27.88,26.95,40.0,0.92,16.0,0.6,18.32,19.07,20.13,18.95,31.0,1.24,14.0,0.5,79.6,87.2,91.5,85.3,31.0,5.9,14.0,0.5,0.5,0.5,4.6,6.7,6.7,5.61,43.0,1.58,16.0,0.5,-3.39,-2.51,0.58,-1.37,43.0,2.41,16.0,0.5,2.97,4.6,6.67,4.75,43.0,1.97,16.0,0.5,1011.52,1012.8,1014.58,1013.07,40.0,1.56,14.0,0.6,2.0,3.0,5.2,3.6,44.0,1.8,16.0,0.5,79.6,87.2,91.5,85.3,31.0,5.9,14.0,0.5,0.5,0.5,-17.6,-6.7,3.9,-8.6,43.0,15.7,16.0,0.5,13.1,21.2,44.7,29.1,43.0,17.6,16.0,0.5,-1.1,0.0,1.7,0.22,37.0,1.32,16.0,0.6,-6.3,0.0,10.2,1.3,36.0,7.4,16.0,0.6,1.92,3.28,5.0,3.96,28.0,2.11,14.0,0.6,10.1,18.8,33.5,21.3,28.0,12.3,14.0,0.6,-83.6,-18.3,16.2,-29.7,39.0,62.9,16.0,0.5,63.8,120.5,175.8,122.5,39.0,52.1,16.0,0.5,-56.4,0.0,12.5,-15.2,31.0,39.9,14.0,0.5,66.9,85.0,124.6,91.8,31.0,33.6,14.0,0.5,-8.0,0.0,6.2,-0.2,28.0,7.3,14.0,0.6,7.0,15.1,33.3,19.5,28.0,13.4,14.0,0.6,97.5,301.0,301.0,217.5,43.0,171.5,16.0,0.5,95.0,300.0,300.0,215.0,43.0,170.0,16.0,0.5
1887,9,330.3,6.6,26.7,27.8,27.8,27.28,39.0,0.81,18.0,0.4,25.9,26.7,27.8,26.8,45.0,1.25,18.0,0.5,18.56,20.0,20.48,19.71,27.0,1.32,16.0,0.5,84.3,91.4,95.9,90.0,28.0,6.7,16.0,0.5,0.5,0.5,2.6,4.6,9.3,5.3,43.0,2.68,18.0,0.4,-0.28,1.28,2.62,1.07,43.0,2.02,18.0,0.4,0.7,4.23,8.33,4.25,43.0,3.49,18.0,0.4,1010.0,1012.8,1014.89,1012.61,39.0,2.21,18.0,0.5,3.3,6.0,8.0,5.7,47.0,2.0,18.0,0.5,84.3,91.4,95.9,90.0,28.0,6.7,16.0,0.5,0.5,0.5,-0.7,7.5,18.4,7.6,43.0,12.7,18.0,0.4,0.7,19.5,77.5,30.6,43.0,31.3,18.0,0.4,-0.44,0.5,1.7,0.5,37.0,1.29,18.0,0.4,-1.3,2.1,9.9,2.7,33.0,5.9,18.0,0.4,2.52,3.14,3.96,3.28,20.0,1.27,16.0,0.4,10.0,22.5,28.6,20.4,17.0,9.7,16.0,0.4,0.0,38.5,72.2,35.3,41.0,46.7,18.0,0.4,13.0,113.5,229.2,118.1,41.0,95.6,18.0,0.4,0.0,26.9,54.7,24.6,24.0,40.9,16.0,0.5,3.9,82.0,169.6,81.9,24.0,72.0,16.0,0.5,1.9,6.8,10.1,6.3,17.0,6.0,16.0,0.4,5.2,20.1,26.8,17.2,17.0,12.0,16.0,0.4,17.5,97.5,804.5,262.0,43.0,301.0,18.0,0.4,20.0,95.0,805.0,260.0,43.0,300.0,18.0,0.4
1887,9,330.3,8.6,26.7,26.7,27.8,27.0,50.0,0.52,20.0,0.5,25.6,27.2,28.31,27.22,51.0,1.29,20.0,0.5,18.88,19.45,20.01,19.36,17.0,1.02,14.0,0.4,79.3,83.8,91.5,84.8,38.0,6.2,18.0,0.4,0.5,0.4,1.63,2.6,5.87,3.67,35.0,2.78,20.0,0.5,-0.51,1.18,2.13,1.1,35.0,3.1,20.0,0.5,-1.74,2.32,2.67,1.08,35.0,3.08,20.0,0.5,1011.9,1013.4,1017.6,1013.94,30.0,2.73,18.0,0.5,2.0,4.0,8.0,4.5,50.0,2.6,20.0,0.5,79.3,83.8,91.5,84.8,38.0,6.2,18.0,0.4,0.5,0.4,-0.5,3.1,7.9,6.3,35.0,29.6,20.0,0.5,-4.5,6.0,14.4,6.5,35.0,24.1,20.0,0.5,-1.21,-0.5,1.7,-0.25,50.0,1.53,20.0,0.5,-2.9,-0.7,7.0,2.0,34.0,7.0,20.0,0.5,1.76,2.6,3.86,2.7,16.0,1.36,14.0,0.4,4.3,19.9,35.9,19.7,10.0,15.6,16.0,0.3,-13.6,32.1,58.5,29.2,35.0,80.2,20.0,0.5,-46.2,63.0,70.5,27.7,35.0,82.9,20.0,0.5,7.8,29.4,174.4,49.5,11.0,96.6,16.0,0.3,-23.0,53.3,78.5,41.6,11.0,65.6,16.0,0.3,1.0,4.5,34.3,10.2,10.0,18.3,16.0,0.3,-2.0,8.8,18.5,9.1,10.0,11.5,16.0,0.3,7.5,17.5,220.0,162.5,35.0,372.5,20.0,0.5,10.0,20.0,220.0,160.0,35.0,370.0,20.0,0.5
1887,9,330.3,10.6,27.2,27.2,27.8,27.36,55.0,0.43,14.0,0.6,26.46,27.8,28.9,27.79,56.0,1.29,14.0,0.6,18.83,19.24,19.49,19.2,18.0,0.53,2.0,0.6,83.8,87.3,91.5,87.6,18.0,3.2,2.0,0.6,0.2,0.5,1.0,4.6,6.7,3.8,49.0,2.25,16.0,0.5,-3.25,-0.31,1.18,-0.93,49.0,2.56,16.0,0.5,-4.43,0.0,2.35,-0.44,49.0,3.48,16.0,0.5,1014.07,1015.9,1017.24,1015.72,46.0,1.38,14.0,0.5,2.0,3.5,6.0,3.9,42.0,1.8,18.0,0.5,83.8,87.3,91.5,87.6,18.0,3.2,2.0,0.6,0.2,0.5,-18.0,-0.3,3.4,-6.6,49.0,16.7,16.0,0.5,-20.4,0.0,7.6,-3.9,49.0,21.5,16.0,0.5,-1.7,-0.6,1.1,-0.44,55.0,1.38,14.0,0.6,-7.3,-1.0,4.8,-0.5,48.0,5.3,16.0,0.5,2.36,3.25,3.48,3.07,17.0,0.7,2.0,0.6,8.3,9.1,16.5,11.6,12.0,4.6,2.0,0.6,-88.0,-9.1,32.4,-26.3,49.0,70.7,16.0,0.5,-125.5,0.0,63.5,-12.4,49.0,96.4,16.0,0.5,3.2,23.0,44.5,17.7,13.0,34.0,4.0,0.5,-41.1,44.0,85.9,21.2,13.0,83.6,4.0,0.5,1.7,4.1,8.4,4.4,12.0,4.0,2.0,0.6,-4.7,7.5,16.0,5.7,12.0,9.7,2.0,0.6,1.0,97.5,301.0,116.5,49.0,176.5,16.0,0.5,0.0,95.0,300.0,115.0,49.0,175.0,16.0,0.5
1887,9,330.3,12.6,27.2,27.2,27.71,27.31,29.0,0.3,14.0,0.4,26.7,27.8,28.86,27.64,29.0,1.01,14.0,0.4,18.85,19.22,19.92,19.26,8.0,0.7,6.0,0.3,86.3,91.5,91.5,89.3,8.0,4.2,6.0,0.3,0.5,0.2,4.22,6.7,12.3,7.52,25.0,3.62,16.0,0.4,-9.52,-3.83,-0.85,-4.83,25.0,3.95,16.0,0.4,-7.14,-4.52,-1.13,-4.67,25.0,3.07,16.0,0.4,1014.12,1015.9,1017.6,1015.68,25.0,1.57,14.0,0.4,2.0,3.0,5.9,3.8,27.0,2.0,16.0,0.4,86.3,91.5,91.5,89.3,8.0,4.2,6.0,0.3,0.5,0.2,-100.6,-21.2,-2.8,-48.1,25.0,49.9,16.0,0.4,-76.2,-20.8,-6.4,-41.5,25.0,40.0,16.0,0.4,-1.27,-0.6,0.5,-0.33,29.0,0.97,14.0,0.4,-14.9,-3.7,1.7,-5.5,25.0,8.8,16.0,0.4,2.54,3.15,3.97,3.23,8.0,0.76,6.0,0.3,6.6,8.6,15.5,10.9,6.0,5.9,8.0,0.0,-269.5,-102.2,-22.7,-136.5,25.0,113.3,16.0,0.4,-196.6,-124.5,-32.1,-129.9,25.0,86.4,16.0,0.4,-17.8,-15.0,-12.3,-14.7,6.0,5.9,8.0,0.0,-81.7,-50.7,-48.7,-60.2,6.0,17.7,8.0,0.0,-4.2,-2.3,-1.6,-2.6,6.0,1.6,8.0,0.0,-15.2,-8.0,-6.3,-10.5,6.0,5.8,8.0,0.0,82.0,301.0,1861.0,717.5,25.0,767.5,16.0,0.4,80.0,300.0,1860.0,720.0,25.0,770.0,16.0,0.4
1887,9,330.3,14.6,26.7,26.75,27.09,26.89,14.0,0.29,16.0,0.4,26.6,26.9,27.33,26.99,13.0,0.5,16.0,0.4,18.02,18.32,18.51,18.27,4.0,0.34,16.0,0.5,82.4,82.7,84.2,83.3,4.0,1.6,16.0,0.5,0.8,0.0,6.5,6.7,7.0,7.05,13.0,2.0,16.0,0.5,-1.52,-0.88,0.0,-1.18,13.0,1.71,16.0,0.5,-6.92,-6.7,-6.39,-6.84,13.0,1.65,16.0,0.5,1012.6,1013.9,1014.81,1013.99,13.0,1.13,16.0,0.5,2.0,2.5,4.9,3.4,14.0,2.2,16.0,0.4,82.4,82.7,84.2,83.3,4.0,1.6,16.0,0.5,0.8,0.0,-11.3,-4.0,0.0,-11.1,13.0,20.1,16.0,0.5,-49.0,-44.9,-41.9,-51.2,13.0,29.7,16.0,0.5,-0.24,0.0,0.1,-0.08,13.0,0.32,16.0,0.4,-1.7,0.0,0.7,-0.5,12.0,2.2,18.0,0.4,3.38,3.77,3.92,3.66,4.0,0.36,16.0,0.5,18.8,23.7,26.3,22.6,4.0,4.6,16.0,0.5,-51.7,-11.8,0.0,-31.5,12.0,47.5,18.0,0.4,-202.6,-179.2,-162.0,-185.2,12.0,45.5,18.0,0.4,-23.7,-23.1,-19.2,-21.5,4.0,3.7,16.0,0.5,-121.8,-119.1,-98.9,-110.7,4.0,19.0,16.0,0.5,-5.0,-4.5,-3.6,-4.3,4.0,0.9,16.0,0.5,-25.8,-23.3,-18.5,-22.2,4.0,4.5,16.0,0.5,281.5,301.0,362.0,438.5,13.0,472.5,16.0,0.5,280.0,300.0,360.0,440.0,13.0,475.0,16.0,0.5
1887,9,330.3,16.6,,,,,,,,,,,,,,,,,,,,,,,,,,,,,,,,,,,5.5,9.3,9.8,8.24,10.0,2.49,16.0,0.6,-7.02,-5.48,-4.15,-5.61,10.0,1.98,16.0,0.6,-8.12,-6.1,-4.3,-5.93,10.0,1.93,16.0,0.6,1015.77,1017.6,1019.3,1017.2,7.0,2.37,14.0,0.7,,,,,,,,,,,,,,,,,,,,,,,,,,,,,,,,,,,,,,,,,,,,,,,,,,,,,,,,,,,,,,,,,,,,,,,,,,,,,,,,,,,,,,,,,,,,,,,,,,,,,,,,,,,,,,,,,,,,,,,,,,,,,,,,,,
1887,9,330.3,26.6,,,,,,,,,,,,,,,,,,,,,,,,,,,,,,,,,,,6.7,6.7,6.7,6.7,1.0,0.0,30.0,1.0,-4.74,-4.74,-4.74,-4.74,1.0,0.0,30.0,1.0,-4.74,-4.74,-4.74,-4.74,1.0,0.0,30.0,1.0,1019.0,1019.0,1019.0,1019.0,1.0,0.0,30.0,1.0,,,,,,,,,,,,,,,,,,,,,,,,,,,,,,,,,,,,,,,,,,,,,,,,,,,,,,,,,,,,,,,,,,,,,,,,,,,,,,,,,,,,,,,,,,,,,,,,,,,,,,,,,,,,,,,,,,,,,,,,,,,,,,,,,,
1887,9,330.3,28.6,,,,,,,,,,,,,,,,,,,,,,,,,,,,,,,,,,,6.7,6.7,6.7,6.7,1.0,0.0,28.0,1.0,-3.65,-3.65,-3.65,-3.65,1.0,0.0,28.0,1.0,-5.62,-5.62,-5.62,-5.62,1.0,0.0,28.0,1.0,1021.0,1021.0,1021.0,1021.0,1.0,0.0,28.0,1.0,,,,,,,,,,,,,,,,,,,,,,,,,,,,,,,,,,,,,,,,,,,,,,,,,,,,,,,,,,,,,,,,,,,,,,,,,,,,,,,,,,,,,,,,,,,,,,,,,,,,,,,,,,,,,,,,,,,,,,,,,,,,,,,,,,
1887,9,330.3,32.6,,,,,,,,,,,,,,,,,,,,,,,,,,,,,,,,,,,2.48,4.6,9.3,5.67,7.0,3.73,14.0,0.4,-6.58,0.0,3.3,-1.48,7.0,4.94,14.0,0.4,-6.58,0.0,1.91,-1.84,7.0,4.52,14.0,0.4,1022.78,1023.35,1023.82,1023.3,4.0,0.78,20.0,0.3,,,,,,,,,,,,,,,,,,,,,,,,,,,,,,,,,,,,,,,,,,,,,,,,,,,,,,,,,,,,,,,,,,,,,,,,,,,,,,,,,,,,,,,,,,,,,,,,,,,,,,,,,,,,,,,,,,,,,,,,,,,,,,,,,,
1887,9,330.3,34.6,,,,,,,,,,,,,,,,,,,,,,,,,,,,,,,,,,,3.66,5.95,8.24,5.95,2.0,4.74,12.0,1.0,-5.24,-2.37,0.5,-2.37,2.0,5.95,12.0,1.0,-5.24,-2.37,0.5,-2.37,2.0,5.95,12.0,1.0,1024.8,1024.8,1024.8,1024.8,1.0,0.0,20.0,1.0,,,,,,,,,,,,,,,,,,,,,,,,,,,,,,,,,,,,,,,,,,,,,,,,,,,,,,,,,,,,,,,,,,,,,,,,,,,,,,,,,,,,,,,,,,,,,,,,,,,,,,,,,,,,,,,,,,,,,,,,,,,,,,,,,,
1887,9,330.3,40.6,16.7,20.5,21.7,19.59,25.0,2.08,10.0,0.4,19.2,20.6,21.7,20.48,30.0,1.44,10.0,0.4,14.12,14.55,15.28,14.64,14.0,0.48,12.0,0.5,90.6,92.6,95.7,92.6,14.0,3.8,12.0,0.5,0.5,0.6,1.0,4.6,5.44,4.38,30.0,2.89,10.0,0.4,-2.46,0.0,3.73,0.17,30.0,3.5,10.0,0.4,-4.5,0.0,3.25,-0.03,30.0,3.99,10.0,0.4,1023.91,1025.4,1032.85,1026.88,18.0,3.74,10.0,0.4,2.0,5.0,7.0,4.8,29.0,2.1,10.0,0.4,90.6,92.6,95.7,92.6,14.0,3.8,12.0,0.5,0.5,0.6,-8.5,0.0,17.2,-2.5,30.0,26.4,10.0,0.4,-20.8,0.0,15.0,4.3,30.0,34.1,10.0,0.4,-5.0,0.2,2.4,-0.84,25.0,3.36,10.0,0.4,-7.9,0.0,10.6,-0.4,25.0,12.5,10.0,0.4,-3.55,-2.8,-2.79,-2.98,9.0,0.52,12.0,0.7,-13.8,-3.7,-0.6,-7.5,9.0,7.1,12.0,0.7,-47.2,0.0,79.0,4.1,30.0,72.5,10.0,0.4,-84.2,0.0,67.0,0.9,30.0,78.9,10.0,0.4,-108.5,-3.1,61.9,-10.7,14.0,65.1,12.0,0.5,-23.1,9.9,66.1,11.7,14.0,41.3,12.0,0.5,-12.9,-3.4,0.7,-5.6,9.0,6.6,12.0,0.7,-1.8,0.0,6.9,2.6,9.0,5.1,12.0,0.7,1.0,97.5,178.0,206.5,30.0,388.0,10.0,0.4,0.0,95.0,180.0,205.0,30.0,390.0,10.0,0.4
1887,9,330.3,42.6,,,,,,,,,,,,,,,,,,,,,,,,,,,,,,,,,,,3.04,4.6,8.72,5.51,15.0,2.83,10.0,0.5,-0.49,2.55,4.45,1.43,15.0,4.8,10.0,0.5,-1.59,3.25,4.52,1.84,15.0,3.43,10.0,0.5,1032.24,1032.55,1032.86,1032.55,2.0,0.64,10.0,0.5,,,,,,,,,,,,,,,,,,,,,,,,,,,,,,,,,,,,,,,,,,,,,,,,,,,,,,,,,,,,,,,,,,,,,,,,,,,,,,,,,,,,,,,,,,,,,,,,,,,,,,,,,,,,,,,,,,,,,,,,,,,,,,,,,,
1887,9,330.3,44.6,17.9,18.1,19.4,18.85,20.0,1.82,24.0,0.6,17.2,17.8,18.3,17.81,20.0,1.01,24.0,0.6,11.44,12.17,12.19,11.88,7.0,0.71,26.0,0.7,89.5,95.1,95.1,92.7,7.0,4.2,26.0,0.7,0.5,0.8,0.0,2.6,4.6,3.36,19.0,2.42,24.0,0.6,-1.42,0.0,4.27,1.26,19.0,2.76,24.0,0.6,-4.4,-1.72,0.0,-2.08,19.0,1.99,24.0,0.6,1027.0,1030.25,1033.77,1029.38,22.0,4.99,24.0,0.6,2.0,5.0,8.0,5.3,17.0,2.5,24.0,0.5,89.5,95.1,95.1,92.7,7.0,4.2,26.0,0.7,0.5,0.8,-5.5,0.0,19.6,7.8,19.0,19.5,24.0,0.6,-20.3,-5.9,0.0,-10.6,19.0,12.5,24.0,0.6,0.1,0.6,1.59,1.04,20.0,1.43,24.0,0.6,0.0,1.6,6.1,4.0,17.0,6.8,24.0,0.5,1.09,1.31,1.59,1.33,7.0,0.64,26.0,0.7,5.6,6.6,9.1,7.3,4.0,2.5,26.0,0.8,-16.4,27.5,71.3,28.3,17.0,50.1,24.0,0.5,-79.3,-30.7,0.0,-37.4,17.0,38.2,24.0,0.5,-21.7,-16.1,-10.1,-15.9,4.0,8.1,26.0,0.8,-54.5,-49.7,-45.9,-50.2,4.0,5.0,26.0,0.8,-3.2,-2.3,-1.2,-2.2,4.0,1.2,26.0,0.8,-8.8,-6.2,-5.1,-6.9,4.0,2.5,26.0,0.8,0.0,17.5,97.5,99.5,19.0,185.0,24.0,0.6,0.0,20.0,95.0,100.0,19.0,185.0,24.0,0.6
1887,9,330.3,46.6,,,,,,,,,,,,,,,,,,,,,,,,,,,,,,,,,,,3.23,4.6,4.6,3.93,3.0,1.15,24.0,0.0,-1.65,0.0,0.0,-0.8,3.0,1.39,24.0,0.0,-4.6,-4.6,-2.12,-3.39,3.0,2.09,24.0,0.0,1031.46,1031.6,1031.74,1031.6,2.0,0.28,26.0,0.0,,,,,,,,,,,,,,,,,,,,,,,,,,,,,,,,,,,,,,,,,,,,,,,,,,,,,,,,,,,,,,,,,,,,,,,,,,,,,,,,,,,,,,,,,,,,,,,,,,,,,,,,,,,,,,,,,,,,,,,,,,,,,,,,,,
1887,9,330.3,48.6,,,,,,,,,,,,,,,,,,,,,,,,,,,,,,,,,,,1.0,8.0,15.4,8.26,12.0,6.34,12.0,0.5,-1.16,3.36,14.28,5.27,12.0,7.11,12.0,0.5,-1.75,0.0,5.77,2.49,12.0,5.2,12.0,0.5,1010.13,1013.9,1023.14,1014.54,9.0,7.67,10.0,0.4,,,,,,,,,,,,,,,,,,,,,,,,,,,,,,,,,,,,,,,,,,,,,,,,,,,,,,,,,,,,,,,,,,,,,,,,,,,,,,,,,,,,,,,,,,,,,,,,,,,,,,,,,,,,,,,,,,,,,,,,,,,,,,,,,,
1887,9,330.3,50.6,,,,,,,,,,,,,,,,,,,,,,,,,,,,,,,,,,,2.6,4.6,8.6,5.37,9.0,3.56,14.0,0.2,-1.52,1.72,3.22,1.79,9.0,4.1,14.0,0.2,0.64,4.27,5.78,3.68,9.0,3.07,14.0,0.2,1027.5,1027.5,1027.5,1027.5,1.0,0.0,10.0,0.0,,,,,,,,,,,,,,,,,,,,,,,,,,,,,,,,,,,,,,,,,,,,,,,,,,,,,,,,,,,,,,,,,,,,,,,,,,,,,,,,,,,,,,,,,,,,,,,,,,,,,,,,,,,,,,,,,,,,,,,,,,,,,,,,,,
1887,9,332.3,-33.4,,,,,,,,,,,,,,,,,,,,,,,,,,,,,,,,,,,6.7,6.7,6.7,6.7,1.0,0.0,8.0,0.0,4.74,4.74,4.74,4.74,1.0,0.0,8.0,0.0,4.74,4.74,4.74,4.74,1.0,0.0,8.0,0.0,1016.7,1016.7,1016.7,1016.7,1.0,0.0,8.0,0.0,,,,,,,,,,,,,,,,,,,,,,,,,,,,,,,,,,,,,,,,,,,,,,,,,,,,,,,,,,,,,,,,,,,,,,,,,,,,,,,,,,,,,,,,,,,,,,,,,,,,,,,,,,,,,,,,,,,,,,,,,,,,,,,,,,
1887,9,332.3,-31.4,,,,,,,,,,,,,,,,,,,,,,,,,,,,,,,,,,,1.38,4.6,9.3,5.15,34.0,3.54,18.0,0.6,0.0,2.1,4.46,2.23,34.0,2.03,18.0,0.6,-8.14,-2.9,1.56,-3.06,34.0,4.57,18.0,0.6,1019.4,1022.8,1026.37,1022.67,31.0,3.91,18.0,0.5,,,,,,,,,,,,,,,,,,,,,,,,,,,,,,,,,,,,,,,,,,,,,,,,,,,,,,,,,,,,,,,,,,,,,,,,,,,,,,,,,,,,,,,,,,,,,,,,,,,,,,,,,,,,,,,,,,,,,,,,,,,,,,,,,,
1887,9,332.3,-29.4,18.2,19.0,20.0,19.05,28.0,0.84,28.0,0.5,17.44,18.9,19.96,18.78,29.0,1.27,26.0,0.5,9.73,11.24,11.36,10.85,10.0,0.91,26.0,0.2,75.8,82.3,84.3,81.2,10.0,5.1,26.0,0.2,0.7,0.7,4.6,6.7,17.97,9.28,28.0,6.0,26.0,0.5,-2.04,4.23,8.07,2.88,28.0,5.03,26.0,0.5,-16.25,-2.21,-0.25,-5.88,28.0,7.45,26.0,0.5,1019.59,1022.2,1024.32,1021.6,25.0,2.77,28.0,0.4,1.4,2.0,6.6,3.4,29.0,2.5,26.0,0.5,75.8,82.3,84.3,81.2,10.0,5.1,26.0,0.2,0.7,0.7,-37.3,19.6,70.1,12.3,28.0,69.8,26.0,0.5,-293.1,-16.5,-1.2,-91.7,28.0,138.0,26.0,0.5,-0.21,0.1,1.1,0.24,28.0,0.91,28.0,0.5,0.0,0.5,10.4,2.9,27.0,8.0,28.0,0.5,2.54,3.2,3.7,3.1,10.0,0.79,26.0,0.2,9.3,45.8,61.1,38.0,10.0,26.1,26.0,0.2,-38.5,74.1,149.7,53.5,28.0,96.6,26.0,0.5,-313.1,-43.4,-4.1,-112.6,28.0,142.7,26.0,0.5,-68.7,-21.3,4.4,-26.1,10.0,45.3,26.0,0.2,-213.9,-183.2,-3.7,-137.2,10.0,95.1,26.0,0.2,-20.5,-5.0,1.9,-7.0,10.0,14.7,26.0,0.2,-58.3,-43.8,-1.3,-34.3,10.0,26.7,26.0,0.2,97.5,301.0,5945.5,1872.0,28.0,2608.0,26.0,0.5,95.0,300.0,5945.0,1870.0,28.0,2610.0,26.0,0.5
1887,9,332.3,-27.4,19.13,19.5,21.05,19.88,21.0,0.99,24.0,0.6,17.92,19.1,21.05,19.67,21.0,1.76,24.0,0.6,9.7,9.82,9.99,9.85,4.0,0.17,28.0,0.5,76.3,78.4,80.0,78.2,5.0,2.3,28.0,0.4,1.0,0.5,2.6,3.6,6.7,5.23,20.0,4.76,24.0,0.6,-2.18,0.44,3.63,1.04,20.0,3.28,24.0,0.6,-6.21,0.0,2.59,-1.71,20.0,6.04,24.0,0.6,1013.57,1023.9,1025.8,1021.4,15.0,5.75,26.0,0.5,2.0,3.0,6.8,4.0,21.0,2.0,24.0,0.6,76.3,78.4,80.0,78.2,5.0,2.3,28.0,0.4,1.0,0.5,-5.7,1.9,33.5,15.9,20.0,38.6,24.0,0.6,-41.6,0.0,6.7,-31.5,20.0,89.0,24.0,0.6,-1.11,0.5,1.17,0.2,21.0,1.02,24.0,0.6,-4.4,0.7,3.3,-1.3,20.0,8.3,24.0,0.6,3.66,3.77,4.18,3.91,4.0,0.38,28.0,0.5,6.6,9.5,15.3,10.9,4.0,7.0,28.0,0.5,-38.3,7.9,76.5,21.3,20.0,65.3,24.0,0.6,-139.6,0.0,60.8,-37.4,20.0,124.4,24.0,0.6,-19.7,-11.9,1.8,-9.1,4.0,13.6,28.0,0.5,10.9,16.0,31.7,21.1,4.0,15.8,28.0,0.5,-7.4,-4.4,1.0,-3.2,4.0,5.4,28.0,0.5,4.2,6.0,13.8,8.8,4.0,7.7,28.0,0.5,17.5,57.5,301.0,647.0,20.0,1671.0,24.0,0.6,20.0,55.0,300.0,645.0,20.0,1670.0,24.0,0.6
1887,9,332.3,-25.4,20.0,20.6,20.8,20.47,9.0,0.43,16.0,0.4,19.28,20.9,22.09,20.67,11.0,1.53,18.0,0.4,12.33,12.55,12.6,12.47,3.0,0.21,28.0,0.0,88.6,89.3,89.7,89.2,3.0,0.9,28.0,0.0,0.5,1.0,4.6,6.7,9.3,7.13,11.0,2.4,18.0,0.4,-0.4,1.72,4.35,2.05,11.0,3.46,18.0,0.4,-8.06,1.93,5.47,-0.78,11.0,6.66,18.0,0.4,1018.89,1022.0,1022.81,1021.43,7.0,3.19,20.0,0.3,2.6,7.0,8.0,5.5,11.0,2.9,18.0,0.4,88.6,89.3,89.7,89.2,3.0,0.9,28.0,0.0,0.5,1.0,-1.0,7.9,39.8,18.1,11.0,31.5,18.0,0.4,-75.0,6.3,31.0,-11.2,11.0,54.3,18.0,0.4,-1.54,-0.3,0.9,-0.47,9.0,1.26,16.0,0.4,-14.3,-2.8,3.7,-4.6,9.0,9.2,16.0,0.4,2.24,2.24,2.24,2.24,1.0,0.0,28.0,0.0,10.3,10.3,10.3,10.3,1.0,0.0,28.0,0.0,-7.7,33.8,94.8,44.7,11.0,72.1,18.0,0.4,-176.1,40.4,106.6,-23.9,11.0,138.5,18.0,0.4,0.0,0.0,14.9,7.3,3.0,12.6,28.0,0.0,54.6,56.2,75.2,64.7,3.0,16.8,28.0,0.0,3.9,3.9,3.9,3.9,1.0,0.0,28.0,0.0,9.6,9.6,9.6,9.6,1.0,0.0,28.0,0.0,97.5,301.0,804.5,467.0,11.0,335.5,18.0,0.4,95.0,300.0,805.0,465.0,11.0,335.0,18.0,0.4
1887,9,332.3,-23.4,21.1,21.1,21.56,21.21,16.0,0.37,18.0,0.8,21.27,22.35,23.9,22.4,22.0,1.3,20.0,0.7,13.86,15.01,15.86,14.77,11.0,1.01,22.0,0.7,82.5,86.4,89.3,86.3,11.0,3.0,22.0,0.7,0.7,0.7,6.7,9.3,12.3,8.87,22.0,2.77,20.0,0.7,-5.69,-1.5,2.56,-1.21,22.0,4.06,20.0,0.7,-11.49,-7.82,4.03,-5.48,22.0,6.37,20.0,0.7,1015.0,1018.05,1020.0,1017.85,20.0,3.26,20.0,0.7,2.0,3.0,5.3,3.5,22.0,2.3,20.0,0.7,82.5,86.4,89.3,86.3,11.0,3.0,22.0,0.7,0.7,0.7,-38.1,-16.5,23.8,-14.6,22.0,41.6,20.0,0.7,-141.3,-69.4,27.0,-59.3,22.0,70.5,20.0,0.7,-2.8,-1.25,0.17,-1.24,16.0,1.34,18.0,0.8,-26.0,-11.5,0.7,-12.3,16.0,13.7,18.0,0.8,-0.4,0.38,0.59,0.4,7.0,1.2,22.0,0.9,-3.7,4.4,5.4,3.0,7.0,8.6,22.0,0.9,-117.9,-35.8,61.3,-24.6,22.0,90.0,20.0,0.7,-252.0,-179.2,83.8,-128.3,22.0,142.3,20.0,0.7,-29.3,-22.6,50.7,4.1,11.0,53.5,22.0,0.7,-159.3,-135.1,-10.8,-97.3,11.0,90.6,22.0,0.7,-4.3,-1.0,-0.6,-2.2,7.0,2.7,22.0,0.9,-4.6,3.5,4.2,2.1,7.0,8.1,22.0,0.9,301.0,804.5,1861.0,901.5,22.0,849.0,20.0,0.7,300.0,805.0,1860.0,900.0,22.0,850.0,20.0,0.7
1887,9,332.3,-21.4,21.1,21.75,22.2,21.75,18.0,0.45,20.0,0.5,22.2,22.5,23.99,22.82,18.0,1.03,20.0,0.5,15.01,15.03,15.83,15.34,8.0,0.49,20.0,0.3,86.9,90.7,90.7,89.2,8.0,2.9,20.0,0.3,0.3,0.3,4.6,6.7,9.3,6.5,18.0,2.23,20.0,0.5,-2.8,2.1,4.39,0.76,18.0,4.03,20.0,0.5,-9.05,-4.4,-2.47,-4.89,18.0,2.75,20.0,0.5,1014.22,1017.9,1019.84,1017.47,15.0,2.89,20.0,0.4,1.0,2.0,5.0,2.8,18.0,1.8,20.0,0.5,86.9,90.7,90.7,89.2,8.0,2.9,20.0,0.3,0.3,0.3,-12.9,11.6,28.4,3.3,18.0,29.6,20.0,0.5,-84.2,-30.6,-12.9,-36.5,18.0,29.0,20.0,0.5,-1.79,-1.1,-0.47,-1.07,18.0,0.88,20.0,0.5,-10.6,-6.2,-2.6,-7.0,18.0,5.1,20.0,0.5,0.47,0.47,0.68,0.56,8.0,0.23,20.0,0.3,3.4,4.4,4.7,4.3,8.0,1.4,20.0,0.3,-61.1,47.1,105.8,19.1,18.0,92.6,20.0,0.5,-200.9,-105.8,-55.8,-110.8,18.0,60.1,20.0,0.5,-19.4,48.3,78.3,32.9,8.0,45.6,20.0,0.3,-138.4,-109.1,-72.4,-106.8,8.0,33.1,20.0,0.3,-0.6,1.3,3.4,1.3,8.0,1.9,20.0,0.3,-4.4,-4.3,-2.7,-3.8,8.0,1.3,20.0,0.3,97.5,301.0,804.5,364.0,18.0,299.0,20.0,0.5,95.0,300.0,805.0,365.0,18.0,300.0,20.0,0.5
1887,9,332.3,-19.4,,,,,,,,,,,,,,,,,,,,,,,,,,,,,,,,,,,2.6,4.6,6.7,4.52,25.0,1.78,22.0,0.5,-6.17,-3.25,-1.66,-3.43,25.0,2.21,22.0,0.5,-3.77,-2.18,0.0,-1.88,25.0,1.91,22.0,0.5,1014.01,1016.95,1020.3,1017.22,20.0,2.86,24.0,0.4,,,,,,,,,,,,,,,,,,,,,,,,,,,,,,,,,,,,,,,,,,,,,,,,,,,,,,,,,,,,,,,,,,,,,,,,,,,,,,,,,,,,,,,,,,,,,,,,,,,,,,,,,,,,,,,,,,,,,,,,,,,,,,,,,,
1887,9,332.3,-17.4,,,,,,,,,,,,,,,,,,,,,,,,,,,,,,,,,,,6.7,6.7,9.3,7.09,16.0,1.49,28.0,0.6,-6.65,-6.19,-5.05,-6.14,16.0,1.02,28.0,0.6,-2.62,0.0,5.88,1.03,16.0,3.67,28.0,0.6,1017.57,1018.8,1019.88,1018.74,11.0,1.35,28.0,0.5,,,,,,,,,,,,,,,,,,,,,,,,,,,,,,,,,,,,,,,,,,,,,,,,,,,,,,,,,,,,,,,,,,,,,,,,,,,,,,,,,,,,,,,,,,,,,,,,,,,,,,,,,,,,,,,,,,,,,,,,,,,,,,,,,,
1887,9,332.3,-15.4,23.0,23.65,25.6,24.05,26.0,1.07,26.0,0.4,22.7,23.2,24.0,23.42,25.0,0.89,26.0,0.4,14.7,14.94,15.15,14.91,6.0,0.43,28.0,0.5,77.8,78.9,82.3,79.7,9.0,4.3,28.0,0.4,0.1,0.2,6.7,9.3,9.3,8.13,28.0,1.65,26.0,0.5,-8.62,-7.46,-5.92,-7.23,28.0,1.49,26.0,0.5,1.98,3.15,4.37,3.3,28.0,1.85,26.0,0.5,1016.6,1018.7,1023.8,1019.74,19.0,3.37,26.0,0.5,2.0,3.5,6.0,3.7,26.0,2.1,26.0,0.4,77.8,78.9,82.3,79.7,9.0,4.3,28.0,0.4,0.1,0.2,-80.2,-68.8,-39.6,-60.9,28.0,22.6,26.0,0.5,14.2,21.1,40.6,28.2,28.0,21.4,26.0,0.5,-0.2,0.6,1.12,0.56,25.0,0.68,26.0,0.4,-1.3,5.6,10.4,5.2,25.0,5.8,26.0,0.4,4.54,4.75,5.57,5.01,6.0,0.61,28.0,0.5,30.2,42.2,47.0,40.3,6.0,10.9,28.0,0.5,-200.8,-195.7,-141.3,-170.5,25.0,34.1,26.0,0.4,38.5,76.7,104.8,76.9,25.0,45.3,26.0,0.4,-124.4,-120.1,-80.6,-105.3,6.0,29.4,28.0,0.5,45.9,63.8,66.1,58.5,6.0,10.8,28.0,0.5,-41.5,-37.3,-26.2,-35.2,6.0,10.4,28.0,0.5,15.6,19.8,22.1,19.6,6.0,4.2,28.0,0.5,301.0,804.5,804.5,601.0,28.0,360.0,26.0,0.5,300.0,805.0,805.0,600.0,28.0,360.0,26.0,0.5
1887,9,332.3,-13.4,23.68,24.2,26.1,24.54,31.0,1.03,26.0,0.5,23.0,23.7,25.0,23.86,31.0,0.99,26.0,0.5,15.36,16.1,16.22,15.87,8.0,0.49,26.0,0.6,78.5,82.9,89.5,83.1,9.0,5.5,26.0,0.6,0.7,0.3,6.7,9.3,12.3,9.91,34.0,2.14,26.0,0.5,-10.96,-8.59,-6.21,-8.58,34.0,2.31,26.0,0.5,2.51,5.07,6.58,4.53,34.0,1.87,26.0,0.5,1014.93,1019.3,1022.14,1018.8,24.0,3.51,26.0,0.5,2.0,5.0,6.0,4.4,31.0,1.8,26.0,0.5,78.5,82.9,89.5,83.1,9.0,5.5,26.0,0.6,0.7,0.3,-134.8,-79.9,-41.6,-89.5,34.0,40.3,26.0,0.5,16.8,47.1,68.7,45.9,34.0,23.9,26.0,0.5,-0.02,0.6,1.1,0.68,31.0,0.86,26.0,0.5,-0.2,4.9,13.5,7.4,31.0,10.1,26.0,0.5,4.72,4.82,5.58,5.06,8.0,0.5,26.0,0.6,58.0,59.3,68.6,62.2,8.0,6.2,26.0,0.6,-274.0,-196.3,-148.5,-200.9,31.0,59.5,26.0,0.5,57.4,109.0,150.8,104.4,31.0,45.5,26.0,0.5,-177.8,-176.5,-168.4,-174.3,8.0,15.2,26.0,0.6,85.8,89.9,90.6,82.7,8.0,29.2,26.0,0.6,-59.0,-54.6,-51.7,-55.3,8.0,3.7,26.0,0.6,26.3,26.9,31.2,27.1,8.0,11.2,26.0,0.6,301.0,804.5,1861.0,1104.5,34.0,633.0,26.0,0.5,300.0,805.0,1860.0,1105.0,34.0,635.0,26.0,0.5
1887,9,332.3,-11.4,23.8,24.2,24.59,24.14,14.0,0.44,24.0,0.5,23.21,23.55,24.67,23.75,14.0,0.73,24.0,0.5,18.17,18.33,18.49,18.33,2.0,0.33,12.0,0.5,96.0,96.2,96.4,96.2,2.0,0.4,12.0,0.5,0.5,1.0,6.7,9.3,9.3,8.25,14.0,1.95,24.0,0.5,-9.13,-7.19,-4.74,-7.06,14.0,2.08,24.0,0.5,1.77,4.19,5.07,3.73,14.0,2.01,24.0,0.5,1016.2,1017.05,1018.83,1017.3,12.0,1.38,24.0,0.5,2.0,3.5,5.9,3.7,14.0,1.7,24.0,0.5,96.0,96.2,96.4,96.2,2.0,0.4,12.0,0.5,0.5,1.0,-84.9,-66.8,-31.7,-61.7,14.0,30.4,24.0,0.5,11.8,31.7,47.1,31.7,14.0,22.2,24.0,0.5,0.0,0.45,0.9,0.39,14.0,0.51,24.0,0.5,0.0,3.9,8.2,3.4,14.0,4.5,24.0,0.5,0.39,0.74,1.09,0.74,2.0,0.72,12.0,0.5,3.7,8.5,13.2,8.5,2.0,9.8,12.0,0.5,-214.0,-165.5,-115.2,-167.4,14.0,48.8,24.0,0.5,41.2,101.8,116.9,88.8,14.0,47.8,24.0,0.5,-173.6,-145.5,-117.4,-145.5,2.0,58.2,12.0,0.5,76.2,94.5,112.7,94.5,2.0,37.8,12.0,0.5,-11.1,-7.1,-3.1,-7.1,2.0,8.2,12.0,0.5,2.0,4.6,7.2,4.6,2.0,5.3,12.0,0.5,301.0,804.5,804.5,649.5,14.0,442.5,24.0,0.5,300.0,805.0,805.0,650.0,14.0,445.0,24.0,0.5
1887,9,332.3,-9.4,24.4,24.8,25.17,24.78,28.0,0.49,22.0,0.5,24.4,24.8,25.77,24.89,29.0,1.0,22.0,0.5,18.84,18.84,19.32,19.08,3.0,0.41,10.0,0.0,91.0,95.3,95.3,93.5,5.0,2.5,6.0,0.0,0.6,1.0,6.7,6.7,9.3,7.78,29.0,2.35,22.0,0.5,-8.29,-5.74,-5.62,-6.34,29.0,1.63,22.0,0.5,2.51,3.45,5.79,3.84,29.0,2.94,22.0,0.5,1014.16,1017.0,1019.81,1017.1,26.0,2.76,24.0,0.5,0.4,3.0,6.0,3.0,29.0,2.1,22.0,0.5,91.0,95.3,95.3,93.5,5.0,2.5,6.0,0.0,0.6,1.0,-77.1,-38.5,-37.6,-52.1,29.0,29.8,22.0,0.5,11.5,23.1,60.3,34.9,29.0,40.2,22.0,0.5,-1.1,0.0,0.6,-0.09,28.0,0.91,22.0,0.5,-9.4,0.0,4.0,-1.8,28.0,8.4,22.0,0.5,-0.82,-0.34,-0.34,-0.57,3.0,0.4,10.0,0.0,-7.6,-3.2,-3.2,-5.3,3.0,3.8,10.0,0.0,-207.2,-143.6,-130.1,-158.5,29.0,45.7,22.0,0.5,61.7,84.3,148.2,95.9,29.0,75.5,22.0,0.5,-161.1,-156.1,-156.1,-158.6,3.0,4.2,10.0,0.0,79.6,79.6,79.6,79.6,3.0,0.1,10.0,0.0,2.8,2.8,6.8,4.8,3.0,3.4,10.0,0.0,-3.3,-1.4,-1.4,-2.4,3.0,1.6,10.0,0.0,301.0,301.0,804.5,614.0,29.0,728.5,22.0,0.5,300.0,300.0,805.0,615.0,29.0,730.0,22.0,0.5
1887,9,332.3,-7.4,24.23,24.45,24.93,24.57,24.0,0.42,16.0,0.7,24.2,25.0,26.28,25.22,30.0,1.04,16.0,0.6,19.81,20.9,21.15,20.5,4.0,1.13,10.0,1.0,89.5,93.4,95.4,92.7,6.0,3.1,8.0,1.0,0.5,0.4,6.7,9.3,12.3,9.61,30.0,2.76,14.0,0.7,-8.7,-8.29,-6.19,-7.67,30.0,1.89,14.0,0.7,0.88,4.61,8.7,4.92,30.0,3.71,14.0,0.7,1013.85,1014.4,1015.55,1014.51,23.0,1.18,18.0,0.6,0.4,2.0,3.6,2.1,29.0,1.4,16.0,0.6,89.5,93.4,95.4,92.7,6.0,3.1,8.0,1.0,0.5,0.4,-107.0,-77.1,-41.5,-77.6,30.0,35.4,14.0,0.7,4.0,43.2,107.0,55.7,30.0,45.7,14.0,0.7,-1.2,-0.3,0.25,-0.55,23.0,1.03,16.0,0.7,-15.2,-1.4,2.3,-5.0,22.0,9.9,16.0,0.7,-2.15,-1.81,-0.42,-1.3,3.0,1.35,10.0,1.0,-20.0,-16.8,-3.9,-12.1,3.0,12.5,10.0,1.0,-228.5,-210.5,-148.3,-194.7,29.0,50.5,16.0,0.7,22.4,117.4,226.1,122.2,29.0,93.5,16.0,0.7,-175.3,-173.1,-164.2,-169.9,4.0,9.3,10.0,1.0,83.6,88.2,89.3,86.6,4.0,4.8,10.0,1.0,3.5,15.0,17.8,10.7,3.0,11.2,10.0,1.0,-9.1,-7.6,-1.8,-5.5,3.0,5.7,10.0,1.0,301.0,804.5,1861.0,1091.0,30.0,721.0,14.0,0.7,300.0,805.0,1860.0,1090.0,30.0,720.0,14.0,0.7
1887,9,332.3,-5.4,24.4,25.0,25.6,24.95,23.0,0.52,16.0,0.6,25.0,25.6,26.62,25.76,27.0,1.04,14.0,0.6,16.32,16.85,18.29,17.29,13.0,0.99,12.0,0.6,79.3,82.9,86.6,82.4,13.0,3.1,12.0,0.6,0.1,0.6,6.7,9.3,9.3,8.49,22.0,1.52,14.0,0.6,-8.29,-7.8,-6.58,-7.51,22.0,1.17,14.0,0.6,1.28,4.22,5.07,3.68,22.0,1.76,14.0,0.6,1014.0,1015.75,1017.6,1015.83,26.0,1.93,14.0,0.6,1.1,3.0,3.0,2.4,27.0,1.2,14.0,0.6,79.3,82.9,86.6,82.4,13.0,3.1,12.0,0.6,0.1,0.6,-77.1,-72.5,-44.1,-65.3,22.0,22.0,14.0,0.6,8.6,39.3,47.1,33.4,22.0,19.0,14.0,0.6,-1.45,-0.6,-0.05,-0.83,23.0,0.89,16.0,0.6,-18.6,-5.5,-0.5,-8.3,18.0,9.2,16.0,0.6,1.26,2.69,2.92,2.19,13.0,0.89,12.0,0.6,11.2,12.4,26.1,16.8,8.0,8.9,10.0,0.8,-229.8,-195.4,-162.7,-194.7,22.0,33.3,14.0,0.6,32.3,109.1,131.0,95.8,22.0,46.6,14.0,0.6,-157.2,-151.1,-146.2,-150.8,8.0,15.2,10.0,0.8,74.8,77.4,90.2,81.5,8.0,8.2,10.0,0.8,-20.8,-11.1,-9.9,-14.7,8.0,7.6,10.0,0.8,5.2,5.7,14.4,8.2,8.0,4.9,10.0,0.8,301.0,804.5,804.5,669.5,22.0,361.5,14.0,0.6,300.0,805.0,805.0,670.0,22.0,360.0,14.0,0.6
1887,9,332.3,-3.4,24.4,25.0,25.37,24.98,41.0,0.49,14.0,0.4,24.77,25.5,26.5,25.63,43.0,1.01,12.0,0.4,16.31,17.64,18.25,17.22,22.0,1.03,10.0,0.5,78.5,82.9,86.6,82.6,22.0,3.6,10.0,0.5,0.5,0.5,6.7,9.3,9.3,7.98,35.0,1.42,14.0,0.4,-8.29,-6.21,-4.74,-6.33,35.0,1.68,14.0,0.4,3.54,4.74,5.73,4.63,35.0,1.19,14.0,0.4,1013.54,1015.6,1017.6,1015.55,41.0,1.85,12.0,0.4,2.0,3.0,5.3,3.6,43.0,1.9,12.0,0.4,78.5,82.9,86.6,82.6,22.0,3.6,10.0,0.5,0.5,0.5,-77.1,-41.6,-31.7,-52.4,35.0,21.2,14.0,0.4,25.7,32.4,52.8,37.6,35.0,13.7,14.0,0.4,-1.7,-0.3,0.1,-0.69,41.0,1.13,14.0,0.4,-19.2,-4.0,1.9,-7.7,33.0,11.1,14.0,0.4,0.96,1.55,3.4,2.23,22.0,1.29,10.0,0.5,7.9,12.4,25.9,15.0,16.0,8.4,10.0,0.5,-212.1,-157.8,-117.9,-163.3,35.0,45.9,14.0,0.4,88.2,118.4,149.4,119.1,35.0,32.1,14.0,0.4,-146.2,-133.8,-124.8,-128.4,16.0,25.4,10.0,0.5,74.5,93.4,103.7,90.1,16.0,13.8,10.0,0.5,-15.8,-11.0,-6.4,-11.8,16.0,6.5,10.0,0.5,4.6,6.3,13.6,8.8,16.0,6.0,10.0,0.5,301.0,804.5,804.5,554.0,35.0,263.5,14.0,0.4,300.0,805.0,805.0,555.0,35.0,265.0,14.0,0.4
1887,9,332.3,-1.4,24.5,25.0,25.53,25.01,37.0,0.58,14.0,0.5,24.7,25.5,27.06,25.88,37.0,1.34,14.0,0.5,16.3,17.56,18.82,17.63,10.0,1.21,8.0,0.5,75.7,79.6,83.0,79.8,10.0,3.7,8.0,0.5,0.8,0.2,4.6,6.7,9.3,7.23,33.0,2.04,16.0,0.5,-7.43,-4.74,-3.5,-5.19,33.0,2.17,16.0,0.5,2.16,4.74,5.6,4.33,33.0,2.5,16.0,0.5,1013.0,1014.2,1017.88,1014.84,33.0,2.17,16.0,0.5,2.0,3.0,4.0,2.8,36.0,1.3,14.0,0.5,75.7,79.6,83.0,79.8,10.0,3.7,8.0,0.5,0.8,0.2,-69.1,-33.8,-18.7,-40.4,33.0,24.6,16.0,0.5,9.9,31.7,52.1,33.1,33.0,25.5,16.0,0.5,-2.59,-0.5,0.13,-0.86,37.0,1.32,14.0,0.5,-22.0,-3.3,0.9,-6.7,33.0,10.0,16.0,0.5,0.78,1.66,2.62,1.68,10.0,1.07,8.0,0.5,9.5,15.2,19.7,14.2,8.0,6.2,8.0,0.4,-198.3,-119.4,-87.9,-134.8,33.0,57.7,16.0,0.5,51.4,118.0,152.0,111.7,33.0,62.8,16.0,0.5,-130.7,-120.9,-98.5,-115.7,8.0,15.7,8.0,0.4,74.2,91.1,98.5,87.5,8.0,11.3,8.0,0.4,-15.8,-12.1,-7.6,-11.3,8.0,4.9,8.0,0.4,5.7,9.2,11.9,8.6,8.0,3.8,8.0,0.4,97.5,301.0,804.5,462.5,33.0,309.0,16.0,0.5,95.0,300.0,805.0,465.0,33.0,310.0,16.0,0.5
1887,9,332.3,0.6,24.4,25.35,26.7,25.34,38.0,0.92,24.0,0.6,25.0,25.4,27.28,25.92,38.0,1.27,24.0,0.6,16.27,16.27,16.31,16.35,10.0,0.22,30.0,0.6,82.9,82.9,85.7,83.1,15.0,2.3,30.0,0.5,0.5,0.6,4.6,6.7,9.3,6.68,37.0,2.36,24.0,0.6,-6.1,-3.75,-2.9,-4.19,37.0,1.85,24.0,0.6,2.74,5.06,7.32,4.87,37.0,2.36,24.0,0.6,1015.15,1017.45,1019.0,1016.74,24.0,2.15,26.0,0.8,1.0,3.0,5.0,3.1,38.0,1.7,24.0,0.6,82.9,82.9,85.7,83.1,15.0,2.3,30.0,0.5,0.5,0.6,-56.7,-25.1,-13.9,-30.5,37.0,20.9,24.0,0.6,12.6,33.9,68.0,37.2,37.0,26.1,24.0,0.6,-1.2,-0.6,0.01,-0.58,38.0,0.82,24.0,0.6,-7.4,-4.0,0.0,-3.9,37.0,4.7,24.0,0.6,2.69,2.69,2.69,2.62,10.0,0.23,30.0,0.6,18.0,21.5,25.0,21.0,10.0,4.4,30.0,0.6,-155.3,-102.6,-73.4,-108.2,37.0,46.1,24.0,0.6,73.2,126.4,182.9,124.8,37.0,57.9,24.0,0.6,-99.5,-72.4,-52.8,-76.9,10.0,23.6,30.0,0.6,86.9,95.3,124.7,103.1,10.0,23.0,30.0,0.6,-16.4,-12.0,-8.4,-12.4,10.0,4.2,30.0,0.6,12.2,15.8,20.6,16.6,10.0,4.3,30.0,0.6,97.5,301.0,804.5,403.0,37.0,322.0,24.0,0.6,95.0,300.0,805.0,405.0,37.0,320.0,24.0,0.6
1887,9,332.3,2.6,,,,,,,,,,,,,,,,,,,,,,,,,,,,,,,,,,,2.6,4.6,6.7,5.21,20.0,2.64,20.0,0.3,-4.48,-2.82,-1.71,-3.21,20.0,2.01,20.0,0.3,1.93,3.47,6.16,3.84,20.0,2.25,20.0,0.3,1012.57,1015.9,1017.6,1015.39,13.0,2.32,26.0,0.2,,,,,,,,,,,,,,,,,,,,,,,,,,,,,,,,,,,,,,,,,,,,,,,,,,,,,,,,,,,,,,,,,,,,,,,,,,,,,,,,,,,,,,,,,,,,,,,,,,,,,,,,,,,,,,,,,,,,,,,,,,,,,,,,,,
1887,9,332.3,4.6,26.38,26.7,27.2,26.72,30.0,0.58,18.0,0.5,25.9,26.7,27.2,26.67,30.0,1.06,18.0,0.5,15.92,16.46,17.34,16.57,6.0,0.71,16.0,0.0,77.1,81.0,82.8,80.5,11.0,3.5,20.0,0.3,0.5,0.7,3.8,6.7,9.3,6.63,30.0,2.96,18.0,0.5,-3.37,-1.43,0.71,-1.44,30.0,2.13,18.0,0.5,3.08,5.47,9.24,6.11,30.0,2.98,18.0,0.5,1013.23,1014.15,1015.49,1014.23,16.0,1.39,18.0,0.3,2.0,3.0,5.4,3.4,30.0,2.1,18.0,0.5,77.1,81.0,82.8,80.5,11.0,3.5,20.0,0.3,0.5,0.7,-28.7,-8.3,6.6,-9.4,30.0,18.0,18.0,0.5,12.1,36.7,86.0,48.8,30.0,40.3,18.0,0.5,-0.5,0.0,0.74,0.06,30.0,0.97,18.0,0.5,-4.6,0.0,3.8,0.1,30.0,4.9,18.0,0.5,2.94,4.69,6.52,4.72,6.0,1.76,16.0,0.0,26.0,27.1,30.0,27.5,6.0,2.3,16.0,0.0,-95.5,-38.8,18.8,-39.2,30.0,57.2,18.0,0.5,89.3,145.5,244.2,162.6,30.0,78.1,18.0,0.5,-34.2,-23.1,10.7,-17.1,6.0,24.9,16.0,0.0,67.4,91.8,155.2,105.4,6.0,43.7,16.0,0.0,-12.2,-7.1,2.2,-5.7,6.0,6.6,16.0,0.0,25.0,26.6,27.5,26.3,6.0,1.4,16.0,0.0,65.5,301.0,804.5,460.5,30.0,494.0,18.0,0.5,65.0,300.0,805.0,460.0,30.0,495.0,18.0,0.5
1887,9,332.3,6.6,26.7,26.85,27.8,27.05,88.0,0.49,18.0,0.5,25.7,26.7,28.3,26.86,85.0,1.21,18.0,0.5,17.36,18.12,19.4,18.33,34.0,1.02,16.0,0.5,75.6,80.4,93.7,82.7,39.0,8.1,16.0,0.5,0.4,0.5,4.6,6.7,9.3,5.94,81.0,2.37,16.0,0.5,-1.96,0.0,2.96,0.5,81.0,2.49,16.0,0.5,1.84,4.74,7.34,4.78,81.0,3.44,16.0,0.5,1012.0,1013.85,1016.72,1014.11,60.0,2.08,16.0,0.5,2.0,5.0,8.0,4.9,88.0,2.4,18.0,0.5,75.6,80.4,93.7,82.7,39.0,8.1,16.0,0.5,0.4,0.5,-8.6,0.0,23.8,5.5,81.0,18.6,16.0,0.5,4.8,31.7,70.7,33.8,81.0,31.9,16.0,0.5,-1.6,0.5,1.1,0.19,85.0,1.28,18.0,0.5,-8.3,1.9,6.5,0.2,78.0,8.3,18.0,0.5,2.34,3.72,4.76,3.67,34.0,1.28,16.0,0.5,11.7,21.5,31.1,21.6,30.0,10.1,14.0,0.5,-43.4,0.0,79.3,16.8,78.0,65.7,18.0,0.5,54.2,141.0,214.7,130.3,78.0,95.8,18.0,0.5,-46.2,0.0,48.8,4.8,30.0,39.5,14.0,0.5,9.5,94.7,138.5,78.9,30.0,74.5,14.0,0.5,-7.6,0.0,6.6,0.0,30.0,7.9,14.0,0.5,1.5,21.0,30.2,17.8,30.0,13.8,14.0,0.5,97.5,301.0,804.5,309.0,81.0,325.0,16.0,0.5,95.0,300.0,805.0,310.0,81.0,325.0,16.0,0.5
1887,9,332.3,8.6,26.73,27.4,28.0,27.41,104.0,0.62,16.0,0.5,25.6,26.7,28.3,26.98,111.0,1.43,16.0,0.5,17.52,18.22,19.43,18.51,33.0,1.17,10.0,0.5,79.3,87.6,93.7,86.8,33.0,7.5,10.0,0.5,0.5,0.4,1.0,2.6,6.7,4.2,101.0,2.94,16.0,0.5,-2.0,0.0,3.48,0.79,101.0,2.97,16.0,0.5,-0.86,0.71,6.57,2.08,101.0,3.55,16.0,0.5,1012.29,1013.65,1015.1,1013.58,76.0,1.52,16.0,0.4,2.0,6.0,7.1,4.8,114.0,2.3,16.0,0.5,79.3,87.6,93.7,86.8,33.0,7.5,10.0,0.5,0.5,0.4,-6.3,0.0,20.5,7.2,101.0,22.4,16.0,0.5,-2.2,0.9,44.0,15.7,101.0,28.2,16.0,0.5,-0.8,0.5,1.6,0.42,102.0,1.31,16.0,0.5,-2.9,0.6,7.5,2.2,89.0,6.4,16.0,0.5,2.35,4.15,4.72,3.8,29.0,1.27,8.0,0.5,11.7,24.3,34.2,22.5,22.0,11.0,8.0,0.6,-61.8,3.2,91.6,20.5,98.0,79.7,16.0,0.5,-25.3,19.2,172.8,56.5,98.0,95.8,16.0,0.5,0.0,10.5,86.4,30.8,26.0,46.2,8.0,0.5,-11.1,80.3,133.5,66.8,26.0,73.6,8.0,0.5,0.0,4.6,19.8,8.4,22.0,10.9,8.0,0.6,2.9,14.8,29.6,14.1,22.0,15.9,8.0,0.6,1.0,17.5,301.0,194.5,101.0,288.0,16.0,0.5,0.0,20.0,300.0,195.0,101.0,290.0,16.0,0.5
1887,9,332.3,10.6,26.7,27.2,27.8,27.21,99.0,0.65,16.0,0.5,26.03,27.2,28.3,27.08,110.0,1.12,18.0,0.6,18.05,18.66,19.9,18.94,22.0,0.92,16.0,0.5,80.3,88.8,95.0,88.0,22.0,6.8,16.0,0.5,0.6,0.4,1.0,4.6,6.7,3.89,100.0,2.36,16.0,0.6,-3.42,0.0,2.44,-0.29,100.0,3.2,16.0,0.6,-3.36,-1.02,2.57,-0.66,100.0,3.18,16.0,0.6,1012.22,1013.8,1015.9,1014.07,59.0,2.01,16.0,0.6,2.0,3.0,7.0,3.9,110.0,2.5,16.0,0.5,80.3,88.8,95.0,88.0,22.0,6.8,16.0,0.5,0.6,0.4,-17.8,0.0,9.3,-1.4,100.0,22.2,16.0,0.6,-17.5,-2.6,10.0,-1.6,100.0,22.5,16.0,0.6,-0.95,0.2,1.1,0.2,97.0,1.01,16.0,0.5,-3.4,0.5,5.5,0.9,85.0,4.7,16.0,0.6,0.7,3.3,3.94,2.73,16.0,1.57,16.0,0.4,1.6,15.2,27.2,14.6,11.0,13.7,16.0,0.5,-98.0,0.0,67.6,-9.0,98.0,86.9,16.0,0.6,-92.8,-27.5,69.8,-18.3,98.0,85.7,16.0,0.6,-66.1,0.0,79.6,7.8,17.0,68.9,16.0,0.6,-63.0,-16.7,29.8,-1.1,17.0,64.6,16.0,0.6,-7.7,2.0,23.9,5.2,11.0,15.7,16.0,0.5,-10.6,0.0,6.2,0.7,11.0,12.0,16.0,0.5,1.0,97.5,301.0,132.5,100.0,249.0,16.0,0.6,0.0,95.0,300.0,135.0,100.0,250.0,16.0,0.6
1887,9,332.3,12.6,26.9,27.2,27.8,27.34,97.0,0.62,16.0,0.5,26.1,27.1,28.3,27.17,107.0,1.18,16.0,0.5,18.66,19.72,20.7,19.49,19.0,1.16,16.0,0.5,80.0,85.4,91.6,85.4,19.0,5.5,16.0,0.5,0.7,0.3,1.05,4.6,6.7,4.72,102.0,2.8,16.0,0.5,-6.58,-1.89,0.36,-2.61,102.0,3.49,16.0,0.5,-4.26,-1.13,2.55,-1.0,102.0,3.22,16.0,0.5,1011.97,1013.1,1015.9,1013.55,37.0,1.77,16.0,0.5,1.0,3.0,7.0,3.8,112.0,2.5,16.0,0.5,80.0,85.4,91.6,85.4,19.0,5.5,16.0,0.5,0.7,0.3,-44.1,-8.2,0.4,-19.2,102.0,30.4,16.0,0.5,-31.6,-4.9,8.2,-6.2,102.0,23.0,16.0,0.5,-1.0,0.0,1.1,0.18,96.0,1.17,16.0,0.5,-4.6,0.0,5.1,0.4,88.0,5.8,16.0,0.5,-0.35,2.34,3.95,2.08,10.0,1.96,16.0,0.7,-1.6,4.3,20.1,8.5,10.0,11.5,16.0,0.7,-182.8,-50.3,10.2,-71.8,97.0,96.9,16.0,0.5,-122.7,-35.5,58.4,-32.3,97.0,87.2,16.0,0.5,-62.1,-29.9,-12.8,-33.6,18.0,21.1,16.0,0.5,-90.7,-49.9,31.0,-40.4,18.0,54.7,16.0,0.5,-7.5,-2.6,1.1,-3.3,10.0,4.6,16.0,0.7,-18.6,-3.5,1.1,-7.7,10.0,10.6,16.0,0.7,1.5,97.5,301.0,224.0,102.0,324.0,16.0,0.5,0.0,95.0,300.0,225.0,102.0,325.0,16.0,0.5
1887,9,332.3,14.6,26.8,27.2,27.64,27.2,74.0,0.44,18.0,0.4,26.1,27.2,27.99,27.09,77.0,1.0,18.0,0.5,19.78,19.92,20.88,20.32,3.0,0.88,20.0,0.7,87.1,87.8,91.5,89.2,3.0,3.4,20.0,0.7,0.9,0.3,2.6,4.6,9.3,5.36,74.0,2.77,18.0,0.4,-6.58,-2.93,-0.93,-3.87,74.0,3.01,18.0,0.4,-5.05,0.0,1.99,-1.15,74.0,3.35,18.0,0.4,1011.6,1013.8,1014.68,1013.15,30.0,1.58,20.0,0.5,2.0,4.0,6.0,3.8,78.0,2.2,18.0,0.5,87.1,87.8,91.5,89.2,3.0,3.4,20.0,0.7,0.9,0.3,-44.1,-16.5,-2.6,-27.0,74.0,29.8,18.0,0.4,-37.0,0.0,8.2,-9.9,74.0,24.1,18.0,0.4,-0.6,0.1,0.74,0.12,74.0,0.88,18.0,0.4,-2.8,0.0,3.4,-0.1,70.0,5.0,18.0,0.4,3.35,3.35,3.35,3.35,1.0,0.0,28.0,0.0,31.2,31.2,31.2,31.2,1.0,0.0,28.0,0.0,-175.3,-73.8,-24.8,-101.2,72.0,79.2,18.0,0.4,-144.3,0.0,48.8,-34.9,72.0,90.9,18.0,0.4,-146.4,-94.4,-42.5,-94.4,2.0,107.6,22.0,0.5,-121.5,-101.6,-81.6,-101.6,2.0,41.3,22.0,0.5,-28.7,-28.7,-28.7,-28.7,1.0,0.0,28.0,0.0,-12.2,-12.2,-12.2,-12.2,1.0,0.0,28.0,0.0,17.5,97.5,804.5,277.0,74.0,317.5,18.0,0.4,20.0,95.0,805.0,275.0,74.0,315.0,18.0,0.4
1887,9,332.3,16.6,26.5,26.8,27.2,26.82,46.0,0.47,16.0,0.6,26.1,26.8,27.8,26.88,45.0,0.86,14.0,0.6,17.75,19.32,19.58,18.68,3.0,1.45,28.0,0.7,81.1,82.3,85.7,83.4,3.0,3.5,28.0,0.7,1.0,0.2,6.7,6.7,9.8,7.63,47.0,1.73,16.0,0.6,-8.9,-6.17,-4.27,-6.27,47.0,2.03,16.0,0.6,-6.17,-3.63,0.0,-2.75,47.0,3.25,16.0,0.6,1011.97,1013.35,1014.86,1013.38,18.0,1.68,18.0,0.7,2.0,3.0,6.0,3.6,48.0,2.1,16.0,0.6,81.1,82.3,85.7,83.4,3.0,3.5,28.0,0.7,1.0,0.2,-84.6,-41.3,-27.1,-50.4,47.0,25.5,16.0,0.6,-41.3,-25.1,0.0,-21.8,47.0,28.1,16.0,0.6,-1.0,0.0,0.6,-0.07,45.0,0.76,14.0,0.6,-6.8,0.0,5.1,-0.8,44.0,5.7,14.0,0.6,3.83,4.16,4.86,4.34,3.0,0.78,28.0,0.7,29.8,34.2,34.6,32.3,3.0,3.8,28.0,0.7,-235.6,-156.0,-109.8,-162.7,44.0,51.1,14.0,0.6,-171.7,-94.7,0.0,-77.5,44.0,89.5,14.0,0.6,-125.3,-121.5,-110.2,-117.8,3.0,11.5,28.0,0.7,-103.1,-51.6,-46.8,-74.4,3.0,45.8,28.0,0.7,-30.0,-25.6,-24.6,-27.3,3.0,4.2,28.0,0.7,-20.8,-13.6,-11.7,-16.2,3.0,7.0,28.0,0.7,301.0,301.0,941.0,512.0,47.0,312.5,16.0,0.6,300.0,300.0,940.0,510.0,47.0,315.0,16.0,0.6
1887,9,332.3,18.6,25.9,26.1,26.7,26.26,20.0,0.49,16.0,0.5,25.4,26.15,26.9,26.22,20.0,1.02,16.0,0.5,17.64,17.64,17.64,17.64,1.0,0.0,28.0,0.0,79.7,79.7,79.7,79.7,1.0,0.0,28.0,0.0,1.0,0.0,6.7,6.7,9.71,7.49,21.0,1.81,18.0,0.4,-8.99,-4.74,-3.34,-5.66,21.0,2.68,18.0,0.4,-5.41,-4.74,-3.32,-3.94,21.0,2.24,18.0,0.4,1013.47,1015.0,1015.78,1014.63,12.0,1.2,22.0,0.4,1.0,2.0,3.8,2.3,21.0,1.2,18.0,0.4,79.7,79.7,79.7,79.7,1.0,0.0,28.0,0.0,1.0,0.0,-87.4,-31.7,-18.9,-46.7,21.0,30.5,18.0,0.4,-37.0,-31.7,-20.7,-30.3,21.0,15.1,18.0,0.4,-0.79,0.0,0.8,0.04,20.0,0.96,16.0,0.5,-5.3,0.0,5.0,-0.7,20.0,7.7,16.0,0.5,4.29,4.29,4.29,4.29,1.0,0.0,28.0,0.0,39.9,39.9,39.9,39.9,1.0,0.0,28.0,0.0,-242.4,-124.1,-81.5,-144.6,20.0,72.3,16.0,0.5,-141.9,-120.6,-93.1,-105.4,20.0,58.4,16.0,0.5,-151.0,-151.0,-151.0,-151.0,1.0,0.0,28.0,0.0,-64.1,-64.1,-64.1,-64.1,1.0,0.0,28.0,0.0,-36.7,-36.7,-36.7,-36.7,1.0,0.0,28.0,0.0,-15.6,-15.6,-15.6,-15.6,1.0,0.0,28.0,0.0,301.0,301.0,917.5,489.5,21.0,318.5,18.0,0.4,300.0,300.0,915.0,490.0,21.0,320.0,18.0,0.4
1887,9,332.3,20.6,25.2,25.65,26.15,25.7,12.0,0.48,20.0,0.5,24.83,25.2,25.95,25.41,11.0,0.87,20.0,0.5,14.99,14.99,14.99,14.99,1.0,0.0,30.0,0.0,78.9,78.9,78.9,78.9,1.0,0.0,30.0,0.0,0.5,0.5,6.17,6.7,9.3,7.0,12.0,1.6,20.0,0.5,-6.58,-4.74,-4.36,-5.06,12.0,1.84,20.0,0.5,-5.21,-4.74,-3.98,-4.48,12.0,1.68,20.0,0.5,1015.91,1017.1,1018.51,1017.1,10.0,1.56,22.0,0.5,2.0,2.0,5.0,2.9,12.0,1.3,20.0,0.5,78.9,78.9,78.9,78.9,1.0,0.0,30.0,0.0,0.5,0.5,-61.2,-31.7,-27.5,-37.9,12.0,21.6,20.0,0.5,-39.2,-31.7,-18.3,-31.6,12.0,17.0,20.0,0.5,-0.42,0.4,0.87,0.21,11.0,0.7,20.0,0.5,-2.5,2.7,5.7,1.7,11.0,5.0,20.0,0.5,4.89,4.89,4.89,4.89,1.0,0.0,30.0,0.0,45.4,45.4,45.4,45.4,1.0,0.0,30.0,0.0,-143.3,-119.4,-103.1,-124.4,11.0,44.8,20.0,0.5,-126.9,-119.4,-97.5,-109.4,11.0,40.8,20.0,0.5,-139.4,-139.4,-139.4,-139.4,1.0,0.0,30.0,0.0,0.0,0.0,0.0,0.0,1.0,0.0,30.0,0.0,-45.4,-45.4,-45.4,-45.4,1.0,0.0,30.0,0.0,0.0,0.0,0.0,0.0,1.0,0.0,30.0,0.0,249.0,301.0,804.5,393.0,12.0,259.5,20.0,0.5,250.0,300.0,805.0,395.0,12.0,260.0,20.0,0.5
1887,9,332.3,22.6,24.57,25.0,25.5,25.01,13.0,0.45,22.0,0.5,23.74,24.5,25.88,24.79,13.0,1.31,22.0,0.5,13.75,14.4,15.93,14.77,5.0,1.16,30.0,0.6,73.7,76.7,78.4,76.1,5.0,3.0,30.0,0.6,0.8,0.2,2.6,4.6,9.3,5.58,13.0,2.71,22.0,0.5,-6.95,-3.25,-2.41,-4.67,13.0,2.7,22.0,0.5,-3.54,-0.97,0.0,-2.09,13.0,2.34,22.0,0.5,1016.0,1018.9,1019.65,1017.92,13.0,2.14,22.0,0.5,2.0,2.0,3.1,2.3,13.0,1.2,22.0,0.5,73.7,76.7,78.4,76.1,5.0,3.0,30.0,0.6,0.8,0.2,-63.6,-16.8,-6.3,-32.1,13.0,29.6,22.0,0.5,-19.8,-2.5,0.0,-13.1,13.0,18.8,22.0,0.5,-1.14,0.3,1.4,0.22,13.0,1.17,22.0,0.5,-6.8,1.4,9.3,0.7,13.0,6.9,22.0,0.5,3.87,4.48,5.26,4.55,5.0,0.78,30.0,0.6,30.6,37.1,38.9,34.9,5.0,6.5,30.0,0.6,-183.8,-82.0,-61.8,-116.3,13.0,68.9,22.0,0.5,-87.9,-26.5,0.0,-50.0,13.0,55.2,22.0,0.5,-138.5,-108.6,-66.5,-101.7,5.0,44.5,30.0,0.6,-54.0,0.0,0.0,-24.2,5.0,37.4,30.0,0.6,-38.9,-31.5,-20.5,-29.7,5.0,11.0,30.0,0.6,-21.0,0.0,0.0,-9.6,5.0,15.0,30.0,0.6,17.5,97.5,804.5,288.0,13.0,313.0,22.0,0.5,20.0,95.0,805.0,290.0,13.0,315.0,22.0,0.5
1887,9,332.3,24.6,24.38,24.55,24.9,24.6,6.0,0.25,30.0,0.5,22.84,23.85,24.65,23.87,6.0,1.13,30.0,0.5,13.97,14.2,14.56,14.27,6.0,0.38,30.0,0.5,74.7,77.1,82.1,78.0,6.0,4.1,30.0,0.5,1.0,0.3,2.6,4.6,7.24,5.07,6.0,2.58,30.0,0.5,-7.24,-2.93,-1.81,-4.24,6.0,3.08,30.0,0.5,-3.46,-0.92,0.0,-1.56,6.0,1.87,30.0,0.5,1018.0,1019.0,1019.21,1018.83,6.0,0.75,30.0,0.5,3.0,4.0,4.2,3.8,6.0,0.8,30.0,0.5,74.7,77.1,82.1,78.0,6.0,4.1,30.0,0.5,1.0,0.3,-53.5,-11.4,-6.4,-27.6,6.0,32.5,30.0,0.5,-15.9,-2.4,0.0,-6.6,6.0,8.6,30.0,0.5,-0.13,1.0,1.62,0.73,6.0,1.07,30.0,0.5,-0.2,2.7,8.3,3.3,6.0,5.3,30.0,0.5,4.46,4.94,5.39,4.92,6.0,0.48,30.0,0.5,14.3,21.3,33.3,24.4,6.0,11.9,30.0,0.5,-168.6,-68.5,-43.8,-100.7,6.0,74.0,30.0,0.5,-80.9,-21.4,0.0,-37.6,6.0,46.2,30.0,0.5,-104.2,-40.9,-25.7,-60.4,6.0,43.9,30.0,0.5,-48.8,-12.9,0.0,-22.4,6.0,27.3,30.0,0.5,-33.3,-15.1,-9.6,-20.6,6.0,14.5,30.0,0.5,-16.7,-5.1,0.0,-7.4,6.0,8.6,30.0,0.5,17.5,97.5,405.0,222.5,6.0,303.5,30.0,0.5,20.0,95.0,405.0,220.0,6.0,305.0,30.0,0.5
1887,9,332.3,34.6,,,,,,,,,,,,,,,,,,,,,,,,,,,,,,,,,,,2.48,6.7,6.82,4.94,7.0,3.26,10.0,0.3,-4.83,-2.62,2.41,-1.68,7.0,3.45,10.0,0.3,-6.19,-4.74,0.97,-3.1,7.0,3.57,10.0,0.3,1023.03,1023.3,1024.05,1023.53,3.0,0.78,20.0,0.3,,,,,,,,,,,,,,,,,,,,,,,,,,,,,,,,,,,,,,,,,,,,,,,,,,,,,,,,,,,,,,,,,,,,,,,,,,,,,,,,,,,,,,,,,,,,,,,,,,,,,,,,,,,,,,,,,,,,,,,,,,,,,,,,,,
1887,9,332.3,42.6,15.6,19.4,20.6,18.89,27.0,2.09,10.0,0.6,19.4,20.3,20.92,20.1,30.0,1.22,10.0,0.6,11.78,11.98,12.62,12.15,10.0,0.54,12.0,0.6,80.3,81.1,85.5,82.5,10.0,3.8,12.0,0.6,0.5,0.4,4.6,6.7,9.3,6.61,30.0,2.55,10.0,0.6,-8.03,-1.01,3.99,-1.66,30.0,5.52,10.0,0.6,-5.33,2.57,3.75,0.55,30.0,4.25,10.0,0.6,1024.0,1024.0,1030.61,1026.18,16.0,3.1,12.0,0.6,2.0,4.0,8.0,4.4,29.0,2.5,10.0,0.6,80.3,81.1,85.5,82.5,10.0,3.8,12.0,0.6,0.5,0.4,-76.3,-1.8,20.1,-14.7,30.0,45.8,10.0,0.6,-30.0,11.8,29.6,3.0,30.0,35.1,10.0,0.6,-5.0,0.0,0.6,-1.24,27.0,2.44,10.0,0.6,-33.5,0.0,3.4,-10.7,27.0,19.5,10.0,0.6,-1.84,-1.1,-0.86,-1.39,7.0,0.62,12.0,0.7,-17.1,-8.1,-7.2,-11.8,7.0,6.6,12.0,0.7,-163.2,-17.8,85.0,-33.3,30.0,113.2,10.0,0.6,-103.4,51.4,77.2,12.4,30.0,84.9,10.0,0.6,-108.1,-89.1,-66.4,-87.9,10.0,20.4,12.0,0.6,33.3,39.0,47.7,40.9,10.0,10.2,12.0,0.6,6.6,7.6,16.0,10.8,7.0,5.8,12.0,0.7,-6.0,-3.1,-2.5,-4.7,7.0,3.4,12.0,0.7,97.5,301.0,804.5,405.5,30.0,333.5,10.0,0.6,95.0,300.0,805.0,405.0,30.0,335.0,10.0,0.6
1887,9,332.3,44.6,17.99,18.85,20.37,19.19,16.0,1.73,16.0,0.5,16.1,17.5,19.19,17.64,16.0,1.46,16.0,0.5,9.47,9.66,10.23,9.83,5.0,0.43,26.0,0.4,84.0,84.7,87.9,85.6,5.0,2.1,26.0,0.4,0.3,0.8,2.6,4.6,6.7,4.69,17.0,2.96,18.0,0.5,-2.96,0.21,3.43,0.44,17.0,3.69,18.0,0.5,-5.88,-2.58,0.21,-2.67,17.0,3.28,18.0,0.5,1024.38,1030.0,1032.9,1029.13,12.0,4.58,24.0,0.4,2.0,6.0,7.0,4.8,18.0,2.2,18.0,0.4,84.0,84.7,87.9,85.6,5.0,2.1,26.0,0.4,0.3,0.8,-13.6,0.2,19.8,7.6,17.0,33.0,18.0,0.5,-39.4,-6.7,1.2,-17.7,17.0,30.8,18.0,0.5,0.11,1.1,2.51,1.55,16.0,1.95,16.0,0.5,0.1,2.8,13.1,7.5,14.0,12.3,16.0,0.6,2.58,2.95,3.23,2.91,5.0,0.38,26.0,0.4,11.4,12.4,13.9,12.6,3.0,1.8,26.0,0.7,-52.5,7.0,67.5,4.3,14.0,69.9,16.0,0.6,-107.8,-60.6,24.1,-46.7,14.0,63.6,16.0,0.6,-30.6,-29.9,-18.9,-24.8,3.0,9.6,26.0,0.7,-40.5,-36.8,-36.0,-38.2,3.0,3.5,26.0,0.7,-7.7,-7.0,-5.3,-6.5,3.0,1.8,26.0,0.7,-12.5,-9.5,-8.7,-10.6,3.0,2.9,26.0,0.7,17.5,97.5,301.0,244.0,17.0,462.5,18.0,0.5,20.0,95.0,300.0,245.0,17.0,460.0,18.0,0.5
1887,9,332.3,46.6,,,,,,,,,,,,,,,,,,,,,,,,,,,,,,,,,,,12.3,12.3,12.3,12.3,1.0,0.0,28.0,1.0,4.81,4.81,4.81,4.81,1.0,0.0,28.0,1.0,-11.32,-11.32,-11.32,-11.32,1.0,0.0,28.0,1.0,1030.0,1030.0,1030.0,1030.0,1.0,0.0,28.0,1.0,,,,,,,,,,,,,,,,,,,,,,,,,,,,,,,,,,,,,,,,,,,,,,,,,,,,,,,,,,,,,,,,,,,,,,,,,,,,,,,,,,,,,,,,,,,,,,,,,,,,,,,,,,,,,,,,,,,,,,,,,,,,,,,,,,
1887,9,332.3,48.6,,,,,,,,,,,,,,,,,,,,,,,,,,,,,,,,,,,1.11,4.65,11.02,6.44,10.0,6.11,18.0,0.5,-0.97,0.0,7.54,2.93,10.0,6.09,18.0,0.5,-8.5,-1.31,2.41,-2.8,10.0,5.29,18.0,0.5,1010.9,1024.6,1029.21,1020.37,7.0,8.55,18.0,0.6,,,,,,,,,,,,,,,,,,,,,,,,,,,,,,,,,,,,,,,,,,,,,,,,,,,,,,,,,,,,,,,,,,,,,,,,,,,,,,,,,,,,,,,,,,,,,,,,,,,,,,,,,,,,,,,,,,,,,,,,,,,,,,,,,,
1887,9,332.3,50.6,,,,,,,,,,,,,,,,,,,,,,,,,,,,,,,,,,,1.0,6.7,15.4,7.48,32.0,5.72,12.0,0.5,-5.77,0.0,2.39,-1.12,32.0,4.06,12.0,0.5,0.36,3.75,14.28,5.62,32.0,6.34,12.0,0.5,1016.73,1018.65,1022.18,1019.68,16.0,3.72,12.0,0.6,,,,,,,,,,,,,,,,,,,,,,,,,,,,,,,,,,,,,,,,,,,,,,,,,,,,,,,,,,,,,,,,,,,,,,,,,,,,,,,,,,,,,,,,,,,,,,,,,,,,,,,,,,,,,,,,,,,,,,,,,,,,,,,,,,
1887,9,334.3,-31.4,16.7,17.8,18.08,17.63,12.0,0.7,18.0,0.4,16.19,17.8,18.46,17.54,10.0,1.06,22.0,0.4,10.73,11.9,12.38,11.7,7.0,0.77,26.0,0.4,94.5,95.0,95.0,94.8,7.0,0.3,26.0,0.4,0.8,0.8,5.4,9.3,15.4,9.6,16.0,5.1,14.0,0.6,-4.32,3.56,9.9,3.31,16.0,6.37,14.0,0.6,-11.8,-6.37,-1.49,-6.57,16.0,5.1,14.0,0.6,1017.3,1018.25,1022.57,1018.78,16.0,3.37,14.0,0.6,6.0,8.0,8.0,7.1,12.0,1.8,18.0,0.4,94.5,95.0,95.0,94.8,7.0,0.3,26.0,0.4,0.8,0.8,-31.7,28.6,152.4,51.6,16.0,85.5,14.0,0.6,-181.7,-51.2,-8.3,-78.5,16.0,81.6,14.0,0.6,-0.77,-0.25,0.6,-0.08,10.0,0.86,22.0,0.4,-10.3,-1.7,0.6,-1.9,10.0,11.3,22.0,0.4,0.24,0.7,1.01,0.59,7.0,0.36,26.0,0.4,1.0,3.7,10.8,4.7,7.0,4.4,26.0,0.4,44.6,130.9,179.0,123.7,10.0,77.2,22.0,0.4,-213.4,-184.7,4.9,-127.9,10.0,117.4,22.0,0.4,9.3,68.2,118.1,71.2,7.0,50.6,26.0,0.4,-147.9,-140.4,-4.3,-92.3,7.0,79.3,26.0,0.4,0.9,1.3,7.0,2.9,7.0,2.9,26.0,0.4,-8.3,-2.8,-0.4,-3.3,7.0,3.7,26.0,0.4,174.5,804.5,3652.5,1556.0,16.0,1561.0,14.0,0.6,175.0,805.0,3650.0,1555.0,16.0,1560.0,14.0,0.6
1887,9,334.3,-29.4,18.7,19.1,19.93,19.3,22.0,0.95,16.0,0.6,18.1,19.1,20.47,19.25,22.0,1.58,16.0,0.6,11.17,12.12,12.75,11.97,5.0,0.84,28.0,0.8,82.6,89.9,94.5,88.6,5.0,6.5,28.0,0.8,0.3,0.4,4.6,9.3,15.4,9.79,21.0,5.81,16.0,0.6,1.93,4.5,10.16,5.97,21.0,4.77,16.0,0.6,-13.76,-4.27,0.0,-6.01,21.0,6.01,16.0,0.6,1011.0,1014.1,1020.17,1015.13,16.0,5.07,18.0,0.6,2.7,8.0,8.0,6.4,24.0,2.4,16.0,0.6,82.6,89.9,94.5,88.6,5.0,6.5,28.0,0.8,0.3,0.4,8.0,59.1,154.0,78.4,21.0,93.9,16.0,0.6,-215.8,-19.6,0.0,-84.3,21.0,96.9,16.0,0.6,-0.8,-0.4,0.99,-0.03,20.0,0.93,18.0,0.6,-7.4,-1.3,3.0,-2.3,18.0,7.7,18.0,0.7,0.75,1.38,2.77,1.72,5.0,1.09,28.0,0.8,11.5,17.1,21.2,16.5,5.0,4.9,28.0,0.8,35.7,85.1,230.1,114.8,19.0,95.5,16.0,0.6,-233.0,-84.7,0.0,-99.9,19.0,110.0,16.0,0.6,56.4,57.4,66.1,61.1,5.0,8.5,28.0,0.8,-187.7,-178.5,14.9,-102.6,5.0,113.3,28.0,0.8,3.4,6.2,17.3,9.5,5.0,7.2,28.0,0.8,-14.4,-11.0,4.3,-6.1,5.0,12.3,28.0,0.8,97.5,804.5,3652.5,1916.5,21.0,2258.5,16.0,0.6,95.0,805.0,3650.0,1915.0,21.0,2260.0,16.0,0.6
1887,9,334.3,-27.4,,,,,,,,,,,,,,,,,,,,,,,,,,,,,,,,,,,6.6,9.3,12.3,9.11,7.0,2.79,14.0,0.7,-2.38,1.77,6.7,0.66,7.0,6.27,14.0,0.7,4.28,8.56,9.19,6.63,7.0,3.68,14.0,0.7,1021.5,1023.3,1025.07,1023.42,6.0,1.92,14.0,0.7,,,,,,,,,,,,,,,,,,,,,,,,,,,,,,,,,,,,,,,,,,,,,,,,,,,,,,,,,,,,,,,,,,,,,,,,,,,,,,,,,,,,,,,,,,,,,,,,,,,,,,,,,,,,,,,,,,,,,,,,,,,,,,,,,,
1887,9,334.3,-25.4,20.03,20.2,20.65,20.31,9.0,0.48,22.0,0.6,19.0,20.1,21.96,20.35,15.0,1.34,20.0,0.5,13.13,13.39,14.05,13.54,5.0,0.53,20.0,0.4,81.0,83.7,86.8,83.8,5.0,3.2,20.0,0.4,0.7,0.7,1.0,3.6,9.14,4.34,14.0,3.36,22.0,0.6,-0.66,0.25,5.03,1.06,14.0,2.77,22.0,0.6,-7.22,1.0,4.21,0.33,14.0,4.75,22.0,0.6,1014.69,1016.0,1017.0,1015.95,13.0,1.15,20.0,0.5,2.4,7.0,8.0,5.5,15.0,2.6,20.0,0.5,81.0,83.7,86.8,83.8,5.0,3.2,20.0,0.4,0.7,0.7,-0.7,0.5,46.0,9.5,14.0,23.1,22.0,0.6,-67.2,1.0,19.4,-6.1,14.0,37.9,22.0,0.6,,,,,,,,,,,,,,,,,,,,,,,,,,,,,,,,,-12.6,5.0,109.7,24.2,14.0,59.5,22.0,0.6,-157.5,20.2,89.5,3.7,14.0,101.6,22.0,0.6,23.4,69.6,73.1,51.1,5.0,30.2,20.0,0.4,-108.3,-103.2,39.6,-47.2,5.0,81.8,20.0,0.4,,,,,,,,,,,,,,,,,,,,,,,,,,,,,,,,
1887,9,334.3,-23.4,20.0,21.05,21.1,20.77,26.0,0.46,22.0,0.5,20.0,22.2,22.2,21.48,27.0,1.09,22.0,0.5,13.63,14.7,15.85,14.73,22.0,0.97,22.0,0.5,89.8,94.6,95.8,92.8,22.0,3.7,22.0,0.5,0.6,0.2,1.0,4.6,9.3,4.95,27.0,3.62,22.0,0.5,-0.76,0.0,6.96,1.73,27.0,3.88,22.0,0.5,-6.14,0.78,2.49,-1.35,27.0,4.29,22.0,0.5,1016.28,1020.3,1021.7,1019.91,27.0,2.88,22.0,0.5,2.0,8.0,8.0,6.1,27.0,2.7,22.0,0.5,89.8,94.6,95.8,92.8,22.0,3.7,22.0,0.5,0.6,0.2,-2.0,0.0,64.8,17.1,27.0,34.5,22.0,0.5,-54.4,0.8,6.5,-17.6,27.0,32.4,22.0,0.5,-1.7,-1.1,0.5,-0.65,26.0,0.94,22.0,0.5,-10.2,-1.9,0.6,-3.5,26.0,5.6,22.0,0.5,-0.39,0.18,1.25,0.39,21.0,0.71,22.0,0.5,-3.6,0.2,3.5,0.4,21.0,2.8,22.0,0.5,-15.7,0.0,156.6,39.7,27.0,84.3,22.0,0.5,-136.3,15.5,54.1,-32.1,27.0,93.7,22.0,0.5,-10.6,-4.0,110.5,32.6,22.0,55.5,22.0,0.5,-93.0,11.8,34.8,-21.1,22.0,62.8,22.0,0.5,-2.3,-0.8,0.0,-0.8,21.0,1.4,22.0,0.5,0.0,1.7,3.0,1.5,21.0,1.7,22.0,0.5,1.0,97.5,804.5,313.0,27.0,365.5,22.0,0.5,0.0,95.0,805.0,315.0,27.0,365.0,22.0,0.5
1887,9,334.3,-19.4,,,,,,,,,,,,,,,,,,,,,,,,,,,,,,,,,,,9.3,9.3,9.3,9.3,1.0,0.0,24.0,0.0,-7.8,-7.8,-7.8,-7.8,1.0,0.0,24.0,0.0,5.07,5.07,5.07,5.07,1.0,0.0,24.0,0.0,1020.2,1020.2,1020.2,1020.2,1.0,0.0,24.0,0.0,,,,,,,,,,,,,,,,,,,,,,,,,,,,,,,,,,,,,,,,,,,,,,,,,,,,,,,,,,,,,,,,,,,,,,,,,,,,,,,,,,,,,,,,,,,,,,,,,,,,,,,,,,,,,,,,,,,,,,,,,,,,,,,,,,
1887,9,334.3,-17.4,,,,,,,,,,,,,,,,,,,,,,,,,,,,,,,,,,,9.3,9.3,9.3,9.3,4.0,0.0,24.0,0.8,-8.59,-8.18,-7.8,-8.2,4.0,0.46,24.0,0.8,3.56,4.35,5.07,4.31,4.0,0.87,24.0,0.8,1017.98,1018.8,1019.07,1018.53,3.0,0.83,24.0,0.7,,,,,,,,,,,,,,,,,,,,,,,,,,,,,,,,,,,,,,,,,,,,,,,,,,,,,,,,,,,,,,,,,,,,,,,,,,,,,,,,,,,,,,,,,,,,,,,,,,,,,,,,,,,,,,,,,,,,,,,,,,,,,,,,,,
1887,9,334.3,-15.4,,,,,,,,,,,,,,,,,,,,,,,,,,,,,,,,,,,7.94,9.3,9.3,8.65,4.0,1.3,24.0,0.3,-8.23,-7.8,-6.97,-7.61,4.0,1.01,24.0,0.3,2.97,4.27,5.07,4.03,4.0,1.26,24.0,0.3,1017.19,1017.4,1017.5,1017.35,4.0,0.25,24.0,0.3,,,,,,,,,,,,,,,,,,,,,,,,,,,,,,,,,,,,,,,,,,,,,,,,,,,,,,,,,,,,,,,,,,,,,,,,,,,,,,,,,,,,,,,,,,,,,,,,,,,,,,,,,,,,,,,,,,,,,,,,,,,,,,,,,,
1887,9,334.3,-13.4,,,,,,,,,,,,,,,,,,,,,,,,,,,,,,,,,,,6.7,6.7,7.65,7.22,5.0,1.16,26.0,0.4,-7.65,-6.7,-6.51,-7.11,5.0,1.24,26.0,0.4,0.0,0.0,0.96,0.52,5.0,1.17,26.0,0.4,1014.23,1015.05,1015.5,1014.88,4.0,0.78,26.0,0.3,,,,,,,,,,,,,,,,,,,,,,,,,,,,,,,,,,,,,,,,,,,,,,,,,,,,,,,,,,,,,,,,,,,,,,,,,,,,,,,,,,,,,,,,,,,,,,,,,,,,,,,,,,,,,,,,,,,,,,,,,,,,,,,,,,
1887,9,334.3,-11.4,24.2,24.5,26.1,24.96,29.0,0.89,24.0,0.5,23.9,25.0,26.1,24.76,29.0,1.01,24.0,0.5,15.54,15.84,15.94,15.75,4.0,0.27,26.0,0.3,75.3,76.9,78.6,76.5,10.0,2.4,26.0,0.4,0.5,0.7,6.7,9.3,12.3,9.2,31.0,2.64,24.0,0.5,-8.23,-6.63,-5.92,-7.17,31.0,1.39,24.0,0.5,2.51,4.74,9.14,5.25,31.0,3.3,24.0,0.5,1014.8,1019.0,1020.7,1018.0,20.0,2.65,24.0,0.5,2.0,4.0,7.0,4.4,29.0,2.3,24.0,0.5,75.3,76.9,78.6,76.5,10.0,2.4,26.0,0.4,0.5,0.7,-101.2,-61.2,-39.6,-69.1,31.0,31.1,24.0,0.5,16.8,31.7,112.4,55.9,31.0,45.1,24.0,0.5,-0.17,0.0,0.5,0.2,29.0,0.6,24.0,0.5,-1.1,0.0,4.9,1.9,29.0,5.1,24.0,0.5,5.02,5.12,5.42,5.22,4.0,0.27,26.0,0.3,61.8,63.0,66.7,64.2,4.0,3.4,26.0,0.3,-214.8,-163.1,-141.4,-176.6,29.0,39.6,24.0,0.5,59.7,90.8,236.5,125.3,29.0,85.0,24.0,0.5,-131.2,-130.4,-127.9,-129.6,4.0,2.2,26.0,0.3,142.1,144.8,145.7,143.9,4.0,2.5,26.0,0.3,-44.6,-42.2,-41.4,-43.0,4.0,2.3,26.0,0.3,45.9,46.8,49.6,47.7,4.0,2.5,26.0,0.3,301.0,804.5,1861.0,969.5,31.0,738.5,24.0,0.5,300.0,805.0,1860.0,970.0,31.0,740.0,24.0,0.5
1887,9,334.3,-9.4,23.3,24.0,25.0,24.16,24.0,0.69,16.0,0.5,24.07,25.05,26.03,25.04,24.0,1.01,16.0,0.5,18.61,19.55,19.55,19.34,9.0,0.65,8.0,0.4,95.3,95.3,95.9,95.5,9.0,0.3,8.0,0.4,0.5,0.4,6.7,6.7,9.3,7.59,24.0,1.42,16.0,0.5,-8.36,-6.58,-4.74,-6.59,24.0,1.48,16.0,0.5,0.61,2.94,4.74,2.82,24.0,2.5,16.0,0.5,1012.5,1013.2,1014.49,1013.64,19.0,1.52,14.0,0.6,0.0,2.0,2.0,1.7,24.0,1.6,16.0,0.5,95.3,95.3,95.9,95.5,9.0,0.3,8.0,0.4,0.5,0.4,-77.7,-44.3,-31.7,-51.6,24.0,20.0,16.0,0.5,4.1,21.0,37.9,22.9,24.0,21.1,16.0,0.5,-2.23,-0.95,0.53,-0.88,24.0,1.33,16.0,0.5,-15.8,-6.4,3.6,-6.9,24.0,10.5,16.0,0.5,-1.7,-1.04,-0.6,-1.13,9.0,0.5,8.0,0.4,-11.7,-9.7,-4.9,-9.1,9.0,4.0,8.0,0.4,-214.0,-159.1,-115.9,-165.8,24.0,40.5,16.0,0.5,16.2,75.9,116.2,69.7,24.0,60.6,16.0,0.5,-163.9,-163.4,-119.3,-146.8,9.0,24.4,8.0,0.4,29.3,57.4,79.7,53.4,9.0,23.4,8.0,0.4,4.6,8.7,11.1,8.5,9.0,3.9,8.0,0.4,-4.2,-3.1,-1.3,-3.0,9.0,1.6,8.0,0.4,301.0,301.0,804.5,481.0,24.0,259.0,16.0,0.5,300.0,300.0,805.0,480.0,24.0,260.0,16.0,0.5
1887,9,334.3,-7.4,,,,,,,,,,,,,,,,,,,,,,,,,,,,,,,,,,,6.7,9.3,9.44,8.61,7.0,2.08,18.0,0.6,-6.81,-6.58,-4.74,-6.48,7.0,2.36,18.0,0.6,4.73,4.74,6.58,5.51,7.0,1.0,18.0,0.6,1013.25,1013.8,1014.35,1013.8,2.0,1.13,12.0,1.0,,,,,,,,,,,,,,,,,,,,,,,,,,,,,,,,,,,,,,,,,,,,,,,,,,,,,,,,,,,,,,,,,,,,,,,,,,,,,,,,,,,,,,,,,,,,,,,,,,,,,,,,,,,,,,,,,,,,,,,,,,,,,,,,,,
1887,9,334.3,-5.4,,,,,,,,,,,,,,,,,,,,,,,,,,,,,,,,,,,6.7,9.3,12.3,9.2,18.0,2.71,10.0,0.6,-8.7,-7.34,-5.74,-7.51,18.0,2.07,10.0,0.6,2.35,4.05,8.7,4.78,18.0,2.97,10.0,0.6,1013.68,1015.1,1016.6,1014.82,9.0,1.81,16.0,0.6,2.0,2.0,4.0,2.8,17.0,1.3,12.0,0.5,89.8,90.0,90.2,90.0,2.0,0.4,2.0,0.5,1.0,0.8,-107.0,-80.2,-38.4,-73.1,18.0,36.1,10.0,0.6,14.6,32.4,107.0,49.9,18.0,40.4,10.0,0.6,,,,,,,,,,,,,,,,,,,,,,,,,,,,,,,,,,,,,,,,,,,,,,,,,,,,,,,,,,,,,,,,,,,,,,,,,,,,,,,,,,,,,,,,,,,,,,,,
1887,9,334.3,-3.4,,,,,,,,,,,,,,,,,,,,,,,,,,,,,,,,,,,6.7,9.3,12.3,9.67,16.0,2.71,12.0,0.4,-10.32,-8.62,-6.21,-8.07,16.0,2.08,12.0,0.4,2.51,5.66,6.7,5.12,16.0,2.31,12.0,0.4,1012.61,1013.55,1015.88,1013.96,14.0,1.66,14.0,0.4,,,,,,,,,,,,,,,,,,,,,,,,,,,,,,,,,,,,,,,,,,,,,,,,,,,,,,,,,,,,,,,,,,,,,,,,,,,,,,,,,,,,,,,,,,,,,,,,,,,,,,,,,,,,,,,,,,,,,,,,,,,,,,,,,,
1887,9,334.3,-1.4,24.4,25.0,25.07,24.86,28.0,0.58,14.0,0.5,24.41,25.0,26.47,25.38,33.0,1.03,12.0,0.5,16.35,17.05,18.41,17.45,14.0,1.08,10.0,0.4,82.9,86.5,90.1,85.7,14.0,3.2,10.0,0.4,0.3,0.7,4.6,6.7,9.3,6.4,27.0,2.36,12.0,0.5,-7.65,-4.4,-3.25,-4.86,27.0,2.19,12.0,0.5,2.66,3.63,5.07,4.02,27.0,1.42,12.0,0.5,1013.48,1015.4,1017.9,1015.41,31.0,1.98,12.0,0.5,2.0,3.0,4.9,3.2,33.0,1.4,12.0,0.5,82.9,86.5,90.1,85.7,14.0,3.2,10.0,0.4,0.3,0.7,-71.1,-29.5,-15.0,-35.8,27.0,25.4,12.0,0.5,15.0,27.6,47.1,28.2,27.0,17.4,12.0,0.5,-1.34,-0.35,0.0,-0.65,28.0,0.85,14.0,0.5,-9.5,-4.3,0.0,-5.2,22.0,5.9,14.0,0.5,0.57,2.33,3.41,1.95,14.0,1.38,10.0,0.4,3.2,3.8,12.4,7.0,8.0,7.4,8.0,0.4,-186.2,-114.7,-77.9,-123.6,27.0,55.8,12.0,0.5,69.9,94.5,133.9,102.2,27.0,35.6,12.0,0.5,-97.7,-82.2,-80.9,-87.1,8.0,8.7,8.0,0.4,69.9,92.4,93.1,82.9,8.0,16.9,8.0,0.4,-9.8,-2.5,-2.5,-5.6,8.0,6.8,8.0,0.4,2.0,2.9,7.5,4.1,8.0,3.3,8.0,0.4,97.5,301.0,804.5,363.0,27.0,309.5,12.0,0.5,95.0,300.0,805.0,365.0,27.0,310.0,12.0,0.5
1887,9,334.3,0.6,24.4,25.0,25.18,24.86,40.0,0.63,12.0,0.5,24.31,25.35,27.2,25.59,46.0,1.37,14.0,0.5,17.62,18.04,18.96,18.21,15.0,0.68,8.0,0.6,79.3,83.4,86.6,83.7,22.0,4.2,8.0,0.5,0.6,0.3,2.6,2.6,6.7,4.16,44.0,2.32,14.0,0.5,-2.57,-1.5,-0.85,-1.74,44.0,1.48,14.0,0.5,1.84,2.46,5.06,3.65,44.0,2.04,14.0,0.5,1013.0,1014.8,1018.6,1015.35,37.0,2.52,14.0,0.5,2.0,3.0,4.0,2.6,47.0,1.4,14.0,0.5,79.3,83.4,86.6,83.7,22.0,4.2,8.0,0.5,0.6,0.3,-12.4,-4.8,-2.2,-9.5,44.0,16.8,14.0,0.5,4.8,6.4,33.9,19.6,44.0,23.9,14.0,0.5,-2.3,-1.2,0.6,-1.03,39.0,1.44,12.0,0.5,-9.3,-4.4,2.4,-3.5,36.0,6.7,12.0,0.5,0.7,0.93,1.21,0.9,15.0,0.33,8.0,0.6,1.7,2.3,3.5,2.9,12.0,2.1,6.0,0.6,-62.7,-40.7,-22.0,-44.4,43.0,37.7,14.0,0.5,56.3,68.3,133.0,94.3,43.0,51.1,14.0,0.5,-28.6,-15.8,-14.9,-24.0,12.0,18.4,6.0,0.6,43.3,45.9,83.0,57.7,12.0,19.6,6.0,0.6,-1.2,-0.7,-0.5,-1.2,12.0,1.5,6.0,0.6,1.6,2.2,3.4,2.6,12.0,1.5,6.0,0.6,17.5,17.5,301.0,156.5,44.0,326.0,14.0,0.5,20.0,20.0,300.0,155.0,44.0,325.0,14.0,0.5
1887,9,334.3,2.6,25.58,26.0,26.22,25.83,69.0,0.63,20.0,0.5,25.48,26.1,27.8,26.41,69.0,1.19,20.0,0.5,17.97,18.34,19.34,18.65,7.0,1.09,12.0,0.6,78.5,78.6,82.5,79.1,31.0,2.3,24.0,0.5,0.7,0.5,4.6,6.7,9.3,6.22,68.0,2.07,20.0,0.5,-4.91,-1.78,-0.64,-2.27,68.0,2.43,20.0,0.5,3.98,5.31,6.58,5.41,68.0,1.63,20.0,0.5,1012.8,1015.9,1017.6,1015.66,25.0,2.14,18.0,0.5,2.0,3.0,5.0,3.3,69.0,1.7,20.0,0.5,78.5,78.6,82.5,79.1,31.0,2.3,24.0,0.5,0.7,0.5,-40.5,-9.7,-2.9,-17.2,68.0,23.4,20.0,0.5,18.3,35.5,61.2,36.7,68.0,22.2,20.0,0.5,-1.62,-0.5,0.5,-0.58,69.0,1.16,20.0,0.5,-7.9,-2.3,3.4,-2.4,68.0,6.6,20.0,0.5,0.32,1.5,2.62,1.58,7.0,1.25,12.0,0.6,0.8,6.9,12.0,7.1,7.0,6.0,12.0,0.6,-136.0,-46.4,-16.4,-59.9,68.0,62.8,20.0,0.5,111.9,141.5,170.3,141.9,68.0,39.6,20.0,0.5,-64.4,-59.1,-33.7,-54.8,7.0,26.7,12.0,0.6,57.4,59.7,79.4,64.4,7.0,19.4,12.0,0.6,-8.0,-3.9,-0.6,-3.8,7.0,3.6,12.0,0.6,0.6,4.9,8.7,5.6,7.0,5.3,12.0,0.6,97.5,301.0,804.5,325.0,68.0,333.5,20.0,0.5,95.0,300.0,805.0,325.0,68.0,335.0,20.0,0.5
1887,9,334.3,4.6,26.1,26.7,27.2,26.69,69.0,0.57,22.0,0.5,26.1,26.7,27.8,26.77,69.0,1.13,22.0,0.5,16.49,17.75,18.77,17.67,19.0,1.1,22.0,0.6,78.2,79.3,83.1,80.5,40.0,4.4,24.0,0.5,0.6,0.4,4.6,4.6,6.7,5.5,63.0,1.98,22.0,0.5,-3.41,-0.56,1.19,-1.07,63.0,2.16,22.0,0.5,4.22,4.59,6.33,5.04,63.0,1.74,22.0,0.5,1013.92,1015.6,1017.6,1015.92,30.0,1.7,24.0,0.6,2.0,3.0,4.0,3.4,67.0,1.5,22.0,0.5,78.2,79.3,83.1,80.5,40.0,4.4,24.0,0.5,0.6,0.4,-22.9,-2.6,5.5,-8.7,63.0,15.6,22.0,0.5,19.4,21.1,42.4,31.0,63.0,22.4,22.0,0.5,-1.1,0.0,0.6,-0.09,69.0,1.11,22.0,0.5,-5.1,0.0,3.7,-0.7,63.0,7.6,22.0,0.5,2.67,3.92,5.31,3.83,19.0,1.17,22.0,0.6,11.9,18.6,25.0,18.8,17.0,5.8,22.0,0.6,-89.9,-15.2,31.8,-29.4,63.0,58.2,22.0,0.5,108.3,123.1,176.1,135.1,63.0,45.7,22.0,0.5,-77.9,-10.0,11.9,-27.3,17.0,41.3,22.0,0.6,57.3,82.1,95.6,79.7,17.0,20.3,22.0,0.6,-12.3,-2.3,1.9,-4.2,17.0,7.2,22.0,0.6,11.8,17.6,23.1,17.1,17.0,5.6,22.0,0.6,97.5,97.5,301.0,235.0,63.0,259.0,22.0,0.5,95.0,95.0,300.0,235.0,63.0,260.0,22.0,0.5
1887,9,334.3,6.6,26.7,26.7,27.5,26.97,89.0,0.46,12.0,0.5,25.49,26.1,27.8,26.46,89.0,1.25,12.0,0.5,16.64,17.25,17.49,17.12,36.0,0.42,4.0,0.5,76.0,79.1,83.1,79.2,36.0,2.9,4.0,0.5,0.6,0.8,2.6,4.6,4.6,4.08,84.0,2.05,12.0,0.5,-0.64,0.76,3.14,1.17,84.0,1.99,12.0,0.5,0.04,2.6,4.59,2.71,84.0,2.88,12.0,0.5,1013.34,1014.9,1016.6,1014.89,67.0,1.51,12.0,0.5,2.0,5.0,6.0,4.7,89.0,2.2,12.0,0.5,76.0,79.1,83.1,79.2,36.0,2.9,4.0,0.5,0.6,0.8,-2.9,1.5,17.1,6.0,84.0,13.4,12.0,0.5,0.0,11.6,21.1,14.4,84.0,20.9,12.0,0.5,-0.5,0.6,1.4,0.51,89.0,1.02,12.0,0.5,-2.3,2.2,5.9,2.1,84.0,4.3,12.0,0.5,4.38,4.8,5.23,4.82,36.0,0.49,4.0,0.5,12.7,20.2,24.0,19.0,31.0,5.4,4.0,0.5,-17.0,21.1,84.8,31.0,84.0,53.3,12.0,0.5,0.9,71.2,122.4,71.0,84.0,76.3,12.0,0.5,-25.2,4.2,12.9,-1.6,31.0,18.2,4.0,0.5,43.3,76.5,80.0,65.6,31.0,24.2,4.0,0.5,-6.1,1.2,3.5,-0.3,31.0,4.9,4.0,0.5,11.9,20.1,23.3,17.9,31.0,6.8,4.0,0.5,17.5,97.5,97.5,124.5,84.0,196.0,12.0,0.5,20.0,95.0,95.0,125.0,84.0,195.0,12.0,0.5
1887,9,334.3,8.6,26.4,27.2,28.1,27.22,102.0,0.76,18.0,0.5,25.5,26.65,28.3,26.84,102.0,1.42,18.0,0.5,18.22,18.22,18.22,18.22,1.0,0.0,30.0,1.0,89.8,89.8,89.8,89.8,1.0,0.0,30.0,1.0,1.0,0.5,1.0,4.6,6.7,4.63,93.0,3.0,16.0,0.5,0.0,2.39,4.87,2.48,93.0,2.87,16.0,0.5,-1.05,1.39,6.19,2.15,93.0,3.38,16.0,0.5,1012.0,1013.05,1015.9,1013.54,60.0,1.81,18.0,0.5,4.0,6.0,8.0,5.8,102.0,2.1,18.0,0.5,89.8,89.8,89.8,89.8,1.0,0.0,30.0,1.0,1.0,0.5,0.0,8.3,37.5,17.0,93.0,24.1,16.0,0.5,-2.7,3.8,41.4,16.0,93.0,30.1,16.0,0.5,-0.5,0.3,1.3,0.38,102.0,1.01,18.0,0.5,-1.1,1.1,7.4,2.3,93.0,4.9,16.0,0.5,3.36,3.36,3.36,3.36,1.0,0.0,30.0,1.0,31.2,31.2,31.2,31.2,1.0,0.0,30.0,1.0,0.0,62.9,130.1,65.0,93.0,76.6,16.0,0.5,-26.5,37.7,160.5,56.5,93.0,89.9,16.0,0.5,92.3,92.3,92.3,92.3,1.0,0.0,30.0,1.0,142.1,142.1,142.1,142.1,1.0,0.0,30.0,1.0,17.0,17.0,17.0,17.0,1.0,0.0,30.0,1.0,26.2,26.2,26.2,26.2,1.0,0.0,30.0,1.0,1.0,97.5,301.0,234.5,93.0,363.5,16.0,0.5,0.0,95.0,300.0,235.0,93.0,365.0,16.0,0.5
1887,9,334.3,10.6,26.7,27.05,27.8,27.12,62.0,0.59,16.0,0.5,25.4,26.6,28.2,26.74,70.0,1.48,18.0,0.5,18.59,18.94,20.32,19.25,10.0,1.09,22.0,0.7,84.7,88.8,93.4,89.0,10.0,4.1,22.0,0.7,0.6,0.3,2.6,4.6,6.7,5.26,65.0,2.4,16.0,0.5,-1.32,3.25,6.58,2.37,65.0,4.04,16.0,0.5,-2.09,1.8,4.72,1.61,65.0,3.04,16.0,0.5,1010.0,1012.1,1014.0,1012.11,41.0,1.92,18.0,0.6,2.0,6.0,8.0,5.0,71.0,2.4,16.0,0.5,84.7,88.8,93.4,89.0,10.0,4.1,22.0,0.7,0.6,0.3,-4.6,16.8,44.1,16.8,65.0,31.1,16.0,0.5,-5.7,7.9,31.7,11.7,65.0,21.3,16.0,0.5,-0.45,0.6,1.6,0.47,61.0,1.03,16.0,0.6,-1.6,2.8,8.0,3.1,55.0,5.6,16.0,0.5,2.88,3.3,4.49,3.49,10.0,0.87,22.0,0.7,15.1,21.2,23.5,20.3,8.0,5.6,22.0,0.6,-35.0,77.2,165.7,61.4,64.0,109.1,16.0,0.5,-48.8,48.9,121.0,43.1,64.0,78.7,16.0,0.5,-25.2,39.5,85.6,20.8,8.0,79.7,22.0,0.6,56.2,86.9,118.6,78.2,8.0,54.1,22.0,0.6,-5.6,7.0,13.5,3.6,8.0,12.3,22.0,0.6,7.8,17.2,21.8,13.9,8.0,10.7,22.0,0.6,17.5,97.5,301.0,236.5,65.0,270.5,16.0,0.5,20.0,95.0,300.0,235.0,65.0,270.0,16.0,0.5
1887,9,334.3,12.6,26.7,27.4,27.7,27.25,30.0,0.61,16.0,0.3,26.59,27.2,27.71,27.16,32.0,0.7,18.0,0.3,18.58,19.6,20.54,19.53,9.0,1.17,20.0,0.2,83.1,87.2,91.0,86.9,9.0,4.3,20.0,0.2,0.3,0.4,2.6,6.7,9.3,5.88,34.0,3.19,16.0,0.4,-6.48,-2.58,0.97,-2.76,34.0,3.68,16.0,0.4,-6.58,-2.61,1.57,-2.83,34.0,4.03,16.0,0.4,1010.0,1011.4,1013.27,1011.6,31.0,1.56,16.0,0.4,2.0,4.0,6.0,3.8,35.0,2.3,16.0,0.4,83.1,87.2,91.0,86.9,9.0,4.3,20.0,0.2,0.3,0.4,-60.1,-8.6,2.3,-24.5,34.0,32.9,16.0,0.4,-57.1,-12.1,4.4,-23.5,34.0,36.1,16.0,0.4,-0.37,0.0,0.66,0.11,27.0,0.69,18.0,0.3,-2.5,0.0,2.6,-0.3,27.0,3.9,18.0,0.3,3.01,4.13,4.44,3.8,9.0,0.89,20.0,0.2,6.6,18.6,34.4,21.5,9.0,13.2,20.0,0.2,-186.0,-69.9,26.0,-80.0,32.0,101.4,18.0,0.3,-194.1,-69.9,49.2,-76.9,32.0,114.0,18.0,0.3,-94.3,-68.3,-0.6,-58.6,9.0,51.5,20.0,0.2,-169.0,-114.0,6.9,-88.5,9.0,96.6,20.0,0.2,-14.1,-12.7,-0.1,-9.4,9.0,8.0,20.0,0.2,-31.9,-13.1,1.6,-14.8,9.0,16.8,20.0,0.2,17.5,301.0,804.5,380.0,34.0,433.0,16.0,0.4,20.0,300.0,805.0,380.0,34.0,435.0,16.0,0.4
1887,9,334.3,14.6,26.5,27.2,27.7,27.01,48.0,0.75,18.0,0.5,26.41,27.0,27.96,27.21,50.0,0.99,18.0,0.5,18.42,19.68,20.41,19.55,22.0,0.95,18.0,0.5,82.8,87.3,92.8,87.7,22.0,5.6,18.0,0.5,0.3,0.5,2.6,5.65,9.59,6.16,54.0,3.23,18.0,0.5,-6.93,-2.94,-1.02,-3.84,54.0,3.5,18.0,0.5,-6.78,-3.85,0.28,-3.23,54.0,3.34,18.0,0.5,1011.96,1013.0,1014.42,1013.14,44.0,1.25,16.0,0.5,0.4,2.0,5.0,2.7,54.0,2.0,18.0,0.5,82.8,87.3,92.8,87.7,22.0,5.6,18.0,0.5,0.3,0.5,-67.9,-17.5,-2.9,-32.9,54.0,38.9,18.0,0.5,-65.1,-18.7,0.5,-25.9,54.0,30.7,18.0,0.5,-1.05,0.0,0.72,-0.13,44.0,0.96,18.0,0.6,-6.0,0.0,3.9,-0.7,44.0,5.3,18.0,0.6,1.6,3.44,3.97,3.04,16.0,1.77,18.0,0.5,2.3,10.3,24.1,14.1,16.0,11.7,18.0,0.5,-186.6,-70.7,-27.0,-105.6,50.0,93.4,18.0,0.5,-180.0,-112.8,6.5,-89.1,50.0,89.9,18.0,0.5,-60.8,-40.2,-4.6,-40.9,22.0,44.1,18.0,0.5,-116.2,-33.7,11.3,-45.1,22.0,58.5,18.0,0.5,-17.7,-8.5,1.2,-7.6,16.0,10.5,18.0,0.5,-20.7,-1.4,2.7,-6.7,16.0,11.4,18.0,0.5,17.5,199.0,885.0,429.5,54.0,524.0,18.0,0.5,20.0,200.0,885.0,430.0,54.0,525.0,18.0,0.5
1887,9,334.3,16.6,26.24,26.7,27.2,26.71,60.0,0.73,20.0,0.5,26.1,26.7,27.8,26.84,64.0,0.87,20.0,0.5,18.56,19.77,20.81,19.77,17.0,1.43,16.0,0.6,85.5,91.4,94.4,90.6,17.0,4.1,16.0,0.6,0.6,0.5,4.6,6.7,9.8,6.98,66.0,3.03,18.0,0.5,-9.09,-4.46,-1.94,-5.24,66.0,3.31,18.0,0.5,-6.3,-3.67,0.0,-3.12,66.0,3.15,18.0,0.5,1011.13,1013.1,1014.44,1013.02,49.0,1.84,18.0,0.5,2.0,3.0,6.0,3.6,66.0,2.1,18.0,0.5,85.5,91.4,94.4,90.6,17.0,4.1,16.0,0.6,0.6,0.5,-89.0,-33.6,-8.9,-45.0,66.0,40.8,18.0,0.5,-53.7,-19.2,0.0,-25.5,66.0,28.5,18.0,0.5,-1.18,-0.1,0.6,-0.16,58.0,1.13,20.0,0.5,-7.4,-1.3,4.5,-1.4,57.0,5.6,20.0,0.5,-1.5,2.76,5.44,2.12,12.0,3.07,16.0,0.5,-4.9,7.2,25.3,9.2,12.0,14.9,16.0,0.5,-242.6,-128.0,-51.7,-143.4,63.0,90.0,20.0,0.5,-170.9,-97.8,0.0,-86.8,63.0,83.2,20.0,0.5,-129.5,-53.3,-22.5,-66.2,17.0,53.6,16.0,0.6,-143.3,-53.5,10.5,-59.1,17.0,73.6,16.0,0.6,-16.6,-6.2,2.7,-6.4,12.0,10.3,16.0,0.5,-12.3,0.0,5.0,-3.5,12.0,12.3,16.0,0.5,97.5,301.0,941.0,526.5,66.0,521.0,18.0,0.5,95.0,300.0,940.0,525.0,66.0,520.0,18.0,0.5
1887,9,334.3,18.6,25.82,26.2,26.7,26.26,65.0,0.46,20.0,0.5,25.6,26.1,26.9,26.3,63.0,0.85,20.0,0.5,16.81,17.96,19.97,18.24,6.0,1.64,22.0,0.3,76.1,84.5,95.7,85.5,6.0,9.7,22.0,0.3,0.7,0.3,6.7,9.3,9.8,8.14,69.0,2.05,20.0,0.5,-8.78,-6.58,-4.74,-6.6,69.0,2.23,20.0,0.5,-6.65,-3.75,-1.92,-4.18,69.0,2.15,20.0,0.5,1012.3,1014.8,1017.0,1014.58,37.0,2.1,18.0,0.5,2.0,3.0,6.0,3.6,70.0,2.0,20.0,0.5,76.1,84.5,95.7,85.5,6.0,9.7,22.0,0.3,0.7,0.3,-85.5,-53.7,-31.7,-57.4,69.0,30.3,20.0,0.5,-62.6,-31.7,-17.5,-35.4,69.0,23.5,20.0,0.5,-0.6,0.0,0.6,-0.06,60.0,0.84,20.0,0.5,-5.9,0.0,4.8,-0.3,59.0,6.4,20.0,0.5,4.08,5.03,5.33,4.72,4.0,1.04,24.0,0.5,38.0,49.5,57.2,47.7,4.0,13.4,24.0,0.5,-231.6,-172.0,-129.4,-173.0,62.0,57.9,20.0,0.5,-180.9,-100.4,-50.4,-112.1,62.0,58.7,20.0,0.5,-129.4,-110.1,-46.7,-95.9,6.0,44.4,22.0,0.3,-129.4,-110.1,-34.6,-91.2,6.0,51.7,22.0,0.3,-40.4,-35.0,-26.9,-33.7,4.0,9.4,24.0,0.5,-40.4,-35.0,-26.9,-33.7,4.0,9.4,24.0,0.5,301.0,804.5,941.0,638.0,69.0,415.0,20.0,0.5,300.0,805.0,940.0,640.0,69.0,415.0,20.0,0.5
1887,9,334.3,20.6,25.0,25.6,26.1,25.56,68.0,0.57,20.0,0.4,24.7,25.3,26.1,25.43,66.0,0.97,20.0,0.4,16.59,16.77,16.94,16.76,4.0,0.26,26.0,0.3,82.2,83.2,85.1,83.6,4.0,2.1,26.0,0.3,0.5,0.3,4.6,9.3,9.8,7.6,71.0,3.02,20.0,0.5,-9.62,-6.21,-3.25,-6.08,71.0,3.1,20.0,0.5,-6.58,-3.67,-1.87,-3.86,71.0,2.33,20.0,0.5,1014.88,1016.0,1017.0,1015.95,35.0,1.37,18.0,0.4,1.0,2.5,4.7,2.7,72.0,1.7,20.0,0.4,82.2,83.2,85.1,83.6,4.0,2.1,26.0,0.3,0.5,0.3,-94.3,-41.6,-15.0,-54.5,71.0,41.8,20.0,0.5,-61.2,-31.7,-6.3,-32.6,71.0,26.2,20.0,0.5,-0.6,0.1,1.1,0.11,66.0,0.94,20.0,0.4,-5.2,1.2,6.0,0.7,65.0,5.7,20.0,0.4,3.24,3.39,4.0,3.61,4.0,0.56,26.0,0.3,30.2,31.6,37.2,33.6,4.0,5.2,26.0,0.3,-242.6,-157.9,-82.5,-153.0,65.0,78.5,20.0,0.4,-166.4,-95.7,-46.7,-98.5,65.0,59.7,20.0,0.4,-111.4,-110.3,-109.1,-110.2,4.0,1.7,26.0,0.3,-111.4,-110.3,-109.1,-110.2,4.0,1.7,26.0,0.3,-26.3,-22.3,-21.3,-23.8,4.0,3.7,26.0,0.3,-26.3,-22.3,-21.3,-23.8,4.0,3.7,26.0,0.3,97.5,804.5,941.0,636.0,71.0,602.5,20.0,0.5,95.0,805.0,940.0,635.0,71.0,600.0,20.0,0.5
1887,9,334.3,22.6,24.4,24.9,25.15,24.87,49.0,0.49,22.0,0.5,23.8,24.4,25.64,24.58,49.0,0.99,22.0,0.5,15.7,16.2,16.76,16.28,5.0,0.75,26.0,0.6,79.3,84.5,86.0,83.1,5.0,3.6,26.0,0.6,1.0,0.2,4.6,6.7,9.8,7.07,50.0,2.8,22.0,0.5,-8.22,-5.48,-2.44,-5.23,50.0,2.72,22.0,0.5,-6.58,-3.75,-2.49,-4.21,50.0,2.34,22.0,0.5,1015.0,1016.6,1018.7,1016.57,27.0,1.93,24.0,0.4,1.0,2.0,4.0,2.7,50.0,1.7,22.0,0.5,79.3,84.5,86.0,83.1,5.0,3.6,26.0,0.6,1.0,0.2,-79.6,-37.2,-13.5,-43.2,50.0,31.6,22.0,0.5,-61.2,-31.7,-11.8,-34.3,50.0,23.7,22.0,0.5,-0.64,0.5,1.1,0.29,49.0,0.91,22.0,0.5,-4.4,1.8,7.4,1.9,49.0,6.1,22.0,0.5,3.15,4.1,4.47,3.87,5.0,0.81,26.0,0.6,24.5,27.4,41.6,32.1,5.0,9.7,26.0,0.6,-203.1,-131.0,-56.7,-126.6,49.0,66.5,22.0,0.5,-161.7,-94.5,-60.0,-104.8,49.0,57.7,22.0,0.5,-107.8,-76.8,-50.5,-78.3,5.0,31.5,26.0,0.6,-124.5,-103.5,-89.7,-106.7,5.0,23.6,26.0,0.6,-23.1,-16.0,-13.2,-18.2,5.0,8.2,26.0,0.6,-33.6,-25.4,-17.3,-25.6,5.0,8.8,26.0,0.6,97.5,301.0,941.0,503.0,50.0,407.5,22.0,0.5,95.0,300.0,940.0,505.0,50.0,410.0,22.0,0.5
1887,9,334.3,24.6,24.2,24.4,25.0,24.57,30.0,0.39,20.0,0.5,23.42,23.9,24.78,24.13,30.0,0.84,20.0,0.5,16.13,16.16,16.19,16.16,2.0,0.06,24.0,0.5,76.0,80.3,84.5,80.3,2.0,8.8,24.0,0.5,1.0,0.0,4.6,6.7,9.8,6.82,30.0,2.94,20.0,0.5,-8.56,-4.42,-3.25,-5.48,30.0,2.81,20.0,0.5,-5.51,-3.25,-1.08,-3.41,30.0,2.42,20.0,0.5,1016.83,1018.0,1020.6,1018.24,21.0,1.92,22.0,0.4,2.0,2.0,4.0,2.8,30.0,1.6,20.0,0.5,76.0,80.3,84.5,80.3,2.0,8.8,24.0,0.5,1.0,0.0,-79.6,-28.4,-15.0,-44.3,30.0,35.9,20.0,0.5,-54.9,-15.0,-5.0,-26.8,30.0,25.2,20.0,0.5,-0.34,0.5,1.1,0.44,30.0,0.82,20.0,0.5,-1.6,2.8,6.6,2.2,30.0,5.9,20.0,0.5,3.43,3.55,3.67,3.55,2.0,0.24,24.0,0.5,24.5,28.6,32.7,28.6,2.0,8.5,24.0,0.5,-207.0,-110.4,-77.2,-132.6,30.0,69.3,20.0,0.5,-132.8,-78.4,-25.4,-82.5,30.0,58.8,20.0,0.5,-101.3,-91.4,-81.4,-91.4,2.0,20.7,24.0,0.5,-101.3,-91.4,-81.4,-91.4,2.0,20.7,24.0,0.5,-23.1,-20.2,-17.3,-20.2,2.0,6.0,24.0,0.5,-23.1,-20.2,-17.3,-20.2,2.0,6.0,24.0,0.5,97.5,301.0,941.0,485.0,30.0,463.5,20.0,0.5,95.0,300.0,940.0,485.0,30.0,465.0,20.0,0.5
1887,9,334.3,26.6,23.95,24.3,24.89,24.34,17.0,0.44,24.0,0.5,23.22,23.7,25.6,24.16,17.0,1.17,24.0,0.5,13.99,14.32,14.76,14.36,5.0,0.5,28.0,0.4,76.4,80.1,80.5,78.3,5.0,4.3,28.0,0.4,0.5,0.3,4.6,6.7,9.53,7.06,17.0,1.9,24.0,0.5,-9.05,-4.74,-3.25,-5.7,17.0,2.55,24.0,0.5,-4.74,-3.63,-2.27,-3.58,17.0,1.36,24.0,0.5,1019.81,1020.5,1022.0,1020.81,14.0,1.37,24.0,0.4,2.0,3.0,6.0,3.7,17.0,2.2,24.0,0.5,76.4,80.1,80.5,78.3,5.0,4.3,28.0,0.4,0.5,0.3,-86.4,-31.7,-15.0,-44.7,17.0,30.8,24.0,0.5,-31.7,-31.7,-15.0,-24.0,17.0,9.9,24.0,0.5,-0.74,0.4,0.99,0.18,17.0,0.96,24.0,0.5,-5.9,2.3,7.1,0.9,17.0,7.6,24.0,0.5,4.12,4.64,4.98,4.51,5.0,0.67,28.0,0.4,27.6,33.0,37.4,32.6,5.0,7.4,28.0,0.4,-229.8,-115.1,-76.8,-138.9,17.0,65.2,24.0,0.5,-113.8,-95.9,-54.2,-86.4,17.0,33.4,24.0,0.5,-97.9,-71.3,-68.7,-82.8,5.0,22.4,28.0,0.4,-69.9,-67.9,-45.7,-59.1,5.0,15.2,28.0,0.4,-34.4,-23.3,-19.5,-26.4,5.0,9.3,28.0,0.4,-22.2,-16.9,-15.0,-18.2,5.0,4.1,28.0,0.4,97.5,301.0,867.5,425.0,17.0,320.0,24.0,0.5,95.0,300.0,865.0,425.0,17.0,320.0,24.0,0.5
1887,9,334.3,28.6,23.81,24.3,24.4,24.18,14.0,0.42,28.0,0.5,22.62,23.35,24.18,23.56,14.0,1.02,28.0,0.5,14.28,14.6,14.91,14.6,4.0,0.37,28.0,0.8,73.1,79.4,84.8,79.0,4.0,6.9,28.0,0.8,0.6,0.3,4.73,6.7,6.7,5.96,14.0,1.53,28.0,0.5,-6.21,-6.19,-3.35,-5.16,14.0,1.85,28.0,0.5,-3.21,-2.51,-0.08,-1.86,14.0,2.21,28.0,0.5,1022.0,1022.0,1023.0,1022.3,10.0,0.67,28.0,0.6,2.0,3.5,6.0,3.9,14.0,2.1,28.0,0.5,73.1,79.4,84.8,79.0,4.0,6.9,28.0,0.8,0.6,0.3,-41.6,-41.5,-16.0,-33.2,14.0,14.7,28.0,0.5,-17.5,-15.9,-0.3,-10.7,14.0,14.7,28.0,0.5,0.12,1.0,1.47,0.62,14.0,1.17,28.0,0.5,0.7,3.6,7.4,3.4,14.0,7.6,28.0,0.5,3.39,4.23,4.46,3.94,4.0,0.84,28.0,0.8,22.7,28.3,29.9,26.4,4.0,5.6,28.0,0.8,-152.6,-144.5,-78.8,-122.2,14.0,44.8,28.0,0.5,-75.8,-58.5,-1.9,-42.7,14.0,53.3,28.0,0.5,-94.2,-92.3,-90.3,-92.2,4.0,2.6,28.0,0.8,-20.4,18.0,36.8,8.7,4.0,36.1,28.0,0.8,-28.7,-27.0,-21.0,-24.9,4.0,5.6,28.0,0.8,-5.7,3.4,9.3,1.9,4.0,9.7,28.0,0.8,110.0,301.0,301.0,246.0,14.0,110.5,28.0,0.5,110.0,300.0,300.0,245.0,14.0,110.0,28.0,0.5
1887,9,334.3,30.6,23.85,23.9,23.95,23.9,4.0,0.08,26.0,0.3,22.4,22.55,23.22,22.8,4.0,0.62,26.0,0.3,13.81,14.07,14.42,14.11,4.0,0.36,26.0,0.3,78.6,83.4,86.3,82.5,4.0,4.8,26.0,0.3,1.0,0.1,6.7,6.7,8.06,7.35,4.0,1.3,26.0,0.3,-7.67,-5.72,-4.74,-6.18,4.0,1.83,26.0,0.3,-4.74,-4.19,-1.73,-3.28,4.0,2.25,26.0,0.3,1021.0,1021.5,1022.0,1021.5,4.0,0.58,26.0,0.3,2.0,2.5,3.5,2.8,4.0,1.0,26.0,0.3,78.6,83.4,86.3,82.5,4.0,4.8,26.0,0.3,1.0,0.1,-63.1,-38.3,-31.7,-47.0,4.0,22.6,26.0,0.3,-32.8,-31.7,-15.1,-24.3,4.0,16.2,26.0,0.3,0.62,1.35,1.55,1.1,4.0,0.69,26.0,0.3,4.2,9.0,12.6,8.4,4.0,5.9,26.0,0.3,3.97,4.22,4.49,4.23,4.0,0.3,26.0,0.3,28.2,30.1,33.7,30.9,4.0,4.1,26.0,0.3,-171.9,-131.2,-109.8,-140.4,4.0,39.2,26.0,0.3,-110.0,-94.5,-38.8,-75.3,4.0,52.0,26.0,0.3,-110.7,-80.7,-65.4,-87.8,4.0,28.2,26.0,0.3,-65.4,-59.1,-25.1,-45.9,4.0,31.2,26.0,0.3,-30.5,-24.2,-21.3,-25.8,4.0,5.9,26.0,0.3,-21.3,-17.7,-6.8,-14.2,4.0,10.0,26.0,0.3,301.0,301.0,564.5,426.5,4.0,252.0,26.0,0.3,300.0,300.0,565.0,425.0,4.0,250.0,26.0,0.3
1887,9,334.3,36.6,,,,,,,,,,,,,,,,,,,,,,,,,,,,,,,,,,,4.6,5.65,9.8,6.58,10.0,2.37,10.0,0.7,-3.83,-1.8,5.34,-0.08,10.0,5.17,10.0,0.7,-6.97,-3.95,-1.8,-4.06,10.0,2.95,10.0,0.7,1017.64,1019.6,1021.5,1019.58,4.0,2.23,20.0,0.8,,,,,,,,,,,,,,,,,,,,,,,,,,,,,,,,,,,,,,,,,,,,,,,,,,,,,,,,,,,,,,,,,,,,,,,,,,,,,,,,,,,,,,,,,,,,,,,,,,,,,,,,,,,,,,,,,,,,,,,,,,,,,,,,,,
1887,9,334.3,42.6,18.3,19.4,19.84,19.1,9.0,0.87,10.0,0.2,17.32,18.7,19.9,18.59,11.0,1.29,10.0,0.2,11.39,11.57,11.74,11.57,2.0,0.36,14.0,0.0,84.5,84.9,85.3,84.9,2.0,0.8,14.0,0.0,0.3,0.8,0.59,6.7,9.8,5.44,11.0,4.46,10.0,0.2,-3.9,0.0,8.04,1.24,11.0,5.71,10.0,0.2,-3.96,0.0,1.43,-1.05,11.0,4.12,10.0,0.2,1022.98,1023.7,1025.39,1024.26,5.0,2.05,12.0,0.0,5.0,7.0,7.4,6.5,11.0,1.1,10.0,0.2,84.5,84.9,85.3,84.9,2.0,0.8,14.0,0.0,0.3,0.8,-19.9,0.0,78.8,16.2,11.0,52.1,10.0,0.2,-38.8,0.0,9.5,-10.8,11.0,38.9,10.0,0.2,,,,,,,,,,,,,,,,,,,,,,,,,,,,,,,,,-74.6,0.0,158.7,26.0,11.0,113.0,10.0,0.2,-76.7,0.0,27.6,-19.6,11.0,77.1,10.0,0.2,-81.5,-76.0,-70.5,-76.0,2.0,11.4,14.0,0.0,44.4,52.1,59.7,52.1,2.0,15.9,14.0,0.0,,,,,,,,,,,,,,,,,,,,,,,,,,,,,,,,
1887,9,334.3,44.6,17.8,18.4,19.34,18.39,36.0,0.85,16.0,0.4,16.7,18.1,19.1,17.94,41.0,1.58,14.0,0.5,9.17,10.49,11.39,10.35,12.0,0.99,24.0,0.7,88.3,89.1,89.3,88.6,12.0,1.5,24.0,0.7,0.6,0.6,2.14,4.6,6.7,5.06,37.0,2.73,14.0,0.5,-5.61,-1.84,0.75,-1.92,37.0,3.42,14.0,0.5,-5.64,1.8,3.54,-0.12,37.0,4.28,14.0,0.5,1020.5,1023.4,1032.13,1025.84,21.0,5.36,18.0,0.6,4.0,6.5,8.0,6.1,34.0,1.9,12.0,0.4,88.3,89.1,89.3,88.6,12.0,1.5,24.0,0.7,0.6,0.6,-37.6,-4.8,3.3,-10.5,37.0,27.3,14.0,0.5,-40.3,4.8,19.0,-3.4,37.0,33.3,14.0,0.5,-0.28,0.65,1.7,0.56,36.0,1.41,16.0,0.4,-0.3,4.0,10.8,3.7,32.0,5.8,14.0,0.4,1.77,2.51,3.25,2.33,9.0,1.03,28.0,0.7,11.9,15.0,20.5,16.1,5.0,4.6,28.0,0.8,-108.0,-33.3,12.2,-35.3,37.0,63.2,14.0,0.5,-98.4,31.8,66.5,-0.7,37.0,76.1,14.0,0.5,-69.9,-0.8,30.9,-15.0,8.0,47.1,22.0,0.8,-63.9,-49.4,34.0,-22.8,8.0,48.7,22.0,0.8,0.2,5.2,6.5,3.7,5.0,4.1,28.0,0.8,-19.2,-14.8,-10.7,-15.1,5.0,4.8,28.0,0.8,13.0,97.5,301.0,242.0,37.0,294.5,14.0,0.5,15.0,95.0,300.0,240.0,37.0,295.0,14.0,0.5
1887,9,334.3,46.6,,,,,,,,,,,,,,,,,,,,,,,,,,,,,,,,,,,5.93,12.3,12.3,9.64,5.0,3.72,28.0,0.2,4.49,4.81,5.15,4.82,5.0,0.64,28.0,0.2,-11.32,-11.32,-3.06,-7.96,5.0,4.62,28.0,0.2,1026.99,1029.0,1029.37,1028.22,5.0,1.96,28.0,0.2,,,,,,,,,,,,,,,,,,,,,,,,,,,,,,,,,,,,,,,,,,,,,,,,,,,,,,,,,,,,,,,,,,,,,,,,,,,,,,,,,,,,,,,,,,,,,,,,,,,,,,,,,,,,,,,,,,,,,,,,,,,,,,,,,,
1887,9,334.3,48.6,,,,,,,,,,,,,,,,,,,,,,,,,,,,,,,,,,,1.11,10.8,19.0,9.92,10.0,8.08,16.0,0.6,-1.05,0.0,19.0,6.87,10.0,9.74,16.0,0.6,-5.32,0.0,1.05,-1.79,10.0,4.86,16.0,0.6,1011.0,1018.7,1028.81,1019.28,8.0,8.77,14.0,0.6,,,,,,,,,,,,,,,,,,,,,,,,,,,,,,,,,,,,,,,,,,,,,,,,,,,,,,,,,,,,,,,,,,,,,,,,,,,,,,,,,,,,,,,,,,,,,,,,,,,,,,,,,,,,,,,,,,,,,,,,,,,,,,,,,,
1887,9,334.3,50.6,,,,,,,,,,,,,,,,,,,,,,,,,,,,,,,,,,,5.5,6.7,9.9,7.87,10.0,4.6,10.0,1.0,-4.31,3.61,7.11,2.87,10.0,5.62,10.0,1.0,-2.96,0.0,5.56,2.23,10.0,6.61,10.0,1.0,1026.5,1026.8,1027.05,1026.77,4.0,0.33,8.0,1.0,,,,,,,,,,,,,,,,,,,,,,,,,,,,,,,,,,,,,,,,,,,,,,,,,,,,,,,,,,,,,,,,,,,,,,,,,,,,,,,,,,,,,,,,,,,,,,,,,,,,,,,,,,,,,,,,,,,,,,,,,,,,,,,,,,
1887,9,336.3,-33.4,,,,,,,,,,,,,,,,,,,,,,,,,,,,,,,,,,,4.6,15.4,19.0,12.16,10.0,6.67,8.0,0.6,-4.4,-1.91,0.0,-2.38,10.0,2.71,8.0,0.6,-18.35,-15.4,-2.09,-10.95,10.0,7.87,8.0,0.6,1020.9,1021.25,1022.16,1021.7,6.0,1.32,2.0,0.5,,,,,,,,,,,,,,,,,,,,,,,,,,,,,,,,,,,,,,,,,,,,,,,,,,,,,,,,,,,,,,,,,,,,,,,,,,,,,,,,,,,,,,,,,,,,,,,,,,,,,,,,,,,,,,,,,,,,,,,,,,,,,,,,,,
1887,9,336.3,-31.4,,,,,,,,,,,,,,,,,,,,,,,,,,,,,,,,,,,2.6,4.6,12.3,6.08,37.0,3.6,18.0,0.5,-2.55,2.51,8.86,2.24,37.0,4.83,18.0,0.5,-4.79,0.5,4.0,0.01,37.0,4.74,18.0,0.5,1016.47,1018.3,1020.13,1018.48,25.0,2.77,18.0,0.5,,,,,,,,,,,,,,,,,,,,,,,,,,,,,,,,,,,,,,,,,,,,,,,,,,,,,,,,,,,,,,,,,,,,,,,,,,,,,,,,,,,,,,,,,,,,,,,,,,,,,,,,,,,,,,,,,,,,,,,,,,,,,,,,,,
1887,9,336.3,-29.4,,,,,,,,,,,,,,,,,,,,,,,,,,,,,,,,,,,6.17,6.7,12.3,8.43,12.0,3.09,14.0,0.3,-10.76,-6.58,1.8,-4.05,12.0,6.79,14.0,0.3,-4.82,0.64,3.45,0.04,12.0,4.81,14.0,0.3,1012.3,1024.8,1026.83,1020.69,12.0,6.93,14.0,0.3,,,,,,,,,,,,,,,,,,,,,,,,,,,,,,,,,,,,,,,,,,,,,,,,,,,,,,,,,,,,,,,,,,,,,,,,,,,,,,,,,,,,,,,,,,,,,,,,,,,,,,,,,,,,,,,,,,,,,,,,,,,,,,,,,,
1887,9,336.3,-27.4,18.86,19.0,19.4,19.07,13.0,0.43,20.0,0.5,18.2,19.9,21.35,19.91,16.0,1.4,20.0,0.6,11.02,11.19,11.79,11.41,6.0,0.62,24.0,0.2,79.3,80.5,82.4,80.5,6.0,2.7,24.0,0.2,0.9,0.7,5.4,9.3,9.3,8.14,16.0,2.45,20.0,0.6,-6.66,-4.06,1.45,-2.42,16.0,4.46,20.0,0.6,-9.28,-3.28,4.57,-2.61,16.0,6.59,20.0,0.6,1020.69,1024.7,1026.01,1023.01,15.0,5.0,20.0,0.5,3.0,4.5,6.0,4.3,16.0,1.7,20.0,0.6,79.3,80.5,82.4,80.5,6.0,2.7,24.0,0.2,0.9,0.7,-46.9,-32.9,6.7,-17.2,16.0,42.7,20.0,0.6,-86.3,-29.6,21.0,-33.1,16.0,62.2,20.0,0.6,-1.7,-1.0,0.73,-0.76,13.0,1.17,20.0,0.5,-15.8,-9.3,4.9,-6.8,13.0,9.1,20.0,0.5,1.83,1.98,2.23,2.03,4.0,0.24,26.0,0.0,17.0,18.4,20.7,18.8,4.0,2.3,26.0,0.0,-146.7,-76.4,30.0,-48.5,16.0,90.2,20.0,0.6,-183.5,-68.1,94.5,-53.7,16.0,128.6,20.0,0.6,-57.0,-29.6,2.0,-30.3,6.0,35.4,24.0,0.2,-96.6,-78.5,50.8,-41.3,6.0,74.4,24.0,0.2,-12.9,-9.1,-4.7,-8.8,4.0,5.6,26.0,0.0,-18.1,-16.0,-13.6,-15.9,4.0,2.9,26.0,0.0,174.5,804.5,804.5,678.0,16.0,547.0,20.0,0.6,175.0,805.0,805.0,680.0,16.0,545.0,20.0,0.6
1887,9,336.3,-25.4,,,,,,,,,,,,,,,,,,,,,,,,,,,,,,,,,,,1.05,6.7,6.7,4.91,39.0,2.41,22.0,0.5,-4.31,-1.28,0.18,-2.06,39.0,2.56,22.0,0.5,0.84,4.27,6.37,3.67,39.0,2.4,22.0,0.5,1019.0,1026.4,1028.08,1023.84,39.0,4.06,22.0,0.5,,,,,,,,,,,,,,,,,,,,,,,,,,,,,,,,,,,,,,,,,,,,,,,,,,,,,,,,,,,,,,,,,,,,,,,,,,,,,,,,,,,,,,,,,,,,,,,,,,,,,,,,,,,,,,,,,,,,,,,,,,,,,,,,,,
1887,9,336.3,-23.4,19.9,20.0,20.6,20.16,23.0,0.35,20.0,0.5,19.39,20.6,21.7,20.58,23.0,1.15,20.0,0.5,12.25,13.07,13.69,13.07,15.0,0.66,22.0,0.5,81.1,85.0,86.1,84.5,15.0,3.1,22.0,0.5,0.5,0.1,1.0,2.6,4.6,3.3,23.0,2.06,20.0,0.5,-2.03,-0.92,-0.27,-1.21,23.0,1.03,20.0,0.5,-0.39,2.59,4.49,2.66,23.0,2.37,20.0,0.5,1019.67,1024.4,1026.1,1023.16,22.0,3.05,20.0,0.5,2.0,4.0,8.0,4.3,23.0,2.7,20.0,0.5,81.1,85.0,86.1,84.5,15.0,3.1,22.0,0.5,0.5,0.1,-6.9,-2.2,-0.7,-5.6,23.0,7.0,20.0,0.5,-0.4,6.7,20.6,13.3,23.0,13.5,20.0,0.5,-1.65,-0.5,0.8,-0.42,23.0,1.16,20.0,0.5,-9.0,-1.6,1.4,-3.2,23.0,5.0,20.0,0.5,0.76,1.51,2.16,1.49,15.0,0.78,22.0,0.5,3.5,5.7,9.3,6.2,15.0,3.2,22.0,0.5,-41.9,-17.6,-5.4,-25.5,23.0,22.3,20.0,0.5,-7.3,51.7,97.1,56.9,23.0,51.0,20.0,0.5,-36.0,-19.4,-4.0,-19.4,15.0,13.5,22.0,0.5,31.6,59.6,70.5,55.1,15.0,16.2,22.0,0.5,-3.2,-1.4,-0.7,-1.9,15.0,1.7,22.0,0.5,3.3,5.6,8.7,5.8,15.0,2.9,22.0,0.5,1.0,17.5,97.5,77.0,23.0,98.0,20.0,0.5,0.0,20.0,95.0,75.0,23.0,100.0,20.0,0.5
1887,9,336.3,-21.4,,,,,,,,,,,,,,,,,,,,,,,,,,,,,,,,,,,2.6,3.6,4.6,3.6,6.0,1.1,22.0,0.5,0.0,0.27,0.63,0.34,6.0,0.4,22.0,0.5,-4.6,-3.55,-2.54,-3.56,6.0,1.1,22.0,0.5,1017.6,1017.9,1019.15,1018.3,5.0,0.84,22.0,0.4,,,,,,,,,,,,,,,,,,,,,,,,,,,,,,,,,,,,,,,,,,,,,,,,,,,,,,,,,,,,,,,,,,,,,,,,,,,,,,,,,,,,,,,,,,,,,,,,,,,,,,,,,,,,,,,,,,,,,,,,,,,,,,,,,,
1887,9,336.3,-19.4,,,,,,,,,,,,,,,,,,,,,,,,,,,,,,,,,,,1.0,1.0,2.6,2.23,12.0,2.36,22.0,0.5,-2.4,-0.1,0.05,-1.12,12.0,2.57,22.0,0.5,-1.41,0.76,1.0,0.17,12.0,1.72,22.0,0.5,1018.24,1019.4,1020.11,1019.28,10.0,1.1,22.0,0.4,,,,,,,,,,,,,,,,,,,,,,,,,,,,,,,,,,,,,,,,,,,,,,,,,,,,,,,,,,,,,,,,,,,,,,,,,,,,,,,,,,,,,,,,,,,,,,,,,,,,,,,,,,,,,,,,,,,,,,,,,,,,,,,,,,
1887,9,336.3,-11.4,23.3,24.4,24.4,24.0,19.0,0.51,18.0,0.6,23.9,24.4,25.0,24.46,20.0,0.99,18.0,0.6,17.61,18.8,19.09,18.48,5.0,0.85,8.0,0.8,95.3,95.3,95.3,95.3,5.0,0.0,8.0,0.8,0.7,0.6,6.7,6.7,9.3,7.48,20.0,1.22,18.0,0.6,-9.02,-6.17,-5.92,-7.0,20.0,1.41,18.0,0.6,1.31,2.62,3.15,2.47,20.0,0.68,18.0,0.6,1013.2,1017.0,1020.2,1016.86,18.0,3.11,16.0,0.7,1.0,2.0,8.0,3.4,20.0,2.9,18.0,0.6,95.3,95.3,95.3,95.3,5.0,0.0,8.0,0.8,0.7,0.6,-83.9,-41.3,-39.6,-54.0,20.0,20.5,18.0,0.6,12.1,18.3,21.1,18.0,20.0,4.5,18.0,0.6,-1.77,0.0,0.59,-0.48,19.0,1.3,18.0,0.6,-15.5,0.0,3.9,-4.5,19.0,10.6,18.0,0.6,-1.37,-1.0,-0.36,-0.87,4.0,0.8,8.0,1.0,-10.4,-8.0,-2.2,-6.4,4.0,5.9,8.0,1.0,-215.7,-151.1,-144.3,-171.7,20.0,38.9,18.0,0.6,35.5,62.6,76.7,60.0,20.0,15.9,18.0,0.6,-164.1,-158.9,-117.1,-144.8,5.0,26.5,8.0,0.8,34.0,39.6,54.1,42.4,5.0,12.5,8.0,0.8,1.9,7.7,9.8,5.9,4.0,5.6,8.0,1.0,-3.9,-2.1,-0.4,-2.1,4.0,2.3,8.0,1.0,301.0,301.0,804.5,452.0,20.0,237.0,18.0,0.6,300.0,300.0,805.0,450.0,20.0,235.0,18.0,0.6
1887,9,336.3,-9.4,23.3,23.3,23.3,23.3,2.0,0.0,8.0,0.0,25.1,25.3,25.5,25.3,2.0,0.42,8.0,0.0,18.95,19.19,19.42,19.19,2.0,0.49,8.0,0.0,95.3,95.3,95.3,95.3,2.0,0.0,8.0,0.0,0.1,0.1,6.7,6.7,6.7,6.7,2.0,0.0,8.0,0.0,-6.33,-6.33,-6.33,-6.33,2.0,0.0,8.0,0.0,2.18,2.18,2.18,2.18,2.0,0.0,8.0,0.0,1013.2,1013.2,1013.2,1013.2,2.0,0.0,8.0,0.0,1.0,1.0,1.0,1.0,2.0,0.0,8.0,0.0,95.3,95.3,95.3,95.3,2.0,0.0,8.0,0.0,0.1,0.1,-42.4,-42.4,-42.4,-42.4,2.0,0.0,8.0,0.0,14.6,14.6,14.6,14.6,2.0,0.0,8.0,0.0,-2.2,-2.0,-1.8,-2.0,2.0,0.42,8.0,0.0,-14.8,-13.4,-12.0,-13.4,2.0,2.8,8.0,0.0,-1.59,-1.35,-1.12,-1.35,2.0,0.49,8.0,0.0,-10.7,-9.1,-7.5,-9.1,2.0,3.3,8.0,0.0,-161.6,-160.3,-159.0,-160.3,2.0,2.7,8.0,0.0,54.7,55.2,55.6,55.2,2.0,0.9,8.0,0.0,-123.0,-121.5,-120.0,-121.5,2.0,3.1,8.0,0.0,41.3,41.8,42.4,41.8,2.0,1.1,8.0,0.0,7.1,8.6,10.1,8.6,2.0,3.1,8.0,0.0,-3.5,-3.0,-2.4,-3.0,2.0,1.1,8.0,0.0,301.0,301.0,301.0,301.0,2.0,0.0,8.0,0.0,300.0,300.0,300.0,300.0,2.0,0.0,8.0,0.0
1887,9,336.3,-7.4,24.06,26.1,26.1,25.22,11.0,1.02,18.0,0.6,24.14,25.3,26.1,25.36,14.0,0.97,20.0,0.6,15.76,15.76,15.76,15.76,1.0,0.0,24.0,1.0,75.3,78.6,82.8,78.2,9.0,4.0,24.0,0.6,0.3,0.0,8.1,9.3,12.3,10.08,17.0,2.14,20.0,0.5,-8.23,-6.58,-5.54,-6.95,17.0,1.41,20.0,0.5,4.74,6.91,9.14,7.22,17.0,1.92,20.0,0.5,1012.79,1013.8,1015.24,1014.43,6.0,2.83,14.0,0.7,2.0,4.0,5.0,3.6,15.0,1.8,20.0,0.5,75.3,78.6,82.8,78.2,9.0,4.0,24.0,0.6,0.3,0.0,-101.2,-61.2,-45.8,-72.6,17.0,27.4,20.0,0.5,32.1,64.3,112.4,76.3,17.0,33.5,20.0,0.5,,,,,,,,,,,,,,,,,,,,,,,,,,,,,,,,,-214.8,-165.8,-120.3,-173.3,14.0,38.9,20.0,0.6,117.5,178.7,238.6,178.0,14.0,54.1,20.0,0.6,-129.7,-129.7,-129.7,-129.7,1.0,0.0,24.0,1.0,144.0,144.0,144.0,144.0,1.0,0.0,24.0,1.0,,,,,,,,,,,,,,,,,,,,,,,,,,,,,,,,
1887,9,336.3,-5.4,,,,,,,,,,,,,,,,,,,,,,,,,,,,,,,,,,,6.7,6.7,8.06,7.35,4.0,1.3,18.0,0.5,-5.7,-4.74,-4.74,-5.2,4.0,0.92,18.0,0.5,4.74,4.74,5.7,5.2,4.0,0.92,18.0,0.5,1012.16,1012.5,1012.84,1012.5,2.0,0.71,12.0,0.0,,,,,,,,,,,,,,,,,,,,,,,,,,,,,,,,,,,,,,,,,,,,,,,,,,,,,,,,,,,,,,,,,,,,,,,,,,,,,,,,,,,,,,,,,,,,,,,,,,,,,,,,,,,,,,,,,,,,,,,,,,,,,,,,,,
1887,9,336.3,-3.4,,,,,,,,,,,,,,,,,,,,,,,,,,,,,,,,,,,6.7,6.7,9.3,8.03,16.0,1.71,12.0,0.5,-6.58,-4.74,-3.63,-5.15,16.0,1.87,12.0,0.5,4.74,6.17,7.33,5.91,16.0,1.6,12.0,0.5,1014.14,1014.45,1014.76,1014.45,2.0,0.64,10.0,0.5,1.1,3.0,3.9,2.7,14.0,1.9,12.0,0.4,87.9,89.7,91.1,89.6,5.0,1.9,2.0,0.4,0.7,0.8,-61.2,-32.8,-31.7,-43.3,16.0,26.2,12.0,0.5,31.7,41.3,76.6,49.2,16.0,21.4,12.0,0.5,,,,,,,,,,,,,,,,,,,,,,,,,,,,,,,,,,,,,,,,,,,,,,,,,,,,,,,,,,,,,,,,,,,,,,,,,,,,,,,,,,,,,,,,,,,,,,,,
1887,9,336.3,-1.4,23.57,24.5,24.9,24.28,12.0,0.62,6.0,0.6,23.2,24.8,26.93,25.16,13.0,1.55,8.0,0.5,17.38,17.38,17.38,17.38,1.0,0.0,8.0,1.0,78.7,78.7,78.7,78.7,1.0,0.0,8.0,1.0,1.0,1.0,6.5,9.3,12.3,8.47,13.0,2.73,8.0,0.5,-8.85,-6.58,-4.6,-6.4,13.0,2.52,8.0,0.5,3.61,5.07,6.7,5.39,13.0,1.75,8.0,0.5,1012.76,1014.0,1014.67,1013.78,8.0,1.55,10.0,0.8,1.8,3.0,5.0,3.0,13.0,1.8,8.0,0.5,78.7,78.7,78.7,78.7,1.0,0.0,8.0,1.0,1.0,1.0,-108.9,-61.2,-30.1,-60.2,13.0,39.3,8.0,0.5,19.4,47.1,82.4,49.4,13.0,29.3,8.0,0.5,-2.6,-0.5,0.33,-0.92,12.0,1.31,6.0,0.6,-17.2,-5.4,2.7,-7.9,12.0,11.5,6.0,0.6,1.78,1.78,1.78,1.78,1.0,0.0,8.0,1.0,8.2,8.2,8.2,8.2,1.0,0.0,8.0,1.0,-239.0,-152.6,-107.8,-160.9,13.0,66.5,8.0,0.5,87.1,125.6,174.9,136.2,13.0,47.8,8.0,0.5,-56.5,-56.5,-56.5,-56.5,1.0,0.0,8.0,1.0,56.5,56.5,56.5,56.5,1.0,0.0,8.0,1.0,-5.8,-5.8,-5.8,-5.8,1.0,0.0,8.0,1.0,5.8,5.8,5.8,5.8,1.0,0.0,8.0,1.0,281.5,804.5,1861.0,784.5,13.0,668.0,8.0,0.5,280.0,805.0,1860.0,785.0,13.0,670.0,8.0,0.5
1887,9,336.3,0.6,23.9,24.4,25.3,24.66,74.0,0.67,12.0,0.5,24.33,25.0,26.1,25.18,91.0,1.07,12.0,0.5,16.52,16.99,17.97,17.13,27.0,0.7,8.0,0.4,79.3,86.5,87.0,83.5,31.0,4.6,8.0,0.5,0.3,0.6,2.6,4.6,6.7,4.76,83.0,2.26,12.0,0.5,-4.74,-1.84,-0.71,-2.7,83.0,2.24,12.0,0.5,2.44,3.81,4.74,3.62,83.0,1.51,12.0,0.5,1013.0,1015.0,1017.96,1015.17,63.0,2.03,10.0,0.5,1.0,2.0,4.0,2.4,92.0,1.6,12.0,0.5,79.3,86.5,87.0,83.5,31.0,4.6,8.0,0.5,0.3,0.6,-31.7,-8.6,-1.3,-17.1,83.0,21.0,12.0,0.5,6.4,18.1,31.7,20.0,83.0,15.1,12.0,0.5,-1.37,-0.5,0.26,-0.66,73.0,1.17,12.0,0.5,-6.5,-1.4,1.1,-2.7,64.0,5.2,12.0,0.5,1.27,1.98,2.5,1.83,27.0,0.72,8.0,0.4,3.6,6.4,13.1,7.8,18.0,5.4,8.0,0.4,-117.6,-54.5,-20.7,-68.2,82.0,55.0,12.0,0.5,61.1,95.3,117.9,92.0,82.0,36.7,12.0,0.5,-62.2,-53.6,-16.0,-46.7,18.0,22.1,8.0,0.4,43.9,55.9,79.6,59.9,18.0,16.2,8.0,0.4,-8.7,-4.8,-1.2,-5.0,18.0,3.9,8.0,0.4,3.3,4.9,8.7,5.8,18.0,4.0,8.0,0.4,17.5,97.5,301.0,184.0,83.0,242.0,12.0,0.5,20.0,95.0,300.0,185.0,83.0,240.0,12.0,0.5
1887,9,336.3,2.6,24.4,25.0,26.3,25.23,78.0,0.95,14.0,0.6,24.4,25.3,26.67,25.45,109.0,1.11,12.0,0.5,16.48,16.77,17.41,16.87,45.0,0.53,6.0,0.5,80.0,86.0,87.0,84.1,54.0,3.6,6.0,0.6,0.7,0.3,2.21,4.6,6.7,3.96,94.0,2.11,12.0,0.5,-2.51,-0.63,0.0,-1.11,94.0,1.53,12.0,0.5,1.64,4.23,5.6,3.61,94.0,1.89,12.0,0.5,1013.0,1014.6,1017.3,1014.8,89.0,2.03,12.0,0.5,1.0,2.0,4.0,2.4,110.0,1.9,12.0,0.5,80.0,86.0,87.0,84.1,54.0,3.6,6.0,0.6,0.7,0.3,-15.0,-1.2,0.0,-6.1,94.0,11.3,12.0,0.5,3.9,19.5,37.5,18.1,94.0,15.9,12.0,0.5,-1.58,0.0,1.0,-0.29,77.0,1.4,14.0,0.6,-5.6,1.3,5.2,-0.4,61.0,6.4,16.0,0.6,1.49,2.5,3.14,2.41,21.0,0.75,8.0,0.6,2.4,8.5,19.8,10.4,6.0,8.5,6.0,0.7,-64.0,-13.7,0.0,-28.4,93.0,39.2,12.0,0.5,36.9,105.0,151.8,92.8,93.0,49.1,12.0,0.5,-28.3,-1.3,15.0,-6.2,30.0,21.4,6.0,0.5,16.4,45.4,78.3,52.0,30.0,28.0,6.0,0.5,-8.5,-2.8,-0.8,-4.5,6.0,4.9,6.0,0.7,2.3,8.0,15.6,9.2,6.0,7.3,6.0,0.7,13.5,97.5,301.0,116.5,94.0,160.0,12.0,0.5,15.0,95.0,300.0,115.0,94.0,160.0,12.0,0.5
1887,9,336.3,4.6,26.1,27.0,27.8,26.89,60.0,0.91,20.0,0.4,25.0,26.1,27.8,26.32,83.0,1.29,16.0,0.4,16.29,16.66,17.24,16.72,30.0,0.56,4.0,0.5,78.6,81.9,84.5,81.7,30.0,3.2,4.0,0.5,0.7,0.3,2.6,4.6,6.7,5.58,83.0,2.43,16.0,0.4,-1.8,0.0,2.62,0.32,83.0,2.2,16.0,0.4,2.39,4.6,6.63,5.08,83.0,2.52,16.0,0.4,1012.26,1014.3,1015.9,1014.22,68.0,1.8,16.0,0.4,2.0,3.0,6.0,3.2,83.0,2.1,16.0,0.4,78.6,81.9,84.5,81.7,30.0,3.2,4.0,0.5,0.7,0.3,-9.3,0.0,16.8,0.9,83.0,16.2,16.0,0.4,6.2,21.2,44.5,34.2,83.0,29.5,16.0,0.4,-0.5,0.25,1.1,0.24,60.0,0.75,20.0,0.4,-3.0,1.4,5.1,1.2,60.0,4.7,20.0,0.4,4.43,5.01,5.25,4.83,7.0,0.48,6.0,0.4,20.4,23.0,24.7,23.8,7.0,5.4,6.0,0.4,-44.6,0.0,68.9,8.3,83.0,58.6,16.0,0.4,63.3,122.8,187.7,134.6,83.0,69.1,16.0,0.4,-29.1,-16.6,33.7,-3.9,30.0,31.7,4.0,0.5,39.7,67.0,101.3,63.7,30.0,28.3,4.0,0.5,8.9,10.5,18.1,13.2,7.0,5.0,6.0,0.4,16.1,18.4,21.9,19.4,7.0,4.6,6.0,0.4,17.5,97.5,301.0,277.0,83.0,350.0,16.0,0.4,20.0,95.0,300.0,275.0,83.0,350.0,16.0,0.4
1887,9,336.3,6.6,26.7,27.2,27.31,27.06,76.0,0.44,16.0,0.6,25.0,26.1,27.53,26.26,80.0,1.25,16.0,0.6,16.64,17.25,17.46,17.16,21.0,0.44,4.0,0.5,76.3,82.5,83.1,80.5,21.0,4.4,4.0,0.5,0.4,0.3,2.6,4.6,6.7,5.2,79.0,2.57,16.0,0.6,0.0,1.87,4.13,2.16,79.0,2.15,16.0,0.6,0.0,3.67,6.7,3.58,79.0,3.43,16.0,0.6,1012.08,1014.95,1015.96,1014.21,54.0,1.98,16.0,0.6,2.0,4.0,8.0,4.4,80.0,2.6,16.0,0.6,76.3,82.5,83.1,80.5,21.0,4.4,4.0,0.5,0.4,0.3,0.0,7.9,27.0,12.7,79.0,16.0,16.0,0.6,0.0,16.9,44.9,25.2,79.0,30.1,16.0,0.6,-0.01,0.6,1.6,0.75,76.0,1.08,16.0,0.6,0.0,3.3,8.9,3.9,75.0,4.9,16.0,0.6,4.77,5.04,5.29,5.06,17.0,0.32,6.0,0.5,7.9,13.6,29.9,18.1,16.0,10.4,6.0,0.5,0.0,51.6,110.2,56.9,79.0,56.3,16.0,0.6,0.0,95.9,176.0,93.5,79.0,89.3,16.0,0.6,0.1,19.4,59.6,25.3,20.0,32.9,4.0,0.5,30.0,53.6,93.3,58.8,20.0,35.8,4.0,0.5,4.4,9.4,19.3,11.0,16.0,6.8,6.0,0.5,6.1,12.1,23.7,14.1,16.0,8.3,6.0,0.5,17.5,97.5,301.0,244.5,79.0,289.5,16.0,0.6,20.0,95.0,300.0,245.0,79.0,290.0,16.0,0.6
1887,9,336.3,8.6,26.1,27.0,28.3,27.09,43.0,0.91,16.0,0.5,25.16,26.55,28.3,26.78,40.0,1.56,14.0,0.5,17.26,17.26,17.26,17.26,1.0,0.0,30.0,1.0,91.3,91.3,91.3,91.3,1.0,0.0,30.0,1.0,0.5,0.5,2.6,4.6,6.7,5.32,39.0,2.57,14.0,0.5,0.0,1.72,4.25,2.08,39.0,2.34,14.0,0.5,-0.94,4.17,6.7,3.34,39.0,3.78,14.0,0.5,1011.0,1013.55,1015.0,1013.31,36.0,2.05,16.0,0.5,4.0,7.0,8.0,6.3,43.0,2.0,16.0,0.5,91.3,91.3,91.3,91.3,1.0,0.0,30.0,1.0,0.5,0.5,0.0,8.6,32.4,14.3,39.0,21.3,14.0,0.5,-2.5,19.2,44.9,23.6,39.0,31.4,14.0,0.5,-0.5,0.0,1.36,0.29,40.0,1.27,14.0,0.5,-2.1,0.0,7.7,1.2,36.0,7.9,14.0,0.6,4.73,4.73,4.73,4.73,1.0,0.0,30.0,1.0,44.0,44.0,44.0,44.0,1.0,0.0,30.0,1.0,0.0,37.5,105.4,50.4,36.0,59.8,14.0,0.6,10.0,114.6,184.3,96.4,36.0,93.7,14.0,0.6,157.0,157.0,157.0,157.0,1.0,0.0,30.0,1.0,33.4,33.4,33.4,33.4,1.0,0.0,30.0,1.0,43.0,43.0,43.0,43.0,1.0,0.0,30.0,1.0,9.1,9.1,9.1,9.1,1.0,0.0,30.0,1.0,17.5,97.5,301.0,260.0,39.0,357.5,14.0,0.5,20.0,95.0,300.0,260.0,39.0,360.0,14.0,0.5
1887,9,336.3,10.6,,,,,,,,,,,,,,,,,,,,,,,,,,,,,,,,,,,1.0,1.0,4.6,2.4,17.0,1.78,14.0,0.5,-3.71,-0.93,0.0,-1.48,17.0,1.82,14.0,0.5,-2.47,0.37,0.95,-0.46,17.0,1.84,14.0,0.5,1012.84,1014.0,1015.0,1013.53,7.0,1.82,22.0,0.3,,,,,,,,,,,,,,,,,,,,,,,,,,,,,,,,,,,,,,,,,,,,,,,,,,,,,,,,,,,,,,,,,,,,,,,,,,,,,,,,,,,,,,,,,,,,,,,,,,,,,,,,,,,,,,,,,,,,,,,,,,,,,,,,,,
1887,9,336.3,12.6,26.81,27.4,28.0,27.45,39.0,0.54,18.0,0.5,26.1,26.95,28.39,27.23,36.0,1.19,18.0,0.5,19.0,19.09,20.25,19.61,3.0,1.03,30.0,0.7,84.2,91.4,93.0,88.7,3.0,6.9,30.0,0.7,1.0,0.5,0.24,2.6,6.7,3.15,34.0,2.69,18.0,0.5,-2.43,0.0,3.8,0.18,34.0,3.1,18.0,0.5,-2.41,0.0,2.61,0.33,34.0,2.78,18.0,0.5,1011.96,1014.2,1016.19,1014.27,25.0,2.07,20.0,0.6,2.0,2.0,6.0,3.2,39.0,2.1,18.0,0.5,84.2,91.4,93.0,88.7,3.0,6.9,30.0,0.7,1.0,0.5,-7.9,0.0,16.3,3.1,34.0,21.3,18.0,0.5,-6.3,0.0,15.3,4.1,34.0,18.9,18.0,0.5,-0.89,0.15,1.2,0.2,36.0,1.04,18.0,0.5,-2.0,0.0,3.4,0.5,32.0,4.5,18.0,0.5,2.87,3.36,3.9,3.39,3.0,0.76,30.0,0.7,9.8,12.1,16.9,13.3,3.0,5.3,30.0,0.7,-69.5,0.0,115.7,2.5,32.0,85.8,18.0,0.5,-68.0,0.0,81.4,7.9,32.0,77.8,18.0,0.5,-80.4,-47.5,-43.5,-61.6,3.0,29.6,30.0,0.7,-49.9,0.0,18.5,-15.4,3.0,51.8,30.0,0.7,-11.6,-10.4,-8.3,-10.0,3.0,2.4,30.0,0.7,-10.9,0.0,3.3,-3.8,3.0,10.9,30.0,0.7,0.0,17.5,301.0,111.0,34.0,204.0,18.0,0.5,0.0,20.0,300.0,110.0,34.0,205.0,18.0,0.5
1887,9,336.3,14.6,26.8,27.2,27.4,27.14,17.0,0.31,20.0,0.4,26.35,27.0,27.6,26.96,17.0,0.82,20.0,0.4,20.33,20.73,20.85,20.59,4.0,0.37,30.0,0.3,91.0,92.9,94.8,92.9,4.0,2.2,30.0,0.3,1.0,0.4,2.6,5.65,6.7,4.83,16.0,2.2,20.0,0.4,-3.65,-2.12,-0.97,-2.39,16.0,1.44,20.0,0.4,-5.7,-4.5,-2.31,-4.13,16.0,1.81,20.0,0.4,1011.38,1013.0,1014.96,1013.16,16.0,1.63,20.0,0.4,2.0,5.0,8.0,5.0,17.0,2.5,20.0,0.4,91.0,92.9,94.8,92.9,4.0,2.2,30.0,0.3,1.0,0.4,-24.4,-12.4,-2.5,-14.2,16.0,11.3,20.0,0.4,-38.2,-25.7,-6.0,-23.6,16.0,15.5,20.0,0.4,-0.25,0.1,1.05,0.18,17.0,0.88,20.0,0.4,-1.1,0.1,1.8,0.1,16.0,5.3,20.0,0.4,1.02,1.55,2.12,1.57,4.0,0.65,30.0,0.3,6.8,10.4,14.2,10.5,4.0,4.4,30.0,0.3,-98.4,-57.8,-26.2,-64.5,16.0,38.8,20.0,0.4,-159.1,-122.3,-62.0,-112.0,16.0,49.6,20.0,0.4,-98.2,-86.9,-74.6,-86.4,4.0,13.7,30.0,0.3,-115.1,-105.7,-98.2,-106.6,4.0,9.8,30.0,0.3,-8.8,-6.3,-4.2,-6.5,4.0,2.6,30.0,0.3,-11.1,-7.8,-5.3,-8.2,4.0,3.7,30.0,0.3,17.5,199.0,301.0,172.0,16.0,136.5,20.0,0.4,20.0,200.0,300.0,170.0,16.0,135.0,20.0,0.4
1887,9,336.3,16.6,26.84,27.1,27.4,27.1,16.0,0.34,24.0,0.4,26.29,26.7,27.12,26.68,16.0,0.68,24.0,0.4,18.54,19.57,20.32,19.27,6.0,1.46,18.0,0.3,85.2,87.0,92.4,88.2,6.0,4.0,18.0,0.3,0.5,0.4,4.6,6.7,6.7,6.02,16.0,2.14,24.0,0.4,-6.21,-4.74,-2.46,-4.55,16.0,2.17,24.0,0.4,-5.02,-3.76,-2.51,-3.62,16.0,1.56,24.0,0.4,1012.04,1013.4,1015.02,1013.53,16.0,1.41,24.0,0.4,2.0,3.0,4.0,3.1,16.0,1.2,24.0,0.4,85.2,87.0,92.4,88.2,6.0,4.0,18.0,0.3,0.5,0.4,-41.6,-31.7,-11.6,-31.2,16.0,21.8,24.0,0.4,-35.7,-23.2,-12.6,-23.8,16.0,13.6,24.0,0.4,-0.36,0.45,1.1,0.42,16.0,0.69,24.0,0.4,-2.0,2.3,7.4,2.5,16.0,4.6,24.0,0.4,2.31,2.7,3.74,3.15,6.0,1.32,18.0,0.3,11.6,16.0,24.1,18.3,6.0,11.0,18.0,0.3,-167.3,-122.5,-65.6,-121.4,16.0,58.4,24.0,0.4,-133.8,-98.5,-67.0,-96.4,16.0,41.6,24.0,0.4,-100.9,-74.2,-65.5,-83.9,6.0,33.8,18.0,0.3,-102.4,-60.5,-46.5,-68.3,6.0,33.4,18.0,0.3,-19.7,-11.2,-8.6,-14.1,6.0,8.9,18.0,0.3,-16.3,-10.2,-6.6,-11.4,6.0,7.0,18.0,0.3,97.5,301.0,301.0,289.0,16.0,231.0,24.0,0.4,95.0,300.0,300.0,290.0,16.0,230.0,24.0,0.4
1887,9,336.3,18.6,25.8,26.55,26.9,26.39,34.0,0.66,20.0,0.6,25.6,26.1,27.0,26.32,35.0,0.85,20.0,0.6,17.57,19.32,20.72,19.43,14.0,1.52,20.0,0.7,85.1,92.3,95.9,90.9,14.0,5.5,20.0,0.7,0.4,0.5,4.6,6.7,9.3,6.06,38.0,2.44,18.0,0.6,-6.58,-4.6,-2.02,-4.78,38.0,2.29,18.0,0.6,-5.49,-2.88,0.0,-2.87,38.0,2.53,18.0,0.6,1012.42,1014.1,1016.0,1014.14,35.0,1.68,20.0,0.6,2.0,3.0,6.0,3.7,37.0,1.7,18.0,0.6,85.1,92.3,95.9,90.9,14.0,5.5,20.0,0.7,0.4,0.5,-61.2,-29.5,-8.9,-33.8,38.0,27.6,18.0,0.6,-39.3,-16.8,0.0,-20.4,38.0,21.7,18.0,0.6,-0.9,0.2,1.02,-0.02,31.0,1.11,20.0,0.6,-6.0,0.9,7.4,1.3,31.0,6.3,20.0,0.6,-1.68,2.54,4.16,1.62,10.0,2.67,20.0,0.7,-5.1,15.3,23.9,11.7,10.0,14.5,20.0,0.7,-172.0,-121.7,-55.1,-124.3,35.0,61.6,20.0,0.6,-142.4,-68.0,0.0,-69.7,35.0,65.1,20.0,0.6,-105.4,-83.0,-55.8,-79.0,14.0,34.0,20.0,0.7,-94.5,-36.5,0.0,-40.3,14.0,50.1,20.0,0.7,-20.4,-10.1,5.1,-8.6,10.0,12.1,20.0,0.7,-15.2,-3.5,2.6,-5.5,10.0,10.1,20.0,0.7,97.5,301.0,804.5,328.5,38.0,366.0,18.0,0.6,95.0,300.0,805.0,330.0,38.0,365.0,18.0,0.6
1887,9,336.3,20.6,25.48,25.9,26.42,25.9,35.0,0.68,18.0,0.5,25.6,26.1,26.71,26.16,38.0,0.79,18.0,0.5,18.26,19.48,20.6,19.45,11.0,1.33,18.0,0.4,87.7,93.7,96.6,92.5,11.0,5.8,18.0,0.4,0.7,0.4,4.6,6.7,9.71,7.4,40.0,2.58,18.0,0.5,-8.7,-5.97,-2.17,-5.66,40.0,2.63,18.0,0.5,-6.58,-4.17,-1.71,-4.03,40.0,2.52,18.0,0.5,1013.59,1015.9,1017.21,1015.61,32.0,1.86,18.0,0.5,1.0,2.5,5.0,2.8,38.0,2.0,18.0,0.5,87.7,93.7,96.6,92.5,11.0,5.8,18.0,0.4,0.7,0.4,-86.4,-40.7,-10.4,-47.5,40.0,33.3,18.0,0.5,-61.2,-20.4,-4.7,-32.3,40.0,28.6,18.0,0.5,-1.33,0.0,0.3,-0.36,32.0,0.92,18.0,0.5,-8.8,0.0,2.5,-3.1,31.0,7.7,18.0,0.5,-1.46,-0.47,3.96,0.88,5.0,2.88,18.0,0.2,-14.5,-7.9,11.6,-1.7,4.0,19.3,20.0,0.3,-232.2,-155.8,-67.2,-146.7,37.0,68.0,18.0,0.5,-159.7,-110.5,-47.8,-100.5,37.0,61.1,18.0,0.5,-136.2,-126.1,-110.1,-120.6,10.0,24.1,18.0,0.4,-130.1,-62.6,-49.7,-82.7,10.0,38.4,18.0,0.4,-11.0,5.9,10.3,-0.1,4.0,16.5,20.0,0.3,-4.0,5.3,10.3,3.2,4.0,9.6,20.0,0.3,97.5,301.0,915.5,546.5,40.0,488.0,18.0,0.5,95.0,300.0,915.0,545.0,40.0,490.0,18.0,0.5
1887,9,336.3,22.6,24.4,25.2,26.06,25.17,59.0,0.74,20.0,0.4,23.9,25.0,26.16,24.94,60.0,1.19,20.0,0.4,19.5,19.52,19.55,19.52,2.0,0.05,20.0,0.5,92.5,93.7,94.8,93.7,2.0,2.4,20.0,0.5,0.8,0.2,4.6,6.7,9.8,7.39,65.0,2.81,20.0,0.4,-8.61,-4.74,-2.51,-5.26,65.0,2.76,20.0,0.4,-6.58,-4.74,-1.87,-4.64,65.0,2.42,20.0,0.4,1015.58,1017.0,1018.0,1016.84,32.0,1.15,18.0,0.5,2.0,3.0,6.0,3.8,65.0,2.1,20.0,0.4,92.5,93.7,94.8,93.7,2.0,2.4,20.0,0.5,0.8,0.2,-87.6,-31.7,-15.3,-45.2,65.0,38.3,20.0,0.4,-61.2,-36.0,-10.0,-38.9,65.0,32.7,20.0,0.4,,,,,,,,,,,,,,,,,,,,,,,,,,,,,,,,,-204.4,-118.4,-58.4,-126.3,60.0,68.6,20.0,0.4,-164.2,-120.5,-47.5,-116.5,60.0,62.7,20.0,0.4,-118.3,-102.8,-87.4,-102.8,2.0,32.1,20.0,0.5,-40.1,-38.4,-36.8,-38.4,2.0,3.4,20.0,0.5,,,,,,,,,,,,,,,,,,,,,,,,,,,,,,,,
1887,9,336.3,24.6,23.8,24.2,24.6,24.23,89.0,0.5,22.0,0.5,22.8,23.9,25.0,24.05,89.0,1.38,24.0,0.5,15.6,15.63,16.03,15.81,5.0,0.35,24.0,0.4,83.2,87.5,88.7,86.2,5.0,3.8,24.0,0.4,0.5,0.4,4.6,6.7,9.3,6.41,93.0,2.54,24.0,0.5,-6.58,-4.6,-2.51,-4.63,93.0,2.2,24.0,0.5,-6.21,-3.75,-1.17,-3.95,93.0,2.37,24.0,0.5,1016.0,1017.1,1019.17,1017.49,55.0,1.54,24.0,0.5,2.0,3.0,6.0,3.8,93.0,2.1,24.0,0.5,83.2,87.5,88.7,86.2,5.0,3.8,24.0,0.4,0.5,0.4,-61.2,-25.1,-14.0,-34.3,93.0,29.9,24.0,0.5,-41.6,-25.1,-4.0,-29.9,93.0,29.0,24.0,0.5,-0.62,0.5,1.1,0.18,88.0,1.15,22.0,0.5,-5.0,2.4,7.4,1.0,88.0,6.6,22.0,0.5,2.91,3.27,3.46,3.19,5.0,0.46,24.0,0.4,6.4,8.5,19.8,12.4,5.0,8.7,24.0,0.4,-161.1,-108.0,-61.0,-111.1,89.0,52.2,24.0,0.5,-154.6,-92.9,-24.4,-95.2,89.0,58.2,24.0,0.5,-40.2,-15.2,-13.7,-24.5,5.0,14.7,24.0,0.4,-99.6,-37.6,-27.9,-57.3,5.0,40.6,24.0,0.4,-7.4,-3.2,-2.8,-4.9,5.0,3.0,24.0,0.4,-18.3,-7.9,-5.7,-11.3,5.0,8.2,24.0,0.4,97.5,301.0,804.5,398.0,93.0,575.0,24.0,0.5,95.0,300.0,805.0,400.0,93.0,575.0,24.0,0.5
1887,9,336.3,26.6,23.7,23.9,24.4,23.95,58.0,0.47,22.0,0.5,22.39,23.5,24.43,23.52,57.0,1.09,22.0,0.5,14.57,15.54,15.71,15.19,8.0,0.83,22.0,0.6,73.0,83.1,92.3,82.7,8.0,8.7,22.0,0.6,0.8,0.3,4.6,6.7,6.7,6.01,58.0,2.09,22.0,0.5,-6.21,-4.25,-1.72,-3.91,58.0,2.76,22.0,0.5,-4.74,-3.75,-1.84,-3.74,58.0,1.91,22.0,0.5,1016.0,1020.3,1021.68,1019.26,30.0,2.42,24.0,0.5,1.0,3.0,6.0,3.3,58.0,2.1,22.0,0.5,73.0,83.1,92.3,82.7,8.0,8.7,22.0,0.6,0.8,0.3,-44.0,-20.4,-5.7,-27.5,58.0,25.9,22.0,0.5,-35.9,-19.5,-7.9,-24.7,58.0,20.8,22.0,0.5,-0.21,0.5,1.22,0.43,57.0,1.04,22.0,0.5,-1.4,3.4,6.9,2.2,57.0,6.9,22.0,0.5,2.73,3.18,4.49,3.46,8.0,0.88,22.0,0.6,8.2,14.6,22.7,16.7,8.0,8.8,22.0,0.6,-145.0,-98.7,-38.2,-90.1,57.0,64.8,22.0,0.5,-120.6,-88.5,-42.0,-88.4,57.0,46.5,22.0,0.5,0.0,0.0,28.5,13.0,8.0,30.6,22.0,0.6,-74.2,-69.7,-32.8,-62.4,8.0,22.2,22.0,0.6,0.0,0.0,5.4,2.6,8.0,6.4,22.0,0.6,-20.7,-14.1,-6.2,-15.2,8.0,9.1,22.0,0.6,97.5,301.0,301.0,301.0,58.0,336.5,22.0,0.5,95.0,300.0,300.0,300.0,58.0,335.0,22.0,0.5
1887,9,336.3,28.6,23.8,24.1,24.4,24.13,35.0,0.34,22.0,0.5,22.94,23.3,24.19,23.57,37.0,1.09,22.0,0.5,12.7,12.7,12.7,12.7,1.0,0.0,22.0,0.0,74.8,74.8,74.8,74.8,1.0,0.0,22.0,0.0,1.0,0.0,4.34,5.65,9.8,6.11,38.0,2.51,22.0,0.5,-6.26,-3.62,-2.36,-4.18,38.0,2.17,22.0,0.5,-6.62,-3.25,-2.51,-4.17,38.0,2.04,22.0,0.5,1019.0,1020.0,1022.24,1020.54,25.0,1.72,22.0,0.5,1.7,2.0,4.0,2.6,37.0,1.5,22.0,0.5,74.8,74.8,74.8,74.8,1.0,0.0,22.0,0.0,1.0,0.0,-54.7,-18.5,-8.0,-30.0,38.0,24.3,22.0,0.5,-62.0,-16.8,-8.1,-29.5,38.0,24.4,22.0,0.5,0.22,0.65,1.25,0.69,34.0,0.84,22.0,0.5,1.5,4.0,7.4,4.2,34.0,4.9,22.0,0.5,5.74,5.74,5.74,5.74,1.0,0.0,22.0,0.0,53.4,53.4,53.4,53.4,1.0,0.0,22.0,0.0,-152.3,-87.3,-54.7,-99.1,37.0,52.5,22.0,0.5,-163.9,-76.8,-58.4,-98.7,37.0,48.6,22.0,0.5,-44.3,-44.3,-44.3,-44.3,1.0,0.0,22.0,0.0,-109.5,-109.5,-109.5,-109.5,1.0,0.0,22.0,0.0,-20.0,-20.0,-20.0,-20.0,1.0,0.0,22.0,0.0,-49.5,-49.5,-49.5,-49.5,1.0,0.0,22.0,0.0,87.0,199.0,941.0,344.0,38.0,352.0,22.0,0.5,85.0,200.0,940.0,345.0,38.0,350.0,22.0,0.5
1887,9,336.3,30.6,23.08,23.4,23.9,23.53,16.0,0.48,28.0,0.5,22.14,22.8,24.09,23.11,16.0,1.13,28.0,0.5,13.32,13.52,13.72,13.52,2.0,0.41,26.0,1.0,74.2,74.3,74.4,74.3,2.0,0.2,26.0,1.0,0.5,0.5,4.6,6.7,9.3,6.69,16.0,1.81,28.0,0.5,-6.58,-4.74,-3.25,-4.46,16.0,2.29,28.0,0.5,-6.58,-4.67,-3.25,-4.63,16.0,1.31,28.0,0.5,1019.75,1021.5,1022.25,1021.25,12.0,1.36,28.0,0.5,2.4,3.0,4.0,3.4,16.0,1.2,28.0,0.5,74.2,74.3,74.4,74.3,2.0,0.2,26.0,1.0,0.5,0.5,-61.2,-31.7,-15.0,-32.8,16.0,23.2,28.0,0.5,-55.0,-31.7,-15.0,-32.5,16.0,16.5,28.0,0.5,-0.35,0.7,1.1,0.42,16.0,0.87,28.0,0.5,-2.3,3.9,8.2,2.7,16.0,5.8,28.0,0.5,4.21,4.53,4.85,4.53,2.0,0.66,26.0,1.0,28.2,30.3,32.5,30.3,2.0,4.5,26.0,1.0,-146.1,-112.0,-71.5,-102.8,16.0,52.5,28.0,0.5,-146.1,-105.5,-73.7,-107.1,16.0,30.7,28.0,0.5,-65.0,-64.0,-63.1,-64.0,2.0,2.0,26.0,1.0,-65.0,-64.0,-63.1,-64.0,2.0,2.0,26.0,1.0,-23.0,-21.4,-19.9,-21.4,2.0,3.1,26.0,1.0,-23.0,-21.4,-19.9,-21.4,2.0,3.1,26.0,1.0,97.5,301.0,804.5,363.0,16.0,278.0,28.0,0.5,95.0,300.0,805.0,365.0,16.0,280.0,28.0,0.5
1887,9,336.3,32.6,22.8,23.0,23.83,23.22,15.0,0.45,24.0,0.4,21.48,21.9,23.75,22.49,16.0,1.14,24.0,0.4,13.02,13.14,13.36,13.19,4.0,0.22,26.0,0.3,79.3,81.0,82.3,80.8,4.0,2.1,26.0,0.3,0.5,0.3,6.7,6.7,6.7,6.6,16.0,1.01,24.0,0.4,-4.74,-4.74,-1.5,-3.51,16.0,2.24,24.0,0.4,-5.96,-4.74,-4.6,-4.43,16.0,2.9,24.0,0.4,1020.0,1020.0,1021.0,1020.22,9.0,0.67,26.0,0.3,1.4,2.0,3.0,2.5,16.0,1.8,24.0,0.4,79.3,81.0,82.3,80.8,4.0,2.1,26.0,0.3,0.5,0.3,-31.7,-31.7,-8.9,-24.3,16.0,17.3,24.0,0.4,-39.9,-31.7,-24.9,-29.6,16.0,21.0,24.0,0.4,-0.37,1.1,1.68,0.78,15.0,0.83,24.0,0.4,-2.5,6.0,10.6,5.0,15.0,5.5,24.0,0.4,4.03,4.45,4.8,4.42,4.0,0.46,26.0,0.3,29.7,32.2,34.6,32.1,4.0,3.5,26.0,0.3,-109.1,-100.9,-32.6,-78.5,16.0,50.7,24.0,0.4,-135.5,-105.4,-98.9,-98.8,16.0,67.9,24.0,0.4,-76.3,-62.2,-61.7,-68.7,4.0,13.3,26.0,0.3,-76.3,-62.2,-61.7,-68.7,4.0,13.3,26.0,0.3,-24.4,-22.7,-21.0,-22.7,4.0,2.5,26.0,0.3,-24.4,-22.7,-21.0,-22.7,4.0,2.5,26.0,0.3,301.0,301.0,301.0,307.0,16.0,149.5,24.0,0.4,300.0,300.0,300.0,305.0,16.0,150.0,24.0,0.4
1887,9,336.3,34.6,22.2,22.8,23.82,22.92,27.0,0.66,20.0,0.5,21.13,22.6,23.85,22.5,27.0,1.22,20.0,0.5,12.49,12.69,13.27,12.83,6.0,0.42,24.0,0.5,76.1,79.3,82.1,78.7,6.0,4.1,24.0,0.5,1.0,0.3,4.6,6.7,6.7,5.85,27.0,1.32,20.0,0.5,-2.61,-1.72,1.12,-1.31,27.0,2.44,20.0,0.5,-6.21,-4.23,6.09,-1.05,27.0,5.33,20.0,0.5,1019.59,1020.0,1021.0,1020.27,11.0,0.79,24.0,0.5,2.0,3.0,4.0,2.7,27.0,0.9,20.0,0.5,76.1,79.3,82.1,78.7,6.0,4.1,24.0,0.5,1.0,0.3,-17.4,-7.9,7.5,-7.8,27.0,16.3,20.0,0.5,-41.6,-19.5,40.8,-7.6,27.0,33.6,20.0,0.5,-0.49,0.5,1.27,0.41,27.0,0.93,20.0,0.5,-2.7,3.4,7.4,2.4,27.0,5.4,20.0,0.5,3.54,3.9,4.19,3.88,6.0,0.38,24.0,0.5,23.7,26.2,28.1,26.0,6.0,2.6,24.0,0.5,-60.7,-36.7,26.7,-28.7,27.0,55.7,20.0,0.5,-131.9,-89.1,138.9,-19.8,27.0,120.3,20.0,0.5,-62.8,-31.8,-31.3,-42.1,6.0,16.3,24.0,0.5,-78.4,-77.4,-63.6,-73.1,6.0,7.8,24.0,0.5,-16.0,-10.7,-9.9,-12.3,6.0,3.2,24.0,0.5,-26.0,-24.3,-16.7,-22.4,6.0,4.8,24.0,0.5,97.5,301.0,301.0,227.0,27.0,108.0,20.0,0.5,95.0,300.0,300.0,225.0,27.0,110.0,20.0,0.5
1887,9,336.3,38.6,,,,,,,,,,,,,,,,,,,,,,,,,,,,,,,,,,,3.71,6.7,8.06,5.93,4.0,3.5,16.0,0.3,3.71,6.7,7.71,5.76,4.0,3.3,16.0,0.3,0.0,0.0,1.83,0.87,4.0,1.74,16.0,0.3,1013.49,1014.1,1015.12,1014.3,3.0,1.21,18.0,0.0,,,,,,,,,,,,,,,,,,,,,,,,,,,,,,,,,,,,,,,,,,,,,,,,,,,,,,,,,,,,,,,,,,,,,,,,,,,,,,,,,,,,,,,,,,,,,,,,,,,,,,,,,,,,,,,,,,,,,,,,,,,,,,,,,,
1887,9,336.3,44.6,17.89,18.3,18.9,18.42,51.0,0.59,12.0,0.5,17.2,18.2,18.9,18.21,57.0,1.48,12.0,0.5,12.07,12.07,12.12,12.11,6.0,0.09,14.0,0.7,89.9,89.9,90.9,90.7,6.0,2.1,14.0,0.7,0.4,0.3,1.0,2.6,9.3,3.5,50.0,3.31,12.0,0.5,-5.93,-0.99,0.04,-2.23,50.0,2.72,12.0,0.5,0.0,0.98,5.48,2.08,50.0,2.55,12.0,0.5,1020.27,1022.7,1022.7,1021.82,10.0,1.57,14.0,0.5,5.0,8.0,8.0,6.9,55.0,1.4,12.0,0.5,89.9,89.9,90.9,90.7,6.0,2.1,14.0,0.7,0.4,0.3,-43.6,-1.0,0.0,-16.0,50.0,25.2,12.0,0.5,0.0,2.5,53.7,14.4,50.0,23.4,12.0,0.5,,,,,,,,,,,,,,,,,,,,,,,,,,,,,,,,,-106.9,-17.8,0.7,-41.0,50.0,50.9,12.0,0.5,0.0,18.9,104.2,38.6,50.0,46.9,12.0,0.5,-83.4,-83.4,-69.4,-78.1,6.0,8.4,14.0,0.7,47.4,75.1,75.1,65.3,6.0,15.4,14.0,0.7,,,,,,,,,,,,,,,,,,,,,,,,,,,,,,,,
1887,9,336.3,46.6,15.6,15.75,16.75,16.2,6.0,0.98,24.0,0.5,16.91,17.2,18.3,17.44,9.0,1.05,18.0,0.4,10.68,10.69,10.69,10.69,3.0,0.0,28.0,0.0,89.2,89.2,89.2,89.2,3.0,0.0,28.0,0.0,0.3,0.1,8.23,15.4,19.0,14.29,11.0,6.21,20.0,0.5,5.36,9.19,14.34,9.3,11.0,5.0,20.0,0.5,-13.83,-12.47,-2.63,-9.74,11.0,6.22,20.0,0.5,1020.66,1026.25,1028.8,1024.77,10.0,4.34,22.0,0.5,4.1,5.5,6.0,5.4,8.0,1.1,18.0,0.8,89.2,89.2,89.2,89.2,3.0,0.0,28.0,0.0,0.3,0.1,50.6,136.0,272.5,158.1,11.0,109.0,20.0,0.5,-261.2,-194.3,-19.2,-172.5,11.0,131.5,20.0,0.5,-1.6,-1.25,0.07,-0.8,6.0,1.09,24.0,0.5,-30.4,-20.7,2.4,-14.9,6.0,18.7,24.0,0.5,0.14,0.14,0.14,0.14,3.0,0.0,28.0,0.0,2.6,2.6,2.6,2.6,3.0,0.0,28.0,0.0,93.1,194.0,246.6,169.3,9.0,96.2,18.0,0.4,-266.6,-214.4,-153.4,-198.1,9.0,103.4,18.0,0.4,153.2,153.3,153.3,153.2,3.0,0.1,28.0,0.0,-133.2,-133.2,-133.2,-133.2,3.0,0.1,28.0,0.0,2.0,2.0,2.0,2.0,3.0,0.0,28.0,0.0,-1.7,-1.7,-1.7,-1.7,3.0,0.0,28.0,0.0,596.5,3652.5,6859.0,4316.0,11.0,3708.5,20.0,0.5,595.0,3650.0,6860.0,4315.0,11.0,3710.0,20.0,0.5
1887,9,336.3,48.6,,,,,,,,,,,,,,,,,,,,,,,,,,,,,,,,,,,3.14,4.6,19.0,9.92,9.0,8.43,18.0,0.3,-3.97,0.0,15.29,3.83,9.0,9.47,18.0,0.3,-13.13,0.0,1.31,-4.28,9.0,7.41,18.0,0.3,1012.2,1019.2,1025.96,1019.38,6.0,7.54,16.0,0.2,,,,,,,,,,,,,,,,,,,,,,,,,,,,,,,,,,,,,,,,,,,,,,,,,,,,,,,,,,,,,,,,,,,,,,,,,,,,,,,,,,,,,,,,,,,,,,,,,,,,,,,,,,,,,,,,,,,,,,,,,,,,,,,,,,
1887,9,336.3,50.6,,,,,,,,,,,,,,,,,,,,,,,,,,,,,,,,,,,6.17,6.7,17.23,10.24,12.0,6.68,8.0,0.4,-1.57,6.43,13.24,6.49,12.0,8.2,8.0,0.4,-2.9,0.0,6.3,1.81,12.0,6.5,8.0,0.4,1022.04,1022.45,1023.12,1022.58,4.0,0.7,6.0,0.0,,,,,,,,,,,,,,,,,,,,,,,,,,,,,,,,,,,,,,,,,,,,,,,,,,,,,,,,,,,,,,,,,,,,,,,,,,,,,,,,,,,,,,,,,,,,,,,,,,,,,,,,,,,,,,,,,,,,,,,,,,,,,,,,,,
1887,9,338.3,-35.4,,,,,,,,,,,,,,,,,,,,,,,,,,,,,,,,,,,19.0,19.0,19.0,19.0,2.0,0.0,2.0,0.0,-7.42,-7.42,-7.42,-7.42,2.0,0.0,2.0,0.0,-17.49,-17.49,-17.49,-17.49,2.0,0.0,2.0,0.0,1020.3,1020.3,1020.3,1020.3,2.0,0.0,2.0,0.0,,,,,,,,,,,,,,,,,,,,,,,,,,,,,,,,,,,,,,,,,,,,,,,,,,,,,,,,,,,,,,,,,,,,,,,,,,,,,,,,,,,,,,,,,,,,,,,,,,,,,,,,,,,,,,,,,,,,,,,,,,,,,,,,,,
1887,9,338.3,-33.4,,,,,,,,,,,,,,,,,,,,,,,,,,,,,,,,,,,6.7,12.3,19.0,13.36,19.0,5.37,14.0,0.6,-5.82,3.93,10.39,2.25,19.0,6.99,14.0,0.6,-17.49,-4.23,6.64,-5.01,19.0,11.68,14.0,0.6,1015.8,1020.7,1023.87,1018.58,15.0,6.24,14.0,0.6,,,,,,,,,,,,,,,,,,,,,,,,,,,,,,,,,,,,,,,,,,,,,,,,,,,,,,,,,,,,,,,,,,,,,,,,,,,,,,,,,,,,,,,,,,,,,,,,,,,,,,,,,,,,,,,,,,,,,,,,,,,,,,,,,,
1887,9,338.3,-31.4,,,,,,,,,,,,,,,,,,,,,,,,,,,,,,,,,,,6.7,9.3,12.3,9.41,7.0,2.29,20.0,0.4,6.16,6.88,8.66,7.04,7.0,1.44,20.0,0.4,-10.2,-3.48,-2.39,-5.23,7.0,4.1,20.0,0.4,1011.87,1015.0,1015.44,1013.73,6.0,2.68,20.0,0.3,,,,,,,,,,,,,,,,,,,,,,,,,,,,,,,,,,,,,,,,,,,,,,,,,,,,,,,,,,,,,,,,,,,,,,,,,,,,,,,,,,,,,,,,,,,,,,,,,,,,,,,,,,,,,,,,,,,,,,,,,,,,,,,,,,
1887,9,338.3,-29.4,,,,,,,,,,,,,,,,,,,,,,,,,,,,,,,,,,,9.3,9.3,9.3,9.08,12.0,0.75,26.0,0.7,0.97,2.72,2.72,2.27,12.0,1.04,26.0,0.7,-9.25,-8.89,-8.81,-8.73,12.0,0.83,26.0,0.7,1020.72,1022.7,1023.4,1022.09,12.0,1.54,26.0,0.7,,,,,,,,,,,,,,,,,,,,,,,,,,,,,,,,,,,,,,,,,,,,,,,,,,,,,,,,,,,,,,,,,,,,,,,,,,,,,,,,,,,,,,,,,,,,,,,,,,,,,,,,,,,,,,,,,,,,,,,,,,,,,,,,,,
1887,9,338.3,-27.4,17.9,18.3,18.84,18.38,17.0,0.56,20.0,0.4,17.52,18.9,19.4,18.69,21.0,1.07,22.0,0.4,10.94,11.1,11.62,11.19,8.0,0.37,24.0,0.3,80.2,80.2,84.0,81.1,8.0,2.8,24.0,0.3,0.5,0.6,4.6,6.7,9.3,6.5,21.0,2.55,22.0,0.4,-3.02,0.0,3.06,0.01,21.0,3.15,22.0,0.4,-8.81,0.0,8.08,-0.49,21.0,6.38,22.0,0.4,1019.8,1022.7,1024.3,1021.88,20.0,3.37,22.0,0.4,2.0,4.0,6.0,4.0,21.0,1.7,22.0,0.4,80.2,80.2,84.0,81.1,8.0,2.8,24.0,0.3,0.5,0.6,-15.0,0.0,16.5,0.0,21.0,19.7,22.0,0.4,-78.9,0.0,72.5,-4.2,21.0,55.9,22.0,0.4,-1.1,-0.2,0.5,-0.16,17.0,0.9,20.0,0.4,-10.2,-0.9,3.0,-2.1,17.0,6.9,20.0,0.4,1.03,1.47,1.84,1.44,4.0,0.47,26.0,0.3,9.6,13.7,17.1,13.3,4.0,4.4,26.0,0.3,-52.6,0.0,59.0,2.1,21.0,58.6,22.0,0.4,-168.7,0.0,147.6,-8.5,21.0,122.4,22.0,0.4,-11.4,-10.8,17.2,-3.1,8.0,15.3,24.0,0.3,-102.7,-2.2,102.1,-1.3,8.0,110.2,24.0,0.3,-1.8,-1.4,-1.0,-1.4,4.0,0.5,26.0,0.3,-17.0,-13.6,-9.5,-13.3,4.0,4.3,26.0,0.3,97.5,301.0,804.5,394.0,21.0,341.5,22.0,0.4,95.0,300.0,805.0,395.0,21.0,340.0,22.0,0.4
1887,9,338.3,-25.4,,,,,,,,,,,,,,,,,,,,,,,,,,,,,,,,,,,2.6,5.65,6.7,4.79,14.0,2.04,20.0,0.4,-4.74,-2.55,-1.84,-2.7,14.0,1.61,20.0,0.4,1.03,4.0,6.08,3.52,14.0,2.26,20.0,0.4,1023.36,1024.0,1024.64,1023.78,13.0,0.93,20.0,0.4,,,,,,,,,,,,,,,,,,,,,,,,,,,,,,,,,,,,,,,,,,,,,,,,,,,,,,,,,,,,,,,,,,,,,,,,,,,,,,,,,,,,,,,,,,,,,,,,,,,,,,,,,,,,,,,,,,,,,,,,,,,,,,,,,,
1887,9,338.3,-23.4,,,,,,,,,,,,,,,,,,,,,,,,,,,,,,,,,,,2.6,2.6,4.38,3.1,8.0,0.93,18.0,0.4,1.02,1.23,2.45,1.6,8.0,0.85,18.0,0.4,-3.16,-2.39,-2.18,-2.62,8.0,0.59,18.0,0.4,1015.96,1016.7,1017.81,1016.67,7.0,1.0,18.0,0.3,,,,,,,,,,,,,,,,,,,,,,,,,,,,,,,,,,,,,,,,,,,,,,,,,,,,,,,,,,,,,,,,,,,,,,,,,,,,,,,,,,,,,,,,,,,,,,,,,,,,,,,,,,,,,,,,,,,,,,,,,,,,,,,,,,
1887,9,338.3,-21.4,,,,,,,,,,,,,,,,,,,,,,,,,,,,,,,,,,,4.6,4.6,6.7,5.09,13.0,1.24,20.0,0.5,-1.32,0.0,1.0,0.08,13.0,1.26,20.0,0.5,-6.56,-4.6,-4.26,-4.95,13.0,1.21,20.0,0.5,1016.52,1017.6,1018.3,1017.45,11.0,0.82,20.0,0.4,,,,,,,,,,,,,,,,,,,,,,,,,,,,,,,,,,,,,,,,,,,,,,,,,,,,,,,,,,,,,,,,,,,,,,,,,,,,,,,,,,,,,,,,,,,,,,,,,,,,,,,,,,,,,,,,,,,,,,,,,,,,,,,,,,
1887,9,338.3,-13.4,23.01,23.3,23.9,23.49,10.0,0.52,16.0,0.9,22.8,22.8,24.9,23.65,11.0,1.2,14.0,0.8,16.34,16.34,16.34,16.34,2.0,0.0,6.0,0.5,94.7,94.7,94.7,94.7,2.0,0.0,6.0,0.5,0.8,0.8,4.6,6.7,6.7,5.94,11.0,1.06,14.0,0.8,-5.05,-3.77,-3.25,-4.17,11.0,1.13,14.0,0.8,2.64,3.84,5.35,3.98,11.0,1.43,14.0,0.8,1014.33,1015.4,1021.19,1017.4,11.0,3.39,14.0,0.8,4.0,4.0,5.0,4.3,11.0,1.2,14.0,0.8,94.7,94.7,94.7,94.7,2.0,0.0,6.0,0.5,0.8,0.8,-33.8,-17.3,-17.1,-25.1,11.0,9.5,14.0,0.8,12.1,25.7,35.8,24.6,11.0,11.8,14.0,0.8,-1.16,0.0,0.84,-0.3,10.0,1.1,16.0,0.9,-6.8,0.0,5.6,-1.5,10.0,7.1,16.0,0.9,0.93,0.93,0.93,0.93,2.0,0.0,6.0,0.5,4.3,4.3,4.3,4.3,2.0,0.0,6.0,0.5,-121.5,-91.9,-75.2,-99.0,11.0,28.7,14.0,0.8,62.6,85.3,129.7,93.8,11.0,33.3,14.0,0.8,-61.6,-61.6,-61.6,-61.6,2.0,0.0,6.0,0.5,43.1,43.1,43.1,43.1,2.0,0.0,6.0,0.5,-3.5,-3.5,-3.5,-3.5,2.0,0.0,6.0,0.5,2.5,2.5,2.5,2.5,2.0,0.0,6.0,0.5,97.5,301.0,301.0,227.0,11.0,102.5,14.0,0.8,95.0,300.0,300.0,225.0,11.0,105.0,14.0,0.8
1887,9,338.3,-11.4,,,,,,,,,,,,,,,,,,,,,,,,,,,,,,,,,,,6.7,6.7,9.3,7.48,10.0,1.26,14.0,0.3,-8.5,-6.12,-4.74,-6.33,10.0,1.73,14.0,0.3,2.73,3.78,4.74,3.69,10.0,1.02,14.0,0.3,1013.34,1013.45,1020.77,1016.31,10.0,3.81,14.0,0.3,,,,,,,,,,,,,,,,,,,,,,,,,,,,,,,,,,,,,,,,,,,,,,,,,,,,,,,,,,,,,,,,,,,,,,,,,,,,,,,,,,,,,,,,,,,,,,,,,,,,,,,,,,,,,,,,,,,,,,,,,,,,,,,,,,
1887,9,338.3,-5.4,25.62,26.1,26.1,25.77,12.0,0.78,22.0,0.5,24.87,26.1,26.1,25.58,12.0,0.72,22.0,0.5,15.76,16.01,16.25,16.01,4.0,0.28,24.0,0.5,75.3,75.3,81.1,76.8,10.0,3.7,24.0,0.5,0.0,0.1,9.3,9.3,12.11,9.57,14.0,1.74,22.0,0.5,-8.26,-6.34,-6.34,-6.55,14.0,1.15,22.0,0.5,6.8,6.8,8.86,6.98,14.0,1.32,22.0,0.5,1012.79,1019.65,1020.06,1017.43,6.0,3.85,20.0,0.5,1.7,2.0,2.0,1.8,12.0,0.4,22.0,0.5,75.3,75.3,81.1,76.8,10.0,3.7,24.0,0.5,0.0,0.1,-100.4,-59.0,-59.0,-64.6,14.0,23.1,22.0,0.5,63.3,63.3,107.7,68.9,14.0,25.2,22.0,0.5,-0.05,0.0,0.65,0.18,12.0,0.47,22.0,0.5,-0.3,0.0,7.2,1.9,12.0,4.3,22.0,0.5,4.73,4.98,5.23,4.98,4.0,0.29,24.0,0.5,44.0,46.3,48.6,46.3,4.0,2.7,24.0,0.5,-215.8,-165.5,-147.8,-169.0,12.0,34.5,22.0,0.5,156.3,177.5,231.4,179.9,12.0,39.4,22.0,0.5,-103.1,-101.5,-100.0,-101.5,4.0,1.8,24.0,0.5,107.2,108.9,110.5,108.9,4.0,1.9,24.0,0.5,-33.2,-31.6,-30.0,-31.6,4.0,1.8,24.0,0.5,32.2,33.9,35.6,33.9,4.0,2.0,24.0,0.5,804.5,804.5,1794.0,959.0,14.0,520.5,22.0,0.5,805.0,805.0,1795.0,960.0,14.0,520.0,22.0,0.5
1887,9,338.3,-3.4,23.87,25.2,26.1,25.13,22.0,1.0,18.0,0.5,24.0,25.0,26.1,25.11,21.0,1.25,20.0,0.5,15.76,16.47,17.74,16.79,7.0,1.06,18.0,0.6,75.3,79.2,85.1,80.5,11.0,4.4,20.0,0.5,1.0,0.3,4.6,6.7,9.3,6.39,25.0,2.04,18.0,0.5,-6.34,-4.57,-2.62,-4.51,25.0,1.46,18.0,0.5,1.87,4.74,6.58,4.38,25.0,1.85,18.0,0.5,1012.13,1017.0,1020.0,1016.35,15.0,3.49,16.0,0.5,0.0,2.0,2.7,1.7,22.0,1.3,18.0,0.5,75.3,79.2,85.1,80.5,11.0,4.4,20.0,0.5,1.0,0.3,-59.0,-30.6,-17.5,-31.2,25.0,17.5,18.0,0.5,8.6,31.7,61.2,31.3,25.0,19.7,18.0,0.5,-0.6,0.0,0.58,0.01,21.0,1.21,20.0,0.5,-5.3,0.0,4.0,0.9,21.0,6.8,20.0,0.5,1.94,4.53,5.22,3.67,7.0,1.98,18.0,0.6,5.1,20.8,35.0,20.7,7.0,13.8,18.0,0.6,-160.5,-113.7,-71.9,-114.2,21.0,36.1,20.0,0.5,49.9,125.4,161.5,117.0,21.0,45.0,20.0,0.5,-72.2,-69.2,-34.2,-60.8,7.0,18.9,18.0,0.6,30.8,34.3,77.5,52.1,7.0,25.1,18.0,0.6,-23.9,-19.0,-3.6,-15.5,7.0,9.7,18.0,0.6,3.6,8.5,25.6,13.2,7.0,10.6,18.0,0.6,97.5,301.0,804.5,335.0,25.0,262.0,18.0,0.5,95.0,300.0,805.0,335.0,25.0,260.0,18.0,0.5
1887,9,338.3,-1.4,23.55,24.0,25.05,24.23,23.0,0.76,14.0,0.5,23.75,24.8,26.06,24.89,23.0,1.5,14.0,0.5,16.65,16.76,17.66,16.98,8.0,0.5,8.0,0.4,79.1,85.0,88.6,84.3,10.0,5.0,6.0,0.4,0.6,0.7,2.6,4.6,6.7,4.89,23.0,2.16,14.0,0.5,-4.74,-3.25,-1.02,-3.0,23.0,1.88,14.0,0.5,2.39,3.25,4.74,3.71,23.0,1.51,14.0,0.5,1015.33,1016.8,1017.73,1016.48,13.0,2.05,12.0,0.5,1.0,2.0,4.5,2.4,23.0,1.9,14.0,0.5,79.1,85.0,88.6,84.3,10.0,5.0,6.0,0.4,0.6,0.7,-31.7,-15.0,-2.6,-18.2,23.0,17.4,14.0,0.5,6.2,16.8,31.7,20.9,23.0,16.1,14.0,0.5,-2.21,-0.2,0.5,-0.67,23.0,1.73,14.0,0.5,-11.4,-1.9,1.8,-3.0,23.0,9.1,14.0,0.5,0.93,1.43,1.5,1.25,8.0,0.39,8.0,0.4,4.3,6.6,6.9,6.6,8.0,3.4,8.0,0.4,-113.0,-80.0,-25.5,-74.0,23.0,44.2,14.0,0.5,59.4,91.1,119.1,92.2,23.0,36.3,14.0,0.5,-57.9,-54.7,-54.1,-60.7,8.0,20.2,8.0,0.4,54.4,56.2,63.0,63.3,8.0,18.9,8.0,0.4,-4.9,-4.7,-2.9,-4.6,8.0,2.5,8.0,0.4,3.1,4.9,4.9,4.8,8.0,2.4,8.0,0.4,17.5,97.5,301.0,184.5,23.0,220.5,14.0,0.5,20.0,95.0,300.0,185.0,23.0,220.0,14.0,0.5
1887,9,338.3,0.6,,,,,,,,,,,,,,,,,,,,,,,,,,,,,,,,,,,4.34,6.7,6.7,5.73,38.0,2.25,14.0,0.5,-5.55,-3.75,-1.69,-3.82,38.0,1.86,14.0,0.5,2.55,4.04,5.64,4.16,38.0,1.61,14.0,0.5,1012.83,1013.95,1014.66,1013.79,10.0,0.95,14.0,0.4,0.0,2.0,4.0,2.2,38.0,1.8,14.0,0.5,92.4,92.4,92.4,92.4,1.0,0.0,2.0,0.0,0.5,0.0,-37.2,-25.1,-7.4,-25.6,38.0,18.1,14.0,0.5,11.1,25.1,37.8,27.1,38.0,17.4,14.0,0.5,,,,,,,,,,,,,,,,,,,,,,,,,,,,,,,,,,,,,,,,,,,,,,,,,,,,,,,,,,,,,,,,,,,,,,,,,,,,,,,,,,,,,,,,,,,,,,,,
1887,9,338.3,2.6,24.2,25.3,26.1,25.29,69.0,0.88,14.0,0.5,24.5,25.0,26.1,25.33,69.0,0.95,14.0,0.5,16.29,16.31,16.8,16.54,17.0,0.3,2.0,0.4,79.0,82.7,82.9,81.2,18.0,3.1,2.0,0.4,0.5,0.6,4.6,4.6,6.7,5.36,71.0,1.46,14.0,0.5,-2.62,-1.28,1.23,-1.08,71.0,1.74,14.0,0.5,3.83,4.52,6.58,4.95,71.0,1.46,14.0,0.5,1013.0,1014.7,1017.9,1015.08,47.0,2.24,12.0,0.5,2.0,3.0,6.0,3.4,71.0,2.1,14.0,0.5,79.0,82.7,82.9,81.2,18.0,3.1,2.0,0.4,0.5,0.6,-15.4,-7.2,4.0,-6.2,71.0,10.5,14.0,0.5,17.6,20.8,44.1,28.6,71.0,15.0,14.0,0.5,-1.1,0.2,1.1,-0.06,67.0,1.16,14.0,0.5,-7.4,0.9,5.1,-0.4,67.0,6.6,14.0,0.5,2.01,2.13,2.84,2.29,15.0,0.47,2.0,0.5,9.8,14.2,14.6,13.0,15.0,3.2,2.0,0.5,-65.5,-32.0,31.2,-27.1,69.0,44.8,14.0,0.5,97.0,120.6,164.4,126.7,69.0,36.6,14.0,0.5,-57.7,-39.1,-32.4,-44.9,17.0,15.2,2.0,0.4,66.3,83.6,102.6,84.4,17.0,15.4,2.0,0.4,-7.3,-6.4,-3.7,-5.8,15.0,1.8,2.0,0.5,8.5,12.2,13.4,11.6,15.0,3.0,2.0,0.5,97.5,97.5,301.0,187.0,71.0,134.0,14.0,0.5,95.0,95.0,300.0,185.0,71.0,135.0,14.0,0.5
1887,9,338.3,4.6,25.35,26.1,26.8,26.16,65.0,0.72,16.0,0.5,25.0,25.8,26.7,25.97,66.0,0.95,16.0,0.5,16.46,16.83,17.15,16.96,12.0,0.57,8.0,0.5,82.5,83.0,86.7,84.7,12.0,2.6,8.0,0.5,0.2,0.2,2.6,4.6,6.7,4.41,64.0,2.26,18.0,0.5,0.0,0.88,2.39,0.97,64.0,1.43,18.0,0.5,1.02,4.52,6.58,3.89,64.0,2.55,18.0,0.5,1011.98,1013.8,1015.9,1013.76,45.0,1.94,16.0,0.5,1.0,4.0,8.0,4.0,67.0,2.7,16.0,0.5,82.5,83.0,86.7,84.7,12.0,2.6,8.0,0.5,0.2,0.2,0.0,1.8,8.6,4.5,64.0,9.2,18.0,0.5,2.6,20.8,44.1,22.5,64.0,23.6,18.0,0.5,-0.6,0.45,1.0,0.21,64.0,0.92,16.0,0.5,-0.9,1.4,4.0,1.3,61.0,3.5,16.0,0.5,2.67,2.89,3.72,3.05,12.0,0.59,8.0,0.5,12.2,16.6,18.9,15.4,9.0,4.5,8.0,0.3,0.0,21.9,67.4,25.7,63.0,37.1,16.0,0.5,26.8,112.9,171.5,99.6,63.0,66.6,16.0,0.5,-34.8,3.9,4.1,-10.9,9.0,19.0,8.0,0.3,73.3,77.3,98.8,79.5,9.0,19.1,8.0,0.3,-5.7,0.6,0.9,-1.8,9.0,3.4,8.0,0.3,12.1,16.6,18.9,15.0,9.0,4.4,8.0,0.3,17.5,97.5,301.0,159.0,64.0,229.5,18.0,0.5,20.0,95.0,300.0,160.0,64.0,230.0,18.0,0.5
1887,9,338.3,6.6,,,,,,,,,,,,,,,,,,,,,,,,,,,,,,,,,,,4.6,5.65,6.7,5.57,34.0,1.69,10.0,0.5,1.72,2.6,3.8,2.92,34.0,1.98,10.0,0.5,2.45,4.04,6.21,4.18,34.0,2.02,10.0,0.5,1012.0,1013.2,1015.11,1013.69,19.0,1.75,4.0,0.5,,,,,,,,,,,,,,,,,,,,,,,,,,,,,,,,,,,,,,,,,,,,,,,,,,,,,,,,,,,,,,,,,,,,,,,,,,,,,,,,,,,,,,,,,,,,,,,,,,,,,,,,,,,,,,,,,,,,,,,,,,,,,,,,,,
1887,9,338.3,8.6,,,,,,,,,,,,,,,,,,,,,,,,,,,,,,,,,,,1.0,3.6,6.57,3.41,14.0,2.39,8.0,0.5,0.71,1.14,1.83,1.14,14.0,1.51,8.0,0.5,0.0,1.84,6.06,2.68,14.0,2.61,8.0,0.5,1011.4,1012.4,1013.29,1012.4,6.0,1.11,2.0,0.3,,,,,,,,,,,,,,,,,,,,,,,,,,,,,,,,,,,,,,,,,,,,,,,,,,,,,,,,,,,,,,,,,,,,,,,,,,,,,,,,,,,,,,,,,,,,,,,,,,,,,,,,,,,,,,,,,,,,,,,,,,,,,,,,,,
1887,9,338.3,12.6,26.6,27.2,27.8,27.27,19.0,0.5,16.0,0.5,26.39,26.8,27.81,27.16,19.0,1.0,16.0,0.5,18.52,18.81,19.14,18.82,10.0,0.35,16.0,0.4,81.3,85.9,87.5,84.8,10.0,2.8,16.0,0.4,0.8,0.3,2.6,5.65,6.7,5.15,18.0,2.18,16.0,0.5,-2.39,0.0,2.51,-0.06,18.0,2.88,16.0,0.5,-2.62,3.39,6.21,2.46,18.0,4.26,16.0,0.5,1011.0,1012.0,1013.0,1012.1,14.0,1.45,20.0,0.4,2.0,3.0,6.3,4.1,19.0,2.2,16.0,0.5,81.3,85.9,87.5,84.8,10.0,2.8,16.0,0.4,0.8,0.3,-6.8,0.0,16.8,1.2,18.0,19.1,16.0,0.5,-17.5,13.0,41.6,14.8,18.0,30.1,16.0,0.5,-0.23,0.1,0.64,0.11,19.0,0.82,16.0,0.5,-2.1,0.7,1.8,-0.4,18.0,3.7,16.0,0.5,2.93,3.49,4.49,3.7,10.0,0.78,16.0,0.4,12.6,20.5,26.2,20.4,10.0,7.1,16.0,0.4,-62.7,0.0,67.6,-2.5,18.0,80.1,16.0,0.5,-74.0,90.6,167.2,65.9,18.0,116.1,16.0,0.5,7.6,39.7,57.8,34.4,10.0,26.4,16.0,0.4,-32.2,94.0,117.3,58.0,10.0,93.8,16.0,0.4,1.8,7.4,11.2,6.4,10.0,4.8,16.0,0.4,-3.8,18.2,22.9,11.3,10.0,17.4,16.0,0.4,17.5,199.0,301.0,204.0,18.0,197.0,16.0,0.5,20.0,200.0,300.0,205.0,18.0,195.0,16.0,0.5
1887,9,338.3,14.6,27.4,27.75,28.3,27.82,20.0,0.49,16.0,0.6,27.0,27.95,29.6,28.23,20.0,1.22,16.0,0.6,19.06,19.44,21.53,20.08,7.0,1.22,14.0,0.6,82.6,85.3,86.3,83.7,7.0,4.2,14.0,0.6,0.8,0.2,2.6,6.7,9.3,6.01,20.0,3.0,16.0,0.6,-4.27,-1.71,1.39,-1.86,20.0,3.2,16.0,0.6,-8.53,-5.45,0.96,-4.09,20.0,3.93,16.0,0.6,1011.75,1013.0,1013.33,1012.44,12.0,1.08,20.0,0.6,2.0,3.0,5.0,3.6,20.0,1.8,16.0,0.6,82.6,85.3,86.3,83.7,7.0,4.2,14.0,0.6,0.8,0.2,-31.6,-3.6,9.3,-12.1,20.0,27.7,16.0,0.6,-79.1,-36.9,2.5,-33.5,20.0,32.5,16.0,0.6,-1.3,-0.2,0.4,-0.4,20.0,0.82,16.0,0.6,-8.7,-1.2,2.0,-2.6,20.0,4.7,16.0,0.6,2.57,3.0,3.8,3.2,7.0,0.76,14.0,0.6,17.2,20.1,35.4,25.8,7.0,10.5,14.0,0.6,-129.2,-46.7,41.2,-52.6,20.0,90.0,16.0,0.6,-239.9,-149.8,25.5,-114.9,20.0,111.0,16.0,0.6,25.6,30.0,36.7,27.0,7.0,12.5,14.0,0.6,-173.8,-144.0,-132.6,-153.0,7.0,22.0,14.0,0.6,3.2,3.7,6.7,4.1,7.0,2.4,14.0,0.6,-34.6,-19.6,-16.8,-25.4,7.0,10.5,14.0,0.6,17.5,301.0,804.5,358.0,20.0,322.0,16.0,0.6,20.0,300.0,805.0,360.0,20.0,320.0,16.0,0.6
1887,9,338.3,16.6,26.59,27.5,27.9,27.31,26.0,0.67,14.0,0.5,26.04,27.2,28.28,27.33,25.0,1.3,14.0,0.5,17.51,17.7,18.86,18.02,8.0,0.65,16.0,0.5,76.1,83.4,85.5,82.2,8.0,6.3,16.0,0.5,0.6,0.3,2.6,6.7,9.3,5.55,27.0,2.91,12.0,0.5,-2.5,-1.28,0.0,-1.45,27.0,1.53,12.0,0.5,-9.11,-4.74,-0.28,-4.85,27.0,3.39,12.0,0.5,1014.0,1015.0,1015.77,1014.82,16.0,1.02,14.0,0.5,1.1,3.0,5.0,3.3,27.0,2.0,12.0,0.5,76.1,83.4,85.5,82.2,8.0,6.3,16.0,0.5,0.6,0.3,-14.2,-6.3,0.0,-8.3,27.0,11.6,12.0,0.5,-84.7,-31.7,-0.7,-36.1,27.0,30.9,12.0,0.5,-0.84,0.1,0.8,-0.05,25.0,1.02,14.0,0.5,-5.4,0.3,4.7,-0.7,25.0,5.4,14.0,0.5,4.04,4.26,4.82,4.16,8.0,1.05,16.0,0.5,27.2,30.6,37.5,31.3,8.0,8.1,16.0,0.5,-73.9,-34.7,0.0,-40.2,25.0,41.6,14.0,0.5,-245.3,-169.7,-45.2,-138.1,25.0,92.9,14.0,0.5,-22.6,-22.5,0.0,-23.3,8.0,31.4,16.0,0.5,-168.9,-116.4,-115.9,-134.4,8.0,26.6,16.0,0.5,-6.7,-5.3,0.0,-4.1,8.0,3.6,16.0,0.5,-37.4,-30.0,-26.8,-30.7,8.0,8.8,16.0,0.5,17.5,301.0,804.5,299.0,27.0,299.5,12.0,0.5,20.0,300.0,805.0,300.0,27.0,300.0,12.0,0.5
1887,9,338.3,18.6,26.0,26.8,27.3,26.67,23.0,0.63,16.0,0.5,25.33,26.2,27.0,26.29,21.0,0.91,14.0,0.5,16.08,16.82,18.35,17.17,10.0,1.22,18.0,0.5,76.6,80.5,90.4,82.8,10.0,6.6,18.0,0.5,0.8,0.3,4.6,6.7,9.3,6.97,27.0,2.71,14.0,0.6,-6.52,-2.51,0.0,-2.91,27.0,2.66,14.0,0.6,-7.7,-6.21,-2.83,-5.78,27.0,2.68,14.0,0.6,1013.0,1015.0,1016.97,1015.06,21.0,1.96,14.0,0.6,2.0,3.0,6.0,3.8,27.0,2.2,14.0,0.6,76.6,80.5,90.4,82.8,10.0,6.6,18.0,0.5,0.8,0.3,-60.6,-16.8,0.0,-25.2,27.0,27.2,14.0,0.6,-72.0,-41.6,-17.8,-46.5,27.0,33.3,14.0,0.6,-0.17,0.5,0.98,0.4,21.0,0.61,14.0,0.5,-0.9,3.4,8.0,3.3,21.0,5.2,14.0,0.5,2.51,4.97,5.81,4.31,10.0,1.63,18.0,0.5,22.8,31.1,38.9,30.9,10.0,7.8,18.0,0.5,-170.5,-70.5,-3.9,-89.0,21.0,70.2,14.0,0.5,-237.1,-171.5,-109.7,-165.7,21.0,60.6,14.0,0.5,-119.5,-77.7,-23.9,-71.8,10.0,43.8,18.0,0.5,-169.0,-102.8,-70.7,-113.9,10.0,49.1,18.0,0.5,-19.7,-14.9,-8.0,-15.4,10.0,9.2,18.0,0.5,-34.2,-23.7,-17.7,-25.3,10.0,7.8,18.0,0.5,97.5,301.0,804.5,487.5,27.0,492.5,14.0,0.6,95.0,300.0,805.0,485.0,27.0,490.0,14.0,0.6
1887,9,338.3,20.6,25.44,26.2,26.88,26.18,40.0,0.75,16.0,0.4,24.52,25.7,26.82,25.7,40.0,1.29,18.0,0.4,14.9,17.22,19.14,16.83,20.0,2.06,18.0,0.4,77.0,84.7,91.3,82.9,20.0,9.1,18.0,0.4,0.7,0.4,4.6,6.7,9.3,7.44,42.0,2.85,16.0,0.4,-7.14,-4.33,-1.78,-4.75,42.0,3.15,16.0,0.4,-6.86,-4.61,-3.25,-5.17,42.0,2.08,16.0,0.4,1014.07,1015.5,1017.0,1015.73,37.0,1.36,18.0,0.4,2.0,3.0,4.8,3.2,40.0,1.8,16.0,0.5,77.0,84.7,91.3,82.9,20.0,9.1,18.0,0.4,0.7,0.4,-66.4,-32.1,-7.9,-42.6,42.0,42.6,16.0,0.4,-63.2,-37.7,-17.2,-42.3,42.0,31.1,16.0,0.4,-0.79,0.6,1.49,0.5,39.0,1.12,18.0,0.4,-3.7,4.0,10.6,3.3,39.0,7.8,18.0,0.4,2.79,4.34,6.23,4.41,19.0,2.28,18.0,0.4,18.6,26.7,38.8,27.3,19.0,13.9,18.0,0.4,-199.4,-112.6,-47.3,-122.0,40.0,83.6,18.0,0.4,-174.8,-121.2,-76.6,-129.6,40.0,52.3,18.0,0.4,-122.4,-82.9,-35.5,-85.3,20.0,47.9,18.0,0.4,-125.4,-65.7,-48.7,-78.3,20.0,38.0,18.0,0.4,-24.9,-18.8,-12.3,-18.6,19.0,11.4,18.0,0.4,-30.5,-19.2,-12.4,-19.2,19.0,9.8,18.0,0.4,97.5,301.0,804.5,603.5,42.0,712.0,16.0,0.4,95.0,300.0,805.0,605.0,42.0,710.0,16.0,0.4
1887,9,338.3,22.6,24.6,25.55,25.87,25.32,68.0,0.76,16.0,0.5,23.6,24.65,25.62,24.66,70.0,1.27,18.0,0.5,15.19,16.7,18.85,17.03,24.0,1.86,18.0,0.6,77.8,82.7,92.9,84.4,29.0,7.1,20.0,0.6,0.7,0.3,2.6,6.7,9.3,6.9,74.0,3.1,16.0,0.5,-8.56,-5.48,-1.84,-4.99,74.0,3.02,16.0,0.5,-6.58,-3.75,-1.42,-4.06,74.0,2.61,16.0,0.5,1015.18,1017.0,1019.0,1017.1,63.0,1.82,16.0,0.5,2.0,3.0,5.0,3.0,71.0,1.8,16.0,0.5,77.8,82.7,92.9,84.4,29.0,7.1,20.0,0.6,0.7,0.3,-79.6,-37.2,-4.8,-42.6,74.0,35.1,16.0,0.5,-53.7,-31.7,-3.2,-32.6,74.0,29.5,16.0,0.5,0.0,0.6,1.4,0.64,64.0,1.26,18.0,0.5,0.0,3.7,10.2,3.0,64.0,7.9,18.0,0.5,-0.16,3.51,5.13,2.82,19.0,2.39,18.0,0.6,-1.5,26.5,37.6,21.3,19.0,17.9,18.0,0.6,-207.0,-131.3,-38.8,-120.6,70.0,74.7,18.0,0.5,-157.4,-96.8,-26.6,-95.9,70.0,62.1,18.0,0.5,-145.7,-89.4,-60.1,-99.1,24.0,42.3,18.0,0.6,-110.0,-91.6,-58.7,-80.5,24.0,37.5,18.0,0.6,-29.4,-12.9,1.3,-14.4,19.0,14.1,18.0,0.6,-26.2,-17.4,0.8,-14.6,19.0,12.6,18.0,0.6,17.5,301.0,804.5,516.0,74.0,507.0,16.0,0.5,20.0,300.0,805.0,515.0,74.0,505.0,16.0,0.5
1887,9,338.3,24.6,23.87,24.4,25.0,24.42,75.0,0.7,20.0,0.5,23.26,24.1,25.18,24.19,74.0,1.09,20.0,0.5,14.94,15.86,17.73,16.19,14.0,1.37,18.0,0.4,77.4,86.3,93.6,85.4,20.0,8.3,20.0,0.4,0.9,0.3,4.6,6.7,9.3,6.29,81.0,2.21,20.0,0.5,-6.58,-3.65,-1.94,-3.95,81.0,2.45,20.0,0.5,-6.21,-4.27,-1.8,-4.36,81.0,1.99,20.0,0.5,1016.99,1018.3,1020.0,1018.32,57.0,1.98,18.0,0.5,1.0,2.0,5.3,3.1,81.0,2.2,20.0,0.5,77.4,86.3,93.6,85.4,20.0,8.3,20.0,0.4,0.9,0.3,-61.2,-19.9,-8.5,-28.9,81.0,24.8,20.0,0.5,-42.4,-31.7,-7.9,-30.3,81.0,21.1,20.0,0.5,-0.7,0.2,1.0,0.19,70.0,0.87,20.0,0.5,-2.8,1.0,6.5,1.4,70.0,5.9,20.0,0.5,1.67,3.02,3.47,2.71,10.0,1.23,16.0,0.4,10.2,19.2,28.8,20.4,10.0,11.6,16.0,0.4,-153.1,-88.7,-48.4,-95.5,74.0,59.0,20.0,0.5,-151.2,-105.9,-45.1,-104.2,74.0,47.4,20.0,0.5,-93.5,-66.1,-50.4,-72.3,14.0,30.4,18.0,0.4,-104.1,-80.8,-70.0,-83.0,14.0,19.5,18.0,0.4,-18.4,-11.9,-7.2,-14.2,10.0,10.3,16.0,0.4,-20.7,-14.4,-7.2,-14.0,10.0,7.2,16.0,0.4,97.5,301.0,804.5,341.0,81.0,327.0,20.0,0.5,95.0,300.0,805.0,340.0,81.0,325.0,20.0,0.5
1887,9,338.3,26.6,23.33,23.9,24.17,23.8,104.0,0.46,22.0,0.5,22.8,23.8,25.0,23.84,105.0,1.18,22.0,0.5,15.46,15.89,17.74,16.31,7.0,1.25,22.0,0.9,78.5,82.4,91.3,84.7,11.0,6.9,24.0,0.7,1.0,0.2,4.6,4.6,9.3,5.73,117.0,2.4,22.0,0.5,-4.74,-3.25,-1.08,-3.23,117.0,2.19,22.0,0.5,-6.21,-3.86,-2.45,-4.4,117.0,2.01,22.0,0.5,1018.0,1019.0,1020.6,1019.16,74.0,1.52,22.0,0.6,1.0,2.5,6.0,3.1,116.0,2.1,22.0,0.5,78.5,82.4,91.3,84.7,11.0,6.9,24.0,0.7,1.0,0.2,-32.4,-15.7,-4.0,-22.4,117.0,24.2,22.0,0.5,-41.6,-19.5,-7.2,-29.2,117.0,23.6,22.0,0.5,-0.78,0.0,1.0,-0.03,103.0,1.04,22.0,0.5,-4.9,0.0,4.6,-0.2,103.0,5.6,22.0,0.5,2.59,2.75,3.35,2.93,5.0,0.41,22.0,0.8,8.1,12.6,16.0,12.2,5.0,4.4,22.0,0.8,-114.4,-77.4,-42.8,-82.1,105.0,51.5,22.0,0.5,-154.1,-97.4,-58.2,-107.1,105.0,47.7,22.0,0.5,-77.1,-51.7,-14.4,-48.1,7.0,31.2,22.0,0.9,-145.7,-63.2,-38.4,-80.2,7.0,48.4,22.0,0.9,-10.2,-8.2,-1.6,-6.4,5.0,5.0,22.0,0.8,-12.5,-9.0,-7.9,-9.8,5.0,2.7,22.0,0.8,97.5,97.5,804.5,294.0,117.0,369.0,22.0,0.5,95.0,95.0,805.0,295.0,117.0,370.0,22.0,0.5
1887,9,338.3,28.6,23.3,23.9,24.2,23.77,91.0,0.47,22.0,0.5,22.4,23.3,24.6,23.48,89.0,1.25,22.0,0.5,12.85,13.52,14.06,13.52,5.0,0.8,22.0,0.4,75.0,76.2,78.9,76.4,9.0,4.2,24.0,0.3,0.8,0.3,2.6,6.7,9.3,5.58,95.0,2.48,22.0,0.5,-5.11,-2.62,0.0,-2.79,95.0,2.76,22.0,0.5,-6.58,-4.23,-2.37,-4.24,95.0,2.0,22.0,0.5,1017.8,1019.7,1021.55,1019.66,61.0,1.81,22.0,0.6,1.0,2.0,6.0,3.3,95.0,2.4,22.0,0.5,75.0,76.2,78.9,76.4,9.0,4.2,24.0,0.3,0.8,0.3,-37.2,-15.5,0.0,-20.3,95.0,23.2,22.0,0.5,-44.9,-25.1,-6.3,-27.8,95.0,21.4,22.0,0.5,-0.7,0.5,1.2,0.28,89.0,1.1,22.0,0.5,-4.7,1.4,7.4,1.4,89.0,6.4,22.0,0.5,4.46,5.02,5.39,4.91,5.0,0.58,22.0,0.4,31.1,36.0,39.1,35.3,5.0,6.1,22.0,0.4,-129.7,-75.4,0.0,-68.3,89.0,66.7,22.0,0.5,-148.8,-101.0,-55.4,-101.6,89.0,45.4,22.0,0.5,-35.1,0.0,0.0,-14.2,5.0,19.5,22.0,0.4,-104.6,-86.5,-84.9,-94.9,5.0,18.2,22.0,0.4,-11.0,0.0,0.0,-4.5,5.0,6.3,22.0,0.4,-39.1,-36.0,-28.9,-34.5,5.0,7.0,22.0,0.4,17.5,301.0,804.5,274.5,95.0,281.0,22.0,0.5,20.0,300.0,805.0,275.0,95.0,280.0,22.0,0.5
1887,9,338.3,30.6,23.2,23.7,23.9,23.61,74.0,0.46,24.0,0.5,22.12,22.8,23.9,23.05,74.0,1.07,24.0,0.5,12.89,13.09,13.29,13.09,2.0,0.41,20.0,0.0,69.9,75.9,78.0,74.6,8.0,4.3,26.0,0.4,0.7,0.2,2.6,4.6,6.7,5.37,71.0,2.44,24.0,0.5,-3.75,-2.51,0.0,-1.81,71.0,2.77,24.0,0.5,-6.21,-3.25,-2.41,-4.23,71.0,2.46,24.0,0.5,1018.8,1021.0,1022.67,1020.97,43.0,1.83,22.0,0.4,1.6,3.0,6.0,3.3,74.0,2.1,24.0,0.5,69.9,75.9,78.0,74.6,8.0,4.3,26.0,0.4,0.7,0.2,-25.1,-11.8,0.0,-11.9,71.0,23.5,24.0,0.5,-41.6,-15.0,-6.3,-27.4,71.0,30.0,24.0,0.5,-0.5,0.7,1.48,0.56,74.0,1.02,24.0,0.5,-2.2,3.4,6.1,2.3,71.0,5.1,24.0,0.5,5.12,5.21,5.29,5.21,2.0,0.17,20.0,0.0,34.3,34.9,35.4,34.9,2.0,1.2,20.0,0.0,-92.7,-55.7,0.0,-42.5,71.0,64.2,24.0,0.5,-148.1,-77.1,-53.8,-98.2,71.0,58.2,24.0,0.5,33.8,34.3,34.8,34.3,2.0,1.1,20.0,0.0,-82.0,-80.7,-79.5,-80.7,2.0,2.5,20.0,0.0,13.4,13.6,13.8,13.6,2.0,0.5,20.0,0.0,-32.6,-32.1,-31.6,-32.1,2.0,1.1,20.0,0.0,17.5,97.5,301.0,264.5,71.0,421.0,24.0,0.5,20.0,95.0,300.0,265.0,71.0,420.0,24.0,0.5
1887,9,338.3,32.6,,,,,,,,,,,,,,,,,,,,,,,,,,,,,,,,,,,4.6,6.7,6.7,6.28,40.0,1.74,24.0,0.5,-3.81,-1.76,2.62,-1.07,40.0,3.1,24.0,0.5,-6.21,-4.74,-3.35,-4.45,40.0,3.52,24.0,0.5,1018.0,1021.3,1023.0,1020.73,20.0,2.85,24.0,0.5,1.0,3.0,5.0,3.2,41.0,2.0,24.0,0.5,74.9,79.6,81.5,78.4,5.0,4.6,26.0,0.4,1.0,0.3,-31.7,-8.6,17.5,-7.3,40.0,22.9,24.0,0.5,-41.6,-31.7,-15.5,-28.8,40.0,30.5,24.0,0.5,,,,,,,,,,,,,,,,,,,,,,,,,,,,,,,,,,,,,,,,,,,,,,,,,,,,,,,,,,,,,,,,,,,,,,,,,,,,,,,,,,,,,,,,,,,,,,,,
1887,9,338.3,34.6,,,,,,,,,,,,,,,,,,,,,,,,,,,,,,,,,,,4.6,6.7,6.7,5.79,19.0,1.91,26.0,0.5,-3.25,-1.77,-1.15,-1.64,19.0,2.13,26.0,0.5,-6.26,-4.27,-3.25,-5.11,19.0,2.02,26.0,0.5,1019.47,1025.0,1026.0,1023.0,11.0,3.17,26.0,0.5,1.9,2.0,4.1,2.5,19.0,1.5,26.0,0.5,77.8,80.0,80.2,79.0,3.0,2.0,26.0,1.0,1.0,0.0,-17.5,-15.0,-6.8,-9.7,19.0,13.6,26.0,0.5,-42.0,-25.1,-15.0,-33.0,19.0,22.2,26.0,0.5,,,,,,,,,,,,,,,,,,,,,,,,,,,,,,,,,,,,,,,,,,,,,,,,,,,,,,,,,,,,,,,,,,,,,,,,,,,,,,,,,,,,,,,,,,,,,,,,
1887,9,338.3,36.6,21.3,21.8,22.82,21.97,26.0,0.77,20.0,0.6,20.39,21.1,22.22,21.35,26.0,1.05,20.0,0.6,12.07,12.13,12.26,12.16,5.0,0.13,24.0,0.4,76.9,81.9,82.8,80.1,5.0,3.5,24.0,0.4,0.5,0.2,4.6,6.7,9.3,6.46,25.0,1.73,20.0,0.6,-3.25,-1.72,0.34,-1.09,25.0,2.62,20.0,0.6,-8.62,-6.17,0.62,-4.59,25.0,4.06,20.0,0.6,1017.9,1019.8,1020.0,1019.37,13.0,2.06,24.0,0.5,2.0,2.0,4.4,2.9,25.0,1.9,20.0,0.6,76.9,81.9,82.8,80.1,5.0,3.5,24.0,0.4,0.5,0.2,-16.8,-7.9,1.6,-6.5,25.0,17.4,20.0,0.6,-80.2,-41.3,2.9,-34.8,25.0,32.3,20.0,0.6,0.0,0.6,1.4,0.62,26.0,0.68,20.0,0.6,0.0,3.7,8.9,4.0,25.0,4.8,20.0,0.6,3.7,3.83,4.05,3.85,5.0,0.23,24.0,0.4,34.4,35.6,37.7,35.8,5.0,2.2,24.0,0.4,-72.5,-34.8,7.1,-22.7,25.0,57.5,20.0,0.6,-183.1,-130.5,13.5,-96.7,25.0,86.5,20.0,0.6,-42.0,0.0,0.0,-16.8,5.0,23.0,24.0,0.4,-114.0,-112.8,-104.1,-109.9,5.0,5.4,24.0,0.4,-13.6,0.0,0.0,-5.5,5.0,7.5,24.0,0.4,-36.4,-34.9,-32.8,-34.7,5.0,2.1,24.0,0.4,97.5,301.0,804.5,328.0,25.0,260.0,20.0,0.6,95.0,300.0,805.0,330.0,25.0,260.0,20.0,0.6
1887,9,338.3,38.6,20.3,21.0,21.7,21.06,25.0,0.83,18.0,0.6,19.3,20.3,22.35,20.74,25.0,1.68,18.0,0.6,11.11,11.49,11.84,11.5,5.0,0.56,24.0,0.6,75.3,79.8,82.2,78.7,5.0,4.8,24.0,0.6,0.6,0.2,4.6,6.7,6.7,6.4,23.0,1.61,20.0,0.6,-1.96,0.0,3.31,0.42,23.0,2.91,20.0,0.6,-6.7,-6.17,-3.25,-5.39,23.0,2.55,20.0,0.6,1013.79,1015.0,1017.0,1014.75,13.0,1.9,22.0,0.6,2.0,3.0,5.2,3.3,25.0,2.1,18.0,0.6,75.3,79.8,82.2,78.7,5.0,4.8,24.0,0.6,0.6,0.2,-11.8,0.0,18.5,3.1,23.0,18.7,20.0,0.6,-44.9,-41.3,-15.0,-37.1,23.0,24.7,20.0,0.6,-0.54,0.5,1.24,0.32,25.0,1.1,18.0,0.6,-4.0,2.7,7.9,2.1,23.0,6.4,20.0,0.6,3.25,3.51,3.86,3.58,5.0,0.5,24.0,0.6,21.8,32.6,35.9,30.0,5.0,8.4,24.0,0.6,-39.6,0.0,78.4,10.0,23.0,63.3,20.0,0.6,-149.2,-125.3,-71.4,-110.0,23.0,49.7,20.0,0.6,0.0,0.0,0.0,0.0,5.0,0.0,24.0,0.6,-105.7,-100.8,-80.7,-94.6,5.0,13.7,24.0,0.6,0.0,0.0,0.0,0.0,5.0,0.0,24.0,0.6,-35.9,-32.6,-21.8,-30.0,5.0,8.4,24.0,0.6,97.5,301.0,301.0,310.0,23.0,218.0,20.0,0.6,95.0,300.0,300.0,310.0,23.0,220.0,20.0,0.6
1887,9,338.3,40.6,19.25,19.85,20.53,19.88,12.0,0.66,22.0,0.6,18.4,19.2,19.85,19.21,12.0,0.77,22.0,0.6,11.44,11.57,12.1,11.76,9.0,0.41,22.0,0.6,81.1,85.4,92.1,86.2,9.0,5.3,22.0,0.6,1.0,0.3,4.6,6.7,9.3,6.88,12.0,2.81,22.0,0.6,0.0,1.8,7.08,2.82,12.0,3.85,22.0,0.6,-6.61,-4.23,2.18,-2.18,12.0,5.54,22.0,0.6,1011.27,1014.0,1015.0,1013.38,11.0,2.57,22.0,0.5,0.0,3.5,4.0,2.5,12.0,2.0,22.0,0.6,81.1,85.4,92.1,86.2,9.0,5.3,22.0,0.6,1.0,0.3,0.0,8.4,65.9,23.6,12.0,36.1,22.0,0.6,-44.9,-25.6,20.2,-11.6,12.0,46.5,22.0,0.6,0.2,0.7,1.28,0.68,12.0,0.71,22.0,0.6,1.0,4.4,8.2,4.1,12.0,5.6,22.0,0.6,1.64,2.69,2.95,2.42,9.0,0.7,22.0,0.6,9.0,18.0,20.0,15.7,9.0,8.0,22.0,0.6,0.0,32.9,142.0,55.9,12.0,75.8,22.0,0.6,-128.2,-77.5,40.5,-42.2,12.0,107.1,22.0,0.6,0.0,20.3,50.3,18.8,9.0,36.2,22.0,0.6,-77.4,-50.2,72.6,-19.8,9.0,74.0,22.0,0.6,0.0,2.9,12.2,5.0,9.0,7.7,22.0,0.6,-19.0,-13.9,8.9,-6.8,9.0,14.2,22.0,0.6,97.5,301.0,804.5,451.5,12.0,326.0,22.0,0.6,95.0,300.0,805.0,450.0,12.0,325.0,22.0,0.6
1887,9,338.3,44.6,18.3,18.3,18.3,18.3,5.0,0.0,14.0,0.8,17.8,18.3,19.11,18.42,11.0,0.58,14.0,0.5,11.62,11.73,11.94,11.81,6.0,0.27,14.0,0.2,89.8,92.1,94.6,92.2,6.0,2.7,14.0,0.2,0.5,0.7,4.6,9.3,9.3,7.83,11.0,2.22,14.0,0.5,-6.91,-6.91,-3.81,-6.0,11.0,1.64,14.0,0.5,2.97,6.22,6.22,5.0,11.0,1.6,14.0,0.5,1022.32,1022.7,1022.7,1022.53,6.0,0.29,14.0,0.2,2.6,5.0,7.0,4.9,11.0,2.2,14.0,0.5,89.8,92.1,94.6,92.2,6.0,2.7,14.0,0.2,0.5,0.7,-64.3,-64.3,-17.5,-50.2,11.0,23.7,14.0,0.5,13.7,57.9,57.9,42.2,11.0,21.2,14.0,0.5,,,,,,,,,,,,,,,,,,,,,,,,,,,,,,,,,-126.5,-123.0,-71.1,-110.6,11.0,30.8,14.0,0.5,54.1,110.8,113.9,91.8,11.0,28.7,14.0,0.5,-82.5,-81.1,-80.3,-81.6,6.0,1.9,14.0,0.2,72.3,73.0,74.3,73.5,6.0,1.7,14.0,0.2,,,,,,,,,,,,,,,,,,,,,,,,,,,,,,,,
1887,9,338.3,46.6,15.6,17.4,17.88,16.98,21.0,1.04,18.0,0.3,16.7,17.2,18.23,17.35,24.0,1.13,18.0,0.3,10.63,10.77,10.95,10.77,5.0,0.22,28.0,0.4,89.1,89.2,93.8,91.0,5.0,2.6,28.0,0.4,0.5,0.4,5.63,9.3,11.07,9.31,23.0,4.41,18.0,0.3,-8.12,-3.86,8.2,-0.23,23.0,8.38,18.0,0.3,-8.32,2.51,5.48,0.14,23.0,6.32,18.0,0.3,1017.74,1023.0,1026.0,1022.31,15.0,3.99,22.0,0.5,4.2,6.0,8.0,6.0,21.0,1.6,16.0,0.3,89.1,89.2,93.8,91.0,5.0,2.6,28.0,0.4,0.5,0.4,-79.6,-17.7,86.6,19.4,23.0,125.7,18.0,0.3,-77.4,11.5,53.7,-14.1,23.0,89.6,18.0,0.3,-1.1,0.0,0.6,-0.16,21.0,0.86,18.0,0.3,-7.9,0.1,5.3,-2.4,18.0,11.1,18.0,0.3,-0.07,0.14,0.26,0.12,5.0,0.23,28.0,0.4,-0.6,0.9,2.4,0.9,2.0,3.2,28.0,0.5,-143.8,-68.7,136.2,-12.2,21.0,150.3,16.0,0.3,-128.0,44.6,103.0,14.4,21.0,108.8,16.0,0.3,163.1,181.6,200.1,181.6,2.0,38.3,28.0,0.5,-137.0,-132.3,-127.6,-132.3,2.0,9.7,28.0,0.5,-0.4,0.9,2.1,0.9,2.0,2.6,28.0,0.5,-1.2,-0.4,0.5,-0.4,2.0,1.8,28.0,0.5,197.5,804.5,1409.0,1442.0,23.0,2594.5,18.0,0.3,195.0,805.0,1410.0,1440.0,23.0,2595.0,18.0,0.3
1887,9,338.3,48.6,,,,,,,,,,,,,,,,,,,,,,,,,,,,,,,,,,,2.6,3.6,10.77,6.48,10.0,6.87,24.0,0.6,-2.6,-0.35,5.27,1.78,10.0,5.92,24.0,0.6,-9.99,-2.12,0.0,-4.3,10.0,5.9,24.0,0.6,1020.12,1026.9,1028.89,1024.26,8.0,6.86,24.0,0.8,,,,,,,,,,,,,,,,,,,,,,,,,,,,,,,,,,,,,,,,,,,,,,,,,,,,,,,,,,,,,,,,,,,,,,,,,,,,,,,,,,,,,,,,,,,,,,,,,,,,,,,,,,,,,,,,,,,,,,,,,,,,,,,,,,
1887,9,338.3,50.6,,,,,,,,,,,,,,,,,,,,,,,,,,,,,,,,,,,6.7,12.3,15.4,12.52,29.0,4.11,10.0,0.4,-11.04,-3.75,12.78,-0.84,29.0,10.3,10.0,0.4,-9.66,5.55,7.93,1.31,29.0,8.41,10.0,0.4,1011.42,1017.2,1018.5,1015.34,20.0,4.81,10.0,0.6,,,,,,,,,,,,,,,,,,,,,,,,,,,,,,,,,,,,,,,,,,,,,,,,,,,,,,,,,,,,,,,,,,,,,,,,,,,,,,,,,,,,,,,,,,,,,,,,,,,,,,,,,,,,,,,,,,,,,,,,,,,,,,,,,,
1887,9,340.3,-35.4,,,,,,,,,,,,,,,,,,,,,,,,,,,,,,,,,,,17.69,22.6,22.6,20.44,5.0,3.22,6.0,0.2,-12.64,-12.64,-7.82,-10.3,5.0,4.2,6.0,0.2,-18.74,-18.74,-15.52,-17.42,5.0,1.82,6.0,0.2,1018.03,1019.05,1020.07,1019.05,4.0,1.22,4.0,0.3,,,,,,,,,,,,,,,,,,,,,,,,,,,,,,,,,,,,,,,,,,,,,,,,,,,,,,,,,,,,,,,,,,,,,,,,,,,,,,,,,,,,,,,,,,,,,,,,,,,,,,,,,,,,,,,,,,,,,,,,,,,,,,,,,,
1887,9,340.3,-33.4,,,,,,,,,,,,,,,,,,,,,,,,,,,,,,,,,,,4.6,9.3,19.0,11.26,14.0,6.52,16.0,0.4,1.8,6.72,9.27,5.67,14.0,3.59,16.0,0.4,-16.67,1.65,6.84,-0.84,14.0,11.44,16.0,0.4,1011.68,1020.3,1023.63,1018.13,15.0,5.6,20.0,0.5,,,,,,,,,,,,,,,,,,,,,,,,,,,,,,,,,,,,,,,,,,,,,,,,,,,,,,,,,,,,,,,,,,,,,,,,,,,,,,,,,,,,,,,,,,,,,,,,,,,,,,,,,,,,,,,,,,,,,,,,,,,,,,,,,,
1887,9,340.3,-31.4,16.1,17.1,17.8,17.09,13.0,0.72,28.0,0.5,17.2,18.6,20.65,18.72,13.0,1.6,28.0,0.5,9.59,10.77,13.76,11.47,10.0,2.0,28.0,0.5,79.4,87.1,90.2,85.2,10.0,5.3,28.0,0.5,0.5,0.6,9.3,9.3,12.3,9.79,13.0,1.6,28.0,0.5,3.63,6.37,8.9,6.39,13.0,2.15,28.0,0.5,-8.56,-6.58,7.91,-1.36,13.0,7.45,28.0,0.5,1015.91,1019.3,1020.3,1018.55,13.0,1.99,28.0,0.5,5.0,6.0,8.0,6.6,13.0,1.4,28.0,0.5,79.4,87.1,90.2,85.2,10.0,5.3,28.0,0.5,0.5,0.6,33.8,55.6,95.3,64.3,13.0,29.7,28.0,0.5,-79.6,-61.2,97.2,-7.1,13.0,78.0,28.0,0.5,-2.85,-1.1,-0.5,-1.63,13.0,1.07,28.0,0.5,-26.5,-10.2,-6.1,-15.2,13.0,9.6,28.0,0.5,-1.17,0.52,2.13,0.46,10.0,1.52,28.0,0.5,-10.9,4.8,26.2,6.2,10.0,16.6,28.0,0.5,68.3,123.1,153.1,117.7,13.0,34.4,28.0,0.5,-160.9,-122.3,136.0,-34.6,13.0,138.9,28.0,0.5,69.9,81.1,90.4,76.7,10.0,16.3,28.0,0.5,-100.7,26.4,75.8,-6.1,10.0,86.9,28.0,0.5,-6.9,4.6,18.4,5.4,10.0,11.5,28.0,0.5,4.2,10.1,16.9,10.1,10.0,6.5,28.0,0.5,804.5,804.5,1861.0,1009.5,13.0,504.5,28.0,0.5,805.0,805.0,1860.0,1010.0,13.0,505.0,28.0,0.5
1887,9,340.3,-29.4,,,,,,,,,,,,,,,,,,,,,,,,,,,,,,,,,,,9.3,9.3,9.3,9.3,5.0,0.0,26.0,0.2,2.72,2.72,3.63,3.08,5.0,0.5,26.0,0.2,-8.89,-8.89,-8.56,-8.76,5.0,0.18,26.0,0.2,1018.63,1020.0,1020.11,1019.46,5.0,0.95,26.0,0.2,,,,,,,,,,,,,,,,,,,,,,,,,,,,,,,,,,,,,,,,,,,,,,,,,,,,,,,,,,,,,,,,,,,,,,,,,,,,,,,,,,,,,,,,,,,,,,,,,,,,,,,,,,,,,,,,,,,,,,,,,,,,,,,,,,
1887,9,340.3,-27.4,,,,,,,,,,,,,,,,,,,,,,,,,,,,,,,,,,,9.3,9.3,9.3,9.3,5.0,0.0,24.0,0.6,-2.5,0.0,0.0,-1.08,5.0,1.58,24.0,0.6,8.92,9.3,9.3,9.12,5.0,0.29,24.0,0.6,1025.35,1026.3,1026.51,1026.0,5.0,0.67,24.0,0.6,2.6,3.0,4.0,3.2,5.0,0.8,24.0,0.6,74.9,75.0,75.1,75.0,2.0,0.1,24.0,0.5,1.0,1.0,-23.2,0.0,0.0,-10.1,5.0,14.7,24.0,0.6,83.0,86.5,86.5,84.9,5.0,2.7,24.0,0.6,,,,,,,,,,,,,,,,,,,,,,,,,,,,,,,,,-46.7,0.0,0.0,-20.5,5.0,30.4,24.0,0.6,163.6,168.1,174.8,168.9,5.0,5.9,24.0,0.6,0.0,0.0,0.0,0.0,2.0,0.0,24.0,0.5,87.4,89.7,91.9,89.7,2.0,4.6,24.0,0.5,,,,,,,,,,,,,,,,,,,,,,,,,,,,,,,,
1887,9,340.3,-21.4,,,,,,,,,,,,,,,,,,,,,,,,,,,,,,,,,,,6.7,6.7,6.7,6.7,3.0,0.0,20.0,1.0,1.75,2.51,2.58,2.17,3.0,0.68,20.0,1.0,-6.45,-6.21,-6.18,-6.31,3.0,0.21,20.0,1.0,1016.41,1016.65,1016.89,1016.65,2.0,0.5,20.0,1.0,,,,,,,,,,,,,,,,,,,,,,,,,,,,,,,,,,,,,,,,,,,,,,,,,,,,,,,,,,,,,,,,,,,,,,,,,,,,,,,,,,,,,,,,,,,,,,,,,,,,,,,,,,,,,,,,,,,,,,,,,,,,,,,,,,
1887,9,340.3,-15.4,,,,,,,,,,,,,,,,,,,,,,,,,,,,,,,,,,,6.7,6.7,6.7,6.7,3.0,0.0,4.0,0.0,-5.55,-5.55,-5.51,-5.53,3.0,0.04,4.0,0.0,3.75,3.75,3.81,3.78,3.0,0.06,4.0,0.0,1014.8,1014.8,1015.07,1014.93,3.0,0.23,4.0,0.0,,,,,,,,,,,,,,,,,,,,,,,,,,,,,,,,,,,,,,,,,,,,,,,,,,,,,,,,,,,,,,,,,,,,,,,,,,,,,,,,,,,,,,,,,,,,,,,,,,,,,,,,,,,,,,,,,,,,,,,,,,,,,,,,,,
1887,9,340.3,-13.4,21.7,22.2,23.3,22.46,18.0,0.65,12.0,0.4,22.13,22.8,23.9,22.82,19.0,0.95,12.0,0.4,15.31,15.9,16.49,15.9,2.0,1.22,6.0,1.0,90.7,90.8,90.8,90.7,3.0,0.1,6.0,1.0,0.4,0.3,6.4,6.7,6.7,6.37,19.0,0.79,12.0,0.4,-6.17,-5.49,-4.23,-4.96,19.0,1.09,12.0,0.4,2.5,3.84,4.74,3.7,19.0,1.35,12.0,0.4,1014.1,1016.8,1021.22,1017.54,17.0,3.3,14.0,0.3,2.0,4.0,7.0,4.0,19.0,2.4,12.0,0.4,90.7,90.8,90.8,90.7,3.0,0.1,6.0,1.0,0.4,0.3,-41.3,-36.8,-19.5,-31.8,19.0,8.9,12.0,0.4,16.2,25.7,31.7,24.2,19.0,10.0,12.0,0.4,-1.7,-0.5,0.5,-0.42,18.0,1.17,12.0,0.4,-7.8,-3.1,3.4,-2.4,18.0,7.5,12.0,0.4,0.08,0.48,0.88,0.48,2.0,0.82,6.0,1.0,0.7,3.3,5.9,3.3,2.0,5.4,6.0,1.0,-137.7,-119.1,-100.5,-113.0,19.0,24.4,12.0,0.4,53.5,85.3,108.0,84.3,19.0,30.6,12.0,0.4,-80.7,-76.7,-72.8,-76.7,2.0,8.2,6.0,1.0,34.5,44.0,53.4,44.0,2.0,19.6,6.0,1.0,-4.8,-2.7,-0.6,-2.7,2.0,4.4,6.0,1.0,0.5,1.9,3.4,1.9,2.0,3.0,6.0,1.0,271.5,301.0,301.0,268.5,19.0,76.0,12.0,0.4,270.0,300.0,300.0,270.0,19.0,75.0,12.0,0.4
1887,9,340.3,-5.4,23.34,23.6,23.92,23.6,6.0,0.33,4.0,0.5,25.73,26.1,26.71,26.26,5.0,0.79,4.0,0.4,17.87,17.98,18.18,18.04,5.0,0.25,4.0,0.4,83.0,85.6,87.2,85.1,5.0,3.0,4.0,0.4,1.0,1.0,1.0,1.0,2.09,1.53,3.0,0.92,4.0,0.0,-1.94,-0.92,-0.77,-1.35,3.0,0.93,4.0,0.0,-0.61,-0.39,0.54,-0.04,3.0,0.89,4.0,0.0,1015.39,1016.95,1017.52,1016.53,6.0,1.2,4.0,0.5,2.8,6.0,8.0,5.5,6.0,2.5,4.0,0.5,83.0,85.6,87.2,85.1,5.0,3.0,4.0,0.4,1.0,1.0,-4.6,-0.9,-0.8,-2.6,3.0,3.2,4.0,0.0,-0.6,-0.4,1.6,0.5,3.0,1.8,4.0,0.0,-3.07,-2.6,-2.39,-2.74,5.0,0.57,4.0,0.4,-5.6,-2.6,-2.3,-3.9,3.0,2.7,4.0,0.0,-0.23,0.0,0.22,-0.02,5.0,0.27,4.0,0.4,-0.1,0.2,0.2,0.1,3.0,0.3,4.0,0.0,-50.5,-23.7,-20.2,-35.1,3.0,24.3,4.0,0.0,-15.8,-10.1,14.2,-1.1,3.0,23.3,4.0,0.0,-34.9,-16.4,-13.8,-24.2,3.0,16.8,4.0,0.0,-10.8,-7.0,9.8,-0.7,3.0,16.0,4.0,0.0,-0.2,-0.2,0.1,0.0,3.0,0.3,4.0,0.0,-0.1,-0.1,-0.1,-0.1,3.0,0.0,4.0,0.0,1.0,1.0,12.5,6.5,3.0,9.5,4.0,0.0,0.0,0.0,10.0,5.0,3.0,10.0,4.0,0.0
1887,9,340.3,-3.4,23.9,25.6,26.1,25.11,20.0,1.05,14.0,0.6,24.4,25.6,26.69,25.63,18.0,1.2,14.0,0.5,16.16,17.47,18.58,17.4,12.0,1.16,14.0,0.3,82.5,83.6,86.8,84.1,16.0,2.4,16.0,0.4,0.5,0.7,1.28,4.6,6.33,4.03,21.0,1.93,14.0,0.6,-4.14,-2.4,-1.1,-2.5,21.0,1.17,14.0,0.6,0.38,1.87,5.91,2.65,21.0,2.34,14.0,0.6,1016.3,1017.3,1019.3,1017.63,16.0,1.55,12.0,0.5,1.0,2.0,3.0,2.4,20.0,1.6,14.0,0.6,82.5,83.6,86.8,84.1,16.0,2.4,16.0,0.4,0.5,0.7,-19.1,-15.0,-1.9,-11.2,21.0,7.0,14.0,0.6,0.4,8.6,38.1,14.5,21.0,15.2,14.0,0.6,-2.93,0.0,1.7,-0.54,18.0,2.0,14.0,0.5,-7.4,0.0,7.6,-1.2,17.0,7.8,14.0,0.5,-0.17,2.24,4.52,2.17,12.0,2.32,14.0,0.3,-0.3,2.3,20.8,8.8,11.0,10.5,12.0,0.4,-104.9,-62.7,-39.4,-66.9,17.0,29.3,14.0,0.5,18.6,71.2,128.6,70.4,17.0,57.8,14.0,0.5,-71.6,-44.7,-22.4,-47.0,11.0,23.8,12.0,0.4,12.9,31.4,63.7,33.6,11.0,25.9,12.0,0.4,-16.2,-2.1,0.3,-6.0,11.0,8.0,12.0,0.4,-0.1,0.9,13.0,5.5,11.0,7.7,12.0,0.4,4.0,97.5,265.5,106.5,21.0,105.0,14.0,0.6,5.0,95.0,265.0,105.0,21.0,105.0,14.0,0.6
1887,9,340.3,-1.4,23.01,24.25,25.2,24.21,14.0,1.0,20.0,0.6,23.31,24.05,24.8,24.14,14.0,0.95,20.0,0.6,15.36,15.37,15.38,15.37,2.0,0.02,30.0,0.5,80.9,82.1,83.3,82.1,2.0,2.4,30.0,0.5,1.0,1.0,2.86,6.7,9.3,6.94,14.0,2.63,20.0,0.6,-4.74,-4.19,-0.98,-3.37,14.0,2.31,20.0,0.6,2.56,4.74,8.56,5.7,14.0,2.5,20.0,0.6,1012.43,1013.0,1018.57,1014.8,10.0,3.05,20.0,0.4,2.0,3.0,5.9,3.4,14.0,2.1,20.0,0.6,80.9,82.1,83.3,82.1,2.0,2.4,30.0,0.5,1.0,1.0,-33.8,-31.7,-2.5,-25.5,14.0,21.0,20.0,0.6,7.9,31.7,79.6,45.1,14.0,30.1,20.0,0.6,-0.5,-0.25,0.39,0.07,14.0,0.97,20.0,0.6,-3.7,-1.6,1.0,1.1,14.0,8.6,20.0,0.6,2.88,3.12,3.35,3.12,2.0,0.48,30.0,0.5,26.8,29.0,31.1,29.0,2.0,4.5,30.0,0.5,-114.5,-98.6,-23.9,-79.9,14.0,55.2,20.0,0.6,62.6,113.7,203.7,137.7,14.0,62.3,20.0,0.6,-101.1,-101.1,-101.0,-101.1,2.0,0.1,30.0,0.5,101.0,101.1,101.1,101.1,2.0,0.1,30.0,0.5,-22.0,-20.5,-19.0,-20.5,2.0,3.2,30.0,0.5,19.0,20.5,22.0,20.5,2.0,3.2,30.0,0.5,35.5,301.0,804.5,456.0,14.0,331.0,20.0,0.6,35.0,300.0,805.0,455.0,14.0,330.0,20.0,0.6
1887,9,340.3,0.6,23.15,24.3,25.0,24.21,17.0,1.02,18.0,0.6,23.41,24.0,24.45,23.9,17.0,0.66,18.0,0.6,15.38,15.48,15.58,15.48,2.0,0.2,30.0,1.0,81.9,82.1,82.2,82.1,2.0,0.3,30.0,1.0,1.0,0.0,4.6,6.7,9.53,6.6,17.0,2.73,18.0,0.6,-5.48,-1.8,-0.52,-2.91,17.0,2.64,18.0,0.6,3.78,6.21,7.9,5.63,17.0,2.02,18.0,0.6,1012.79,1016.0,1018.21,1015.67,6.0,2.73,22.0,0.8,2.0,4.0,5.0,3.5,17.0,1.3,18.0,0.6,81.9,82.1,82.2,82.1,2.0,0.3,30.0,1.0,1.0,0.0,-53.7,-9.3,-1.4,-24.7,17.0,30.2,18.0,0.6,17.4,41.6,75.4,42.1,17.0,29.2,18.0,0.6,-0.69,0.2,1.1,0.31,17.0,1.16,18.0,0.6,-4.7,0.9,6.6,1.7,17.0,8.2,18.0,0.6,3.32,3.42,3.52,3.42,2.0,0.2,30.0,1.0,30.9,31.8,32.7,31.8,2.0,1.9,30.0,1.0,-126.4,-42.8,-12.4,-69.6,17.0,63.3,18.0,0.6,90.5,148.5,182.9,134.2,17.0,47.1,18.0,0.6,-99.1,-91.3,-83.4,-91.3,2.0,16.3,30.0,1.0,105.2,110.5,115.8,110.5,2.0,11.0,30.0,1.0,-21.0,-20.0,-19.0,-20.0,2.0,2.1,30.0,1.0,22.5,24.5,26.5,24.5,2.0,4.2,30.0,1.0,97.5,301.0,867.5,434.0,17.0,489.0,18.0,0.6,95.0,300.0,865.0,435.0,17.0,490.0,18.0,0.6
1887,9,340.3,2.6,,,,,,,,,,,,,,,,,,,,,,,,,,,,,,,,,,,4.6,6.7,6.7,6.3,37.0,1.72,16.0,0.5,-2.08,0.0,1.72,-0.21,37.0,1.78,16.0,0.5,4.27,6.17,6.7,6.05,37.0,1.7,16.0,0.5,1013.2,1014.6,1015.2,1014.28,20.0,0.94,12.0,0.5,,,,,,,,,,,,,,,,,,,,,,,,,,,,,,,,,,,,,,,,,,,,,,,,,,,,,,,,,,,,,,,,,,,,,,,,,,,,,,,,,,,,,,,,,,,,,,,,,,,,,,,,,,,,,,,,,,,,,,,,,,,,,,,,,,
1887,9,340.3,4.6,25.3,26.1,26.85,26.06,56.0,0.83,10.0,0.6,25.0,25.6,26.86,25.85,59.0,0.87,10.0,0.5,16.31,16.65,17.27,16.77,12.0,0.55,2.0,0.5,79.1,82.8,82.9,81.6,12.0,2.3,2.0,0.5,0.3,0.2,4.6,4.6,6.7,5.74,58.0,2.25,10.0,0.6,-1.79,1.01,3.47,1.03,58.0,2.16,10.0,0.6,3.25,4.53,6.7,5.21,58.0,2.28,10.0,0.6,1012.76,1014.7,1017.6,1014.97,40.0,2.27,6.0,0.5,2.0,3.0,6.0,3.9,61.0,2.0,10.0,0.5,79.1,82.8,82.9,81.6,12.0,2.3,2.0,0.5,0.3,0.2,-8.2,3.3,17.5,6.9,58.0,15.9,10.0,0.6,15.0,20.9,44.9,34.7,58.0,25.7,10.0,0.6,-0.92,0.05,1.06,0.12,54.0,1.11,10.0,0.5,-7.4,0.0,6.1,0.2,51.0,6.2,10.0,0.6,1.76,2.26,2.68,2.25,7.0,0.4,2.0,0.7,11.3,14.6,16.8,13.8,7.0,3.4,2.0,0.7,-43.1,27.0,90.4,27.3,56.0,56.1,10.0,0.5,81.9,117.5,180.2,135.6,56.0,59.7,10.0,0.5,-38.9,-26.9,-7.3,-23.2,12.0,17.2,2.0,0.5,74.3,104.8,109.4,96.6,12.0,16.5,2.0,0.5,-5.7,-5.0,-3.9,-4.7,7.0,1.2,2.0,0.7,10.6,13.7,15.8,12.9,7.0,3.2,2.0,0.7,97.5,97.5,301.0,275.0,58.0,283.0,10.0,0.6,95.0,95.0,300.0,275.0,58.0,285.0,10.0,0.6
1887,9,340.3,6.6,25.8,26.0,26.04,25.95,11.0,0.16,16.0,0.5,24.8,25.2,26.04,25.38,11.0,0.74,16.0,0.5,16.89,17.53,17.69,17.3,7.0,0.42,22.0,0.6,86.0,88.1,89.8,88.0,7.0,2.2,22.0,0.6,0.9,0.2,4.6,6.7,9.3,6.55,11.0,2.69,16.0,0.5,3.25,4.74,7.71,4.83,11.0,2.45,16.0,0.5,3.25,3.75,5.37,4.24,11.0,1.77,16.0,0.5,1013.0,1014.0,1015.21,1014.27,11.0,1.66,16.0,0.5,3.0,4.0,8.0,5.2,11.0,2.4,16.0,0.5,86.0,88.1,89.8,88.0,7.0,2.2,22.0,0.6,0.9,0.2,15.0,31.7,71.7,37.2,11.0,27.0,16.0,0.5,15.0,31.7,48.4,31.2,11.0,20.2,16.0,0.5,-0.28,0.8,1.24,0.57,11.0,0.83,16.0,0.5,-1.3,6.7,10.6,4.9,11.0,6.8,16.0,0.5,3.28,3.62,4.23,3.72,7.0,0.46,22.0,0.6,21.0,31.4,39.3,28.2,7.0,13.1,22.0,0.6,84.0,117.5,192.5,122.1,11.0,61.2,16.0,0.5,84.0,100.4,134.9,106.8,11.0,42.0,16.0,0.5,61.8,85.6,136.0,92.8,7.0,48.8,22.0,0.6,59.5,87.1,101.0,81.5,7.0,35.6,22.0,0.6,11.4,19.6,32.8,20.9,7.0,12.4,22.0,0.6,15.4,17.6,22.3,17.8,7.0,8.1,22.0,0.6,97.5,301.0,804.5,401.0,11.0,334.5,16.0,0.5,95.0,300.0,805.0,400.0,11.0,335.0,16.0,0.5
1887,9,340.3,8.6,26.28,27.0,27.5,26.88,13.0,0.59,20.0,0.5,25.72,26.8,27.53,26.58,13.0,1.05,20.0,0.5,17.94,18.19,18.73,18.36,12.0,0.44,20.0,0.5,81.0,83.4,89.8,84.8,12.0,4.7,20.0,0.5,0.5,0.2,1.0,4.6,4.8,3.94,13.0,1.96,20.0,0.5,-4.29,0.0,2.58,-0.54,13.0,3.32,20.0,0.5,0.51,1.72,3.94,1.95,13.0,2.27,20.0,0.5,1011.9,1013.0,1014.0,1012.71,13.0,1.02,20.0,0.5,2.9,6.0,7.1,5.2,13.0,2.2,20.0,0.5,81.0,83.4,89.8,84.8,12.0,4.7,20.0,0.5,0.5,0.2,-19.7,0.0,15.1,-1.7,13.0,17.1,20.0,0.5,0.5,6.6,19.1,9.7,13.0,14.3,20.0,0.5,-0.12,0.2,0.56,0.3,13.0,0.52,20.0,0.5,-0.5,0.9,2.6,1.6,13.0,2.8,20.0,0.5,3.04,3.8,4.55,3.79,12.0,0.71,20.0,0.5,4.5,15.4,20.2,13.6,12.0,6.9,20.0,0.5,-111.9,0.0,65.0,-15.3,13.0,88.5,20.0,0.5,14.3,44.8,99.4,50.5,13.0,58.8,20.0,0.5,-80.2,-4.9,45.3,-18.5,12.0,55.9,20.0,0.5,7.8,25.1,60.9,31.1,12.0,40.4,20.0,0.5,-16.0,-0.9,7.5,-3.6,12.0,11.8,20.0,0.5,1.9,4.3,12.9,6.1,12.0,7.5,20.0,0.5,1.0,97.5,117.0,100.5,13.0,98.5,20.0,0.5,0.0,95.0,115.0,100.0,13.0,100.0,20.0,0.5
1887,9,340.3,10.6,26.14,26.7,27.4,26.77,10.0,0.74,18.0,0.4,25.8,26.15,26.93,26.2,10.0,1.08,18.0,0.4,17.03,17.8,18.47,17.79,10.0,0.66,18.0,0.4,80.9,83.1,88.0,84.0,10.0,4.6,18.0,0.4,0.5,0.3,4.6,4.6,6.7,5.14,8.0,1.46,18.0,0.3,-1.03,1.5,4.03,1.42,8.0,2.44,18.0,0.3,-6.02,-0.93,3.99,-0.81,8.0,4.83,18.0,0.3,1013.0,1014.5,1015.57,1014.4,10.0,1.78,18.0,0.4,2.0,4.5,8.0,4.7,10.0,2.8,18.0,0.4,80.9,83.1,88.0,84.0,10.0,4.6,18.0,0.4,0.5,0.3,-7.1,7.1,18.3,5.3,8.0,12.8,18.0,0.3,-39.3,-3.3,18.4,-5.1,8.0,30.0,18.0,0.3,0.04,0.2,1.09,0.57,10.0,1.2,18.0,0.4,0.1,0.7,1.9,0.8,8.0,2.8,18.0,0.3,3.68,4.08,5.13,4.19,10.0,1.03,18.0,0.4,12.9,17.4,27.7,20.4,8.0,8.8,18.0,0.3,-26.8,40.9,107.0,37.9,8.0,64.1,18.0,0.3,-157.0,-24.7,106.5,-19.1,8.0,129.0,18.0,0.3,-17.3,27.5,74.3,26.0,8.0,43.3,18.0,0.3,-106.0,-16.5,72.8,-13.1,8.0,86.5,18.0,0.3,-4.3,6.6,11.2,4.7,8.0,8.6,18.0,0.3,-24.0,-3.9,14.6,-2.8,8.0,21.1,18.0,0.3,97.5,97.5,301.0,163.5,8.0,116.5,18.0,0.3,95.0,95.0,300.0,165.0,8.0,115.0,18.0,0.3
1887,9,340.3,12.6,27.1,27.1,27.1,27.1,1.0,0.0,18.0,1.0,27.1,27.1,27.1,27.1,1.0,0.0,18.0,1.0,18.8,18.8,18.8,18.8,1.0,0.0,18.0,1.0,84.2,84.2,84.2,84.2,1.0,0.0,18.0,1.0,0.5,0.0,9.3,9.3,9.3,9.3,1.0,0.0,18.0,1.0,1.77,1.77,1.77,1.77,1.0,0.0,18.0,1.0,9.13,9.13,9.13,9.13,1.0,0.0,18.0,1.0,1015.0,1015.0,1015.0,1015.0,1.0,0.0,18.0,1.0,2.0,2.0,2.0,2.0,1.0,0.0,18.0,1.0,84.2,84.2,84.2,84.2,1.0,0.0,18.0,1.0,0.5,0.0,16.5,16.5,16.5,16.5,1.0,0.0,18.0,1.0,84.9,84.9,84.9,84.9,1.0,0.0,18.0,1.0,0.0,0.0,0.0,0.0,1.0,0.0,18.0,1.0,0.0,0.0,0.0,0.0,1.0,0.0,18.0,1.0,3.58,3.58,3.58,3.58,1.0,0.0,18.0,1.0,33.3,33.3,33.3,33.3,1.0,0.0,18.0,1.0,48.1,48.1,48.1,48.1,1.0,0.0,18.0,1.0,247.4,247.4,247.4,247.4,1.0,0.0,18.0,1.0,33.4,33.4,33.4,33.4,1.0,0.0,18.0,1.0,171.7,171.7,171.7,171.7,1.0,0.0,18.0,1.0,6.4,6.4,6.4,6.4,1.0,0.0,18.0,1.0,32.7,32.7,32.7,32.7,1.0,0.0,18.0,1.0,804.5,804.5,804.5,804.5,1.0,0.0,18.0,1.0,805.0,805.0,805.0,805.0,1.0,0.0,18.0,1.0
1887,9,340.3,14.6,,,,,,,,,,,,,,,,,,,,,,,,,,,,,,,,,,,1.25,1.8,2.35,1.8,2.0,1.13,18.0,0.5,0.97,1.55,2.13,1.55,2.0,1.19,18.0,0.5,-0.97,-0.86,-0.76,-0.86,2.0,0.22,18.0,0.5,1013.6,1013.6,1013.6,1013.6,2.0,0.0,18.0,0.5,,,,,,,,,,,,,,,,,,,,,,,,,,,,,,,,,,,,,,,,,,,,,,,,,,,,,,,,,,,,,,,,,,,,,,,,,,,,,,,,,,,,,,,,,,,,,,,,,,,,,,,,,,,,,,,,,,,,,,,,,,,,,,,,,,
1887,9,340.3,16.6,,,,,,,,,,,,,,,,,,,,,,,,,,,,,,,,,,,1.76,2.6,3.65,2.7,4.0,1.47,18.0,0.5,-2.58,-1.84,-0.5,-1.56,4.0,1.65,18.0,0.5,-2.58,-1.84,-1.25,-1.91,4.0,1.04,18.0,0.5,1013.5,1013.55,1013.76,1013.63,4.0,0.19,18.0,0.5,,,,,,,,,,,,,,,,,,,,,,,,,,,,,,,,,,,,,,,,,,,,,,,,,,,,,,,,,,,,,,,,,,,,,,,,,,,,,,,,,,,,,,,,,,,,,,,,,,,,,,,,,,,,,,,,,,,,,,,,,,,,,,,,,,
1887,9,340.3,18.6,,,,,,,,,,,,,,,,,,,,,,,,,,,,,,,,,,,5.93,6.7,9.3,7.32,5.0,2.0,20.0,0.6,-5.41,-4.74,-3.49,-4.59,5.0,1.29,20.0,0.6,-7.3,-4.74,-4.2,-5.57,5.0,2.04,20.0,0.6,1012.53,1012.6,1013.27,1012.88,5.0,0.6,20.0,0.6,,,,,,,,,,,,,,,,,,,,,,,,,,,,,,,,,,,,,,,,,,,,,,,,,,,,,,,,,,,,,,,,,,,,,,,,,,,,,,,,,,,,,,,,,,,,,,,,,,,,,,,,,,,,,,,,,,,,,,,,,,,,,,,,,,
1887,9,340.3,20.6,,,,,,,,,,,,,,,,,,,,,,,,,,,,,,,,,,,6.7,11.05,12.3,9.93,12.0,3.14,18.0,0.6,-8.7,-7.81,-2.62,-6.57,12.0,2.69,18.0,0.6,-8.7,-8.41,-6.17,-7.34,12.0,2.1,18.0,0.6,1011.79,1013.0,1015.01,1013.55,11.0,1.63,16.0,0.5,,,,,,,,,,,,,,,,,,,,,,,,,,,,,,,,,,,,,,,,,,,,,,,,,,,,,,,,,,,,,,,,,,,,,,,,,,,,,,,,,,,,,,,,,,,,,,,,,,,,,,,,,,,,,,,,,,,,,,,,,,,,,,,,,,
1887,9,340.3,22.6,22.83,23.8,24.97,23.84,21.0,0.93,20.0,0.4,23.82,24.4,24.8,24.48,21.0,1.02,20.0,0.4,15.66,16.62,17.68,16.67,3.0,1.48,24.0,0.3,78.8,79.6,89.5,84.1,3.0,8.8,24.0,0.3,0.2,0.7,2.6,6.7,12.3,7.86,18.0,4.06,16.0,0.4,-8.7,-4.65,-2.1,-5.22,18.0,3.0,16.0,0.4,-8.7,-5.86,-2.0,-5.79,18.0,2.92,16.0,0.4,1013.2,1014.6,1017.67,1015.21,22.0,1.97,16.0,0.5,0.0,2.0,3.0,2.1,22.0,1.6,16.0,0.5,78.8,79.6,89.5,84.1,3.0,8.8,24.0,0.3,0.2,0.7,-107.0,-31.2,-5.5,-52.3,18.0,48.0,16.0,0.4,-107.0,-39.3,-5.2,-56.5,18.0,46.4,16.0,0.4,-1.88,-0.6,0.37,-0.63,21.0,1.17,20.0,0.4,-6.8,-1.9,3.6,-1.4,15.0,6.4,20.0,0.4,1.6,4.07,4.5,3.07,3.0,2.3,24.0,0.3,14.1,37.8,41.9,28.2,3.0,22.0,24.0,0.3,-212.2,-151.3,-53.3,-137.2,15.0,77.6,20.0,0.4,-212.2,-156.5,-44.4,-141.8,15.0,78.9,20.0,0.4,-101.2,-100.9,-95.4,-98.4,3.0,4.8,24.0,0.3,-113.5,-106.8,-80.4,-97.2,3.0,25.7,24.0,0.3,-27.5,-24.8,-9.6,-18.7,3.0,14.2,24.0,0.3,-31.6,-28.6,-10.2,-21.1,3.0,17.0,24.0,0.3,17.5,301.0,1861.0,853.5,18.0,987.0,16.0,0.4,20.0,300.0,1860.0,855.0,18.0,985.0,16.0,0.4
1887,9,340.3,24.6,22.46,24.0,24.8,23.76,30.0,1.06,18.0,0.4,23.16,23.9,24.82,24.06,30.0,1.11,20.0,0.4,14.79,16.28,17.1,16.06,15.0,1.16,20.0,0.5,83.5,89.7,93.3,88.7,15.0,4.4,20.0,0.5,0.5,0.5,4.6,6.7,9.3,6.78,32.0,2.48,18.0,0.4,-6.24,-4.24,-2.81,-4.33,32.0,2.22,18.0,0.4,-6.6,-4.74,-3.2,-4.87,32.0,2.2,18.0,0.4,1014.92,1017.85,1020.08,1017.52,30.0,2.12,20.0,0.4,0.0,2.0,3.0,2.3,32.0,1.9,18.0,0.4,83.5,89.7,93.3,88.7,15.0,4.4,20.0,0.5,0.5,0.5,-61.2,-31.7,-13.9,-33.3,32.0,25.8,18.0,0.4,-62.5,-31.7,-15.0,-37.5,32.0,29.3,18.0,0.4,-1.91,-0.3,0.93,-0.4,29.0,1.54,20.0,0.4,-12.5,-2.8,6.3,-3.0,29.0,11.8,20.0,0.4,-0.19,1.9,4.48,2.32,14.0,2.27,20.0,0.4,-1.3,12.7,27.3,15.2,14.0,17.7,20.0,0.4,-145.0,-100.2,-68.2,-104.1,30.0,53.7,20.0,0.4,-156.4,-106.1,-73.1,-117.6,30.0,54.1,20.0,0.4,-123.8,-90.4,-66.2,-90.9,15.0,33.4,20.0,0.5,-88.7,-68.1,-51.8,-69.9,15.0,20.7,20.0,0.5,-18.8,-10.3,1.0,-11.3,14.0,13.2,20.0,0.4,-18.6,-7.1,0.7,-9.9,14.0,12.1,20.0,0.4,97.5,301.0,804.5,437.5,32.0,460.5,18.0,0.4,95.0,300.0,805.0,435.0,32.0,460.0,18.0,0.4
1887,9,340.3,26.6,23.2,23.9,24.3,23.76,45.0,0.58,14.0,0.4,22.93,23.6,24.67,23.8,43.0,0.99,14.0,0.4,14.34,14.73,15.71,14.97,10.0,0.71,16.0,0.4,78.7,84.2,85.1,83.3,10.0,4.4,16.0,0.4,0.5,0.4,2.6,4.6,6.7,5.05,46.0,2.63,14.0,0.4,-4.74,-2.51,-0.06,-2.37,46.0,2.22,14.0,0.4,-6.21,-4.17,-1.93,-4.07,46.0,2.32,14.0,0.4,1017.6,1019.25,1020.84,1019.18,30.0,1.8,14.0,0.4,1.0,2.0,5.0,2.9,43.0,2.1,14.0,0.4,78.7,84.2,85.1,83.3,10.0,4.4,16.0,0.4,0.5,0.4,-32.4,-13.4,-0.1,-16.6,46.0,18.2,14.0,0.4,-41.6,-19.3,-5.0,-26.2,46.0,23.9,14.0,0.4,-0.8,0.2,0.6,-0.05,41.0,0.9,14.0,0.4,-3.6,0.5,3.6,-0.3,41.0,5.4,14.0,0.4,2.82,3.16,3.62,2.99,9.0,1.16,16.0,0.4,7.9,20.7,25.7,16.8,9.0,9.6,16.0,0.4,-112.2,-55.2,0.0,-54.0,42.0,54.0,14.0,0.4,-149.6,-98.8,-45.6,-98.8,42.0,56.6,14.0,0.4,-84.6,-60.5,-10.2,-51.1,10.0,37.2,16.0,0.4,-95.4,-70.0,-36.0,-70.0,10.0,28.9,16.0,0.4,-16.0,-11.3,-1.2,-8.9,9.0,8.7,16.0,0.4,-19.9,-15.3,-7.6,-13.3,9.0,7.0,16.0,0.4,17.5,97.5,301.0,235.0,46.0,279.0,14.0,0.4,20.0,95.0,300.0,235.0,46.0,280.0,14.0,0.4
1887,9,340.3,28.6,22.8,23.3,23.9,23.36,87.0,0.54,16.0,0.6,22.2,23.25,24.6,23.49,88.0,1.41,16.0,0.6,14.27,14.73,15.39,14.84,19.0,0.58,18.0,0.6,80.6,86.8,90.7,85.8,19.0,6.4,18.0,0.6,0.7,0.3,1.71,4.6,6.7,4.51,92.0,2.76,16.0,0.6,-4.26,-1.59,1.02,-1.34,92.0,2.68,16.0,0.6,-6.21,-3.18,-0.93,-3.52,92.0,2.58,16.0,0.6,1018.37,1020.1,1022.89,1020.46,60.0,2.1,18.0,0.6,1.0,2.0,5.0,2.6,93.0,2.2,16.0,0.6,80.6,86.8,90.7,85.8,19.0,6.4,18.0,0.6,0.7,0.3,-32.1,-4.6,2.6,-10.9,92.0,20.2,16.0,0.6,-41.6,-18.2,-0.9,-22.2,92.0,24.2,16.0,0.6,-1.71,0.0,0.77,-0.18,84.0,1.25,16.0,0.6,-4.5,0.0,3.3,0.4,84.0,6.6,16.0,0.6,2.2,2.68,3.33,2.84,15.0,0.75,18.0,0.5,6.7,8.7,24.0,15.2,15.0,11.8,18.0,0.5,-87.1,-38.5,22.6,-31.5,88.0,60.1,16.0,0.6,-145.2,-73.0,-23.3,-81.7,88.0,59.5,16.0,0.6,-74.5,-26.0,27.6,-17.0,19.0,42.4,18.0,0.6,-114.9,-57.0,-27.6,-64.2,19.0,40.8,18.0,0.6,-12.2,2.9,3.9,-2.3,15.0,8.5,18.0,0.5,-20.1,-7.4,-3.7,-12.8,15.0,11.5,18.0,0.5,8.5,97.5,301.0,201.5,92.0,273.5,16.0,0.6,10.0,95.0,300.0,200.0,92.0,275.0,16.0,0.6
1887,9,340.3,30.6,23.1,23.6,24.0,23.64,83.0,0.57,18.0,0.5,22.22,22.85,24.4,23.35,84.0,1.3,18.0,0.5,13.5,13.81,14.78,14.18,9.0,0.79,20.0,0.3,78.5,80.1,89.8,82.5,9.0,8.3,20.0,0.3,0.8,0.4,1.0,4.6,6.7,4.26,89.0,2.59,18.0,0.5,-3.36,0.0,2.41,-0.41,89.0,2.85,18.0,0.5,-6.17,-2.39,1.02,-2.11,89.0,3.5,18.0,0.5,1017.08,1020.0,1022.0,1019.7,50.0,2.45,22.0,0.5,1.0,3.0,6.0,3.4,89.0,2.3,18.0,0.5,78.5,80.1,89.8,82.5,9.0,8.3,20.0,0.3,0.8,0.4,-17.5,0.0,6.7,-4.9,89.0,20.0,18.0,0.5,-41.3,-6.2,4.0,-15.1,89.0,27.6,18.0,0.5,-0.91,0.5,1.1,0.27,82.0,1.01,18.0,0.5,-2.3,1.4,6.2,1.8,82.0,4.5,18.0,0.5,2.21,4.58,4.93,4.07,7.0,1.49,20.0,0.4,10.0,11.9,22.0,15.4,7.0,9.2,20.0,0.4,-82.4,0.0,54.3,-13.1,84.0,65.0,18.0,0.5,-137.7,-49.2,27.6,-49.2,84.0,82.5,18.0,0.5,-11.2,28.9,50.8,22.1,9.0,31.1,20.0,0.3,-66.2,-28.9,-13.2,-34.9,9.0,32.3,20.0,0.3,3.0,11.0,20.1,11.3,7.0,8.2,20.0,0.4,-10.9,-4.5,-2.5,-6.1,7.0,10.1,20.0,0.4,1.0,97.5,301.0,174.0,89.0,297.5,18.0,0.5,0.0,95.0,300.0,175.0,89.0,300.0,18.0,0.5
1887,9,340.3,32.6,22.4,23.0,23.7,23.03,98.0,0.61,20.0,0.5,21.3,22.25,23.86,22.52,92.0,1.34,20.0,0.5,14.06,14.76,15.64,14.9,9.0,0.88,18.0,0.3,80.2,83.7,93.0,84.8,9.0,7.9,18.0,0.3,1.0,0.2,4.6,4.6,6.7,5.5,97.0,2.01,20.0,0.5,-2.62,-1.28,3.67,-0.19,97.0,3.17,20.0,0.5,-6.58,-4.27,-0.5,-3.91,97.0,3.0,20.0,0.5,1016.0,1020.0,1022.0,1019.4,80.0,2.73,20.0,0.5,2.0,3.0,6.0,3.6,98.0,1.9,20.0,0.5,80.2,83.7,93.0,84.8,9.0,7.9,18.0,0.3,1.0,0.2,-17.5,-7.9,19.5,-0.8,97.0,22.4,20.0,0.5,-44.1,-19.6,-0.5,-25.4,97.0,24.9,20.0,0.5,-0.77,0.8,1.5,0.5,92.0,1.08,20.0,0.5,-3.2,3.4,7.7,3.0,91.0,6.9,20.0,0.5,2.55,3.08,4.02,3.23,9.0,0.91,18.0,0.3,10.9,12.9,15.7,12.2,8.0,4.2,18.0,0.3,-63.5,-29.1,82.7,-3.9,91.0,73.0,20.0,0.5,-149.4,-97.7,-11.8,-87.2,91.0,67.7,20.0,0.5,16.2,40.8,59.1,38.6,8.0,22.8,18.0,0.3,14.1,26.3,46.8,29.2,8.0,23.9,18.0,0.3,3.6,11.2,12.5,9.4,8.0,5.2,18.0,0.3,4.3,5.9,10.7,6.2,8.0,4.0,18.0,0.3,97.5,97.5,301.0,235.5,97.0,249.5,20.0,0.5,95.0,95.0,300.0,235.0,97.0,250.0,20.0,0.5
1887,9,340.3,34.6,22.0,22.5,23.0,22.51,58.0,0.53,22.0,0.4,21.0,21.7,22.6,21.75,57.0,0.87,22.0,0.4,12.04,13.15,13.35,12.81,6.0,0.71,22.0,0.5,77.4,78.6,82.6,79.7,9.0,2.6,22.0,0.3,0.8,0.3,4.6,6.7,9.3,6.91,58.0,2.37,22.0,0.4,-2.51,-1.72,6.58,0.88,58.0,4.28,22.0,0.4,-6.92,-4.27,-2.65,-4.76,58.0,3.46,22.0,0.4,1014.0,1018.0,1021.18,1017.73,44.0,3.1,22.0,0.5,2.0,2.0,4.0,3.0,58.0,1.7,22.0,0.4,77.4,78.6,82.6,79.7,9.0,2.6,22.0,0.3,0.8,0.3,-16.8,-7.9,60.4,10.3,58.0,37.1,22.0,0.4,-67.6,-20.2,-15.1,-35.5,58.0,38.9,22.0,0.4,0.19,0.7,1.21,0.74,57.0,0.7,22.0,0.4,0.9,4.7,10.1,5.3,57.0,5.7,22.0,0.4,3.96,4.2,4.45,4.16,6.0,0.35,22.0,0.5,20.0,35.6,40.6,32.1,6.0,10.2,22.0,0.5,-56.0,-36.0,143.0,17.3,57.0,92.7,22.0,0.4,-147.4,-97.5,-67.4,-105.9,57.0,72.9,22.0,0.4,-22.7,112.5,114.3,67.3,6.0,71.7,22.0,0.5,-46.6,47.8,48.5,16.0,6.0,50.0,22.0,0.5,-7.8,32.7,37.4,20.5,6.0,23.1,22.0,0.5,-17.2,13.9,15.9,4.3,6.0,16.7,22.0,0.5,97.5,301.0,804.5,453.5,58.0,481.5,22.0,0.4,95.0,300.0,805.0,455.0,58.0,480.0,22.0,0.4
1887,9,340.3,36.6,21.0,21.7,22.23,21.63,43.0,0.64,22.0,0.4,20.05,20.75,21.45,20.85,42.0,0.83,22.0,0.4,11.42,11.9,13.42,12.37,7.0,0.96,16.0,0.4,73.1,78.2,83.4,78.3,12.0,5.3,20.0,0.4,0.5,0.3,4.6,6.7,9.47,7.13,43.0,3.06,22.0,0.4,-1.72,0.93,6.88,1.74,43.0,4.08,22.0,0.4,-7.18,-6.17,-2.82,-4.98,43.0,4.03,22.0,0.4,1013.0,1015.0,1023.47,1016.51,27.0,4.5,22.0,0.4,2.0,4.0,5.3,3.8,43.0,2.0,22.0,0.4,73.1,78.2,83.4,78.3,12.0,5.3,20.0,0.4,0.5,0.3,-8.1,0.9,79.6,17.7,43.0,44.1,22.0,0.4,-62.4,-41.3,-13.8,-39.9,43.0,51.9,22.0,0.4,0.05,0.85,1.45,0.77,42.0,0.69,22.0,0.4,0.3,6.2,9.0,5.3,42.0,4.6,22.0,0.4,3.56,4.73,4.81,4.32,7.0,0.7,16.0,0.4,11.9,29.3,45.4,29.3,7.0,19.4,16.0,0.4,-35.8,23.9,145.1,39.1,42.0,87.5,22.0,0.4,-156.0,-122.6,-48.2,-102.9,42.0,86.1,22.0,0.4,26.7,101.8,119.5,81.1,7.0,51.2,16.0,0.4,-4.6,43.2,50.7,29.9,7.0,28.4,16.0,0.4,11.1,26.9,41.8,27.0,7.0,17.8,16.0,0.4,-1.9,11.4,17.7,9.6,7.0,10.1,16.0,0.4,97.5,301.0,850.0,583.5,43.0,832.0,22.0,0.4,95.0,300.0,850.0,585.0,43.0,830.0,22.0,0.4
1887,9,340.3,38.6,20.33,21.2,22.0,21.2,41.0,0.79,18.0,0.5,19.01,20.6,21.6,20.48,39.0,1.23,18.0,0.5,11.67,13.1,14.0,12.85,13.0,1.16,14.0,0.5,75.5,79.3,87.1,81.5,19.0,6.7,16.0,0.5,0.9,0.2,2.6,6.7,9.3,6.82,41.0,2.74,18.0,0.5,-3.66,0.0,3.14,0.0,41.0,2.95,18.0,0.5,-8.88,-5.55,3.99,-3.2,41.0,6.0,18.0,0.5,1014.0,1016.5,1018.0,1016.42,24.0,2.69,18.0,0.7,2.0,5.0,6.0,4.3,41.0,2.1,18.0,0.5,75.5,79.3,87.1,81.5,19.0,6.7,16.0,0.5,0.9,0.2,-25.1,0.0,22.2,-1.1,41.0,25.4,18.0,0.5,-84.3,-37.2,23.0,-27.5,41.0,53.8,18.0,0.5,-0.09,0.7,1.5,0.69,39.0,0.76,18.0,0.5,-0.2,4.9,11.4,4.9,39.0,5.6,18.0,0.5,2.6,3.51,4.2,3.45,13.0,0.97,14.0,0.5,8.6,12.4,23.8,14.2,13.0,7.8,14.0,0.5,-72.3,0.0,57.3,-1.5,39.0,60.3,18.0,0.5,-175.6,-120.5,52.9,-73.6,39.0,115.5,18.0,0.5,-13.3,32.9,49.6,22.6,13.0,37.2,14.0,0.5,8.6,30.4,97.5,44.1,13.0,46.3,14.0,0.5,-5.2,6.4,10.2,3.3,13.0,7.7,14.0,0.5,2.7,10.5,22.1,10.2,13.0,9.7,14.0,0.5,17.5,301.0,804.5,461.5,41.0,440.5,18.0,0.5,20.0,300.0,805.0,460.0,41.0,440.0,18.0,0.5
1887,9,340.3,40.6,19.88,20.6,21.39,20.8,50.0,1.06,16.0,0.5,18.9,19.45,20.9,19.98,50.0,1.45,16.0,0.5,10.97,11.37,11.7,11.34,5.0,0.38,12.0,0.4,76.3,81.2,82.9,79.7,11.0,3.7,18.0,0.5,1.0,0.2,4.6,6.7,9.3,6.71,48.0,2.75,16.0,0.5,-4.74,-0.95,6.17,-0.12,48.0,4.95,16.0,0.5,-6.58,-2.24,5.45,-1.24,48.0,5.23,16.0,0.5,1011.61,1015.1,1018.35,1015.09,27.0,4.44,14.0,0.4,2.8,5.5,7.0,5.1,50.0,2.3,16.0,0.5,76.3,81.2,82.9,79.7,11.0,3.7,18.0,0.5,1.0,0.2,-32.1,-3.3,41.3,2.5,48.0,47.8,16.0,0.5,-53.7,-16.3,32.1,-10.2,48.0,45.8,16.0,0.5,-0.02,0.8,1.62,0.82,50.0,0.9,16.0,0.5,-0.4,4.0,11.0,5.1,48.0,6.2,16.0,0.5,3.48,3.74,4.16,3.8,5.0,0.37,12.0,0.4,6.9,25.1,27.9,18.7,5.0,11.6,12.0,0.4,-103.6,-18.3,116.0,-5.9,48.0,99.2,16.0,0.5,-137.2,-42.9,107.4,-27.0,48.0,106.3,16.0,0.5,-58.5,-28.3,-21.5,-37.8,5.0,23.4,12.0,0.4,-57.7,4.4,17.7,-15.1,5.0,42.3,12.0,0.4,-21.3,-10.3,-6.4,-13.0,5.0,8.4,12.0,0.4,-22.1,1.3,5.5,-6.3,5.0,15.5,12.0,0.4,97.5,301.0,804.5,456.0,48.0,591.0,16.0,0.5,95.0,300.0,805.0,455.0,48.0,590.0,16.0,0.5
1887,9,340.3,42.6,18.92,19.4,20.3,19.63,40.0,0.59,18.0,0.5,18.27,18.9,20.4,19.36,43.0,1.55,18.0,0.5,11.41,11.81,12.16,11.8,12.0,0.43,20.0,0.5,80.5,88.5,92.7,87.2,12.0,5.7,20.0,0.5,0.8,0.1,1.0,2.6,7.57,4.18,43.0,3.55,18.0,0.5,-3.57,-1.28,0.0,-1.51,43.0,2.94,18.0,0.5,-0.93,1.84,5.76,2.0,43.0,3.93,18.0,0.5,1017.0,1019.0,1020.0,1018.27,29.0,3.06,18.0,0.5,2.0,3.0,5.3,3.3,43.0,2.0,18.0,0.5,80.5,88.5,92.7,87.2,12.0,5.7,20.0,0.5,0.8,0.1,-20.6,-4.8,0.0,-6.7,43.0,35.8,18.0,0.5,-0.9,4.8,38.6,13.3,43.0,37.4,18.0,0.5,-0.26,0.65,1.3,0.58,40.0,0.87,18.0,0.5,-1.0,1.2,4.0,0.9,40.0,3.3,18.0,0.5,1.54,2.37,2.88,2.18,12.0,0.77,20.0,0.5,2.1,2.9,6.4,4.0,12.0,3.1,20.0,0.5,-69.0,-23.4,0.0,-30.2,43.0,60.4,18.0,0.5,-17.6,33.6,107.9,36.5,43.0,82.4,18.0,0.5,-34.8,-9.4,0.0,-13.8,12.0,15.0,20.0,0.5,-1.1,8.3,43.0,19.3,12.0,27.0,20.0,0.5,-3.1,-1.8,0.0,-1.9,12.0,1.7,20.0,0.5,-0.3,1.4,4.8,2.4,12.0,3.7,20.0,0.5,1.0,17.5,469.5,270.0,43.0,606.0,18.0,0.5,0.0,20.0,470.0,270.0,43.0,605.0,18.0,0.5
1887,9,340.3,44.6,17.97,18.3,18.9,18.23,6.0,0.81,16.0,0.5,18.3,18.3,18.9,18.39,8.0,0.56,16.0,0.6,11.62,11.62,11.62,11.62,2.0,0.0,14.0,1.0,89.8,89.8,89.8,89.8,2.0,0.0,14.0,1.0,0.2,1.0,2.6,5.65,9.01,5.35,8.0,3.15,16.0,0.6,-6.67,-4.5,-0.7,-3.87,8.0,2.67,16.0,0.6,-1.62,3.64,5.5,2.43,8.0,3.41,16.0,0.6,1022.0,1022.0,1022.0,1022.0,2.0,0.0,14.0,1.0,1.2,3.5,7.9,4.4,8.0,2.9,16.0,0.6,89.8,89.8,89.8,89.8,2.0,0.0,14.0,1.0,0.2,1.0,-60.7,-25.7,-1.7,-27.9,8.0,27.0,16.0,0.6,-4.3,19.2,49.8,20.8,8.0,26.0,16.0,0.6,,,,,,,,,,,,,,,,,,,,,,,,,,,,,,,,,-122.4,-85.1,-12.3,-71.8,8.0,49.4,16.0,0.6,-30.5,68.1,101.0,45.2,8.0,62.9,16.0,0.6,-85.4,-83.3,-81.3,-83.3,2.0,4.2,14.0,1.0,66.2,68.7,71.2,68.7,2.0,5.1,14.0,1.0,,,,,,,,,,,,,,,,,,,,,,,,,,,,,,,,
1887,9,340.3,46.6,15.6,17.3,18.3,17.17,23.0,1.44,18.0,0.7,17.03,17.8,18.3,17.69,27.0,1.46,18.0,0.7,8.81,11.04,11.76,10.55,10.0,1.3,24.0,0.7,85.2,89.5,92.5,89.1,10.0,3.9,24.0,0.7,0.6,0.6,6.7,9.3,12.3,10.32,25.0,4.03,16.0,0.8,-7.16,-5.62,4.21,-3.01,25.0,6.3,16.0,0.8,-7.62,6.22,8.23,1.9,25.0,8.63,16.0,0.8,1014.66,1018.8,1021.42,1019.11,18.0,5.18,22.0,0.6,4.0,6.0,7.0,5.6,25.0,1.4,16.0,0.8,85.2,89.5,92.5,89.1,10.0,3.9,24.0,0.7,0.6,0.6,-70.1,-53.7,30.8,-18.5,25.0,96.2,16.0,0.8,-70.8,57.9,81.4,1.2,25.0,143.2,16.0,0.8,-1.25,0.0,0.35,-0.33,23.0,1.01,18.0,0.7,-7.1,0.0,0.0,-4.7,18.0,13.0,16.0,0.8,-0.4,0.48,2.24,0.8,7.0,1.38,28.0,0.6,-5.1,1.4,7.9,1.4,2.0,13.5,28.0,1.0,-135.3,-110.3,31.0,-70.5,22.0,108.2,14.0,0.8,-55.7,113.8,149.3,57.8,22.0,146.8,14.0,0.8,-81.9,-80.4,119.4,1.8,5.0,115.5,20.0,1.0,-207.5,72.4,73.8,-39.6,5.0,154.6,20.0,1.0,-3.4,-0.1,3.1,-0.1,2.0,6.7,28.0,1.0,-7.3,-1.7,3.9,-1.7,2.0,11.6,28.0,1.0,301.0,804.5,1861.0,1722.5,25.0,2988.0,16.0,0.8,300.0,805.0,1860.0,1720.0,25.0,2990.0,16.0,0.8
1887,9,340.3,48.6,,,,,,,,,,,,,,,,,,,,,,,,,,,,,,,,,,,4.6,6.7,15.57,9.1,7.0,5.71,26.0,0.3,-4.29,-2.51,11.01,1.23,7.0,7.58,26.0,0.3,-11.01,-6.21,-4.14,-6.78,7.0,4.04,26.0,0.3,1019.43,1030.0,1032.0,1025.96,7.0,7.78,26.0,0.3,,,,,,,,,,,,,,,,,,,,,,,,,,,,,,,,,,,,,,,,,,,,,,,,,,,,,,,,,,,,,,,,,,,,,,,,,,,,,,,,,,,,,,,,,,,,,,,,,,,,,,,,,,,,,,,,,,,,,,,,,,,,,,,,,,
1887,9,340.3,50.6,,,,,,,,,,,,,,,,,,,,,,,,,,,,,,,,,,,3.68,12.3,15.4,10.49,17.0,5.68,10.0,0.7,-3.16,6.17,14.74,5.23,17.0,8.56,10.0,0.7,-8.01,0.0,2.18,-1.38,17.0,6.7,10.0,0.7,998.15,1002.2,1013.27,1004.33,9.0,9.75,6.0,0.4,,,,,,,,,,,,,,,,,,,,,,,,,,,,,,,,,,,,,,,,,,,,,,,,,,,,,,,,,,,,,,,,,,,,,,,,,,,,,,,,,,,,,,,,,,,,,,,,,,,,,,,,,,,,,,,,,,,,,,,,,,,,,,,,,,
1887,9,342.3,-37.4,,,,,,,,,,,,,,,,,,,,,,,,,,,,,,,,,,,2.6,7.45,15.81,9.13,4.0,8.02,4.0,0.3,-8.09,-3.71,0.96,-3.57,4.0,5.26,4.0,0.3,-13.3,-5.65,-2.2,-7.66,4.0,7.24,4.0,0.3,1015.43,1016.3,1017.32,1016.38,4.0,1.18,4.0,0.3,,,,,,,,,,,,,,,,,,,,,,,,,,,,,,,,,,,,,,,,,,,,,,,,,,,,,,,,,,,,,,,,,,,,,,,,,,,,,,,,,,,,,,,,,,,,,,,,,,,,,,,,,,,,,,,,,,,,,,,,,,,,,,,,,,
1887,9,342.3,-35.4,,,,,,,,,,,,,,,,,,,,,,,,,,,,,,,,,,,9.05,15.4,19.0,13.13,13.0,5.42,8.0,0.7,-10.82,0.0,6.87,-0.89,13.0,7.97,8.0,0.7,-15.43,-8.56,9.23,-3.93,13.0,11.62,8.0,0.7,1012.48,1015.1,1020.11,1016.28,11.0,3.87,8.0,0.6,,,,,,,,,,,,,,,,,,,,,,,,,,,,,,,,,,,,,,,,,,,,,,,,,,,,,,,,,,,,,,,,,,,,,,,,,,,,,,,,,,,,,,,,,,,,,,,,,,,,,,,,,,,,,,,,,,,,,,,,,,,,,,,,,,
1887,9,342.3,-33.4,,,,,,,,,,,,,,,,,,,,,,,,,,,,,,,,,,,6.7,9.3,12.3,8.97,18.0,3.32,24.0,0.6,2.51,5.73,9.79,6.42,18.0,3.78,24.0,0.6,-1.78,5.75,8.04,4.14,18.0,4.5,24.0,0.6,1016.0,1022.7,1023.4,1020.87,22.0,3.73,26.0,0.5,,,,,,,,,,,,,,,,,,,,,,,,,,,,,,,,,,,,,,,,,,,,,,,,,,,,,,,,,,,,,,,,,,,,,,,,,,,,,,,,,,,,,,,,,,,,,,,,,,,,,,,,,,,,,,,,,,,,,,,,,,,,,,,,,,
1887,9,342.3,-31.4,16.53,16.7,16.88,16.72,5.0,0.29,28.0,0.4,16.28,17.2,17.42,16.92,5.0,0.73,28.0,0.4,9.58,9.58,9.58,9.58,2.0,0.01,28.0,0.5,79.4,79.4,79.4,79.4,2.0,0.0,28.0,0.5,0.2,0.1,7.58,9.3,10.4,8.96,5.0,2.76,28.0,0.4,4.82,6.58,7.93,6.34,5.0,2.03,28.0,0.4,-0.34,3.63,8.19,3.47,5.0,6.22,28.0,0.4,1014.27,1016.0,1021.07,1017.28,5.0,3.75,28.0,0.4,5.0,6.0,6.7,6.0,5.0,1.2,28.0,0.4,79.4,79.4,79.4,79.4,2.0,0.0,28.0,0.5,0.2,0.1,39.3,61.2,84.6,60.4,5.0,29.8,28.0,0.4,-12.8,33.8,86.8,35.0,5.0,66.8,28.0,0.4,-0.76,-0.5,0.57,-0.2,5.0,0.79,28.0,0.4,-8.0,-4.6,3.7,-2.8,5.0,6.6,28.0,0.4,2.13,2.13,2.13,2.13,2.0,0.0,28.0,0.5,20.8,23.0,25.2,23.0,2.0,4.5,28.0,0.5,82.1,117.1,132.4,107.1,5.0,33.2,28.0,0.4,-8.7,57.8,140.9,57.4,5.0,108.5,28.0,0.4,57.6,63.7,69.8,63.7,2.0,12.6,28.0,0.5,73.8,81.5,89.3,81.5,2.0,16.1,28.0,0.5,12.8,14.2,15.5,14.2,2.0,2.8,28.0,0.5,16.4,18.1,19.8,18.1,2.0,3.6,28.0,0.5,546.0,804.5,1190.0,874.5,5.0,631.0,28.0,0.4,545.0,805.0,1190.0,875.0,5.0,630.0,28.0,0.4
1887,9,342.3,-29.4,,,,,,,,,,,,,,,,,,,,,,,,,,,,,,,,,,,2.6,4.6,4.6,3.93,6.0,1.03,26.0,0.5,0.77,1.8,1.96,1.49,6.0,0.89,26.0,0.5,-4.23,-4.02,-2.56,-3.59,6.0,0.86,26.0,0.5,1020.95,1022.65,1023.84,1022.28,6.0,1.8,26.0,0.5,,,,,,,,,,,,,,,,,,,,,,,,,,,,,,,,,,,,,,,,,,,,,,,,,,,,,,,,,,,,,,,,,,,,,,,,,,,,,,,,,,,,,,,,,,,,,,,,,,,,,,,,,,,,,,,,,,,,,,,,,,,,,,,,,,
1887,9,342.3,-27.4,,,,,,,,,,,,,,,,,,,,,,,,,,,,,,,,,,,2.6,4.6,6.7,4.63,7.0,1.67,26.0,0.4,-4.61,-4.23,-1.75,-3.22,7.0,1.81,26.0,0.4,-1.87,0.88,4.81,1.31,7.0,3.23,26.0,0.4,1024.4,1024.8,1025.44,1024.93,7.0,0.7,26.0,0.4,2.0,3.0,6.1,3.7,7.0,2.4,26.0,0.4,75.8,76.9,81.6,78.6,4.0,4.9,26.0,0.5,0.5,0.8,-21.7,-19.5,-4.6,-16.5,7.0,10.7,26.0,0.4,-4.9,4.0,32.2,10.5,7.0,18.7,26.0,0.4,,,,,,,,,,,,,,,,,,,,,,,,,,,,,,,,,-85.3,-79.0,-29.8,-58.2,7.0,33.4,26.0,0.4,-31.8,15.4,86.4,24.4,7.0,56.6,26.0,0.4,-46.8,-43.7,-32.6,-39.9,4.0,10.5,26.0,0.5,4.4,27.6,52.4,28.4,4.0,28.1,26.0,0.5,,,,,,,,,,,,,,,,,,,,,,,,,,,,,,,,
1887,9,342.3,-15.4,,,,,,,,,,,,,,,,,,,,,,,,,,,,,,,,,,,6.7,6.7,6.7,6.7,11.0,0.0,4.0,0.5,-4.77,-4.74,-4.74,-4.75,11.0,0.03,4.0,0.5,4.7,4.74,4.74,4.72,11.0,0.03,4.0,0.5,1014.92,1017.0,1017.22,1016.48,11.0,1.05,4.0,0.5,,,,,,,,,,,,,,,,,,,,,,,,,,,,,,,,,,,,,,,,,,,,,,,,,,,,,,,,,,,,,,,,,,,,,,,,,,,,,,,,,,,,,,,,,,,,,,,,,,,,,,,,,,,,,,,,,,,,,,,,,,,,,,,,,,
1887,9,342.3,-13.4,,,,,,,,,,,,,,,,,,,,,,,,,,,,,,,,,,,6.7,6.7,6.7,6.7,9.0,0.0,24.0,0.6,-6.17,-6.17,-6.17,-6.01,9.0,0.48,24.0,0.6,2.62,2.62,2.62,2.85,9.0,0.71,24.0,0.6,1020.71,1021.3,1022.22,1021.38,9.0,0.72,24.0,0.6,,,,,,,,,,,,,,,,,,,,,,,,,,,,,,,,,,,,,,,,,,,,,,,,,,,,,,,,,,,,,,,,,,,,,,,,,,,,,,,,,,,,,,,,,,,,,,,,,,,,,,,,,,,,,,,,,,,,,,,,,,,,,,,,,,
1887,9,342.3,-7.4,23.6,23.6,23.6,23.6,1.0,0.0,2.0,0.0,27.3,27.3,27.3,27.3,1.0,0.0,2.0,0.0,16.22,16.22,16.22,16.22,1.0,0.0,2.0,0.0,71.9,71.9,71.9,71.9,1.0,0.0,2.0,0.0,1.0,1.0,6.7,6.7,6.7,6.7,1.0,0.0,2.0,0.0,-5.62,-5.62,-5.62,-5.62,1.0,0.0,2.0,0.0,3.65,3.65,3.65,3.65,1.0,0.0,2.0,0.0,1016.0,1016.0,1016.0,1016.0,1.0,0.0,2.0,0.0,4.0,4.0,4.0,4.0,1.0,0.0,2.0,0.0,71.9,71.9,71.9,71.9,1.0,0.0,2.0,0.0,1.0,1.0,-37.6,-37.6,-37.6,-37.6,1.0,0.0,2.0,0.0,24.4,24.4,24.4,24.4,1.0,0.0,2.0,0.0,-3.7,-3.7,-3.7,-3.7,1.0,0.0,2.0,0.0,-24.8,-24.8,-24.8,-24.8,1.0,0.0,2.0,0.0,1.89,1.89,1.89,1.89,1.0,0.0,2.0,0.0,12.7,12.7,12.7,12.7,1.0,0.0,2.0,0.0,-153.4,-153.4,-153.4,-153.4,1.0,0.0,2.0,0.0,99.6,99.6,99.6,99.6,1.0,0.0,2.0,0.0,-91.1,-91.1,-91.1,-91.1,1.0,0.0,2.0,0.0,59.2,59.2,59.2,59.2,1.0,0.0,2.0,0.0,-10.6,-10.6,-10.6,-10.6,1.0,0.0,2.0,0.0,6.9,6.9,6.9,6.9,1.0,0.0,2.0,0.0,301.0,301.0,301.0,301.0,1.0,0.0,2.0,0.0,300.0,300.0,300.0,300.0,1.0,0.0,2.0,0.0
1887,9,342.3,-5.4,23.6,23.8,24.39,23.99,8.0,0.47,4.0,0.5,24.77,25.6,27.52,25.89,7.0,1.4,4.0,0.4,15.55,16.21,17.44,16.46,5.0,1.03,4.0,0.4,78.1,80.4,82.4,80.1,5.0,2.8,4.0,0.4,0.6,0.7,2.82,4.6,6.47,4.63,8.0,1.55,4.0,0.5,-4.69,-3.56,-2.0,-3.65,8.0,1.46,4.0,0.5,1.84,2.56,3.25,2.72,8.0,1.02,4.0,0.5,1015.29,1016.65,1016.8,1016.3,8.0,0.91,4.0,0.5,2.1,4.0,6.0,4.4,8.0,2.2,4.0,0.5,78.1,80.4,82.4,80.1,5.0,2.8,4.0,0.4,0.6,0.7,-30.4,-16.4,-5.9,-18.7,8.0,12.5,4.0,0.5,5.1,13.2,17.3,13.5,8.0,8.8,4.0,0.5,-3.13,-1.6,-1.17,-2.01,7.0,1.1,4.0,0.4,-11.3,-8.1,-3.1,-8.5,7.0,4.9,4.0,0.4,1.03,2.34,2.56,1.9,5.0,0.84,4.0,0.4,4.7,6.5,11.3,7.7,5.0,3.6,4.0,0.4,-118.9,-83.3,-50.3,-85.3,7.0,29.9,4.0,0.4,48.1,65.1,85.0,70.1,7.0,26.2,4.0,0.4,-69.9,-52.7,-42.4,-54.8,5.0,18.0,4.0,0.4,30.0,43.2,51.1,41.1,5.0,11.0,4.0,0.4,-8.0,-4.8,-4.1,-5.8,5.0,2.3,4.0,0.4,2.1,4.6,8.0,5.0,5.0,3.1,4.0,0.4,26.5,97.5,278.0,128.5,8.0,112.0,4.0,0.5,25.0,95.0,280.0,130.0,8.0,110.0,4.0,0.5
1887,9,342.3,-1.4,25.6,26.1,26.1,25.93,9.0,0.25,20.0,0.6,24.4,25.6,25.6,25.19,9.0,0.65,20.0,0.6,16.47,16.77,16.82,16.76,7.0,0.41,20.0,0.6,82.5,83.1,87.0,84.6,9.0,2.2,20.0,0.6,0.1,0.5,6.7,9.3,9.3,8.12,11.0,1.36,20.0,0.5,-4.93,-3.33,-2.4,-3.45,11.0,1.05,20.0,0.5,6.25,7.89,8.68,7.31,11.0,1.17,20.0,0.5,1019.0,1019.3,1019.6,1019.34,7.0,0.27,20.0,0.6,2.0,4.0,5.5,3.8,9.0,1.6,20.0,0.6,82.5,83.1,87.0,84.6,9.0,2.2,20.0,0.6,0.1,0.5,-45.8,-31.0,-16.1,-29.0,11.0,12.5,20.0,0.5,41.9,73.3,80.7,60.7,11.0,19.0,20.0,0.5,0.13,0.5,1.2,0.74,9.0,0.59,20.0,0.6,1.3,4.7,10.9,6.1,9.0,4.4,20.0,0.6,3.86,4.22,4.24,3.97,7.0,0.57,20.0,0.6,25.8,36.4,39.3,32.8,7.0,8.1,20.0,0.6,-113.3,-85.3,-61.8,-85.6,9.0,24.8,20.0,0.6,154.6,197.2,219.5,185.6,9.0,32.1,20.0,0.6,-59.6,-55.9,-42.2,-55.7,7.0,14.0,20.0,0.6,102.5,132.3,145.6,124.7,7.0,22.1,20.0,0.6,-16.3,-14.1,-9.3,-13.4,7.0,4.6,20.0,0.6,24.1,33.3,36.7,29.7,7.0,7.4,20.0,0.6,301.0,804.5,804.5,575.5,11.0,263.0,20.0,0.5,300.0,805.0,805.0,575.0,11.0,265.0,20.0,0.5
1887,9,342.3,0.6,23.8,24.2,25.66,24.58,29.0,0.97,20.0,0.4,23.36,23.9,24.94,24.13,30.0,0.86,20.0,0.4,15.61,15.77,16.05,15.8,7.0,0.22,30.0,0.4,79.9,82.9,85.4,82.6,7.0,2.8,30.0,0.4,0.7,0.4,4.6,6.7,9.3,6.92,30.0,2.16,20.0,0.4,-3.75,-1.9,0.0,-1.94,30.0,2.24,20.0,0.4,4.23,6.21,8.81,6.27,30.0,2.17,20.0,0.4,1012.54,1013.0,1016.46,1014.24,17.0,2.05,20.0,0.5,1.0,2.0,6.0,3.1,30.0,2.2,20.0,0.4,79.9,82.9,85.4,82.6,7.0,2.8,30.0,0.4,0.7,0.4,-33.8,-15.9,0.0,-14.4,30.0,18.9,20.0,0.4,19.5,41.6,81.9,47.7,30.0,27.6,20.0,0.4,-0.37,0.3,0.8,0.4,29.0,0.85,20.0,0.4,-1.3,2.8,6.3,3.3,29.0,6.6,20.0,0.4,3.47,3.77,4.57,3.97,7.0,0.56,30.0,0.4,30.5,34.0,40.4,35.2,7.0,5.0,30.0,0.4,-92.1,-45.8,0.0,-46.8,30.0,54.1,20.0,0.4,101.8,153.8,213.6,152.0,30.0,54.0,20.0,0.4,-81.1,-57.3,-29.8,-51.8,7.0,25.0,30.0,0.4,119.4,135.0,142.0,129.2,7.0,13.5,30.0,0.4,-17.0,-13.3,-8.3,-12.3,7.0,4.5,30.0,0.4,26.8,31.3,39.5,32.5,7.0,6.4,30.0,0.4,97.5,301.0,804.5,422.5,30.0,320.0,20.0,0.4,95.0,300.0,805.0,425.0,30.0,320.0,20.0,0.4
1887,9,342.3,2.6,25.0,25.5,26.34,25.61,30.0,0.7,16.0,0.5,24.76,25.0,25.6,25.21,30.0,0.72,16.0,0.5,16.51,16.53,16.54,16.53,2.0,0.04,26.0,0.5,83.6,83.9,84.3,83.9,2.0,0.7,26.0,0.5,1.0,0.5,4.6,6.7,6.7,5.74,30.0,1.46,16.0,0.5,0.0,1.5,2.51,1.3,30.0,1.3,16.0,0.5,4.25,6.21,6.7,5.39,30.0,1.66,16.0,0.5,1012.0,1013.5,1015.0,1013.44,16.0,1.36,14.0,0.5,3.0,5.5,6.4,5.0,30.0,1.9,16.0,0.5,83.6,83.9,84.3,83.9,2.0,0.7,26.0,0.5,1.0,0.5,0.0,7.9,16.8,7.3,30.0,7.5,16.0,0.5,19.6,41.6,44.9,33.2,30.0,17.1,16.0,0.5,-0.08,0.4,1.0,0.4,30.0,0.64,16.0,0.5,-0.5,2.2,5.7,2.3,30.0,4.3,16.0,0.5,3.53,3.75,3.96,3.75,2.0,0.44,26.0,0.5,10.5,13.8,17.1,13.8,2.0,6.9,26.0,0.5,0.0,37.1,64.1,33.1,30.0,33.0,16.0,0.5,103.4,155.1,168.0,135.9,30.0,42.4,16.0,0.5,14.8,15.3,15.8,15.3,2.0,1.1,26.0,0.5,45.3,57.3,69.2,57.3,2.0,24.7,26.0,0.5,3.4,3.5,3.5,3.5,2.0,0.2,26.0,0.5,9.9,13.3,16.7,13.3,2.0,7.1,26.0,0.5,97.5,301.0,301.0,224.0,30.0,154.5,16.0,0.5,95.0,300.0,300.0,225.0,30.0,155.0,16.0,0.5
1887,9,342.3,4.6,25.6,26.0,26.5,26.02,36.0,0.48,22.0,0.5,24.8,25.2,26.04,25.29,36.0,0.86,22.0,0.5,16.26,16.64,17.57,16.75,21.0,0.64,24.0,0.5,79.7,82.9,85.7,82.7,21.0,3.6,24.0,0.5,0.7,0.1,2.6,4.6,9.3,5.06,36.0,2.79,22.0,0.5,0.0,0.97,1.85,1.25,36.0,1.25,22.0,0.5,2.31,4.27,8.85,4.75,36.0,2.79,22.0,0.5,1013.0,1014.0,1015.0,1014.13,24.0,0.99,24.0,0.4,2.0,3.0,6.0,3.8,36.0,2.0,22.0,0.5,79.7,82.9,85.7,82.7,21.0,3.6,24.0,0.5,0.7,0.1,0.0,3.9,16.6,6.8,36.0,9.4,22.0,0.5,6.0,19.6,82.3,31.5,36.0,32.0,22.0,0.5,0.1,0.6,1.0,0.72,36.0,0.96,22.0,0.5,0.4,2.2,5.5,2.9,36.0,4.8,22.0,0.5,3.39,4.01,4.56,4.01,21.0,0.65,24.0,0.5,10.4,18.8,26.0,19.0,21.0,9.4,24.0,0.5,0.0,25.2,46.9,31.6,36.0,31.7,22.0,0.5,58.2,109.0,226.4,120.7,36.0,72.2,22.0,0.5,1.1,11.6,59.7,22.0,21.0,26.6,24.0,0.5,40.0,75.1,110.8,78.2,21.0,44.0,24.0,0.5,0.3,3.1,9.0,4.7,21.0,5.3,24.0,0.5,10.2,18.4,22.4,17.8,21.0,9.2,24.0,0.5,17.5,97.5,804.5,253.5,36.0,330.0,22.0,0.5,20.0,95.0,805.0,255.0,36.0,330.0,22.0,0.5
1887,9,342.3,6.6,26.5,26.5,27.0,26.67,6.0,0.26,16.0,0.7,25.76,26.1,26.32,26.05,6.0,0.31,16.0,0.7,18.26,18.26,18.26,18.26,1.0,0.0,22.0,1.0,85.6,85.6,85.6,85.6,1.0,0.0,22.0,1.0,0.5,0.0,6.7,6.7,6.7,6.7,5.0,0.0,16.0,0.8,5.28,6.7,6.7,5.99,5.0,1.33,16.0,0.8,0.0,0.0,3.65,1.63,5.0,2.48,16.0,0.8,1012.36,1013.6,1013.76,1013.25,6.0,0.75,16.0,0.7,4.6,5.5,6.0,5.2,6.0,1.2,16.0,0.7,85.6,85.6,85.6,85.6,1.0,0.0,22.0,1.0,0.5,0.0,35.4,44.9,44.9,40.1,5.0,8.9,16.0,0.8,0.0,0.0,24.4,10.9,5.0,16.6,16.0,0.8,0.18,0.6,1.04,0.62,6.0,0.47,16.0,0.7,1.1,2.0,7.2,3.8,5.0,3.4,16.0,0.8,3.36,3.36,3.36,3.36,1.0,0.0,22.0,1.0,22.5,22.5,22.5,22.5,1.0,0.0,22.0,1.0,139.2,172.9,174.7,156.5,5.0,34.1,16.0,0.8,0.0,0.0,96.0,42.8,5.0,65.3,16.0,0.8,66.6,66.6,66.6,66.6,1.0,0.0,22.0,1.0,102.6,102.6,102.6,102.6,1.0,0.0,22.0,1.0,12.3,12.3,12.3,12.3,1.0,0.0,22.0,1.0,18.9,18.9,18.9,18.9,1.0,0.0,22.0,1.0,301.0,301.0,301.0,301.0,5.0,0.0,16.0,0.8,300.0,300.0,300.0,300.0,5.0,0.0,16.0,0.8
1887,9,342.3,8.6,,,,,,,,,,,,,,,,,,,,,,,,,,,,,,,,,,,6.7,6.7,6.7,6.7,3.0,0.0,16.0,0.7,4.74,4.74,5.74,5.23,3.0,0.85,16.0,0.7,3.22,4.74,4.74,4.0,3.0,1.29,16.0,0.7,1011.31,1012.2,1013.16,1012.23,3.0,1.35,16.0,0.7,,,,,,,,,,,,,,,,,,,,,,,,,,,,,,,,,,,,,,,,,,,,,,,,,,,,,,,,,,,,,,,,,,,,,,,,,,,,,,,,,,,,,,,,,,,,,,,,,,,,,,,,,,,,,,,,,,,,,,,,,,,,,,,,,,
1887,9,342.3,10.6,,,,,,,,,,,,,,,,,,,,,,,,,,,,,,,,,,,4.6,6.7,7.24,6.43,6.0,1.74,16.0,0.2,3.25,4.65,6.54,5.04,6.0,1.94,16.0,0.2,3.17,3.66,4.77,3.84,6.0,0.86,16.0,0.2,1010.75,1012.2,1012.32,1011.67,7.0,1.05,16.0,0.1,,,,,,,,,,,,,,,,,,,,,,,,,,,,,,,,,,,,,,,,,,,,,,,,,,,,,,,,,,,,,,,,,,,,,,,,,,,,,,,,,,,,,,,,,,,,,,,,,,,,,,,,,,,,,,,,,,,,,,,,,,,,,,,,,,
1887,9,342.3,12.6,,,,,,,,,,,,,,,,,,,,,,,,,,,,,,,,,,,2.6,4.6,6.7,4.64,7.0,2.05,18.0,0.7,2.34,4.6,6.7,4.09,7.0,2.22,18.0,0.7,-0.12,0.97,2.5,1.25,7.0,1.75,18.0,0.7,1012.2,1012.6,1013.42,1012.8,7.0,0.68,18.0,0.7,,,,,,,,,,,,,,,,,,,,,,,,,,,,,,,,,,,,,,,,,,,,,,,,,,,,,,,,,,,,,,,,,,,,,,,,,,,,,,,,,,,,,,,,,,,,,,,,,,,,,,,,,,,,,,,,,,,,,,,,,,,,,,,,,,
1887,9,342.3,14.6,,,,,,,,,,,,,,,,,,,,,,,,,,,,,,,,,,,5.93,6.7,6.7,6.28,5.0,0.94,18.0,0.4,4.5,6.17,6.36,5.58,5.0,1.07,18.0,0.4,-3.42,-2.62,-1.18,-2.39,5.0,1.7,18.0,0.4,1012.39,1012.6,1013.71,1012.96,5.0,0.74,18.0,0.4,,,,,,,,,,,,,,,,,,,,,,,,,,,,,,,,,,,,,,,,,,,,,,,,,,,,,,,,,,,,,,,,,,,,,,,,,,,,,,,,,,,,,,,,,,,,,,,,,,,,,,,,,,,,,,,,,,,,,,,,,,,,,,,,,,
1887,9,342.3,16.6,,,,,,,,,,,,,,,,,,,,,,,,,,,,,,,,,,,6.7,6.7,8.47,7.57,3.0,1.5,18.0,0.3,-6.63,-2.62,-2.62,-4.58,3.0,3.39,18.0,0.3,-6.17,-6.17,0.62,-2.85,3.0,5.74,18.0,0.3,1012.61,1013.7,1014.86,1013.73,3.0,1.65,18.0,0.3,,,,,,,,,,,,,,,,,,,,,,,,,,,,,,,,,,,,,,,,,,,,,,,,,,,,,,,,,,,,,,,,,,,,,,,,,,,,,,,,,,,,,,,,,,,,,,,,,,,,,,,,,,,,,,,,,,,,,,,,,,,,,,,,,,
1887,9,342.3,18.6,,,,,,,,,,,,,,,,,,,,,,,,,,,,,,,,,,,4.6,5.65,8.06,6.3,4.0,2.23,20.0,0.8,-3.28,0.21,3.7,0.21,4.0,4.04,20.0,0.8,-7.37,-4.74,-2.58,-4.96,4.0,2.94,20.0,0.8,1012.43,1013.15,1014.03,1013.23,4.0,1.08,20.0,0.8,,,,,,,,,,,,,,,,,,,,,,,,,,,,,,,,,,,,,,,,,,,,,,,,,,,,,,,,,,,,,,,,,,,,,,,,,,,,,,,,,,,,,,,,,,,,,,,,,,,,,,,,,,,,,,,,,,,,,,,,,,,,,,,,,,
1887,9,342.3,20.6,,,,,,,,,,,,,,,,,,,,,,,,,,,,,,,,,,,5.79,10.8,13.92,9.9,4.0,5.47,20.0,0.0,-5.66,-4.39,-1.29,-3.52,4.0,3.16,20.0,0.0,-12.72,-9.87,-5.31,-9.05,4.0,4.98,20.0,0.0,1012.25,1013.1,1014.41,1013.34,5.0,1.7,20.0,0.2,,,,,,,,,,,,,,,,,,,,,,,,,,,,,,,,,,,,,,,,,,,,,,,,,,,,,,,,,,,,,,,,,,,,,,,,,,,,,,,,,,,,,,,,,,,,,,,,,,,,,,,,,,,,,,,,,,,,,,,,,,,,,,,,,,
1887,9,342.3,24.6,23.8,23.9,24.33,24.17,6.0,0.71,22.0,0.8,23.07,24.05,25.46,24.12,6.0,1.32,22.0,0.8,14.63,14.63,14.63,14.63,1.0,0.0,28.0,1.0,72.9,72.9,72.9,72.9,1.0,0.0,28.0,1.0,0.1,1.0,4.6,6.7,6.7,5.91,8.0,1.09,16.0,0.6,-4.47,-3.18,-2.52,-3.14,8.0,1.62,16.0,0.6,-6.1,-5.08,-3.88,-4.57,8.0,1.82,16.0,0.6,1015.95,1018.6,1019.94,1018.0,5.0,2.19,10.0,0.6,1.6,3.5,5.2,3.3,6.0,2.3,14.0,0.7,72.9,72.9,72.9,72.9,1.0,0.0,28.0,1.0,0.1,1.0,-25.1,-19.2,-12.2,-19.2,8.0,10.6,16.0,0.6,-40.9,-32.1,-18.1,-28.2,8.0,13.7,16.0,0.6,-1.5,-0.2,1.18,0.05,6.0,1.88,22.0,0.8,-8.9,-0.9,7.9,1.1,6.0,11.8,22.0,0.8,3.86,3.86,3.86,3.86,1.0,0.0,28.0,1.0,25.9,25.9,25.9,25.9,1.0,0.0,28.0,1.0,-113.7,-62.7,-46.1,-71.2,6.0,46.8,22.0,0.8,-138.3,-107.3,-81.8,-101.6,6.0,46.1,22.0,0.8,-78.3,-78.3,-78.3,-78.3,1.0,0.0,28.0,1.0,-59.0,-59.0,-59.0,-59.0,1.0,0.0,28.0,1.0,-20.7,-20.7,-20.7,-20.7,1.0,0.0,28.0,1.0,-15.6,-15.6,-15.6,-15.6,1.0,0.0,28.0,1.0,97.5,301.0,301.0,224.5,8.0,105.5,16.0,0.6,95.0,300.0,300.0,225.0,8.0,105.0,16.0,0.6
1887,9,342.3,26.6,22.49,23.1,24.0,23.1,26.0,0.99,20.0,0.4,22.7,23.4,24.4,23.52,26.0,0.82,20.0,0.4,14.03,14.89,16.08,14.99,12.0,0.97,22.0,0.5,79.4,83.7,92.4,85.1,12.0,6.5,22.0,0.5,0.4,0.6,4.6,4.6,6.7,5.65,30.0,2.47,18.0,0.5,-6.19,-3.02,-1.02,-3.64,30.0,2.77,18.0,0.5,-5.91,-3.48,-2.39,-3.65,30.0,1.99,18.0,0.5,1014.93,1018.65,1021.13,1018.1,28.0,2.64,18.0,0.5,1.0,2.0,5.7,2.9,27.0,2.4,18.0,0.5,79.4,83.7,92.4,85.1,12.0,6.5,22.0,0.5,0.4,0.6,-41.4,-14.4,-2.6,-26.2,30.0,32.7,18.0,0.5,-39.6,-17.5,-6.2,-23.1,30.0,22.1,18.0,0.5,-1.32,-0.4,0.26,-0.34,25.0,0.93,20.0,0.4,-6.7,-1.0,1.9,-1.7,25.0,6.1,20.0,0.4,0.89,2.93,4.35,2.68,11.0,1.89,22.0,0.5,4.4,16.6,41.2,20.2,11.0,18.4,22.0,0.5,-143.0,-72.4,-24.2,-86.3,26.0,68.8,20.0,0.4,-144.2,-82.1,-56.9,-88.0,26.0,49.8,20.0,0.4,-125.4,-87.6,-45.8,-87.2,12.0,39.4,22.0,0.5,-92.7,-49.7,-40.9,-53.6,12.0,37.5,22.0,0.5,-31.7,-10.9,-3.8,-16.0,11.0,15.7,22.0,0.5,-20.3,-10.8,-2.3,-11.9,11.0,10.2,22.0,0.5,97.5,97.5,301.0,299.0,30.0,466.5,18.0,0.5,95.0,95.0,300.0,300.0,30.0,465.0,18.0,0.5
1887,9,342.3,28.6,21.87,23.35,24.0,23.1,22.0,1.19,20.0,0.5,22.25,23.5,24.55,23.52,21.0,1.4,20.0,0.5,13.02,14.27,15.87,14.35,5.0,1.98,22.0,0.4,79.3,86.0,90.7,85.1,5.0,6.7,22.0,0.4,0.9,0.1,1.02,4.6,9.3,4.69,20.0,3.34,18.0,0.4,-4.64,-1.85,0.0,-1.85,20.0,3.0,18.0,0.4,-6.58,-2.92,-0.93,-3.66,20.0,2.76,18.0,0.4,1015.73,1016.6,1020.31,1017.57,19.0,2.26,20.0,0.5,0.7,2.0,3.0,2.4,22.0,1.7,18.0,0.5,79.3,86.0,90.7,85.1,5.0,6.7,22.0,0.4,0.9,0.1,-41.6,-6.7,0.0,-14.4,20.0,24.6,18.0,0.4,-61.2,-15.9,-1.0,-25.4,20.0,29.6,18.0,0.4,-1.7,-0.7,0.98,-0.46,21.0,1.7,20.0,0.5,-7.8,-2.7,4.1,-1.3,18.0,8.6,20.0,0.4,-0.22,3.02,5.4,2.82,5.0,3.52,22.0,0.4,-1.7,11.3,29.0,13.5,4.0,18.8,22.0,0.3,-94.7,-40.9,6.2,-36.2,18.0,67.7,20.0,0.4,-159.4,-71.8,-23.4,-83.4,18.0,63.9,20.0,0.4,-80.9,-59.7,-36.9,-58.9,4.0,30.7,22.0,0.3,-84.8,-46.5,-29.3,-56.6,4.0,39.6,22.0,0.3,-16.5,-8.2,1.0,-7.8,4.0,10.3,22.0,0.3,-23.5,-7.7,1.5,-10.8,4.0,15.9,22.0,0.3,1.5,97.5,804.5,262.0,20.0,349.5,18.0,0.4,0.0,95.0,805.0,260.0,20.0,350.0,18.0,0.4
1887,9,342.3,30.6,22.49,22.85,23.32,22.94,32.0,0.51,16.0,0.4,22.2,22.8,23.86,22.92,33.0,0.88,18.0,0.4,15.14,15.31,15.47,15.31,2.0,0.34,22.0,0.5,90.3,90.7,91.0,90.7,2.0,0.8,22.0,0.5,0.2,0.7,2.6,4.6,6.7,5.46,37.0,3.4,16.0,0.4,-2.02,1.1,4.21,0.65,37.0,4.04,16.0,0.4,-6.22,-3.75,0.29,-3.21,37.0,3.84,16.0,0.4,1015.35,1016.7,1021.65,1018.58,23.0,3.37,18.0,0.3,2.0,2.0,4.0,2.7,35.0,1.5,16.0,0.4,90.3,90.7,91.0,90.7,2.0,0.8,22.0,0.5,0.2,0.7,-6.2,4.0,22.3,-4.3,37.0,46.6,16.0,0.4,-41.7,-19.8,0.3,-27.0,37.0,43.3,16.0,0.4,,,,,,,,,,,,,,,,,,,,,,,,,,,,,,,,,-5.0,35.6,93.5,34.6,33.0,55.6,18.0,0.4,-123.3,-76.1,21.0,-58.0,33.0,77.6,18.0,0.4,17.9,25.3,32.7,25.3,2.0,15.3,22.0,0.5,-85.3,-66.0,-46.7,-66.0,2.0,40.0,22.0,0.5,,,,,,,,,,,,,,,,,,,,,,,,,,,,,,,,
1887,9,342.3,32.6,22.06,22.8,23.3,22.63,74.0,0.68,16.0,0.6,21.47,22.4,24.7,22.81,75.0,1.54,16.0,0.5,13.62,14.56,15.85,14.77,17.0,1.11,12.0,0.6,80.5,91.1,94.9,88.2,17.0,7.9,12.0,0.6,0.7,0.3,2.6,6.7,9.3,5.59,82.0,2.71,16.0,0.5,-3.48,-0.11,4.74,0.5,82.0,3.83,16.0,0.5,-6.59,-3.25,0.0,-3.34,82.0,3.58,16.0,0.5,1015.0,1017.0,1021.4,1018.1,64.0,3.11,18.0,0.6,2.0,3.0,5.0,3.1,82.0,1.9,16.0,0.5,80.5,91.1,94.9,88.2,17.0,7.9,12.0,0.6,0.7,0.3,-21.6,-0.3,31.7,4.4,82.0,29.8,16.0,0.5,-47.3,-16.8,0.0,-23.5,82.0,30.3,16.0,0.5,-1.99,0.1,1.0,-0.23,71.0,1.37,16.0,0.5,-8.6,0.0,5.1,-0.7,70.0,7.4,14.0,0.5,1.37,2.55,4.06,2.55,14.0,1.2,8.0,0.6,10.1,18.7,28.5,19.1,14.0,10.0,8.0,0.6,-77.2,-23.1,101.7,2.8,74.0,83.8,16.0,0.5,-157.0,-76.6,0.0,-74.1,74.0,82.6,16.0,0.5,-48.2,-17.6,79.7,10.3,17.0,58.5,12.0,0.6,-121.4,-89.7,-37.3,-78.5,17.0,41.9,12.0,0.6,-8.7,-5.3,7.8,-2.6,14.0,8.3,8.0,0.6,-26.7,-17.3,-4.8,-16.5,14.0,11.1,8.0,0.6,17.5,301.0,804.5,292.0,82.0,298.5,16.0,0.5,20.0,300.0,805.0,290.0,82.0,300.0,16.0,0.5
1887,9,342.3,34.6,21.8,22.4,23.05,22.43,80.0,0.68,16.0,0.5,20.74,21.7,23.16,21.92,79.0,1.24,16.0,0.5,11.89,13.71,15.56,13.8,6.0,2.09,22.0,0.3,81.4,90.6,97.9,89.9,6.0,8.5,22.0,0.3,0.7,0.3,4.6,6.7,9.3,7.04,80.0,2.45,16.0,0.5,-3.48,0.0,6.74,1.35,80.0,4.88,16.0,0.5,-6.7,-4.56,-1.8,-4.05,80.0,3.72,16.0,0.5,1017.0,1019.6,1022.44,1019.62,65.0,2.51,18.0,0.5,2.0,3.0,6.0,3.6,80.0,1.7,16.0,0.5,81.4,90.6,97.9,89.9,6.0,8.5,22.0,0.3,0.7,0.3,-21.8,0.0,64.3,15.3,80.0,47.4,16.0,0.5,-61.2,-31.7,-6.5,-30.1,80.0,35.6,16.0,0.5,-0.36,0.5,1.46,0.5,79.0,0.99,16.0,0.5,-1.7,3.2,11.2,3.8,79.0,7.8,16.0,0.5,0.8,2.25,3.74,2.3,6.0,1.63,22.0,0.3,5.8,11.6,24.5,14.2,6.0,10.1,22.0,0.3,-71.4,0.0,157.2,29.8,79.0,107.1,16.0,0.5,-157.4,-98.5,-38.6,-87.7,79.0,83.0,16.0,0.5,-11.6,8.0,87.9,29.2,6.0,50.6,22.0,0.3,-85.4,-75.8,-54.8,-73.8,6.0,17.5,22.0,0.3,-3.5,2.2,5.5,1.3,6.0,4.5,22.0,0.3,-24.1,-10.4,-3.8,-13.1,6.0,10.7,22.0,0.3,97.5,301.0,804.5,483.5,80.0,546.0,16.0,0.5,95.0,300.0,805.0,485.0,80.0,545.0,16.0,0.5
1887,9,342.3,36.6,21.1,21.8,22.5,21.84,75.0,0.69,18.0,0.4,20.0,21.2,22.61,21.37,76.0,1.58,18.0,0.5,12.75,12.95,13.53,13.13,4.0,0.63,30.0,0.5,89.4,91.1,93.7,91.5,4.0,2.5,30.0,0.5,0.8,0.3,3.77,6.7,9.51,6.71,74.0,3.13,18.0,0.5,-2.51,-0.78,4.46,0.87,74.0,3.9,18.0,0.5,-8.56,-4.6,-2.38,-4.34,74.0,4.51,18.0,0.5,1017.2,1019.0,1024.0,1019.93,64.0,3.51,18.0,0.5,2.0,3.0,7.0,3.8,76.0,2.2,18.0,0.5,89.4,91.1,93.7,91.5,4.0,2.5,30.0,0.5,0.8,0.3,-16.8,-2.0,36.5,11.8,74.0,39.9,18.0,0.5,-79.6,-21.2,-6.2,-32.7,74.0,52.2,18.0,0.5,-0.63,0.8,1.6,0.48,75.0,1.41,18.0,0.4,-3.5,4.7,10.4,2.3,73.0,13.5,18.0,0.5,1.8,2.27,2.79,2.29,4.0,0.58,30.0,0.5,16.7,21.1,25.9,21.3,4.0,5.4,30.0,0.5,-54.7,-15.0,94.4,19.3,74.0,84.5,18.0,0.5,-178.6,-98.1,-44.4,-93.3,74.0,97.1,18.0,0.5,24.7,38.1,59.5,41.9,4.0,20.9,30.0,0.5,-119.2,-116.3,-106.7,-113.1,4.0,9.3,30.0,0.5,4.4,6.2,10.5,7.4,4.0,4.6,30.0,0.5,-23.6,-18.3,-15.9,-19.7,4.0,5.0,30.0,0.5,64.0,301.0,861.0,516.5,74.0,719.5,18.0,0.5,65.0,300.0,860.0,515.0,74.0,720.0,18.0,0.5
1887,9,342.3,38.6,20.22,20.8,21.5,20.81,59.0,0.57,22.0,0.5,18.5,19.4,20.79,19.54,58.0,1.09,22.0,0.6,12.25,12.48,12.72,12.48,2.0,0.49,30.0,0.5,92.8,93.0,93.2,93.0,2.0,0.4,30.0,0.5,1.0,0.0,2.6,6.7,9.7,7.24,59.0,4.03,22.0,0.5,-2.68,0.0,4.63,1.11,59.0,4.95,22.0,0.5,-8.55,-5.2,-2.13,-3.93,59.0,5.31,22.0,0.5,1010.86,1012.0,1018.0,1014.27,49.0,4.68,22.0,0.5,2.0,4.0,7.0,4.0,58.0,2.2,22.0,0.5,92.8,93.0,93.2,93.0,2.0,0.4,30.0,0.5,1.0,0.0,-18.0,0.0,33.4,19.4,59.0,69.0,22.0,0.5,-79.5,-34.9,-5.5,-22.6,59.0,70.4,22.0,0.5,0.5,1.2,2.0,1.26,58.0,0.82,22.0,0.6,2.6,7.8,13.5,7.9,58.0,6.4,22.0,0.6,2.23,2.36,2.5,2.36,2.0,0.28,30.0,0.5,27.4,29.1,30.7,29.1,2.0,3.4,30.0,0.5,-49.9,0.0,79.6,17.7,58.0,95.2,22.0,0.6,-164.7,-106.5,-39.9,-78.9,58.0,102.4,22.0,0.6,84.2,85.9,87.5,85.9,2.0,3.4,30.0,0.5,-129.7,-127.3,-124.9,-127.3,2.0,5.0,30.0,0.5,15.3,16.3,17.2,16.3,2.0,1.9,30.0,0.5,-25.5,-24.1,-22.7,-24.1,2.0,2.8,30.0,0.5,17.5,301.0,913.0,785.0,59.0,1383.5,22.0,0.5,20.0,300.0,915.0,785.0,59.0,1385.0,22.0,0.5
1887,9,342.3,40.6,19.5,20.0,20.6,20.05,68.0,0.56,18.0,0.5,18.3,19.4,20.0,19.25,67.0,0.9,18.0,0.5,11.2,12.38,13.44,12.44,7.0,1.08,14.0,0.4,83.9,92.2,94.5,90.5,9.0,5.9,16.0,0.6,0.7,0.5,2.6,5.65,9.3,6.08,70.0,3.4,18.0,0.5,-2.73,0.0,4.77,0.75,70.0,4.15,18.0,0.5,-6.21,-0.1,6.58,-0.07,70.0,5.59,18.0,0.5,1013.0,1015.2,1018.0,1015.56,38.0,2.82,20.0,0.6,2.0,6.0,8.0,5.1,72.0,2.5,18.0,0.5,83.9,92.2,94.5,90.5,9.0,5.9,16.0,0.6,0.7,0.5,-16.8,0.0,32.6,11.7,70.0,42.6,18.0,0.5,-41.6,-0.1,45.7,5.7,70.0,52.8,18.0,0.5,0.0,0.8,1.7,0.81,67.0,0.82,18.0,0.5,0.0,3.2,8.4,3.9,65.0,5.6,18.0,0.5,0.78,1.49,2.72,1.74,7.0,0.99,14.0,0.4,1.8,8.9,18.3,10.4,7.0,8.0,14.0,0.4,-52.0,-9.1,88.2,14.0,65.0,83.5,18.0,0.5,-116.3,-7.4,103.5,-9.0,65.0,106.2,18.0,0.5,-28.3,11.4,48.8,13.3,7.0,45.5,14.0,0.4,-70.0,4.8,23.5,-8.5,7.0,69.1,14.0,0.4,-6.8,1.4,3.4,-1.3,7.0,5.4,14.0,0.4,-16.9,0.6,1.4,-5.8,7.0,10.9,14.0,0.4,17.5,199.0,804.5,452.0,70.0,658.5,18.0,0.5,20.0,200.0,805.0,450.0,70.0,660.0,18.0,0.5
1887,9,342.3,42.6,18.3,18.9,19.41,19.06,76.0,0.78,18.0,0.5,17.71,18.8,19.8,18.9,77.0,1.29,18.0,0.5,10.25,10.94,11.89,11.04,14.0,0.91,16.0,0.5,81.9,89.3,92.7,87.5,31.0,6.1,18.0,0.5,0.6,0.3,2.6,6.7,9.3,6.3,75.0,3.76,18.0,0.5,-4.52,-2.41,0.0,-2.08,75.0,3.08,18.0,0.5,-3.5,2.39,8.7,2.68,75.0,5.76,18.0,0.5,1005.0,1019.0,1020.97,1015.08,46.0,7.06,16.0,0.5,2.0,4.0,7.0,4.4,77.0,2.2,18.0,0.5,81.9,89.3,92.7,87.5,31.0,6.1,18.0,0.5,0.6,0.3,-32.4,-7.9,0.0,-14.0,75.0,39.3,18.0,0.5,-18.0,7.9,86.5,29.6,75.0,64.8,18.0,0.5,-0.7,0.35,1.01,0.23,76.0,1.03,18.0,0.5,-3.5,1.3,7.4,1.6,74.0,6.1,18.0,0.5,1.46,2.24,3.4,2.28,14.0,1.0,16.0,0.5,14.9,20.0,25.6,20.6,13.0,9.3,16.0,0.5,-85.5,-44.4,0.0,-39.8,75.0,58.0,18.0,0.5,-65.3,44.8,164.4,48.4,75.0,107.7,18.0,0.5,-49.1,-25.7,40.4,-21.7,13.0,53.3,16.0,0.5,-63.9,99.7,140.7,39.5,13.0,100.7,16.0,0.5,-9.6,-7.2,4.4,-5.5,13.0,9.2,16.0,0.5,-21.4,2.1,20.7,0.4,13.0,20.7,16.0,0.5,17.5,301.0,804.5,559.0,75.0,1012.0,18.0,0.5,20.0,300.0,805.0,560.0,75.0,1010.0,18.0,0.5
1887,9,342.3,44.6,18.26,18.35,18.9,18.72,36.0,1.03,14.0,0.5,17.2,18.3,19.88,18.53,39.0,1.67,12.0,0.5,10.19,10.4,10.99,10.58,5.0,0.54,14.0,0.4,80.0,84.7,92.5,85.9,5.0,6.5,14.0,0.4,1.0,0.0,2.6,6.7,12.22,6.9,39.0,4.46,12.0,0.5,-4.61,-2.51,0.85,-2.36,39.0,3.23,12.0,0.5,-6.21,-0.71,8.69,0.63,39.0,7.22,12.0,0.5,1017.0,1020.0,1021.81,1019.05,26.0,4.47,12.0,0.4,2.0,6.0,8.0,5.4,39.0,2.4,12.0,0.5,80.0,84.7,92.5,85.9,5.0,6.5,14.0,0.4,1.0,0.0,-55.9,-16.8,1.0,-25.9,39.0,43.2,12.0,0.5,-41.6,-0.7,106.6,19.4,39.0,83.1,12.0,0.5,-0.28,0.6,1.2,0.55,36.0,0.75,14.0,0.5,-0.6,1.6,6.7,3.0,36.0,6.0,14.0,0.5,1.92,2.37,2.71,2.33,5.0,0.47,14.0,0.4,16.8,19.7,24.9,21.1,5.0,6.1,14.0,0.4,-82.8,-45.2,15.1,-45.1,39.0,59.6,12.0,0.5,-112.4,-12.2,162.5,7.4,39.0,136.6,12.0,0.5,-58.5,-26.1,-25.6,-39.3,5.0,19.0,14.0,0.4,-64.1,-62.5,137.8,18.2,5.0,112.3,14.0,0.4,-9.7,-7.4,-6.3,-8.1,5.0,2.5,14.0,0.4,-16.9,-14.7,22.9,-0.2,5.0,22.5,14.0,0.4,17.5,301.0,1832.5,763.5,39.0,1116.5,12.0,0.5,20.0,300.0,1835.0,765.0,39.0,1115.0,12.0,0.5
1887,9,342.3,46.6,15.6,16.85,17.8,16.94,16.0,1.47,18.0,0.4,15.0,17.1,17.8,16.61,21.0,1.63,18.0,0.3,8.58,9.43,11.87,10.13,11.0,1.7,22.0,0.4,82.5,94.5,94.5,89.6,11.0,7.2,22.0,0.4,0.7,0.7,5.4,9.3,9.8,8.73,16.0,4.59,14.0,0.1,-6.91,-5.48,3.59,-2.62,16.0,5.42,14.0,0.1,-4.56,6.22,7.66,1.87,16.0,7.88,14.0,0.1,1016.6,1017.6,1021.03,1019.18,13.0,3.67,20.0,0.4,5.0,7.0,8.0,6.5,15.0,1.6,14.0,0.1,82.5,94.5,94.5,89.6,11.0,7.2,22.0,0.4,0.7,0.7,-64.3,-53.7,22.7,-19.8,16.0,71.1,14.0,0.1,-27.1,57.9,73.8,5.0,16.0,132.5,14.0,0.1,0.0,0.6,1.66,0.7,16.0,0.83,18.0,0.4,-0.4,0.0,6.0,1.3,11.0,3.8,14.0,0.2,2.09,2.27,2.56,2.28,6.0,0.45,30.0,0.7,55.7,55.7,55.7,55.7,1.0,0.0,30.0,0.0,-123.0,-95.9,60.0,-47.3,16.0,91.7,14.0,0.1,-76.1,109.6,133.4,35.8,16.0,129.8,14.0,0.1,-82.0,-77.9,-42.5,-52.6,6.0,64.1,18.0,0.0,22.4,73.8,82.1,35.1,6.0,103.0,18.0,0.0,22.7,22.7,22.7,22.7,1.0,0.0,30.0,0.0,-50.9,-50.9,-50.9,-50.9,1.0,0.0,30.0,0.0,174.5,804.5,941.0,1299.5,16.0,2752.0,14.0,0.1,175.0,805.0,940.0,1300.0,16.0,2750.0,14.0,0.1
1887,9,342.3,48.6,,,,,,,,,,,,,,,,,,,,,,,,,,,,,,,,,,,6.7,9.3,12.3,9.85,15.0,4.69,20.0,0.5,-8.39,-6.17,6.49,-0.72,15.0,8.3,20.0,0.5,-7.62,-2.62,6.24,-1.35,15.0,7.39,20.0,0.5,1011.89,1014.8,1029.73,1020.01,9.0,8.95,24.0,0.7,,,,,,,,,,,,,,,,,,,,,,,,,,,,,,,,,,,,,,,,,,,,,,,,,,,,,,,,,,,,,,,,,,,,,,,,,,,,,,,,,,,,,,,,,,,,,,,,,,,,,,,,,,,,,,,,,,,,,,,,,,,,,,,,,,
1887,9,342.3,50.6,,,,,,,,,,,,,,,,,,,,,,,,,,,,,,,,,,,6.7,6.7,14.22,9.64,16.0,4.93,10.0,0.4,-3.77,4.74,11.4,4.73,16.0,7.58,10.0,0.4,-0.73,2.62,5.24,2.95,16.0,5.72,10.0,0.4,998.13,1000.7,1027.44,1008.65,6.0,14.72,6.0,0.2,,,,,,,,,,,,,,,,,,,,,,,,,,,,,,,,,,,,,,,,,,,,,,,,,,,,,,,,,,,,,,,,,,,,,,,,,,,,,,,,,,,,,,,,,,,,,,,,,,,,,,,,,,,,,,,,,,,,,,,,,,,,,,,,,,
1887,9,344.3,-37.4,,,,,,,,,,,,,,,,,,,,,,,,,,,,,,,,,,,6.7,6.7,6.7,6.7,1.0,0.0,2.0,1.0,6.17,6.17,6.17,6.17,1.0,0.0,2.0,1.0,-2.62,-2.62,-2.62,-2.62,1.0,0.0,2.0,1.0,1021.0,1021.0,1021.0,1021.0,1.0,0.0,2.0,1.0,,,,,,,,,,,,,,,,,,,,,,,,,,,,,,,,,,,,,,,,,,,,,,,,,,,,,,,,,,,,,,,,,,,,,,,,,,,,,,,,,,,,,,,,,,,,,,,,,,,,,,,,,,,,,,,,,,,,,,,,,,,,,,,,,,
1887,9,344.3,-35.4,,,,,,,,,,,,,,,,,,,,,,,,,,,,,,,,,,,9.3,12.3,15.4,12.27,23.0,3.4,12.0,0.4,-1.63,0.0,14.28,3.89,23.0,6.7,12.0,0.4,-5.77,6.21,15.4,5.32,23.0,8.86,12.0,0.4,1018.4,1020.8,1023.01,1020.87,26.0,2.28,16.0,0.4,,,,,,,,,,,,,,,,,,,,,,,,,,,,,,,,,,,,,,,,,,,,,,,,,,,,,,,,,,,,,,,,,,,,,,,,,,,,,,,,,,,,,,,,,,,,,,,,,,,,,,,,,,,,,,,,,,,,,,,,,,,,,,,,,,
1887,9,344.3,-33.4,,,,,,,,,,,,,,,,,,,,,,,,,,,,,,,,,,,9.3,12.3,13.58,12.14,11.0,3.22,26.0,0.4,-7.4,6.58,8.04,2.81,11.0,7.6,26.0,0.4,-11.39,6.58,9.69,2.22,11.0,10.02,26.0,0.4,1014.66,1019.85,1022.7,1018.33,12.0,5.17,26.0,0.3,,,,,,,,,,,,,,,,,,,,,,,,,,,,,,,,,,,,,,,,,,,,,,,,,,,,,,,,,,,,,,,,,,,,,,,,,,,,,,,,,,,,,,,,,,,,,,,,,,,,,,,,,,,,,,,,,,,,,,,,,,,,,,,,,,
1887,9,344.3,-31.4,,,,,,,,,,,,,,,,,,,,,,,,,,,,,,,,,,,6.7,6.7,8.47,7.57,3.0,1.5,28.0,0.3,4.74,4.74,5.99,5.35,3.0,1.06,28.0,0.3,-5.99,-4.74,-4.74,-5.35,3.0,1.06,28.0,0.3,1016.7,1018.2,1018.61,1017.67,3.0,1.47,28.0,0.3,6.6,8.0,8.0,7.3,3.0,1.2,28.0,0.3,84.8,89.9,92.2,88.5,3.0,5.6,28.0,0.3,0.8,1.0,31.7,31.7,51.8,41.5,3.0,17.0,28.0,0.3,-51.8,-31.7,-31.7,-41.5,3.0,17.0,28.0,0.3,,,,,,,,,,,,,,,,,,,,,,,,,,,,,,,,,85.2,90.0,120.6,102.6,3.0,28.1,28.0,0.3,-120.6,-90.0,-85.2,-102.6,3.0,28.1,28.0,0.3,55.6,57.8,73.6,64.4,3.0,14.4,28.0,0.3,-73.6,-57.8,-55.6,-64.4,3.0,14.4,28.0,0.3,,,,,,,,,,,,,,,,,,,,,,,,,,,,,,,,
1887,9,344.3,-29.4,,,,,,,,,,,,,,,,,,,,,,,,,,,,,,,,,,,4.6,4.6,4.6,4.6,2.0,0.0,28.0,1.0,1.86,2.15,2.44,2.15,2.0,0.6,28.0,1.0,-4.19,-4.04,-3.89,-4.04,2.0,0.32,28.0,1.0,1018.65,1019.2,1019.75,1019.2,2.0,1.13,28.0,1.0,,,,,,,,,,,,,,,,,,,,,,,,,,,,,,,,,,,,,,,,,,,,,,,,,,,,,,,,,,,,,,,,,,,,,,,,,,,,,,,,,,,,,,,,,,,,,,,,,,,,,,,,,,,,,,,,,,,,,,,,,,,,,,,,,,
1887,9,344.3,-19.4,,,,,,,,,,,,,,,,,,,,,,,,,,,,,,,,,,,4.6,4.6,4.6,4.6,2.0,0.0,2.0,1.0,-4.29,-4.29,-4.29,-4.29,2.0,0.0,2.0,1.0,1.65,1.65,1.65,1.65,2.0,0.0,2.0,1.0,1016.46,1016.6,1016.74,1016.6,2.0,0.28,2.0,1.0,,,,,,,,,,,,,,,,,,,,,,,,,,,,,,,,,,,,,,,,,,,,,,,,,,,,,,,,,,,,,,,,,,,,,,,,,,,,,,,,,,,,,,,,,,,,,,,,,,,,,,,,,,,,,,,,,,,,,,,,,,,,,,,,,,
1887,9,344.3,-17.4,,,,,,,,,,,,,,,,,,,,,,,,,,,,,,,,,,,4.6,4.6,6.7,5.5,14.0,1.08,2.0,0.4,-6.7,-4.27,-4.27,-5.11,14.0,1.34,2.0,0.4,-0.12,1.72,2.4,1.5,14.0,1.18,2.0,0.4,1016.72,1017.2,1017.68,1017.26,14.0,0.6,2.0,0.4,,,,,,,,,,,,,,,,,,,,,,,,,,,,,,,,,,,,,,,,,,,,,,,,,,,,,,,,,,,,,,,,,,,,,,,,,,,,,,,,,,,,,,,,,,,,,,,,,,,,,,,,,,,,,,,,,,,,,,,,,,,,,,,,,,
1887,9,344.3,-15.4,,,,,,,,,,,,,,,,,,,,,,,,,,,,,,,,,,,6.7,6.7,6.7,6.7,9.0,0.0,24.0,0.6,-4.74,-4.74,-4.74,-4.74,9.0,0.0,24.0,0.6,4.74,4.74,4.74,4.74,9.0,0.0,24.0,0.6,1021.0,1022.0,1022.4,1021.85,10.0,0.65,24.0,0.5,,,,,,,,,,,,,,,,,,,,,,,,,,,,,,,,,,,,,,,,,,,,,,,,,,,,,,,,,,,,,,,,,,,,,,,,,,,,,,,,,,,,,,,,,,,,,,,,,,,,,,,,,,,,,,,,,,,,,,,,,,,,,,,,,,
1887,9,344.3,-9.4,23.2,23.4,23.6,23.4,2.0,0.42,2.0,1.0,25.6,25.6,25.6,25.6,1.0,0.0,2.0,1.0,15.17,15.17,15.17,15.17,1.0,0.0,2.0,1.0,74.3,74.3,74.3,74.3,1.0,0.0,2.0,1.0,1.0,1.0,6.7,6.7,6.7,6.7,2.0,0.0,2.0,1.0,-5.48,-5.18,-4.88,-5.18,2.0,0.62,2.0,1.0,3.82,4.19,4.56,4.19,2.0,0.77,2.0,1.0,1015.08,1015.9,1016.72,1015.9,2.0,1.7,2.0,1.0,3.2,3.5,3.8,3.5,2.0,0.7,2.0,1.0,74.3,74.3,74.3,74.3,1.0,0.0,2.0,1.0,1.0,1.0,-36.7,-34.7,-32.7,-34.7,2.0,4.2,2.0,1.0,25.6,28.1,30.6,28.1,2.0,5.2,2.0,1.0,-2.5,-2.5,-2.5,-2.5,1.0,0.0,2.0,1.0,-16.7,-16.7,-16.7,-16.7,1.0,0.0,2.0,1.0,2.42,2.42,2.42,2.42,1.0,0.0,2.0,1.0,16.2,16.2,16.2,16.2,1.0,0.0,2.0,1.0,-143.8,-143.8,-143.8,-143.8,1.0,0.0,2.0,1.0,93.4,93.4,93.4,93.4,1.0,0.0,2.0,1.0,-85.2,-85.2,-85.2,-85.2,1.0,0.0,2.0,1.0,55.3,55.3,55.3,55.3,1.0,0.0,2.0,1.0,-13.6,-13.6,-13.6,-13.6,1.0,0.0,2.0,1.0,8.8,8.8,8.8,8.8,1.0,0.0,2.0,1.0,301.0,301.0,301.0,301.0,2.0,0.0,2.0,1.0,300.0,300.0,300.0,300.0,2.0,0.0,2.0,1.0
1887,9,344.3,-7.4,23.39,23.7,23.81,23.61,7.0,0.3,2.0,0.6,25.09,26.0,26.12,25.69,7.0,0.68,2.0,0.6,15.1,15.6,16.21,15.69,5.0,0.94,2.0,0.4,73.8,74.4,79.2,76.1,5.0,3.0,2.0,0.4,0.7,0.6,6.6,6.7,6.7,6.4,7.0,0.79,2.0,0.6,-5.62,-5.62,-4.67,-5.16,7.0,0.9,2.0,0.6,3.63,3.65,3.7,3.75,7.0,0.46,2.0,0.6,1016.13,1017.6,1017.61,1016.86,7.0,1.11,2.0,0.6,7.0,8.0,8.0,7.6,7.0,0.5,2.0,0.6,73.8,74.4,79.2,76.1,5.0,3.0,2.0,0.4,0.7,0.6,-37.6,-37.6,-30.9,-33.6,7.0,8.5,2.0,0.6,24.0,24.4,24.8,24.1,7.0,4.9,2.0,0.6,-2.72,-2.2,-1.37,-2.07,7.0,0.77,2.0,0.6,-18.2,-14.7,-9.1,-13.6,7.0,5.7,2.0,0.6,1.51,2.26,3.19,2.3,5.0,1.06,2.0,0.4,10.1,15.2,21.4,15.4,5.0,7.1,2.0,0.4,-146.8,-141.0,-121.1,-132.7,7.0,24.5,2.0,0.6,91.1,95.2,98.3,96.4,7.0,13.0,2.0,0.6,-91.1,-87.7,-84.8,-88.2,5.0,5.3,2.0,0.4,55.1,56.9,59.1,57.3,5.0,3.4,2.0,0.4,-17.9,-12.7,-8.5,-12.9,5.0,6.0,2.0,0.4,5.5,8.3,11.7,8.4,5.0,3.9,2.0,0.4,291.0,301.0,301.0,271.5,7.0,77.0,2.0,0.6,290.0,300.0,300.0,270.0,7.0,75.0,2.0,0.6
1887,9,344.3,0.6,24.97,25.3,26.2,25.45,12.0,0.63,26.0,0.4,23.95,25.0,25.04,24.56,11.0,0.87,26.0,0.5,16.07,16.22,16.37,16.21,5.0,0.2,28.0,0.6,81.8,82.9,84.1,82.9,5.0,1.3,28.0,0.6,0.6,0.5,6.7,8.0,9.43,8.08,12.0,1.46,26.0,0.4,-1.93,0.0,2.51,0.05,12.0,2.19,26.0,0.4,6.21,7.83,9.3,7.79,12.0,1.53,26.0,0.4,1015.0,1015.0,1016.0,1015.22,9.0,0.97,28.0,0.4,2.0,3.0,4.3,3.1,12.0,1.2,26.0,0.4,81.8,82.9,84.1,82.9,5.0,1.3,28.0,0.6,0.6,0.5,-18.1,0.0,16.8,-1.9,12.0,17.9,26.0,0.4,41.6,64.3,87.1,65.0,12.0,23.7,26.0,0.4,0.0,0.5,1.98,0.82,11.0,1.25,26.0,0.5,0.0,4.7,13.3,5.9,11.0,8.3,26.0,0.5,3.22,3.68,4.3,3.72,5.0,0.6,28.0,0.6,27.2,34.2,40.0,33.1,5.0,8.4,28.0,0.6,-47.4,0.0,57.3,-5.1,11.0,52.4,26.0,0.5,150.9,222.0,234.2,195.5,11.0,41.1,26.0,0.5,-31.1,0.0,7.6,-8.3,5.0,22.5,28.0,0.6,130.9,148.6,151.2,140.6,5.0,19.2,28.0,0.6,-6.8,0.0,1.4,-2.0,5.0,4.7,28.0,0.6,26.7,33.5,40.0,32.7,5.0,8.6,28.0,0.6,301.0,552.5,839.0,575.5,12.0,290.5,26.0,0.4,300.0,555.0,840.0,575.0,12.0,290.0,26.0,0.4
1887,9,344.3,2.6,24.95,25.6,26.25,25.55,31.0,0.7,20.0,0.5,24.45,25.0,26.52,25.25,31.0,0.87,20.0,0.5,16.1,16.45,16.79,16.42,11.0,0.35,26.0,0.5,81.3,82.9,84.5,82.8,11.0,2.1,26.0,0.5,0.5,0.1,4.6,4.6,6.7,5.41,31.0,1.04,20.0,0.5,0.67,1.72,2.51,1.49,31.0,0.86,20.0,0.5,4.27,4.6,6.3,5.14,31.0,1.02,20.0,0.5,1013.0,1013.5,1015.0,1013.82,22.0,1.4,22.0,0.5,2.0,4.0,7.2,4.6,31.0,2.1,20.0,0.5,81.3,82.9,84.5,82.8,11.0,2.1,26.0,0.5,0.5,0.1,3.1,7.9,16.8,8.4,31.0,5.6,20.0,0.5,19.6,21.2,42.2,28.8,31.0,11.3,20.0,0.5,-0.42,0.3,0.6,0.3,31.0,0.84,20.0,0.5,-2.7,1.4,3.4,1.5,31.0,4.0,20.0,0.5,3.7,3.97,4.16,4.03,11.0,0.41,26.0,0.5,18.1,24.6,27.7,24.0,11.0,5.4,26.0,0.5,16.2,41.9,64.8,37.9,31.0,22.3,20.0,0.5,104.5,112.9,165.2,130.0,31.0,27.7,20.0,0.5,14.1,21.4,41.4,23.5,11.0,13.6,26.0,0.5,72.4,102.8,110.6,94.1,11.0,18.0,26.0,0.5,3.5,4.9,9.6,5.8,11.0,3.7,26.0,0.5,17.8,24.0,27.5,23.1,11.0,5.1,26.0,0.5,97.5,97.5,301.0,176.0,31.0,100.5,20.0,0.5,95.0,95.0,300.0,175.0,31.0,100.0,20.0,0.5
1887,9,344.3,4.6,,,,,,,,,,,,,,,,,,,,,,,,,,,,,,,,,,,4.6,4.6,4.6,4.6,1.0,0.0,16.0,0.0,4.6,4.6,4.6,4.6,1.0,0.0,16.0,0.0,0.0,0.0,0.0,0.0,1.0,0.0,16.0,0.0,1013.7,1013.7,1013.7,1013.7,3.0,0.0,14.0,0.3,,,,,,,,,,,,,,,,,,,,,,,,,,,,,,,,,,,,,,,,,,,,,,,,,,,,,,,,,,,,,,,,,,,,,,,,,,,,,,,,,,,,,,,,,,,,,,,,,,,,,,,,,,,,,,,,,,,,,,,,,,,,,,,,,,
1887,9,344.3,6.6,,,,,,,,,,,,,,,,,,,,,,,,,,,,,,,,,,,4.93,5.65,6.37,5.65,2.0,1.48,14.0,0.0,2.38,3.28,4.18,3.28,2.0,1.87,14.0,0.0,1.02,3.2,5.39,3.2,2.0,4.53,14.0,0.0,1013.03,1013.3,1013.57,1013.3,2.0,0.57,14.0,0.0,,,,,,,,,,,,,,,,,,,,,,,,,,,,,,,,,,,,,,,,,,,,,,,,,,,,,,,,,,,,,,,,,,,,,,,,,,,,,,,,,,,,,,,,,,,,,,,,,,,,,,,,,,,,,,,,,,,,,,,,,,,,,,,,,,
1887,9,344.3,8.6,,,,,,,,,,,,,,,,,,,,,,,,,,,,,,,,,,,1.46,4.6,7.81,4.63,3.0,4.65,16.0,0.0,0.45,1.42,5.59,2.98,3.0,4.0,16.0,0.0,1.39,4.37,5.12,3.28,3.0,2.89,16.0,0.0,1012.14,1013.05,1014.02,1013.05,6.0,0.94,16.0,0.3,,,,,,,,,,,,,,,,,,,,,,,,,,,,,,,,,,,,,,,,,,,,,,,,,,,,,,,,,,,,,,,,,,,,,,,,,,,,,,,,,,,,,,,,,,,,,,,,,,,,,,,,,,,,,,,,,,,,,,,,,,,,,,,,,,
1887,9,344.3,28.6,22.14,22.8,23.36,22.89,16.0,1.11,20.0,0.5,22.14,22.7,23.42,22.81,16.0,1.01,20.0,0.5,12.67,14.21,14.97,14.16,9.0,1.44,22.0,0.4,79.1,84.2,89.7,84.0,9.0,6.7,22.0,0.4,0.2,0.6,1.86,4.6,6.7,4.57,17.0,2.59,20.0,0.5,-3.45,-1.02,-0.7,-1.98,17.0,1.82,20.0,0.5,-6.62,-4.23,-1.62,-3.89,17.0,2.32,20.0,0.5,1016.6,1019.2,1021.58,1018.86,16.0,2.64,18.0,0.4,2.0,2.5,5.3,3.3,18.0,2.1,18.0,0.4,79.1,84.2,89.7,84.0,9.0,6.7,22.0,0.4,0.2,0.6,-23.1,-4.7,-1.2,-12.0,17.0,15.8,20.0,0.5,-44.6,-19.5,-3.7,-23.2,17.0,19.3,20.0,0.5,-1.21,0.05,1.05,0.08,16.0,1.66,20.0,0.5,-6.0,0.0,3.3,-1.5,15.0,4.5,22.0,0.5,0.84,3.55,6.22,3.34,9.0,2.76,22.0,0.4,2.2,9.5,17.7,9.5,9.0,9.1,22.0,0.4,-74.7,-21.2,-15.4,-34.1,15.0,28.1,22.0,0.5,-147.2,-75.5,-23.7,-84.0,15.0,53.9,22.0,0.5,-50.1,-25.8,-12.7,-31.0,9.0,19.6,22.0,0.4,-76.0,-49.1,-14.6,-44.9,9.0,29.4,22.0,0.4,-9.1,-5.0,-1.2,-4.8,9.0,4.9,22.0,0.4,-15.4,-8.7,-0.1,-7.7,9.0,8.2,22.0,0.4,10.0,97.5,301.0,179.5,17.0,206.0,20.0,0.5,10.0,95.0,300.0,180.0,17.0,205.0,20.0,0.5
1887,9,344.3,30.6,21.8,22.5,22.87,22.47,22.0,0.97,20.0,0.5,21.6,22.45,24.67,22.79,22.0,1.33,20.0,0.5,13.16,14.12,16.23,14.4,11.0,1.41,22.0,0.5,72.0,83.7,90.8,82.3,11.0,10.4,22.0,0.5,0.7,0.5,4.6,6.7,6.78,5.99,26.0,3.02,18.0,0.6,-3.81,-2.36,0.03,-1.88,26.0,3.53,18.0,0.6,-6.58,-4.98,-3.17,-4.7,26.0,2.7,18.0,0.6,1014.47,1018.25,1021.37,1018.34,24.0,3.13,16.0,0.6,2.0,3.0,5.0,3.5,26.0,1.5,18.0,0.6,72.0,83.7,90.8,82.3,11.0,10.4,22.0,0.5,0.7,0.5,-30.2,-11.5,0.2,-16.6,26.0,38.5,18.0,0.6,-45.2,-33.4,-14.5,-34.4,26.0,34.3,18.0,0.6,-1.71,0.1,0.4,-0.4,21.0,1.34,20.0,0.5,-8.0,0.4,2.0,-1.7,21.0,6.6,20.0,0.5,-0.57,2.97,4.92,2.67,11.0,2.71,22.0,0.5,-2.6,14.0,20.2,10.0,11.0,11.1,22.0,0.5,-78.0,-43.1,15.7,-23.9,22.0,62.7,20.0,0.5,-137.1,-107.5,-36.0,-94.9,22.0,55.1,20.0,0.5,-51.6,-36.6,-18.1,-34.2,11.0,18.3,22.0,0.5,-87.3,-67.6,-34.8,-60.7,11.0,30.7,22.0,0.5,-8.4,-5.5,1.4,-4.7,11.0,6.0,22.0,0.5,-18.6,-12.8,2.2,-8.7,11.0,9.5,22.0,0.5,97.5,301.0,317.0,390.5,26.0,704.0,18.0,0.6,95.0,300.0,315.0,390.0,26.0,705.0,18.0,0.6
1887,9,344.3,32.6,21.9,22.4,22.8,22.4,30.0,0.54,18.0,0.5,20.69,21.85,22.74,21.82,28.0,1.05,20.0,0.5,13.5,15.0,15.42,14.6,6.0,1.03,24.0,0.7,86.5,92.6,99.4,92.7,6.0,5.9,24.0,0.7,0.7,0.5,4.6,6.7,9.8,7.54,31.0,3.12,20.0,0.5,-2.86,0.0,3.35,-0.09,31.0,3.95,20.0,0.5,-9.37,-6.3,-4.17,-6.49,31.0,3.06,20.0,0.5,1013.35,1015.7,1021.1,1016.9,23.0,3.42,18.0,0.4,2.0,3.0,6.0,3.5,31.0,1.9,20.0,0.5,86.5,92.6,99.4,92.7,6.0,5.9,24.0,0.7,0.7,0.5,-21.4,0.0,21.1,-7.5,31.0,47.1,20.0,0.5,-94.3,-42.2,-19.2,-56.5,31.0,47.0,20.0,0.5,-0.66,0.4,1.3,0.46,27.0,1.06,20.0,0.5,-4.1,2.8,10.5,4.1,27.0,7.0,20.0,0.5,1.42,1.9,2.56,2.05,5.0,0.92,24.0,0.6,6.6,8.7,20.4,12.8,5.0,8.0,24.0,0.6,-42.3,25.8,73.1,20.5,28.0,56.0,20.0,0.5,-195.5,-133.2,-85.3,-130.3,28.0,60.1,20.0,0.5,-35.8,0.0,10.3,-5.8,6.0,35.0,24.0,0.7,-94.1,-70.9,-58.0,-77.3,6.0,26.7,24.0,0.7,-7.5,0.0,1.8,-2.1,5.0,5.5,24.0,0.6,-18.9,-8.7,-5.6,-11.8,5.0,7.7,24.0,0.6,97.5,301.0,941.0,667.5,31.0,899.0,20.0,0.5,95.0,300.0,940.0,665.0,31.0,900.0,20.0,0.5
1887,9,344.3,34.6,21.3,22.2,22.8,22.07,38.0,0.77,14.0,0.6,20.5,21.55,22.9,21.66,42.0,1.19,14.0,0.6,11.35,12.99,14.8,13.03,17.0,1.67,12.0,0.6,73.8,83.0,92.8,83.1,17.0,9.6,12.0,0.6,0.6,0.4,4.6,6.7,9.3,6.41,45.0,2.38,16.0,0.6,-3.49,-0.24,2.55,0.07,45.0,3.26,16.0,0.6,-7.72,-5.62,-4.29,-5.66,45.0,2.08,16.0,0.6,1015.62,1019.1,1022.56,1019.05,35.0,3.28,16.0,0.6,2.0,4.0,6.0,3.8,45.0,1.9,16.0,0.6,73.8,83.0,92.8,83.1,17.0,9.6,12.0,0.6,0.6,0.4,-24.4,-1.1,17.1,1.7,45.0,27.5,16.0,0.6,-71.8,-37.6,-19.8,-40.6,45.0,24.8,16.0,0.6,-0.75,0.65,1.61,0.39,38.0,1.26,14.0,0.6,-5.6,3.9,11.2,2.6,38.0,8.2,14.0,0.6,1.73,4.24,5.19,3.55,13.0,1.71,8.0,0.7,8.0,34.6,43.3,27.6,13.0,16.0,8.0,0.7,-73.4,-8.3,36.8,-9.7,42.0,57.5,14.0,0.6,-169.4,-111.3,-90.0,-121.2,42.0,46.4,14.0,0.6,-40.4,-19.4,44.2,0.3,17.0,42.4,12.0,0.6,-102.1,-66.3,-48.7,-70.0,17.0,32.1,12.0,0.6,-18.9,-7.5,4.7,-6.7,13.0,10.3,8.0,0.7,-40.5,-30.2,-5.7,-25.0,13.0,15.7,8.0,0.7,97.5,301.0,804.5,364.0,45.0,308.0,16.0,0.6,95.0,300.0,805.0,365.0,45.0,310.0,16.0,0.6
1887,9,344.3,36.6,20.9,21.5,22.2,21.5,64.0,0.7,12.0,0.4,20.0,20.85,22.4,21.04,64.0,1.48,12.0,0.4,13.29,13.84,14.49,13.95,5.0,0.95,10.0,0.2,93.3,94.6,96.3,94.8,5.0,3.0,10.0,0.2,0.8,0.3,4.6,6.7,6.7,6.29,64.0,2.43,12.0,0.4,-1.72,2.62,4.74,2.19,64.0,3.39,12.0,0.4,-6.21,-4.27,3.25,-3.24,64.0,4.36,12.0,0.4,1018.9,1020.6,1023.9,1020.74,45.0,2.13,12.0,0.4,2.0,4.0,6.0,3.9,64.0,2.1,12.0,0.4,93.3,94.6,96.3,94.8,5.0,3.0,10.0,0.2,0.8,0.3,-7.9,15.0,31.7,16.5,64.0,34.3,12.0,0.4,-41.6,-19.6,15.0,-24.5,64.0,39.9,12.0,0.4,-0.6,0.5,1.7,0.45,64.0,1.34,12.0,0.4,-3.4,3.3,10.7,2.9,64.0,11.2,12.0,0.4,1.3,1.79,3.04,2.05,5.0,1.03,10.0,0.2,8.7,12.0,14.0,11.2,5.0,3.9,10.0,0.2,-35.0,56.3,97.1,46.6,64.0,71.2,12.0,0.4,-135.5,-88.5,68.6,-67.1,64.0,92.8,12.0,0.4,-29.4,0.0,64.3,13.2,5.0,48.9,10.0,0.2,-76.9,-63.5,-59.8,-69.0,5.0,15.6,10.0,0.2,-3.0,0.0,8.0,1.9,5.0,6.0,10.0,0.2,-13.4,-8.5,-6.5,-9.6,5.0,4.1,10.0,0.2,97.5,301.0,301.0,376.0,64.0,575.0,12.0,0.4,95.0,300.0,300.0,375.0,64.0,575.0,12.0,0.4
1887,9,344.3,38.6,20.1,20.7,21.26,20.75,79.0,0.58,16.0,0.5,18.94,20.5,21.86,20.56,79.0,1.56,16.0,0.5,12.91,12.91,12.91,12.91,1.0,0.0,30.0,0.0,96.3,96.3,96.3,96.3,1.0,0.0,30.0,0.0,0.5,0.5,4.6,9.3,12.3,8.37,84.0,3.73,16.0,0.5,0.0,3.25,8.7,3.72,84.0,4.63,16.0,0.5,-6.2,2.51,8.7,1.4,84.0,6.89,16.0,0.5,1011.8,1018.5,1021.2,1017.64,64.0,4.52,16.0,0.5,2.0,4.0,7.0,4.2,84.0,2.3,16.0,0.5,96.3,96.3,96.3,96.3,1.0,0.0,30.0,0.0,0.5,0.5,0.0,18.9,103.5,39.8,84.0,58.8,16.0,0.5,-41.6,6.5,95.7,15.4,84.0,76.7,16.0,0.5,-0.86,0.3,1.2,0.18,79.0,1.24,16.0,0.5,-4.6,1.6,11.8,3.0,78.0,8.7,16.0,0.5,1.46,1.46,1.46,1.46,1.0,0.0,30.0,0.0,17.9,17.9,17.9,17.9,1.0,0.0,30.0,0.0,0.0,77.1,174.6,80.9,78.0,94.2,16.0,0.5,-131.9,21.9,173.6,17.8,78.0,134.3,16.0,0.5,112.3,112.3,112.3,112.3,1.0,0.0,30.0,0.0,-112.3,-112.3,-112.3,-112.3,1.0,0.0,30.0,0.0,12.7,12.7,12.7,12.7,1.0,0.0,30.0,0.0,-12.7,-12.7,-12.7,-12.7,1.0,0.0,30.0,0.0,97.5,804.5,1861.0,931.0,84.0,961.5,16.0,0.5,95.0,805.0,1860.0,930.0,84.0,960.0,16.0,0.5
1887,9,344.3,40.6,19.4,20.2,20.76,20.12,78.0,0.76,20.0,0.5,18.4,19.4,20.68,19.56,78.0,1.28,20.0,0.5,12.14,13.25,13.6,12.99,10.0,0.67,20.0,0.5,90.0,92.2,94.0,91.8,10.0,2.3,20.0,0.5,0.7,0.2,2.6,6.7,9.3,6.48,81.0,3.65,20.0,0.5,-2.73,0.0,4.76,0.49,81.0,4.5,20.0,0.5,-6.18,0.0,6.58,-0.33,81.0,5.94,20.0,0.5,1011.0,1014.35,1019.14,1015.03,66.0,3.48,20.0,0.5,2.0,5.0,8.0,4.7,81.0,2.6,20.0,0.5,90.0,92.2,94.0,91.8,10.0,2.3,20.0,0.5,0.7,0.2,-18.3,0.0,37.8,7.7,81.0,50.2,20.0,0.5,-41.4,0.0,49.3,-4.8,81.0,59.6,20.0,0.5,-0.18,0.6,1.48,0.56,78.0,0.93,20.0,0.5,-0.5,3.0,8.0,3.8,78.0,6.4,20.0,0.5,1.1,1.49,1.99,1.5,10.0,0.46,20.0,0.5,7.5,13.0,23.4,14.1,10.0,8.2,20.0,0.5,-53.0,0.0,100.7,8.9,78.0,89.3,20.0,0.5,-120.3,0.0,132.1,-6.4,78.0,114.4,20.0,0.5,14.7,78.1,106.1,69.7,10.0,41.7,20.0,0.5,-103.8,55.0,97.3,21.2,10.0,90.2,20.0,0.5,1.6,8.7,16.5,8.9,10.0,6.8,20.0,0.5,-16.5,4.9,10.9,0.2,10.0,12.5,20.0,0.5,17.5,301.0,804.5,544.0,81.0,885.5,20.0,0.5,20.0,300.0,805.0,545.0,81.0,885.0,20.0,0.5
1887,9,344.3,42.6,18.9,19.4,19.93,19.4,100.0,0.58,16.0,0.5,18.0,19.0,20.0,19.12,100.0,1.22,16.0,0.5,11.01,11.69,12.9,12.06,15.0,1.18,16.0,0.5,83.7,89.8,95.6,89.7,16.0,5.6,16.0,0.5,0.8,0.2,2.6,4.6,9.3,5.82,99.0,3.92,16.0,0.5,-4.29,-1.72,1.31,-1.37,99.0,4.17,16.0,0.5,-4.77,-1.72,4.41,-0.95,99.0,5.43,16.0,0.5,1010.9,1019.0,1020.02,1016.58,76.0,4.71,18.0,0.5,2.0,5.0,8.0,4.8,102.0,2.4,16.0,0.5,83.7,89.8,95.6,89.7,16.0,5.6,16.0,0.5,0.8,0.2,-28.1,-7.9,5.8,-5.7,99.0,56.9,16.0,0.5,-34.2,-6.3,21.2,-7.5,99.0,63.0,16.0,0.5,-0.5,0.5,1.1,0.29,100.0,0.97,16.0,0.5,-2.6,1.2,5.0,2.3,97.0,7.7,16.0,0.5,0.84,1.99,2.44,1.69,15.0,0.89,16.0,0.5,1.2,5.4,20.9,10.6,15.0,14.0,16.0,0.5,-83.2,-32.7,18.5,-28.2,97.0,76.5,16.0,0.5,-94.7,-32.4,82.5,-14.9,97.0,101.3,16.0,0.5,-20.0,0.0,102.4,23.8,15.0,67.7,16.0,0.5,-96.1,-5.9,65.2,-11.5,15.0,83.7,16.0,0.5,-4.0,0.0,13.6,4.1,15.0,12.8,16.0,0.5,-15.3,-1.7,1.9,-5.7,15.0,10.0,16.0,0.5,17.5,97.5,804.5,543.0,99.0,1202.5,16.0,0.5,20.0,95.0,805.0,545.0,99.0,1205.0,16.0,0.5
1887,9,344.3,44.6,18.0,18.3,18.9,18.38,52.0,0.58,16.0,0.6,17.1,18.5,19.4,18.35,53.0,1.11,16.0,0.6,10.42,11.79,12.25,11.43,9.0,0.96,16.0,0.4,82.7,86.9,94.5,88.3,17.0,5.6,16.0,0.5,0.7,0.2,4.6,6.7,15.4,9.09,54.0,5.19,16.0,0.6,-9.62,-4.07,0.0,-4.27,54.0,4.94,16.0,0.6,-2.12,4.74,11.9,4.9,54.0,6.62,16.0,0.6,1010.4,1015.0,1022.76,1016.13,35.0,5.57,16.0,0.6,2.0,5.0,8.0,5.0,54.0,2.4,16.0,0.6,82.7,86.9,94.5,88.3,17.0,5.6,16.0,0.5,0.7,0.2,-138.2,-26.3,0.0,-57.7,54.0,81.9,16.0,0.6,-7.2,31.7,161.0,70.7,54.0,108.6,16.0,0.6,-0.81,-0.1,1.01,0.07,51.0,0.91,16.0,0.6,-6.6,-0.5,6.1,0.1,51.0,8.8,16.0,0.6,0.67,1.26,1.88,1.28,9.0,0.64,16.0,0.4,3.0,4.4,17.9,8.9,9.0,7.3,16.0,0.4,-180.4,-81.7,0.0,-79.9,53.0,91.7,16.0,0.6,-22.0,89.5,233.4,96.5,53.0,117.8,16.0,0.6,-58.8,-28.3,0.0,-39.2,9.0,54.4,16.0,0.4,-47.0,39.5,64.6,19.3,9.0,59.2,16.0,0.4,-5.4,-1.9,0.0,-3.6,9.0,5.8,16.0,0.4,-7.4,2.7,6.4,0.6,9.0,9.7,16.0,0.4,97.5,301.0,3652.5,1597.0,54.0,2539.5,16.0,0.6,95.0,300.0,3650.0,1595.0,54.0,2540.0,16.0,0.6
1887,9,344.3,46.6,16.8,17.25,17.73,17.31,22.0,0.51,14.0,0.5,16.01,16.9,18.76,17.2,27.0,1.31,14.0,0.6,10.6,11.01,11.69,11.06,10.0,0.7,14.0,0.8,87.7,91.2,94.5,91.2,10.0,3.9,14.0,0.8,0.7,0.3,4.6,6.7,12.3,7.65,30.0,4.1,12.0,0.6,-9.14,-0.51,3.25,-2.41,30.0,5.92,12.0,0.6,-5.31,-1.72,8.23,-0.07,30.0,6.03,12.0,0.6,1017.95,1019.0,1025.28,1019.96,24.0,4.35,12.0,0.6,3.0,5.0,8.0,5.5,30.0,2.1,12.0,0.6,87.7,91.2,94.5,91.2,10.0,3.9,14.0,0.8,0.7,0.3,-112.4,-1.3,16.0,-37.4,30.0,66.0,12.0,0.6,-35.6,-7.9,101.2,12.3,30.0,63.3,12.0,0.6,-0.68,0.5,1.0,0.19,21.0,0.91,14.0,0.5,-7.4,2.3,6.3,-0.2,21.0,6.8,14.0,0.5,0.3,0.47,1.65,0.92,5.0,0.84,14.0,0.6,0.0,1.2,13.1,6.1,5.0,8.9,14.0,0.6,-163.5,0.0,54.4,-44.8,27.0,109.6,14.0,0.6,-73.4,-27.4,137.4,3.5,27.0,101.0,14.0,0.6,-99.8,-41.9,16.1,-41.6,10.0,56.9,14.0,0.8,-38.0,54.2,89.9,31.6,10.0,66.8,14.0,0.8,-0.2,0.0,5.1,2.2,5.0,3.6,14.0,0.6,-12.1,0.0,0.4,-5.2,5.0,8.5,14.0,0.6,97.5,301.0,1861.0,819.5,30.0,923.5,12.0,0.6,95.0,300.0,1860.0,820.0,30.0,925.0,12.0,0.6
1887,9,344.3,48.6,15.6,16.6,17.34,16.64,36.0,1.25,16.0,0.5,15.0,16.1,17.2,16.23,37.0,1.35,16.0,0.5,8.43,9.05,9.37,8.95,6.0,0.47,30.0,0.5,83.2,86.1,89.0,86.0,6.0,3.2,30.0,0.5,0.2,0.1,6.7,9.3,12.3,9.6,32.0,3.7,16.0,0.5,-8.56,-5.48,6.58,-1.52,32.0,6.7,16.0,0.5,-4.42,1.57,8.7,1.43,32.0,7.71,16.0,0.5,1013.47,1017.7,1026.54,1019.24,25.0,6.57,18.0,0.4,4.0,6.0,8.0,6.2,33.0,1.7,14.0,0.5,83.2,86.1,89.0,86.0,6.0,3.2,30.0,0.5,0.2,0.1,-84.6,-53.7,44.1,-18.5,32.0,78.4,16.0,0.5,-34.4,6.2,107.0,10.9,32.0,104.3,16.0,0.5,-0.5,0.3,1.14,0.33,36.0,0.83,16.0,0.5,-2.8,2.2,9.1,2.4,29.0,7.4,14.0,0.6,0.77,1.91,2.53,1.73,6.0,0.83,30.0,0.5,38.9,38.9,38.9,38.9,1.0,0.0,30.0,1.0,-140.2,-92.9,99.4,-33.3,30.0,106.9,14.0,0.5,-63.7,64.3,142.1,43.8,30.0,110.4,14.0,0.5,52.8,52.8,52.8,52.8,1.0,0.0,30.0,1.0,-118.6,-118.6,-118.6,-118.6,1.0,0.0,30.0,1.0,15.8,15.8,15.8,15.8,1.0,0.0,30.0,1.0,-35.5,-35.5,-35.5,-35.5,1.0,0.0,30.0,1.0,301.0,804.5,1861.0,1280.5,32.0,1439.0,16.0,0.5,300.0,805.0,1860.0,1280.0,32.0,1440.0,16.0,0.5
1887,9,344.3,50.6,,,,,,,,,,,,,,,,,,,,,,,,,,,,,,,,,,,4.6,9.3,12.3,8.86,32.0,3.85,12.0,0.6,-10.2,-2.35,5.6,-2.33,32.0,7.47,12.0,0.6,-4.61,0.0,6.88,0.37,32.0,5.85,12.0,0.6,1016.02,1016.8,1018.75,1016.69,17.0,4.88,12.0,0.7,,,,,,,,,,,,,,,,,,,,,,,,,,,,,,,,,,,,,,,,,,,,,,,,,,,,,,,,,,,,,,,,,,,,,,,,,,,,,,,,,,,,,,,,,,,,,,,,,,,,,,,,,,,,,,,,,,,,,,,,,,,,,,,,,,
1887,9,346.3,-37.4,,,,,,,,,,,,,,,,,,,,,,,,,,,,,,,,,,,6.7,6.7,15.4,10.18,5.0,4.77,20.0,0.8,4.86,6.21,10.59,7.26,5.0,3.49,20.0,0.8,-10.97,-6.21,-2.51,-6.67,5.0,4.3,20.0,0.8,1013.53,1014.9,1019.47,1016.47,3.0,4.56,20.0,1.0,,,,,,,,,,,,,,,,,,,,,,,,,,,,,,,,,,,,,,,,,,,,,,,,,,,,,,,,,,,,,,,,,,,,,,,,,,,,,,,,,,,,,,,,,,,,,,,,,,,,,,,,,,,,,,,,,,,,,,,,,,,,,,,,,,
1887,9,346.3,-35.4,,,,,,,,,,,,,,,,,,,,,,,,,,,,,,,,,,,6.7,9.3,19.0,11.09,37.0,6.15,16.0,0.5,0.0,2.62,9.1,4.42,37.0,5.79,16.0,0.5,-7.02,-0.97,11.6,1.97,37.0,10.33,16.0,0.5,1016.11,1021.0,1023.51,1019.74,37.0,4.49,18.0,0.4,,,,,,,,,,,,,,,,,,,,,,,,,,,,,,,,,,,,,,,,,,,,,,,,,,,,,,,,,,,,,,,,,,,,,,,,,,,,,,,,,,,,,,,,,,,,,,,,,,,,,,,,,,,,,,,,,,,,,,,,,,,,,,,,,,
1887,9,346.3,-33.4,,,,,,,,,,,,,,,,,,,,,,,,,,,,,,,,,,,15.4,15.4,19.0,16.84,5.0,1.97,24.0,0.4,11.22,15.4,15.6,13.22,5.0,5.19,24.0,0.4,-13.36,0.0,0.0,-5.79,5.0,8.44,24.0,0.4,1016.32,1017.0,1017.0,1016.67,3.0,0.58,28.0,0.0,,,,,,,,,,,,,,,,,,,,,,,,,,,,,,,,,,,,,,,,,,,,,,,,,,,,,,,,,,,,,,,,,,,,,,,,,,,,,,,,,,,,,,,,,,,,,,,,,,,,,,,,,,,,,,,,,,,,,,,,,,,,,,,,,,
1887,9,346.3,-31.4,,,,,,,,,,,,,,,,,,,,,,,,,,,,,,,,,,,9.3,10.8,12.3,10.8,4.0,1.73,28.0,0.8,7.52,8.63,8.7,8.13,4.0,1.04,28.0,0.8,5.03,7.64,8.7,6.9,4.0,2.4,28.0,0.8,1017.31,1018.35,1018.91,1018.13,4.0,1.11,28.0,0.8,1.0,2.5,5.6,3.3,4.0,3.4,28.0,0.8,77.8,78.2,79.5,78.6,3.0,1.3,28.0,0.7,0.7,0.8,69.9,93.3,107.0,88.7,4.0,22.4,28.0,0.8,46.8,84.1,107.0,77.2,4.0,36.1,28.0,0.8,,,,,,,,,,,,,,,,,,,,,,,,,,,,,,,,,143.1,160.5,169.8,156.6,4.0,18.3,28.0,0.8,97.3,148.4,169.8,134.2,4.0,48.9,28.0,0.8,78.8,88.5,90.5,84.7,3.0,9.2,28.0,0.7,49.2,74.3,86.0,67.8,3.0,27.5,28.0,0.7,,,,,,,,,,,,,,,,,,,,,,,,,,,,,,,,
1887,9,346.3,-19.4,18.9,18.9,19.34,19.1,8.0,0.4,2.0,0.4,19.4,20.0,20.98,20.26,8.0,1.17,2.0,0.4,13.21,13.26,14.23,13.8,6.0,1.24,2.0,0.2,93.6,94.9,95.1,94.1,6.0,2.0,2.0,0.2,0.4,0.6,4.6,6.7,6.7,5.91,8.0,1.09,2.0,0.4,-6.25,-6.25,-4.29,-5.52,8.0,1.01,2.0,0.4,1.65,2.4,2.4,2.12,8.0,0.39,2.0,0.4,1017.22,1017.4,1017.58,1017.43,8.0,0.24,2.0,0.4,0.2,3.0,4.0,3.0,8.0,2.6,2.0,0.4,93.6,94.9,95.1,94.1,6.0,2.0,2.0,0.2,0.4,0.6,-41.9,-41.9,-19.8,-33.6,8.0,11.5,2.0,0.4,7.6,16.1,16.1,12.9,8.0,4.4,2.0,0.4,-1.63,-1.1,-0.5,-1.16,8.0,0.78,2.0,0.4,-7.8,-6.2,-3.3,-6.3,8.0,3.3,2.0,0.4,-0.51,0.25,0.3,-0.12,6.0,0.86,2.0,0.2,-2.6,1.7,2.0,-0.2,6.0,4.3,2.0,0.2,-124.7,-121.3,-91.4,-111.1,8.0,16.6,2.0,0.4,35.1,46.6,47.9,42.6,8.0,6.4,2.0,0.4,-83.5,-82.9,-79.0,-81.0,6.0,5.6,2.0,0.2,30.3,31.8,32.1,31.1,6.0,2.1,2.0,0.2,-1.9,-1.6,2.5,0.2,6.0,4.0,2.0,0.2,-0.9,0.6,0.7,-0.1,6.0,1.5,2.0,0.2,97.5,301.0,301.0,224.5,8.0,105.5,2.0,0.4,95.0,300.0,300.0,225.0,8.0,105.0,2.0,0.4
1887,9,346.3,-17.4,,,,,,,,,,,,,,,,,,,,,,,,,,,,,,,,,,,9.3,9.3,9.3,9.3,2.0,0.0,22.0,0.5,-6.58,-6.58,-6.58,-6.58,2.0,0.0,22.0,0.5,6.58,6.58,6.58,6.58,2.0,0.0,22.0,0.5,1021.15,1021.25,1021.35,1021.25,2.0,0.21,22.0,0.5,,,,,,,,,,,,,,,,,,,,,,,,,,,,,,,,,,,,,,,,,,,,,,,,,,,,,,,,,,,,,,,,,,,,,,,,,,,,,,,,,,,,,,,,,,,,,,,,,,,,,,,,,,,,,,,,,,,,,,,,,,,,,,,,,,
1887,9,346.3,-15.4,,,,,,,,,,,,,,,,,,,,,,,,,,,,,,,,,,,6.7,6.7,6.7,6.7,9.0,0.0,22.0,0.4,-6.17,-4.74,-4.74,-5.21,9.0,0.71,22.0,0.4,2.62,4.74,4.74,4.03,9.0,1.06,22.0,0.4,1021.1,1021.75,1022.27,1021.72,10.0,0.52,22.0,0.5,,,,,,,,,,,,,,,,,,,,,,,,,,,,,,,,,,,,,,,,,,,,,,,,,,,,,,,,,,,,,,,,,,,,,,,,,,,,,,,,,,,,,,,,,,,,,,,,,,,,,,,,,,,,,,,,,,,,,,,,,,,,,,,,,,
1887,9,346.3,-9.4,22.43,22.5,22.57,22.5,3.0,0.1,2.0,0.3,23.35,24.1,24.17,23.77,3.0,0.67,2.0,0.3,14.19,14.31,14.93,14.55,3.0,0.58,2.0,0.3,77.9,81.2,81.6,79.8,3.0,2.9,2.0,0.3,0.5,0.8,5.27,6.7,6.7,6.0,3.0,1.21,2.0,0.3,-5.62,-5.62,-4.69,-5.17,3.0,0.78,2.0,0.3,2.33,3.65,3.65,3.01,3.0,1.11,2.0,0.3,1016.32,1017.0,1017.61,1016.97,3.0,0.95,2.0,0.3,5.0,7.0,7.7,6.3,3.0,2.1,2.0,0.3,77.9,81.2,81.6,79.8,3.0,2.9,2.0,0.3,0.5,0.8,-37.6,-37.6,-25.3,-31.6,3.0,10.4,2.0,0.3,13.2,24.4,24.4,18.9,3.0,9.5,2.0,0.3,-1.67,-1.6,-0.85,-1.27,3.0,0.67,2.0,0.3,-9.8,-7.8,-4.8,-7.3,3.0,3.7,2.0,0.3,1.94,2.71,2.77,2.36,3.0,0.68,2.0,0.3,10.7,18.2,18.5,14.7,3.0,6.4,2.0,0.3,-133.8,-129.2,-111.2,-122.7,3.0,17.5,2.0,0.3,55.0,83.9,86.9,71.3,3.0,25.8,2.0,0.3,-80.1,-79.5,-69.5,-74.9,3.0,8.7,2.0,0.3,34.3,51.6,52.0,43.3,3.0,14.8,2.0,0.3,-15.5,-15.2,-9.4,-12.6,3.0,5.0,2.0,0.3,5.0,9.9,10.1,7.6,3.0,4.2,2.0,0.3,162.0,301.0,301.0,233.0,3.0,117.5,2.0,0.3,160.0,300.0,300.0,235.0,3.0,115.0,2.0,0.3
1887,9,346.3,-7.4,,,,,,,,,,,,,,,,,,,,,,,,,,,,,,,,,,,4.6,4.6,4.6,4.6,1.0,0.0,4.0,1.0,-4.23,-4.23,-4.23,-4.23,1.0,0.0,4.0,1.0,1.8,1.8,1.8,1.8,1.0,0.0,4.0,1.0,1016.8,1016.8,1016.8,1016.8,1.0,0.0,4.0,1.0,,,,,,,,,,,,,,,,,,,,,,,,,,,,,,,,,,,,,,,,,,,,,,,,,,,,,,,,,,,,,,,,,,,,,,,,,,,,,,,,,,,,,,,,,,,,,,,,,,,,,,,,,,,,,,,,,,,,,,,,,,,,,,,,,,
1887,9,346.3,4.6,,,,,,,,,,,,,,,,,,,,,,,,,,,,,,,,,,,6.7,6.7,6.7,6.7,5.0,0.0,14.0,0.4,6.17,6.17,6.17,6.17,5.0,0.0,14.0,0.4,-2.62,-2.62,-2.62,-2.62,5.0,0.0,14.0,0.4,1013.15,1013.7,1014.24,1013.68,5.0,0.99,14.0,0.4,,,,,,,,,,,,,,,,,,,,,,,,,,,,,,,,,,,,,,,,,,,,,,,,,,,,,,,,,,,,,,,,,,,,,,,,,,,,,,,,,,,,,,,,,,,,,,,,,,,,,,,,,,,,,,,,,,,,,,,,,,,,,,,,,,
1887,9,346.3,6.6,,,,,,,,,,,,,,,,,,,,,,,,,,,,,,,,,,,6.7,6.7,8.06,7.35,4.0,1.3,14.0,0.8,2.07,2.07,2.49,2.27,4.0,0.4,14.0,0.8,6.37,6.37,7.67,6.99,4.0,1.24,14.0,0.8,1011.88,1012.5,1013.43,1012.65,4.0,1.09,14.0,0.8,,,,,,,,,,,,,,,,,,,,,,,,,,,,,,,,,,,,,,,,,,,,,,,,,,,,,,,,,,,,,,,,,,,,,,,,,,,,,,,,,,,,,,,,,,,,,,,,,,,,,,,,,,,,,,,,,,,,,,,,,,,,,,,,,,
1887,9,346.3,8.6,,,,,,,,,,,,,,,,,,,,,,,,,,,,,,,,,,,2.19,5.65,6.7,4.5,4.0,3.16,16.0,0.8,-1.09,1.04,2.07,0.51,4.0,1.99,16.0,0.8,1.95,5.24,6.37,4.21,4.0,3.0,16.0,0.8,1011.81,1013.4,1014.15,1013.0,4.0,1.5,16.0,0.8,,,,,,,,,,,,,,,,,,,,,,,,,,,,,,,,,,,,,,,,,,,,,,,,,,,,,,,,,,,,,,,,,,,,,,,,,,,,,,,,,,,,,,,,,,,,,,,,,,,,,,,,,,,,,,,,,,,,,,,,,,,,,,,,,,
1887,9,346.3,32.6,21.42,22.7,23.62,22.49,17.0,1.11,18.0,0.5,21.23,22.5,23.31,22.39,16.0,1.12,18.0,0.5,11.61,13.34,14.93,13.44,9.0,1.7,22.0,0.4,76.8,80.3,90.3,82.1,9.0,6.6,22.0,0.4,0.4,0.5,4.31,6.7,9.3,6.32,19.0,2.9,16.0,0.5,-2.76,0.0,2.69,0.17,19.0,3.46,16.0,0.5,-8.63,-4.98,-0.92,-5.02,19.0,3.45,16.0,0.5,1014.62,1018.6,1020.5,1017.93,20.0,2.99,16.0,0.5,2.0,4.0,6.0,4.1,20.0,1.9,16.0,0.5,76.8,80.3,90.3,82.1,9.0,6.6,22.0,0.4,0.4,0.5,-19.9,0.0,21.0,-1.8,19.0,29.4,16.0,0.5,-80.3,-33.4,-2.6,-38.8,19.0,37.0,16.0,0.5,-1.29,-0.25,2.28,0.09,16.0,1.98,18.0,0.5,-9.4,-1.4,3.4,-3.2,15.0,8.4,18.0,0.5,0.19,3.71,6.97,3.56,9.0,3.11,22.0,0.4,0.0,9.1,18.4,9.3,8.0,10.6,24.0,0.5,-20.7,33.5,89.6,30.5,15.0,63.7,18.0,0.5,-147.5,-102.4,-11.1,-94.3,15.0,76.1,18.0,0.5,-29.7,-4.7,24.1,-4.0,8.0,23.0,24.0,0.5,-69.6,-56.1,-14.1,-48.0,8.0,30.2,24.0,0.5,-7.3,-0.8,0.0,-0.5,8.0,7.9,24.0,0.5,-16.6,-4.2,0.0,-7.4,8.0,9.3,24.0,0.5,86.0,301.0,804.5,400.5,19.0,452.0,16.0,0.5,85.0,300.0,805.0,400.0,19.0,450.0,16.0,0.5
1887,9,346.3,34.6,20.96,22.2,22.7,21.99,30.0,0.77,18.0,0.4,20.43,21.1,22.2,21.27,27.0,0.86,20.0,0.3,11.8,13.26,14.46,13.38,7.0,1.39,22.0,0.3,79.3,90.7,92.3,86.4,7.0,8.5,22.0,0.3,0.6,0.3,3.07,6.7,9.68,6.77,34.0,3.47,18.0,0.4,-1.95,1.51,4.68,1.03,34.0,4.08,18.0,0.4,-8.94,-5.82,-1.02,-5.04,34.0,3.92,18.0,0.4,1012.29,1017.4,1018.9,1016.32,23.0,3.09,16.0,0.4,2.0,3.0,6.0,3.5,34.0,2.3,18.0,0.4,79.3,90.7,92.3,86.4,7.0,8.5,22.0,0.3,0.6,0.3,-15.8,6.2,29.1,1.6,34.0,45.1,18.0,0.4,-83.2,-41.6,-3.0,-44.8,34.0,50.7,18.0,0.4,0.01,0.8,1.46,0.66,27.0,0.93,20.0,0.3,0.1,3.9,8.0,3.8,27.0,4.7,20.0,0.3,0.43,3.01,4.76,3.02,7.0,2.39,22.0,0.3,1.1,17.4,20.2,12.1,7.0,9.4,22.0,0.3,-13.5,48.4,97.0,41.9,27.0,56.3,20.0,0.3,-147.8,-99.0,-22.5,-90.9,27.0,73.7,20.0,0.3,-13.5,0.0,30.1,8.4,7.0,29.7,22.0,0.3,-60.5,-34.5,-15.2,-39.1,7.0,21.6,22.0,0.3,-2.3,0.0,14.3,3.5,7.0,8.1,22.0,0.3,-19.1,-6.8,-1.0,-9.7,7.0,8.5,22.0,0.3,36.5,301.0,908.5,572.5,34.0,877.0,18.0,0.4,35.0,300.0,910.0,575.0,34.0,875.0,18.0,0.4
1887,9,346.3,36.6,20.2,21.1,21.7,21.08,57.0,0.7,16.0,0.6,19.72,20.5,21.94,20.69,59.0,1.14,16.0,0.6,11.47,12.8,13.84,12.68,19.0,1.11,14.0,0.6,78.1,87.7,94.8,86.6,19.0,8.2,14.0,0.6,0.7,0.4,2.6,6.7,9.3,5.99,72.0,3.76,16.0,0.5,-0.88,1.01,3.75,1.11,72.0,2.81,16.0,0.5,-8.36,-2.12,3.07,-2.84,72.0,5.76,16.0,0.5,1014.89,1018.5,1020.13,1017.83,38.0,2.88,18.0,0.6,2.0,3.0,6.0,3.9,72.0,2.3,16.0,0.5,78.1,87.7,94.8,86.6,19.0,8.2,14.0,0.6,0.7,0.4,-8.3,1.8,25.1,5.4,72.0,21.9,16.0,0.5,-77.7,-8.2,12.7,-31.3,72.0,65.5,16.0,0.5,-0.6,0.5,1.13,0.35,56.0,0.98,16.0,0.6,-3.8,1.6,7.6,1.4,56.0,8.6,16.0,0.6,1.41,2.32,4.17,2.78,16.0,1.42,12.0,0.6,2.3,12.5,30.7,15.5,16.0,13.2,12.0,0.6,-20.4,4.0,84.1,20.2,59.0,58.8,16.0,0.6,-180.8,-97.6,33.8,-77.7,59.0,121.4,16.0,0.6,-11.4,11.8,40.5,16.3,19.0,37.0,14.0,0.6,-87.4,-20.8,0.0,-40.5,19.0,44.9,14.0,0.6,-2.0,0.0,8.6,1.3,16.0,7.9,12.0,0.6,-30.7,-9.1,0.0,-12.7,16.0,13.8,12.0,0.6,17.5,301.0,804.5,498.5,72.0,859.5,16.0,0.5,20.0,300.0,805.0,500.0,72.0,860.0,16.0,0.5
1887,9,346.3,38.6,20.0,20.55,21.18,20.55,78.0,0.66,16.0,0.5,19.6,20.6,21.52,20.61,79.0,1.13,16.0,0.5,12.96,13.75,14.14,13.62,26.0,0.56,16.0,0.5,83.0,91.9,94.6,90.5,26.0,6.0,16.0,0.5,0.7,0.2,2.6,4.6,9.37,6.14,82.0,3.75,16.0,0.5,0.0,1.72,4.74,2.11,82.0,2.94,16.0,0.5,-6.7,0.0,5.5,-0.44,82.0,6.23,16.0,0.5,1015.9,1019.3,1022.0,1018.91,67.0,3.0,18.0,0.5,2.0,3.0,6.0,4.0,83.0,2.2,16.0,0.5,83.0,91.9,94.6,90.5,26.0,6.0,16.0,0.5,0.7,0.2,0.0,7.9,32.9,18.7,82.0,30.7,16.0,0.5,-44.9,0.0,40.0,-6.4,82.0,65.6,16.0,0.5,-1.1,-0.1,0.99,-0.11,77.0,1.03,16.0,0.5,-5.2,-0.4,5.0,-0.3,77.0,6.6,16.0,0.5,0.73,1.66,2.25,1.57,24.0,0.75,14.0,0.5,1.3,5.1,11.8,7.0,24.0,7.3,14.0,0.5,0.0,35.3,91.5,43.6,79.0,58.5,16.0,0.5,-128.7,0.0,107.6,-6.7,79.0,126.0,16.0,0.5,0.0,14.2,64.1,28.2,26.0,42.8,16.0,0.5,-34.0,12.5,66.9,20.8,26.0,59.6,16.0,0.5,0.0,1.2,5.5,3.4,24.0,7.0,14.0,0.5,-1.7,1.7,5.4,0.9,24.0,6.5,14.0,0.5,17.5,97.5,824.0,507.0,82.0,774.0,16.0,0.5,20.0,95.0,825.0,505.0,82.0,775.0,16.0,0.5
1887,9,346.3,40.6,19.0,19.8,20.6,19.85,39.0,0.76,12.0,0.4,18.49,19.15,20.61,19.36,38.0,1.41,12.0,0.4,13.71,13.71,13.71,13.71,1.0,0.0,4.0,0.0,99.4,99.4,99.4,99.4,1.0,0.0,4.0,0.0,0.9,0.1,4.6,6.7,12.3,8.37,39.0,4.0,12.0,0.4,-2.19,3.31,6.88,3.05,39.0,5.16,12.0,0.4,-8.7,-4.27,0.98,-4.02,39.0,5.92,12.0,0.4,1014.09,1019.35,1022.0,1018.56,34.0,3.53,12.0,0.4,2.0,3.0,6.0,3.9,39.0,2.1,12.0,0.4,99.4,99.4,99.4,99.4,1.0,0.0,4.0,0.0,0.9,0.1,-6.1,17.5,84.6,32.2,39.0,68.3,12.0,0.4,-107.0,-19.6,2.6,-42.1,39.0,82.5,12.0,0.4,-0.6,0.6,1.51,0.5,38.0,1.1,12.0,0.4,-3.0,3.9,12.3,4.8,38.0,10.0,12.0,0.4,1.54,1.54,1.54,1.54,1.0,0.0,4.0,0.0,7.1,7.1,7.1,7.1,1.0,0.0,4.0,0.0,-23.6,67.1,151.9,61.8,38.0,98.5,12.0,0.4,-163.2,-89.9,21.9,-73.2,38.0,114.5,12.0,0.4,45.4,45.4,45.4,45.4,1.0,0.0,4.0,0.0,-43.8,-43.8,-43.8,-43.8,1.0,0.0,4.0,0.0,5.1,5.1,5.1,5.1,1.0,0.0,4.0,0.0,-4.9,-4.9,-4.9,-4.9,1.0,0.0,4.0,0.0,97.5,301.0,1861.0,1028.0,39.0,1538.5,12.0,0.4,95.0,300.0,1860.0,1030.0,39.0,1540.0,12.0,0.4
1887,9,346.3,42.6,18.3,19.0,19.4,18.92,46.0,0.66,18.0,0.6,17.2,18.25,19.3,18.2,46.0,1.35,18.0,0.6,11.72,11.72,11.72,11.72,1.0,0.0,14.0,1.0,96.9,96.9,96.9,96.9,1.0,0.0,14.0,1.0,0.5,0.5,4.6,6.7,12.3,7.3,49.0,4.36,18.0,0.6,-6.17,-1.02,6.69,-0.67,49.0,5.48,18.0,0.6,-9.55,-4.27,-0.92,-5.06,49.0,4.09,18.0,0.6,1016.05,1019.2,1020.67,1018.0,33.0,3.53,20.0,0.6,2.0,5.0,7.5,4.8,48.0,2.4,18.0,0.6,96.9,96.9,96.9,96.9,1.0,0.0,14.0,1.0,0.5,0.5,-41.3,-2.6,70.1,3.2,49.0,71.0,18.0,0.6,-104.0,-21.2,-0.9,-50.6,49.0,68.2,18.0,0.6,-0.29,0.9,1.5,0.72,46.0,1.0,18.0,0.6,-1.2,4.8,16.5,6.3,46.0,9.0,18.0,0.6,1.17,1.17,1.17,1.17,1.0,0.0,14.0,1.0,5.4,5.4,5.4,5.4,1.0,0.0,14.0,1.0,-117.6,-18.7,111.5,-18.3,46.0,101.4,18.0,0.6,-166.8,-79.4,-18.4,-90.0,46.0,71.4,18.0,0.6,0.0,0.0,0.0,0.0,1.0,0.0,14.0,1.0,-53.9,-53.9,-53.9,-53.9,1.0,0.0,14.0,1.0,0.0,0.0,0.0,0.0,1.0,0.0,14.0,1.0,-5.4,-5.4,-5.4,-5.4,1.0,0.0,14.0,1.0,97.5,301.0,1861.0,868.5,49.0,1515.5,18.0,0.6,95.0,300.0,1860.0,870.0,49.0,1515.0,18.0,0.6
1887,9,346.3,44.6,17.8,18.2,19.0,18.25,79.0,0.84,18.0,0.4,17.0,18.0,18.8,17.9,79.0,0.99,18.0,0.4,9.82,11.07,11.44,10.66,9.0,0.84,18.0,0.6,88.9,91.6,94.5,91.4,17.0,3.7,18.0,0.5,0.7,0.3,4.6,6.7,9.8,7.71,83.0,3.4,16.0,0.4,-6.55,-1.72,5.55,-1.12,83.0,6.27,16.0,0.4,-6.2,-2.62,3.75,-1.11,83.0,5.47,16.0,0.4,1014.0,1020.0,1022.22,1019.12,54.0,3.88,18.0,0.5,2.0,6.0,8.0,5.2,82.0,2.3,16.0,0.5,88.9,91.6,94.5,91.4,17.0,3.7,18.0,0.5,0.7,0.3,-43.9,-7.9,37.2,-5.2,83.0,73.5,16.0,0.4,-53.6,-15.0,25.1,-11.1,83.0,64.2,16.0,0.4,-0.6,0.3,1.1,0.35,79.0,1.0,18.0,0.4,-4.6,2.3,7.2,2.5,79.0,7.6,18.0,0.4,1.28,1.51,1.77,1.51,9.0,0.27,18.0,0.6,5.9,10.1,26.7,15.8,9.0,10.0,18.0,0.6,-120.1,-31.0,65.7,-30.5,79.0,107.4,18.0,0.4,-100.0,-46.6,78.2,-13.3,79.0,97.8,18.0,0.4,29.5,65.1,120.6,71.0,9.0,47.2,18.0,0.6,-121.9,-53.4,-40.9,-73.1,9.0,39.8,18.0,0.6,3.2,8.5,19.6,10.6,9.0,8.3,18.0,0.6,-19.6,-6.5,-4.6,-10.9,9.0,7.1,18.0,0.6,97.5,301.0,941.0,768.5,83.0,1171.0,16.0,0.4,95.0,300.0,940.0,770.0,83.0,1170.0,16.0,0.4
1887,9,346.3,46.6,17.2,17.7,18.28,17.65,34.0,0.52,16.0,0.5,16.7,17.8,18.48,17.76,40.0,1.1,16.0,0.5,10.06,11.17,12.05,10.96,17.0,0.99,12.0,0.5,80.3,95.0,99.0,91.1,17.0,9.7,12.0,0.5,0.7,0.2,4.6,9.3,12.3,8.78,40.0,3.44,16.0,0.5,-9.14,-5.59,0.79,-4.49,40.0,5.28,16.0,0.5,0.35,4.55,8.56,4.84,40.0,4.29,16.0,0.5,1013.2,1017.3,1026.12,1019.05,30.0,5.76,14.0,0.5,4.0,6.0,8.0,5.7,40.0,2.0,16.0,0.5,80.3,95.0,99.0,91.1,17.0,9.7,12.0,0.5,0.7,0.2,-112.4,-37.4,2.1,-50.3,40.0,62.5,16.0,0.5,0.9,33.8,98.9,48.6,40.0,52.9,16.0,0.5,-0.95,-0.25,0.93,-0.22,34.0,0.95,16.0,0.5,-7.4,-2.2,5.8,-1.7,34.0,7.4,16.0,0.5,0.23,1.31,2.91,1.53,12.0,1.31,12.0,0.6,1.0,8.8,13.7,8.9,12.0,9.8,12.0,0.6,-155.3,-103.2,15.3,-79.5,40.0,91.2,16.0,0.5,7.2,82.3,148.2,84.3,40.0,76.8,16.0,0.5,-100.6,0.0,43.6,-20.3,17.0,64.8,12.0,0.5,24.4,88.1,99.9,72.5,17.0,52.6,12.0,0.5,0.0,3.5,5.6,3.8,12.0,7.1,12.0,0.6,-2.2,7.2,12.7,6.2,12.0,8.6,12.0,0.6,97.5,804.5,1861.0,977.0,40.0,914.5,16.0,0.5,95.0,805.0,1860.0,975.0,40.0,915.0,16.0,0.5
1887,9,346.3,48.6,15.6,16.1,16.7,16.24,37.0,0.8,16.0,0.5,15.0,15.8,16.77,15.79,41.0,1.25,18.0,0.5,8.72,9.44,9.73,9.36,11.0,0.47,30.0,0.6,82.8,87.9,89.0,86.5,11.0,3.7,30.0,0.6,0.5,0.1,4.6,9.8,19.0,11.13,44.0,5.97,18.0,0.5,-9.08,-4.02,6.18,-3.03,44.0,7.84,18.0,0.5,-10.62,0.0,8.23,-1.31,44.0,9.47,18.0,0.5,1009.78,1015.9,1022.89,1015.19,28.0,6.88,22.0,0.6,4.0,6.0,8.0,6.2,39.0,1.7,18.0,0.5,82.8,87.9,89.0,86.5,11.0,3.7,30.0,0.6,0.5,0.1,-133.8,-27.1,41.4,-41.5,44.0,130.9,18.0,0.5,-201.9,0.0,80.5,-38.5,44.0,155.9,18.0,0.5,-0.38,0.0,0.6,0.16,34.0,0.5,16.0,0.5,-2.3,0.0,8.3,2.0,33.0,6.6,16.0,0.5,1.24,1.79,2.24,1.71,6.0,0.6,30.0,0.7,23.6,34.0,42.6,32.6,6.0,11.4,30.0,0.7,-185.5,-82.2,99.8,-50.5,38.0,129.5,18.0,0.4,-171.5,3.8,132.5,-10.5,38.0,148.5,18.0,0.4,-151.7,-137.4,-3.6,-78.1,9.0,85.7,30.0,0.6,-135.1,-102.3,-39.9,-92.5,9.0,47.0,30.0,0.6,-35.3,-21.1,-7.6,-18.3,6.0,19.2,30.0,0.7,-27.0,-19.0,-13.2,-20.8,6.0,10.7,30.0,0.7,97.5,941.0,6859.0,2539.0,44.0,2909.0,18.0,0.5,95.0,940.0,6860.0,2540.0,44.0,2910.0,18.0,0.5
1887,9,346.3,50.6,,,,,,,,,,,,,,,,,,,,,,,,,,,,,,,,,,,4.54,5.65,9.8,6.55,26.0,3.15,12.0,0.4,-5.52,2.17,6.7,0.65,26.0,5.8,12.0,0.4,-2.51,0.0,3.58,0.62,26.0,4.48,12.0,0.4,1009.32,1021.0,1023.0,1018.08,11.0,6.72,8.0,0.4,,,,,,,,,,,,,,,,,,,,,,,,,,,,,,,,,,,,,,,,,,,,,,,,,,,,,,,,,,,,,,,,,,,,,,,,,,,,,,,,,,,,,,,,,,,,,,,,,,,,,,,,,,,,,,,,,,,,,,,,,,,,,,,,,,
1887,9,346.3,52.6,,,,,,,,,,,,,,,,,,,,,,,,,,,,,,,,,,,6.7,6.7,6.7,6.7,2.0,0.0,10.0,1.0,6.29,6.46,6.62,6.46,2.0,0.34,10.0,1.0,-2.11,-1.25,-0.4,-1.25,2.0,1.77,10.0,1.0,1015.32,1016.0,1016.68,1016.0,2.0,1.41,10.0,1.0,,,,,,,,,,,,,,,,,,,,,,,,,,,,,,,,,,,,,,,,,,,,,,,,,,,,,,,,,,,,,,,,,,,,,,,,,,,,,,,,,,,,,,,,,,,,,,,,,,,,,,,,,,,,,,,,,,,,,,,,,,,,,,,,,,
1887,9,348.3,-37.4,,,,,,,,,,,,,,,,,,,,,,,,,,,,,,,,,,,9.18,12.3,19.17,13.51,7.0,5.77,16.0,0.4,-2.61,0.0,11.63,4.29,7.0,9.52,16.0,0.4,-11.77,-9.3,-5.9,-9.26,7.0,5.84,16.0,0.4,1007.1,1008.1,1019.63,1011.03,9.0,7.27,22.0,0.3,,,,,,,,,,,,,,,,,,,,,,,,,,,,,,,,,,,,,,,,,,,,,,,,,,,,,,,,,,,,,,,,,,,,,,,,,,,,,,,,,,,,,,,,,,,,,,,,,,,,,,,,,,,,,,,,,,,,,,,,,,,,,,,,,,
1887,9,348.3,-35.4,,,,,,,,,,,,,,,,,,,,,,,,,,,,,,,,,,,4.6,8.0,12.3,8.49,22.0,4.42,16.0,0.6,-1.77,3.07,8.31,3.23,22.0,4.67,16.0,0.6,-8.28,-4.83,4.49,-2.69,22.0,7.4,16.0,0.6,1011.57,1018.0,1024.78,1017.67,21.0,6.39,14.0,0.6,,,,,,,,,,,,,,,,,,,,,,,,,,,,,,,,,,,,,,,,,,,,,,,,,,,,,,,,,,,,,,,,,,,,,,,,,,,,,,,,,,,,,,,,,,,,,,,,,,,,,,,,,,,,,,,,,,,,,,,,,,,,,,,,,,
1887,9,348.3,-33.4,,,,,,,,,,,,,,,,,,,,,,,,,,,,,,,,,,,15.4,19.0,19.0,17.46,7.0,1.92,12.0,0.6,0.0,6.02,8.51,4.67,7.0,4.61,12.0,0.6,12.82,17.49,19.0,16.07,7.0,3.37,12.0,0.6,1019.67,1021.35,1021.7,1020.9,8.0,1.39,12.0,0.6,,,,,,,,,,,,,,,,,,,,,,,,,,,,,,,,,,,,,,,,,,,,,,,,,,,,,,,,,,,,,,,,,,,,,,,,,,,,,,,,,,,,,,,,,,,,,,,,,,,,,,,,,,,,,,,,,,,,,,,,,,,,,,,,,,
1887,9,348.3,-31.4,,,,,,,,,,,,,,,,,,,,,,,,,,,,,,,,,,,12.3,12.3,12.3,12.3,1.0,0.0,28.0,0.0,8.7,8.7,8.7,8.7,1.0,0.0,28.0,0.0,8.7,8.7,8.7,8.7,1.0,0.0,28.0,0.0,1019.0,1019.0,1019.0,1019.0,1.0,0.0,28.0,0.0,3.0,3.0,3.0,3.0,1.0,0.0,28.0,0.0,80.9,80.9,80.9,80.9,1.0,0.0,28.0,0.0,0.5,0.5,107.0,107.0,107.0,107.0,1.0,0.0,28.0,0.0,107.0,107.0,107.0,107.0,1.0,0.0,28.0,0.0,,,,,,,,,,,,,,,,,,,,,,,,,,,,,,,,,146.1,146.1,146.1,146.1,1.0,0.0,28.0,0.0,146.1,146.1,146.1,146.1,1.0,0.0,28.0,0.0,82.9,82.9,82.9,82.9,1.0,0.0,28.0,0.0,82.9,82.9,82.9,82.9,1.0,0.0,28.0,0.0,,,,,,,,,,,,,,,,,,,,,,,,,,,,,,,,
1887,9,348.3,-21.4,,,,,,,,,,,,,,,,,,,,,,,,,,,,,,,,,,,4.6,4.6,4.6,4.6,3.0,0.0,2.0,0.0,-4.31,-4.29,-4.29,-4.3,3.0,0.02,2.0,0.0,1.6,1.65,1.65,1.62,3.0,0.04,2.0,0.0,1017.8,1017.8,1017.8,1017.8,3.0,0.0,2.0,0.0,,,,,,,,,,,,,,,,,,,,,,,,,,,,,,,,,,,,,,,,,,,,,,,,,,,,,,,,,,,,,,,,,,,,,,,,,,,,,,,,,,,,,,,,,,,,,,,,,,,,,,,,,,,,,,,,,,,,,,,,,,,,,,,,,,
1887,9,348.3,-19.4,18.9,19.15,19.4,19.15,8.0,0.27,2.0,0.8,19.38,20.0,21.75,20.4,7.0,1.37,2.0,0.7,13.24,13.68,15.27,14.08,7.0,1.22,2.0,0.7,94.6,94.6,94.7,94.7,7.0,0.2,2.0,0.7,0.2,0.2,2.6,2.6,2.6,2.85,8.0,0.71,2.0,0.8,-2.43,-2.43,-2.43,-2.66,8.0,0.66,2.0,0.8,0.93,0.93,0.93,1.02,8.0,0.25,2.0,0.8,1017.23,1017.65,1018.51,1017.78,8.0,0.56,2.0,0.8,0.0,2.0,2.0,1.3,8.0,1.0,2.0,0.8,94.6,94.6,94.7,94.7,7.0,0.2,2.0,0.7,0.2,0.2,-6.3,-6.3,-6.3,-8.0,8.0,4.8,2.0,0.8,2.4,2.4,2.4,3.1,8.0,1.8,2.0,0.8,-2.83,-0.6,-0.48,-1.29,7.0,1.29,2.0,0.7,-7.4,-1.6,-1.2,-3.3,7.0,3.4,2.0,0.7,-1.74,0.25,0.28,-0.39,7.0,1.17,2.0,0.7,-4.5,0.7,0.8,-0.8,7.0,3.3,2.0,0.7,-56.6,-48.5,-48.5,-54.6,7.0,12.1,2.0,0.7,18.6,18.6,21.7,20.9,7.0,4.6,2.0,0.7,-40.2,-33.2,-33.2,-37.6,7.0,8.0,2.0,0.7,12.7,12.8,15.4,14.4,7.0,3.1,2.0,0.7,-0.8,-0.6,4.2,0.7,7.0,3.1,2.0,0.7,-1.6,0.2,0.3,-0.3,7.0,1.2,2.0,0.7,17.5,17.5,17.5,27.5,8.0,28.0,2.0,0.8,20.0,20.0,20.0,30.0,8.0,30.0,2.0,0.8
1887,9,348.3,-17.4,,,,,,,,,,,,,,,,,,,,,,,,,,,,,,,,,,,6.7,6.7,6.7,6.7,7.0,0.0,22.0,0.9,-6.3,-6.3,-6.1,-6.04,7.0,0.58,22.0,0.9,2.29,2.29,2.72,2.73,7.0,0.9,22.0,0.9,1021.1,1022.1,1023.2,1022.17,11.0,0.93,22.0,0.5,,,,,,,,,,,,,,,,,,,,,,,,,,,,,,,,,,,,,,,,,,,,,,,,,,,,,,,,,,,,,,,,,,,,,,,,,,,,,,,,,,,,,,,,,,,,,,,,,,,,,,,,,,,,,,,,,,,,,,,,,,,,,,,,,,
1887,9,348.3,-11.4,22.69,23.0,23.37,23.06,5.0,0.56,2.0,0.4,20.69,21.25,21.66,21.18,4.0,0.61,2.0,0.3,12.95,13.46,13.86,13.41,3.0,0.66,2.0,0.3,80.4,84.6,89.1,84.8,3.0,6.3,2.0,0.3,0.7,0.8,4.6,6.7,6.7,5.86,5.0,1.15,2.0,0.4,-6.18,-4.74,-3.64,-4.85,5.0,1.34,2.0,0.4,2.51,2.62,3.79,3.12,5.0,0.95,2.0,0.4,1015.06,1016.6,1017.0,1016.14,5.0,1.01,2.0,0.4,3.9,6.0,6.0,5.0,5.0,1.7,2.0,0.4,80.4,84.6,89.1,84.8,3.0,6.3,2.0,0.3,0.7,0.8,-41.4,-31.7,-16.7,-29.5,5.0,12.7,2.0,0.4,13.7,16.8,22.7,18.5,5.0,7.8,2.0,0.4,1.1,1.6,2.21,1.65,4.0,0.66,2.0,0.3,5.0,9.5,14.8,9.9,4.0,5.7,2.0,0.3,3.43,3.49,4.36,3.88,3.0,0.76,2.0,0.3,17.9,21.9,22.5,20.2,3.0,3.7,2.0,0.3,-114.4,-89.8,-76.6,-95.2,4.0,25.7,2.0,0.3,53.3,62.4,84.4,68.5,4.0,20.5,2.0,0.3,-76.0,-51.9,-44.7,-60.2,3.0,24.0,2.0,0.3,34.2,35.2,39.4,36.8,3.0,4.0,2.0,0.3,-19.3,-15.5,-14.1,-16.7,3.0,4.0,2.0,0.3,8.6,8.7,13.3,10.9,3.0,4.0,2.0,0.3,97.5,301.0,301.0,219.5,5.0,111.5,2.0,0.4,95.0,300.0,300.0,220.0,5.0,110.0,2.0,0.4
1887,9,348.3,-9.4,,,,,,,,,,,,,,,,,,,,,,,,,,,,,,,,,,,4.6,4.6,4.6,4.6,1.0,0.0,2.0,1.0,-4.23,-4.23,-4.23,-4.23,1.0,0.0,2.0,1.0,1.8,1.8,1.8,1.8,1.0,0.0,2.0,1.0,1016.3,1016.3,1016.3,1016.3,1.0,0.0,2.0,1.0,,,,,,,,,,,,,,,,,,,,,,,,,,,,,,,,,,,,,,,,,,,,,,,,,,,,,,,,,,,,,,,,,,,,,,,,,,,,,,,,,,,,,,,,,,,,,,,,,,,,,,,,,,,,,,,,,,,,,,,,,,,,,,,,,,
1887,9,348.3,2.6,,,,,,,,,,,,,,,,,,,,,,,,,,,,,,,,,,,6.7,6.7,6.7,6.7,3.0,0.0,14.0,0.7,4.74,4.74,4.74,4.74,3.0,0.0,14.0,0.7,4.74,4.74,4.74,4.74,3.0,0.0,14.0,0.7,1012.43,1012.7,1014.34,1013.37,3.0,1.51,14.0,0.7,,,,,,,,,,,,,,,,,,,,,,,,,,,,,,,,,,,,,,,,,,,,,,,,,,,,,,,,,,,,,,,,,,,,,,,,,,,,,,,,,,,,,,,,,,,,,,,,,,,,,,,,,,,,,,,,,,,,,,,,,,,,,,,,,,
1887,9,348.3,4.6,,,,,,,,,,,,,,,,,,,,,,,,,,,,,,,,,,,6.7,6.7,6.7,6.7,1.0,0.0,14.0,1.0,6.7,6.7,6.7,6.7,1.0,0.0,14.0,1.0,0.0,0.0,0.0,0.0,1.0,0.0,14.0,1.0,1012.5,1012.5,1012.5,1012.5,1.0,0.0,14.0,1.0,,,,,,,,,,,,,,,,,,,,,,,,,,,,,,,,,,,,,,,,,,,,,,,,,,,,,,,,,,,,,,,,,,,,,,,,,,,,,,,,,,,,,,,,,,,,,,,,,,,,,,,,,,,,,,,,,,,,,,,,,,,,,,,,,,
1887,9,348.3,6.6,,,,,,,,,,,,,,,,,,,,,,,,,,,,,,,,,,,6.7,6.7,6.7,6.7,2.0,0.0,14.0,0.0,2.26,2.66,3.06,2.66,2.0,0.83,14.0,0.0,5.94,6.12,6.29,6.12,2.0,0.36,14.0,0.0,1012.96,1013.1,1013.24,1013.1,2.0,0.28,14.0,0.0,,,,,,,,,,,,,,,,,,,,,,,,,,,,,,,,,,,,,,,,,,,,,,,,,,,,,,,,,,,,,,,,,,,,,,,,,,,,,,,,,,,,,,,,,,,,,,,,,,,,,,,,,,,,,,,,,,,,,,,,,,,,,,,,,,
1887,9,348.3,34.6,21.11,21.8,23.81,22.14,8.0,1.27,12.0,0.6,20.89,22.2,23.17,22.1,8.0,1.04,12.0,0.6,11.91,12.12,14.78,13.32,3.0,2.35,16.0,1.0,70.0,73.3,85.2,77.5,3.0,11.7,16.0,1.0,0.2,0.7,1.18,6.95,9.74,5.93,8.0,4.04,12.0,0.8,0.08,2.29,3.67,1.65,8.0,2.6,12.0,0.8,-9.08,-5.18,-0.74,-4.82,8.0,4.47,12.0,0.8,1015.85,1017.7,1019.1,1017.19,7.0,2.23,12.0,0.9,1.3,6.0,7.7,4.7,9.0,2.9,10.0,0.7,70.0,73.3,85.2,77.5,3.0,11.7,16.0,1.0,0.2,0.7,0.1,13.0,34.1,10.5,8.0,22.8,12.0,0.8,-88.5,-43.9,-0.7,-43.7,8.0,44.8,12.0,0.8,-1.51,0.3,1.1,0.04,8.0,1.39,12.0,0.6,-2.7,0.9,4.9,-1.0,7.0,7.1,12.0,0.7,1.8,6.5,6.63,4.27,3.0,4.04,16.0,1.0,1.8,6.5,23.1,12.3,3.0,16.4,16.0,1.0,14.9,53.7,86.1,53.4,7.0,35.9,12.0,0.7,-201.7,-41.2,-14.2,-94.8,7.0,100.1,12.0,0.7,2.7,8.6,36.8,19.5,3.0,26.7,16.0,1.0,-19.6,-16.0,-10.9,-15.3,3.0,6.4,16.0,1.0,1.5,4.6,20.8,11.0,3.0,15.2,16.0,1.0,-9.7,-4.6,-1.2,-5.4,3.0,6.3,16.0,1.0,3.0,451.0,926.0,451.0,8.0,455.0,12.0,0.8,5.0,450.0,925.0,450.0,8.0,455.0,12.0,0.8
1887,9,348.3,36.6,20.1,21.0,21.93,21.05,24.0,1.06,12.0,0.5,19.6,20.2,20.85,20.44,21.0,1.15,12.0,0.5,11.12,12.51,14.33,12.72,6.0,1.74,18.0,0.2,79.4,80.0,91.5,83.6,6.0,6.5,18.0,0.2,0.7,0.5,2.6,6.7,9.3,6.74,25.0,3.53,12.0,0.4,-3.63,-0.71,2.09,-0.76,25.0,2.6,12.0,0.4,-9.06,-6.21,-1.46,-6.0,25.0,3.86,12.0,0.4,1015.67,1017.2,1018.44,1017.37,28.0,2.68,12.0,0.4,2.0,3.0,6.0,3.7,27.0,1.9,12.0,0.5,79.4,80.0,91.5,83.6,6.0,6.5,18.0,0.2,0.7,0.5,-33.8,-1.6,17.3,-7.4,25.0,23.0,12.0,0.4,-84.3,-41.6,-3.6,-53.0,25.0,52.0,12.0,0.4,-0.87,0.7,1.3,0.55,21.0,1.58,12.0,0.5,-1.1,5.0,10.5,5.7,18.0,7.5,14.0,0.4,0.21,2.85,6.32,3.07,6.0,3.23,18.0,0.2,0.2,14.7,36.4,17.9,6.0,20.0,18.0,0.2,-40.6,-4.8,44.6,4.6,18.0,45.2,14.0,0.4,-173.9,-110.9,-16.4,-105.2,18.0,81.8,14.0,0.4,-10.1,4.8,33.0,11.8,6.0,26.6,18.0,0.2,-57.2,-29.1,-9.9,-33.4,6.0,26.4,18.0,0.2,-0.3,5.6,18.0,8.5,6.0,10.4,18.0,0.2,-29.5,-12.4,-0.2,-15.3,6.0,17.5,18.0,0.2,17.5,301.0,804.5,555.0,25.0,774.0,12.0,0.4,20.0,300.0,805.0,555.0,25.0,775.0,12.0,0.4
1887,9,348.3,38.6,19.32,19.9,20.48,19.81,14.0,0.77,12.0,0.4,19.09,19.6,20.06,19.63,16.0,0.52,12.0,0.4,10.58,13.45,13.64,12.36,7.0,1.59,14.0,0.4,75.8,94.0,95.8,87.4,7.0,10.5,14.0,0.4,0.3,0.5,4.6,6.7,9.3,7.88,16.0,3.01,12.0,0.4,-1.48,3.78,6.58,2.5,16.0,5.1,12.0,0.4,-6.83,-4.74,-1.47,-4.99,16.0,4.01,12.0,0.4,1015.52,1017.3,1019.0,1017.08,15.0,1.65,14.0,0.4,2.0,4.5,6.0,4.1,16.0,2.3,12.0,0.4,75.8,94.0,95.8,87.4,7.0,10.5,14.0,0.4,0.3,0.5,-6.8,22.7,72.9,25.0,16.0,47.8,12.0,0.4,-63.1,-27.0,-11.3,-46.3,16.0,57.6,12.0,0.4,-0.29,0.25,0.49,0.17,14.0,0.52,12.0,0.4,-2.0,1.4,3.7,1.2,14.0,5.2,12.0,0.4,0.9,3.91,4.11,2.79,5.0,1.8,10.0,0.6,6.6,36.4,38.2,25.4,5.0,17.4,10.0,0.6,-29.0,76.3,128.0,49.2,16.0,100.6,12.0,0.4,-133.0,-95.4,-29.9,-96.8,16.0,76.7,12.0,0.4,-86.2,-13.0,71.1,-1.6,7.0,85.7,14.0,0.4,-68.8,-57.0,1.7,-34.3,7.0,40.7,14.0,0.4,-6.1,25.8,31.5,15.7,5.0,20.2,10.0,0.6,-27.0,-6.9,1.0,-11.8,5.0,14.8,10.0,0.6,97.5,301.0,804.5,714.5,16.0,908.0,12.0,0.4,95.0,300.0,805.0,715.0,16.0,910.0,12.0,0.4
1887,9,348.3,40.6,18.1,19.4,20.0,19.17,38.0,0.91,14.0,0.5,18.3,19.3,20.43,19.37,43.0,1.31,14.0,0.5,10.57,12.76,13.19,12.27,13.0,1.26,22.0,0.5,86.7,91.0,93.5,89.4,13.0,4.9,22.0,0.5,0.7,0.4,4.6,6.7,10.64,7.39,43.0,3.63,14.0,0.5,-2.36,1.72,6.18,1.8,43.0,4.23,14.0,0.5,-8.71,-4.42,-1.77,-5.55,43.0,4.05,14.0,0.5,1013.04,1017.0,1020.36,1016.59,35.0,3.75,18.0,0.5,1.2,3.0,6.0,3.9,40.0,2.5,14.0,0.5,86.7,91.0,93.5,89.4,13.0,4.9,22.0,0.5,0.7,0.4,-11.8,5.8,44.7,18.5,43.0,46.7,14.0,0.5,-89.8,-20.3,-7.6,-52.5,43.0,61.5,14.0,0.5,-1.5,0.05,0.64,-0.33,38.0,1.5,14.0,0.5,-11.4,0.1,7.4,-3.0,38.0,11.2,14.0,0.5,0.64,1.19,2.16,1.21,8.0,1.62,20.0,0.4,3.1,5.5,9.9,7.6,8.0,12.3,20.0,0.4,-55.4,30.0,120.3,35.2,43.0,83.7,14.0,0.5,-176.0,-89.5,-34.9,-106.1,43.0,75.9,14.0,0.5,-43.0,-24.5,0.0,-21.6,13.0,28.6,22.0,0.5,-91.3,-54.5,-24.3,-59.2,13.0,32.2,22.0,0.5,-3.5,-1.0,3.3,-0.3,8.0,5.2,20.0,0.4,-5.1,-3.6,-0.2,-5.5,8.0,12.4,20.0,0.4,97.5,301.0,1249.0,730.5,43.0,1063.5,14.0,0.5,95.0,300.0,1250.0,730.0,43.0,1065.0,14.0,0.5
1887,9,348.3,42.6,17.5,19.0,19.6,18.75,31.0,0.9,14.0,0.5,16.0,18.5,19.8,18.26,30.0,1.92,14.0,0.5,14.16,14.16,14.16,14.16,1.0,0.0,4.0,1.0,99.4,99.4,99.4,99.4,1.0,0.0,4.0,1.0,0.8,0.2,4.6,9.8,15.4,10.25,31.0,4.61,14.0,0.5,-4.01,4.32,9.29,2.96,31.0,6.42,14.0,0.5,-14.18,-4.61,-1.2,-6.14,31.0,6.38,14.0,0.5,1010.61,1015.5,1023.0,1016.66,28.0,5.91,12.0,0.5,2.0,6.0,7.2,4.9,31.0,2.2,14.0,0.5,99.4,99.4,99.4,99.4,1.0,0.0,4.0,1.0,0.8,0.2,-39.4,19.9,101.1,32.7,31.0,88.3,14.0,0.5,-218.7,-56.7,-4.5,-81.2,31.0,99.1,14.0,0.5,-0.34,0.4,1.54,0.47,30.0,1.36,14.0,0.5,-2.2,2.8,22.4,8.0,30.0,13.6,14.0,0.5,0.18,0.18,0.18,0.18,1.0,0.0,4.0,1.0,0.8,0.8,0.8,0.8,1.0,0.0,4.0,1.0,-81.0,84.5,182.6,56.8,30.0,116.2,14.0,0.5,-222.6,-92.7,-18.3,-106.0,30.0,110.3,14.0,0.5,61.2,61.2,61.2,61.2,1.0,0.0,4.0,1.0,-22.3,-22.3,-22.3,-22.3,1.0,0.0,4.0,1.0,0.8,0.8,0.8,0.8,1.0,0.0,4.0,1.0,-0.3,-0.3,-0.3,-0.3,1.0,0.0,4.0,1.0,97.5,941.0,3652.5,1709.5,31.0,1710.0,14.0,0.5,95.0,940.0,3650.0,1710.0,31.0,1710.0,14.0,0.5
1887,9,348.3,44.6,,,,,,,,,,,,,,,,,,,,,,,,,,,,,,,,,,,4.6,9.3,12.3,9.06,46.0,3.82,18.0,0.5,-8.69,-1.35,7.23,-1.01,46.0,7.74,18.0,0.5,-6.85,-4.23,0.78,-3.08,46.0,5.28,18.0,0.5,1011.83,1018.4,1021.16,1016.69,29.0,5.45,20.0,0.4,2.0,6.0,8.0,5.5,45.0,2.4,18.0,0.5,72.6,76.4,80.3,76.4,2.0,8.0,16.0,1.0,0.5,0.5,-103.2,-5.2,85.6,-13.6,46.0,97.3,18.0,0.5,-92.7,-31.7,0.8,-31.2,46.0,62.1,18.0,0.5,,,,,,,,,,,,,,,,,,,,,,,,,,,,,,,,,,,,,,,,,,,,,,,,,,,,,,,,,,,,,,,,,,,,,,,,,,,,,,,,,,,,,,,,,,,,,,,,
1887,9,348.3,46.6,16.4,17.2,17.8,17.07,99.0,0.73,16.0,0.5,15.57,16.7,17.7,16.63,100.0,1.14,16.0,0.5,8.22,8.9,10.76,9.23,22.0,1.23,14.0,0.3,74.7,83.0,93.8,84.2,24.0,8.9,14.0,0.3,0.6,0.4,4.6,8.0,12.3,8.41,106.0,5.15,16.0,0.5,-8.62,0.0,7.35,-0.03,106.0,8.25,16.0,0.5,-4.28,0.0,4.65,-0.2,106.0,5.45,16.0,0.5,1015.96,1020.0,1028.0,1020.47,69.0,5.39,16.0,0.4,3.0,6.0,8.0,5.8,107.0,2.2,16.0,0.4,74.7,83.0,93.8,84.2,24.0,8.9,14.0,0.3,0.6,0.4,-80.2,0.0,80.2,9.7,106.0,128.2,16.0,0.5,-40.1,0.0,41.6,-6.8,106.0,71.1,16.0,0.5,-0.5,0.3,1.34,0.45,99.0,0.97,16.0,0.5,-3.3,1.4,11.4,3.6,98.0,9.7,16.0,0.5,1.09,2.68,3.44,2.58,21.0,1.05,14.0,0.3,0.0,6.4,21.3,11.5,21.0,13.1,14.0,0.3,-145.4,0.0,140.8,-5.3,99.0,142.4,16.0,0.5,-71.4,0.0,85.6,1.3,99.0,92.5,16.0,0.5,-8.8,0.0,68.0,19.3,22.0,43.2,14.0,0.3,-61.2,-19.1,0.0,-25.3,22.0,41.0,14.0,0.3,-2.3,0.0,10.8,4.2,21.0,9.9,14.0,0.3,-19.8,-3.3,0.0,-8.4,21.0,10.9,14.0,0.3,97.5,552.5,1861.0,1346.0,106.0,2308.0,16.0,0.5,95.0,555.0,1860.0,1345.0,106.0,2310.0,16.0,0.5
1887,9,348.3,48.6,15.23,16.0,16.7,16.02,53.0,0.94,14.0,0.5,14.81,16.15,17.2,16.07,58.0,1.19,14.0,0.6,8.03,10.37,12.14,10.2,8.0,2.16,14.0,0.8,74.5,88.8,100.0,87.6,8.0,12.3,14.0,0.8,0.8,0.0,4.6,9.3,13.63,9.14,55.0,5.28,16.0,0.6,-10.2,-2.35,4.77,-2.05,55.0,8.35,16.0,0.6,-5.79,-1.39,8.23,-0.19,55.0,6.25,16.0,0.6,1014.12,1017.95,1023.0,1016.04,20.0,8.98,16.0,0.6,3.2,7.0,8.0,6.1,59.0,2.4,16.0,0.5,74.5,88.8,100.0,87.6,8.0,12.3,14.0,0.8,0.8,0.0,-125.4,-16.5,44.7,-15.6,55.0,126.3,16.0,0.6,-57.7,-4.8,85.6,-0.1,55.0,85.6,16.0,0.6,-0.6,0.0,0.57,-0.02,53.0,0.85,14.0,0.5,-9.4,0.0,5.5,0.0,49.0,9.1,14.0,0.6,3.04,3.06,3.23,3.13,4.0,0.16,10.0,0.8,20.4,25.9,34.7,27.5,4.0,8.6,10.0,0.8,-160.4,-34.1,80.8,-29.0,54.0,135.6,16.0,0.6,-76.1,-17.6,144.5,4.8,54.0,100.2,16.0,0.6,-111.0,-54.4,37.8,-43.9,8.0,74.5,14.0,0.8,-53.8,22.9,99.9,17.7,8.0,89.7,14.0,0.8,0.0,7.4,18.6,9.2,4.0,11.1,10.0,0.8,-28.8,-21.3,-20.4,-24.4,4.0,7.0,10.0,0.8,97.5,804.5,2631.5,1534.0,55.0,1980.5,16.0,0.6,95.0,805.0,2630.0,1535.0,55.0,1980.0,16.0,0.6
1887,9,348.3,50.6,,,,,,,,,,,,,,,,,,,,,,,,,,,,,,,,,,,4.6,9.8,12.3,8.8,35.0,4.26,16.0,0.5,-11.4,-6.21,0.0,-4.87,35.0,7.01,16.0,0.5,-5.13,-1.45,1.84,-1.12,35.0,4.79,16.0,0.5,1006.09,1006.7,1006.9,1006.5,3.0,0.62,2.0,0.3,,,,,,,,,,,,,,,,,,,,,,,,,,,,,,,,,,,,,,,,,,,,,,,,,,,,,,,,,,,,,,,,,,,,,,,,,,,,,,,,,,,,,,,,,,,,,,,,,,,,,,,,,,,,,,,,,,,,,,,,,,,,,,,,,,
1887,9,348.3,52.6,,,,,,,,,,,,,,,,,,,,,,,,,,,,,,,,,,,4.6,6.7,14.07,8.58,10.0,5.37,8.0,0.4,3.81,4.67,6.71,5.15,10.0,1.83,8.0,0.4,-0.56,3.68,11.89,5.57,10.0,6.59,8.0,0.4,1011.86,1015.5,1024.0,1017.4,10.0,5.54,8.0,0.4,,,,,,,,,,,,,,,,,,,,,,,,,,,,,,,,,,,,,,,,,,,,,,,,,,,,,,,,,,,,,,,,,,,,,,,,,,,,,,,,,,,,,,,,,,,,,,,,,,,,,,,,,,,,,,,,,,,,,,,,,,,,,,,,,,
1887,9,348.3,54.6,,,,,,,,,,,,,,,,,,,,,,,,,,,,,,,,,,,4.41,12.3,12.6,9.87,13.0,5.25,10.0,0.5,0.0,3.25,11.42,5.15,13.0,5.41,10.0,0.5,-12.57,-3.25,0.35,-4.87,13.0,7.02,10.0,0.5,1012.86,1017.5,1020.57,1016.75,4.0,5.12,8.0,0.8,,,,,,,,,,,,,,,,,,,,,,,,,,,,,,,,,,,,,,,,,,,,,,,,,,,,,,,,,,,,,,,,,,,,,,,,,,,,,,,,,,,,,,,,,,,,,,,,,,,,,,,,,,,,,,,,,,,,,,,,,,,,,,,,,,
1887,9,350.3,-39.4,,,,,,,,,,,,,,,,,,,,,,,,,,,,,,,,,,,9.3,9.3,9.3,9.3,1.0,0.0,2.0,0.0,1.93,1.93,1.93,1.93,1.0,0.0,2.0,0.0,-9.1,-9.1,-9.1,-9.1,1.0,0.0,2.0,0.0,1023.5,1023.5,1023.5,1023.5,1.0,0.0,2.0,0.0,,,,,,,,,,,,,,,,,,,,,,,,,,,,,,,,,,,,,,,,,,,,,,,,,,,,,,,,,,,,,,,,,,,,,,,,,,,,,,,,,,,,,,,,,,,,,,,,,,,,,,,,,,,,,,,,,,,,,,,,,,,,,,,,,,
1887,9,350.3,-37.4,,,,,,,,,,,,,,,,,,,,,,,,,,,,,,,,,,,6.7,12.3,19.92,13.49,12.0,6.08,10.0,0.5,-5.59,-1.25,8.37,1.84,12.0,9.17,10.0,0.5,-16.4,-8.58,-6.21,-10.67,12.0,4.86,10.0,0.5,1003.07,1004.2,1025.1,1012.37,9.0,11.96,6.0,0.4,,,,,,,,,,,,,,,,,,,,,,,,,,,,,,,,,,,,,,,,,,,,,,,,,,,,,,,,,,,,,,,,,,,,,,,,,,,,,,,,,,,,,,,,,,,,,,,,,,,,,,,,,,,,,,,,,,,,,,,,,,,,,,,,,,
1887,9,350.3,-35.4,,,,,,,,,,,,,,,,,,,,,,,,,,,,,,,,,,,3.71,6.7,8.6,7.44,9.0,4.83,26.0,0.4,-0.74,0.0,6.57,2.41,9.0,3.8,26.0,0.4,-8.6,-4.74,0.71,-4.9,9.0,6.14,26.0,0.4,1018.0,1024.6,1026.64,1020.9,9.0,8.03,26.0,0.3,,,,,,,,,,,,,,,,,,,,,,,,,,,,,,,,,,,,,,,,,,,,,,,,,,,,,,,,,,,,,,,,,,,,,,,,,,,,,,,,,,,,,,,,,,,,,,,,,,,,,,,,,,,,,,,,,,,,,,,,,,,,,,,,,,
1887,9,350.3,-33.4,,,,,,,,,,,,,,,,,,,,,,,,,,,,,,,,,,,8.64,9.3,13.09,10.38,12.0,2.89,16.0,0.3,4.79,6.58,7.04,6.4,12.0,1.27,16.0,0.3,6.11,6.58,11.73,8.0,12.0,3.12,16.0,0.3,1017.6,1018.9,1020.4,1019.04,12.0,1.74,16.0,0.3,,,,,,,,,,,,,,,,,,,,,,,,,,,,,,,,,,,,,,,,,,,,,,,,,,,,,,,,,,,,,,,,,,,,,,,,,,,,,,,,,,,,,,,,,,,,,,,,,,,,,,,,,,,,,,,,,,,,,,,,,,,,,,,,,,
1887,9,350.3,-19.4,,,,,,,,,,,,,,,,,,,,,,,,,,,,,,,,,,,6.7,6.7,6.7,6.7,7.0,0.0,20.0,0.6,-6.3,-6.3,-6.3,-6.3,7.0,0.0,20.0,0.6,2.29,2.29,2.29,2.29,7.0,0.0,20.0,0.6,1022.2,1023.2,1024.22,1023.17,7.0,1.01,20.0,0.6,,,,,,,,,,,,,,,,,,,,,,,,,,,,,,,,,,,,,,,,,,,,,,,,,,,,,,,,,,,,,,,,,,,,,,,,,,,,,,,,,,,,,,,,,,,,,,,,,,,,,,,,,,,,,,,,,,,,,,,,,,,,,,,,,,
1887,9,350.3,-17.4,,,,,,,,,,,,,,,,,,,,,,,,,,,,,,,,,,,6.7,6.7,6.7,6.7,3.0,0.0,22.0,0.0,-6.3,-6.3,-6.3,-6.3,3.0,0.0,22.0,0.0,2.29,2.29,2.29,2.29,3.0,0.0,22.0,0.0,1022.52,1023.2,1023.68,1023.1,3.0,0.85,22.0,0.0,,,,,,,,,,,,,,,,,,,,,,,,,,,,,,,,,,,,,,,,,,,,,,,,,,,,,,,,,,,,,,,,,,,,,,,,,,,,,,,,,,,,,,,,,,,,,,,,,,,,,,,,,,,,,,,,,,,,,,,,,,,,,,,,,,
1887,9,350.3,0.6,,,,,,,,,,,,,,,,,,,,,,,,,,,,,,,,,,,6.7,6.7,6.7,6.7,1.0,0.0,12.0,1.0,2.62,2.62,2.62,2.62,1.0,0.0,12.0,1.0,6.17,6.17,6.17,6.17,1.0,0.0,12.0,1.0,1013.9,1013.9,1013.9,1013.9,1.0,0.0,12.0,1.0,,,,,,,,,,,,,,,,,,,,,,,,,,,,,,,,,,,,,,,,,,,,,,,,,,,,,,,,,,,,,,,,,,,,,,,,,,,,,,,,,,,,,,,,,,,,,,,,,,,,,,,,,,,,,,,,,,,,,,,,,,,,,,,,,,
1887,9,350.3,2.6,,,,,,,,,,,,,,,,,,,,,,,,,,,,,,,,,,,6.7,6.7,6.7,6.7,3.0,0.0,12.0,0.3,4.74,4.74,4.74,4.74,3.0,0.0,12.0,0.3,4.74,4.74,4.74,4.74,3.0,0.0,12.0,0.3,1011.71,1012.6,1012.67,1012.2,3.0,0.78,12.0,0.3,,,,,,,,,,,,,,,,,,,,,,,,,,,,,,,,,,,,,,,,,,,,,,,,,,,,,,,,,,,,,,,,,,,,,,,,,,,,,,,,,,,,,,,,,,,,,,,,,,,,,,,,,,,,,,,,,,,,,,,,,,,,,,,,,,
1887,9,350.3,34.6,,,,,,,,,,,,,,,,,,,,,,,,,,,,,,,,,,,4.67,9.8,9.8,7.35,4.0,4.9,8.0,0.5,0.89,1.87,1.87,1.4,4.0,0.93,8.0,0.5,-9.62,-9.62,-4.58,-7.21,4.0,4.81,8.0,0.5,1018.2,1018.2,1018.2,1018.2,1.0,0.0,26.0,0.0,,,,,,,,,,,,,,,,,,,,,,,,,,,,,,,,,,,,,,,,,,,,,,,,,,,,,,,,,,,,,,,,,,,,,,,,,,,,,,,,,,,,,,,,,,,,,,,,,,,,,,,,,,,,,,,,,,,,,,,,,,,,,,,,,,
1887,9,350.3,36.6,17.79,18.9,20.0,18.94,51.0,1.2,12.0,0.6,17.8,20.1,21.81,20.06,51.0,1.89,12.0,0.6,10.26,11.52,13.26,11.75,4.0,1.76,18.0,0.5,83.1,87.4,91.9,87.5,4.0,5.1,18.0,0.5,0.5,0.6,2.5,4.6,6.7,4.54,51.0,2.64,12.0,0.6,-0.3,0.0,2.62,0.96,51.0,2.05,12.0,0.6,-6.58,-4.52,-0.66,-3.53,51.0,3.18,12.0,0.6,1015.55,1017.15,1019.01,1017.26,34.0,2.0,12.0,0.7,0.0,1.0,3.0,1.6,49.0,2.1,12.0,0.7,83.1,87.4,91.9,87.5,4.0,5.1,18.0,0.5,0.5,0.6,-0.3,0.0,17.6,6.8,51.0,15.4,12.0,0.6,-44.9,-20.8,-0.7,-22.1,51.0,25.4,12.0,0.6,-2.8,-1.3,0.63,-1.13,51.0,1.55,12.0,0.6,-11.5,-3.3,5.1,-3.4,51.0,8.1,12.0,0.6,-0.13,0.78,2.48,1.16,4.0,1.62,18.0,0.5,-0.7,5.4,21.1,10.0,4.0,14.6,18.0,0.5,-6.5,0.0,53.2,17.9,51.0,39.3,12.0,0.6,-124.9,-84.3,-13.9,-68.0,51.0,62.3,12.0,0.6,3.3,22.3,34.3,19.0,4.0,19.5,18.0,0.5,-87.1,-76.2,-48.5,-68.2,4.0,26.8,18.0,0.5,-0.7,-0.3,5.1,2.1,4.0,5.2,18.0,0.5,-20.2,-5.4,0.6,-9.6,4.0,13.8,18.0,0.5,16.5,97.5,301.0,188.5,51.0,237.0,12.0,0.6,15.0,95.0,300.0,190.0,51.0,235.0,12.0,0.6
1887,9,350.3,38.6,17.2,18.8,19.4,18.51,70.0,1.1,14.0,0.3,18.25,19.5,21.81,19.66,67.0,1.65,14.0,0.3,11.14,12.39,13.7,12.38,8.0,1.28,18.0,0.4,83.5,87.9,92.2,88.4,8.0,4.9,18.0,0.4,0.2,0.5,2.6,4.6,9.3,5.1,70.0,3.07,12.0,0.3,-0.91,0.0,2.26,0.42,70.0,2.33,12.0,0.3,-8.62,-4.03,-0.67,-3.89,70.0,3.84,12.0,0.3,1015.33,1016.9,1018.9,1016.98,53.0,1.76,12.0,0.3,0.0,2.0,5.0,2.6,67.0,2.1,12.0,0.3,83.5,87.9,92.2,88.4,8.0,4.9,18.0,0.4,0.2,0.5,-1.0,0.0,14.7,4.0,70.0,16.9,12.0,0.3,-80.2,-19.5,-0.7,-28.8,70.0,39.5,12.0,0.3,-3.0,-1.3,0.4,-1.17,67.0,1.6,14.0,0.3,-13.7,-4.3,1.7,-5.0,66.0,8.9,14.0,0.3,-0.17,1.8,2.49,1.24,8.0,1.86,18.0,0.4,-1.1,5.4,16.7,7.2,8.0,11.4,18.0,0.4,-16.5,0.0,46.9,9.3,66.0,43.5,14.0,0.3,-155.5,-69.1,-4.3,-74.8,66.0,74.8,14.0,0.3,1.2,35.4,55.7,30.3,8.0,27.5,18.0,0.4,-61.8,-55.4,-28.5,-47.7,8.0,19.9,18.0,0.4,-0.7,0.9,11.2,4.9,8.0,7.2,18.0,0.4,-12.4,-5.1,0.8,-5.3,8.0,8.9,18.0,0.4,17.5,97.5,804.5,289.5,70.0,439.0,12.0,0.3,20.0,95.0,805.0,290.0,70.0,440.0,12.0,0.3
1887,9,350.3,40.6,17.63,18.8,19.5,18.62,65.0,0.93,14.0,0.7,17.47,19.1,21.23,19.2,63.0,2.09,16.0,0.7,10.53,11.07,11.62,11.04,6.0,0.72,20.0,0.7,85.2,91.1,91.9,89.3,6.0,4.0,20.0,0.7,0.1,0.7,1.76,4.6,9.3,5.74,67.0,4.27,14.0,0.7,-0.25,0.0,2.32,0.54,67.0,2.69,14.0,0.7,-8.62,-4.6,0.0,-4.65,67.0,4.71,14.0,0.7,1013.9,1016.1,1019.14,1016.52,55.0,2.47,14.0,0.7,0.0,2.0,6.0,3.2,66.0,2.6,14.0,0.7,85.2,91.1,91.9,89.3,6.0,4.0,20.0,0.7,0.1,0.7,-0.4,0.0,11.5,5.1,67.0,34.2,14.0,0.7,-80.2,-21.2,0.0,-44.0,67.0,71.9,14.0,0.7,-2.2,-0.6,1.03,-0.62,62.0,1.64,14.0,0.7,-11.6,-2.3,3.3,-3.1,60.0,10.3,14.0,0.7,1.65,1.97,2.3,2.01,5.0,0.5,18.0,0.8,8.3,13.3,19.8,14.4,5.0,7.6,18.0,0.8,-4.3,0.0,42.6,9.4,61.0,49.9,14.0,0.7,-164.5,-86.9,0.0,-85.8,61.0,93.0,14.0,0.7,-41.2,1.7,38.0,3.0,6.0,42.6,20.0,0.7,-80.4,-66.3,-49.7,-65.7,6.0,21.9,20.0,0.7,-3.2,2.5,10.3,3.7,5.0,9.1,18.0,0.8,-16.5,-13.1,-6.8,-12.2,5.0,5.5,18.0,0.8,9.0,97.5,804.5,583.5,67.0,1414.0,14.0,0.7,10.0,95.0,805.0,585.0,67.0,1415.0,14.0,0.7
1887,9,350.3,42.6,15.61,17.2,18.6,17.19,77.0,1.35,16.0,0.4,16.1,18.05,19.4,17.93,78.0,1.63,18.0,0.4,9.52,10.18,11.24,10.27,17.0,0.78,22.0,0.5,83.8,89.0,91.7,87.9,17.0,4.0,22.0,0.5,0.3,0.5,2.6,6.7,12.3,7.0,85.0,4.76,18.0,0.4,-4.63,0.0,6.44,-0.01,85.0,5.77,18.0,0.4,-8.7,-4.23,0.0,-4.43,85.0,4.37,18.0,0.4,1013.21,1016.65,1019.5,1016.24,72.0,4.26,18.0,0.4,0.0,3.0,6.0,3.4,82.0,2.6,16.0,0.4,83.8,89.0,91.7,87.9,17.0,4.0,22.0,0.5,0.3,0.5,-31.7,0.0,44.3,-5.1,85.0,76.7,18.0,0.4,-100.2,-21.1,0.0,-47.6,85.0,66.4,18.0,0.4,-2.36,-0.8,0.61,-0.93,73.0,1.41,18.0,0.4,-18.7,-2.9,4.4,-5.4,73.0,13.5,18.0,0.4,1.38,1.98,2.21,1.89,12.0,0.38,22.0,0.5,8.2,13.3,36.8,20.8,12.0,14.2,22.0,0.5,-88.7,0.0,112.6,2.3,78.0,103.7,18.0,0.4,-151.5,-70.0,0.0,-73.5,78.0,73.2,18.0,0.4,-117.4,-18.7,-0.9,-43.3,17.0,57.7,22.0,0.5,-117.4,-53.3,-39.0,-72.2,17.0,39.7,22.0,0.5,-26.0,-3.9,0.3,-10.8,12.0,13.6,22.0,0.5,-26.0,-13.2,-7.3,-15.9,12.0,9.4,22.0,0.5,17.5,301.0,1861.0,886.0,85.0,1521.0,18.0,0.4,20.0,300.0,1860.0,885.0,85.0,1520.0,18.0,0.4
1887,9,350.3,44.6,16.01,18.2,19.0,17.81,71.0,1.37,16.0,0.5,16.4,18.35,19.8,18.18,72.0,1.78,16.0,0.5,9.78,10.09,10.82,10.33,12.0,1.1,24.0,0.4,82.8,90.8,95.3,89.0,12.0,7.2,24.0,0.4,0.7,0.3,2.6,6.7,12.3,7.06,75.0,5.11,16.0,0.5,-4.6,0.0,6.4,1.1,75.0,6.52,16.0,0.5,-7.93,-2.41,1.81,-2.67,75.0,5.06,16.0,0.5,1010.56,1017.5,1023.0,1017.21,68.0,6.36,16.0,0.5,2.0,4.0,6.0,4.1,73.0,2.3,16.0,0.5,82.8,90.8,95.3,89.0,12.0,7.2,24.0,0.4,0.7,0.3,-21.2,0.0,59.5,21.2,75.0,93.6,16.0,0.5,-87.5,-6.3,5.4,-30.8,75.0,73.6,16.0,0.5,-1.91,-0.3,1.1,-0.42,70.0,1.46,16.0,0.5,-8.8,-0.6,7.7,-2.1,70.0,13.2,16.0,0.5,1.3,1.97,3.22,2.09,10.0,0.99,22.0,0.5,3.9,9.9,25.4,15.1,10.0,12.7,22.0,0.5,-78.0,0.0,121.0,22.1,72.0,118.1,16.0,0.5,-135.1,-42.6,35.4,-42.5,72.0,89.1,16.0,0.5,-47.9,-1.8,29.3,-10.8,12.0,55.4,24.0,0.4,-102.3,-51.2,-10.5,-57.4,12.0,55.9,24.0,0.4,-13.7,-1.7,1.5,-5.6,10.0,10.5,22.0,0.5,-21.6,-9.4,-3.7,-12.3,10.0,10.1,22.0,0.5,17.5,301.0,1861.0,1012.5,75.0,1823.0,16.0,0.5,20.0,300.0,1860.0,1010.0,75.0,1825.0,16.0,0.5
1887,9,350.3,46.6,16.0,16.6,17.2,16.65,57.0,0.71,18.0,0.5,14.98,16.0,17.2,16.05,57.0,1.41,18.0,0.5,9.54,9.54,9.54,9.54,1.0,0.0,26.0,1.0,75.4,81.5,83.6,80.2,6.0,5.2,16.0,0.7,0.6,0.5,1.0,6.7,12.3,7.27,61.0,5.42,18.0,0.5,-8.63,0.0,3.63,-0.6,61.0,6.26,18.0,0.5,-8.59,-2.39,1.42,-2.84,61.0,5.94,18.0,0.5,1013.74,1019.5,1026.26,1019.49,41.0,7.4,18.0,0.5,2.0,4.0,7.0,4.5,61.0,2.3,18.0,0.5,75.4,81.5,83.6,80.2,6.0,5.2,16.0,0.7,0.6,0.5,-86.6,0.0,26.3,-3.9,61.0,89.3,18.0,0.5,-92.7,-8.3,8.5,-37.5,61.0,96.0,18.0,0.5,-0.51,0.5,1.61,0.6,57.0,1.2,18.0,0.5,-2.7,3.4,14.0,5.0,57.0,9.7,18.0,0.5,1.83,1.83,1.83,1.83,1.0,0.0,26.0,1.0,22.5,22.5,22.5,22.5,1.0,0.0,26.0,1.0,-140.0,0.0,53.1,-12.4,57.0,102.8,18.0,0.5,-136.6,-31.3,34.4,-41.7,57.0,97.4,18.0,0.5,108.0,108.0,108.0,108.0,1.0,0.0,26.0,1.0,45.9,45.9,45.9,45.9,1.0,0.0,26.0,1.0,20.7,20.7,20.7,20.7,1.0,0.0,26.0,1.0,8.8,8.8,8.8,8.8,1.0,0.0,26.0,1.0,1.0,301.0,1861.0,1137.5,61.0,2268.5,18.0,0.5,0.0,300.0,1860.0,1135.0,61.0,2270.0,18.0,0.5
1887,9,350.3,48.6,15.21,16.1,16.7,16.06,134.0,0.79,14.0,0.6,14.24,16.05,16.8,15.71,142.0,1.34,14.0,0.6,8.59,9.39,11.6,9.72,37.0,1.28,12.0,0.5,79.1,86.0,93.3,86.4,38.0,7.4,12.0,0.5,0.7,0.2,4.6,9.3,13.89,9.34,149.0,4.96,14.0,0.6,-9.22,2.39,8.7,0.55,149.0,8.83,14.0,0.6,-4.77,-1.02,6.02,-0.45,149.0,5.83,14.0,0.6,1004.7,1020.0,1025.0,1016.94,81.0,9.42,14.0,0.6,3.0,6.0,8.0,5.6,152.0,2.1,14.0,0.6,79.1,86.0,93.3,86.4,38.0,7.4,12.0,0.5,0.7,0.2,-109.8,6.2,107.0,10.6,149.0,129.7,14.0,0.6,-55.2,-4.0,73.1,-0.2,149.0,84.3,14.0,0.6,-0.4,0.3,1.1,0.37,133.0,0.91,14.0,0.5,-1.9,2.3,10.5,3.2,131.0,7.9,14.0,0.5,1.17,2.12,2.78,2.03,32.0,0.75,10.0,0.5,8.5,20.4,44.2,25.3,32.0,18.8,10.0,0.5,-155.1,37.4,148.2,6.8,139.0,145.4,14.0,0.6,-74.3,-20.7,80.3,-7.0,139.0,90.6,14.0,0.6,24.2,53.6,160.2,71.3,37.0,81.4,12.0,0.5,-56.5,22.7,89.3,17.3,37.0,73.5,12.0,0.5,6.4,13.7,37.6,20.6,32.0,16.5,10.0,0.5,-19.1,-0.8,14.5,-1.7,32.0,17.4,10.0,0.5,97.5,804.5,2779.0,1549.5,149.0,2178.5,14.0,0.6,95.0,805.0,2780.0,1550.0,149.0,2180.0,14.0,0.6
1887,9,350.3,50.6,14.4,15.0,15.6,15.01,57.0,0.64,18.0,0.5,13.9,14.8,15.64,14.79,55.0,1.02,18.0,0.5,8.81,8.87,8.88,8.85,3.0,0.05,26.0,1.0,82.1,83.9,85.8,83.9,3.0,2.7,26.0,1.0,1.0,0.0,4.6,6.7,9.8,6.63,58.0,3.57,18.0,0.5,-6.7,-4.38,4.25,-2.15,58.0,6.51,18.0,0.5,-2.62,0.0,1.8,-0.19,58.0,3.23,18.0,0.5,1018.2,1018.2,1023.31,1020.15,15.0,3.43,18.0,0.6,2.0,6.0,8.0,4.8,61.0,2.7,18.0,0.5,82.1,83.9,85.8,83.9,3.0,2.7,26.0,1.0,1.0,0.0,-44.9,-20.2,19.6,-4.6,58.0,79.2,18.0,0.5,-17.5,0.0,8.3,0.1,58.0,32.6,18.0,0.5,-0.5,0.1,1.1,0.21,55.0,1.0,18.0,0.5,-3.3,0.7,5.5,0.4,51.0,8.8,18.0,0.5,1.57,1.58,1.72,1.64,3.0,0.12,26.0,1.0,7.2,7.2,10.5,8.8,3.0,2.7,26.0,1.0,-104.7,-63.9,59.6,-38.3,51.0,101.3,18.0,0.5,-46.1,0.0,25.9,-9.1,51.0,43.3,18.0,0.5,-5.3,15.9,33.8,14.3,3.0,28.7,26.0,1.0,-40.7,-37.6,-37.5,-39.0,3.0,2.6,26.0,1.0,-0.9,2.8,6.7,2.9,3.0,5.6,26.0,1.0,-7.9,-6.7,-6.7,-7.3,3.0,1.0,26.0,1.0,97.5,301.0,941.0,589.5,58.0,1090.0,18.0,0.5,95.0,300.0,940.0,590.0,58.0,1090.0,18.0,0.5
1887,9,350.3,54.6,,,,,,,,,,,,,,,,,,,,,,,,,,,,,,,,,,,3.04,9.3,12.3,7.5,15.0,4.1,10.0,0.4,-3.09,1.84,9.02,2.74,15.0,5.41,10.0,0.4,-8.93,-4.27,-0.95,-4.44,15.0,4.32,10.0,0.4,995.95,998.0,1001.41,998.67,3.0,4.04,6.0,0.3,,,,,,,,,,,,,,,,,,,,,,,,,,,,,,,,,,,,,,,,,,,,,,,,,,,,,,,,,,,,,,,,,,,,,,,,,,,,,,,,,,,,,,,,,,,,,,,,,,,,,,,,,,,,,,,,,,,,,,,,,,,,,,,,,,
1887,9,352.3,-39.4,,,,,,,,,,,,,,,,,,,,,,,,,,,,,,,,,,,9.3,9.3,9.3,9.3,5.0,0.0,4.0,0.6,0.0,1.93,6.43,3.14,5.0,3.7,4.0,0.6,-9.3,-9.1,-6.22,-7.81,5.0,2.43,4.0,0.6,1014.44,1024.6,1025.43,1019.86,5.0,10.12,4.0,0.6,,,,,,,,,,,,,,,,,,,,,,,,,,,,,,,,,,,,,,,,,,,,,,,,,,,,,,,,,,,,,,,,,,,,,,,,,,,,,,,,,,,,,,,,,,,,,,,,,,,,,,,,,,,,,,,,,,,,,,,,,,,,,,,,,,
1887,9,352.3,-37.4,,,,,,,,,,,,,,,,,,,,,,,,,,,,,,,,,,,8.1,9.3,13.77,10.98,17.0,5.13,16.0,0.6,-2.33,3.63,11.11,5.56,17.0,7.83,16.0,0.6,-8.56,-7.8,-3.08,-6.93,17.0,2.99,16.0,0.6,1002.16,1005.6,1024.02,1012.01,13.0,10.73,14.0,0.6,,,,,,,,,,,,,,,,,,,,,,,,,,,,,,,,,,,,,,,,,,,,,,,,,,,,,,,,,,,,,,,,,,,,,,,,,,,,,,,,,,,,,,,,,,,,,,,,,,,,,,,,,,,,,,,,,,,,,,,,,,,,,,,,,,
1887,9,352.3,-35.4,,,,,,,,,,,,,,,,,,,,,,,,,,,,,,,,,,,12.79,13.85,14.91,13.85,2.0,2.19,30.0,0.5,9.05,9.79,10.54,9.79,2.0,1.55,30.0,0.5,-10.54,-9.79,-9.05,-9.79,2.0,1.55,30.0,0.5,1013.32,1014.0,1014.68,1014.0,2.0,1.41,30.0,0.5,,,,,,,,,,,,,,,,,,,,,,,,,,,,,,,,,,,,,,,,,,,,,,,,,,,,,,,,,,,,,,,,,,,,,,,,,,,,,,,,,,,,,,,,,,,,,,,,,,,,,,,,,,,,,,,,,,,,,,,,,,,,,,,,,,
1887,9,352.3,-33.4,,,,,,,,,,,,,,,,,,,,,,,,,,,,,,,,,,,6.7,6.7,6.7,7.05,15.0,0.91,12.0,0.6,4.74,6.21,6.7,5.79,15.0,1.4,12.0,0.6,-4.74,0.0,2.51,-1.33,15.0,3.78,12.0,0.6,1017.9,1018.2,1020.76,1018.88,15.0,1.66,12.0,0.6,,,,,,,,,,,,,,,,,,,,,,,,,,,,,,,,,,,,,,,,,,,,,,,,,,,,,,,,,,,,,,,,,,,,,,,,,,,,,,,,,,,,,,,,,,,,,,,,,,,,,,,,,,,,,,,,,,,,,,,,,,,,,,,,,,
1887,9,352.3,-21.4,,,,,,,,,,,,,,,,,,,,,,,,,,,,,,,,,,,6.7,6.7,6.7,6.7,6.0,0.0,20.0,0.5,-6.3,-6.3,-6.02,-6.08,6.0,0.54,20.0,0.5,2.29,2.29,2.74,2.66,6.0,0.89,20.0,0.5,1023.7,1024.05,1024.46,1024.1,6.0,0.45,20.0,0.5,,,,,,,,,,,,,,,,,,,,,,,,,,,,,,,,,,,,,,,,,,,,,,,,,,,,,,,,,,,,,,,,,,,,,,,,,,,,,,,,,,,,,,,,,,,,,,,,,,,,,,,,,,,,,,,,,,,,,,,,,,,,,,,,,,
1887,9,352.3,-19.4,,,,,,,,,,,,,,,,,,,,,,,,,,,,,,,,,,,4.6,4.6,5.8,5.02,10.0,0.89,20.0,0.5,-5.45,-3.87,-3.42,-4.27,10.0,1.15,20.0,0.5,1.57,2.68,3.08,2.47,10.0,0.69,20.0,0.5,1023.83,1024.15,1025.3,1024.38,10.0,0.72,20.0,0.5,,,,,,,,,,,,,,,,,,,,,,,,,,,,,,,,,,,,,,,,,,,,,,,,,,,,,,,,,,,,,,,,,,,,,,,,,,,,,,,,,,,,,,,,,,,,,,,,,,,,,,,,,,,,,,,,,,,,,,,,,,,,,,,,,,
1887,9,352.3,0.6,,,,,,,,,,,,,,,,,,,,,,,,,,,,,,,,,,,6.7,6.7,6.7,6.7,4.0,0.0,12.0,0.3,1.25,2.62,2.62,1.96,4.0,1.31,12.0,0.3,6.17,6.17,6.45,6.3,4.0,0.27,12.0,0.3,1012.02,1012.7,1013.38,1012.7,4.0,1.06,12.0,0.3,,,,,,,,,,,,,,,,,,,,,,,,,,,,,,,,,,,,,,,,,,,,,,,,,,,,,,,,,,,,,,,,,,,,,,,,,,,,,,,,,,,,,,,,,,,,,,,,,,,,,,,,,,,,,,,,,,,,,,,,,,,,,,,,,,
1887,9,352.3,34.6,,,,,,,,,,,,,,,,,,,,,,,,,,,,,,,,,,,0.0,6.7,9.8,5.5,6.0,4.48,8.0,0.3,0.0,3.68,5.55,3.08,6.0,2.77,8.0,0.3,-8.43,-3.75,0.0,-4.21,6.0,4.01,8.0,0.3,1017.35,1018.1,1018.85,1018.1,2.0,1.56,22.0,0.5,,,,,,,,,,,,,,,,,,,,,,,,,,,,,,,,,,,,,,,,,,,,,,,,,,,,,,,,,,,,,,,,,,,,,,,,,,,,,,,,,,,,,,,,,,,,,,,,,,,,,,,,,,,,,,,,,,,,,,,,,,,,,,,,,,
1887,9,352.3,36.6,19.71,20.6,22.0,20.75,39.0,1.06,12.0,0.3,19.71,21.9,23.2,21.76,39.0,2.11,12.0,0.3,11.11,12.41,14.24,12.66,4.0,2.21,18.0,0.5,75.9,79.6,87.7,81.7,4.0,7.6,18.0,0.5,0.4,0.2,1.0,4.6,6.7,4.28,38.0,2.6,12.0,0.3,-0.88,1.84,4.74,1.68,38.0,3.19,12.0,0.3,-4.74,-1.84,0.0,-2.15,38.0,2.77,12.0,0.3,1013.69,1016.65,1018.91,1016.44,26.0,2.48,12.0,0.2,0.0,2.0,6.0,2.6,39.0,2.6,12.0,0.3,75.9,79.6,87.7,81.7,4.0,7.6,18.0,0.5,0.4,0.2,-3.9,4.8,31.7,10.0,38.0,22.7,12.0,0.3,-31.7,-7.3,0.0,-12.4,38.0,19.2,12.0,0.3,-2.6,-0.7,0.6,-1.01,39.0,1.93,12.0,0.3,-8.5,-2.6,4.0,-2.3,38.0,7.9,12.0,0.3,1.19,1.98,3.27,2.22,4.0,1.42,18.0,0.5,5.5,12.9,21.7,13.6,4.0,11.1,18.0,0.5,-20.5,42.6,98.1,33.9,38.0,66.7,12.0,0.3,-103.1,-41.3,0.0,-44.9,38.0,60.0,12.0,0.3,-59.3,0.2,21.7,-18.0,4.0,62.4,18.0,0.5,-56.1,-28.3,19.6,-18.7,4.0,51.0,18.0,0.5,-8.3,-1.0,3.8,-2.2,4.0,8.6,18.0,0.5,-18.3,-4.5,3.0,-7.5,4.0,14.6,18.0,0.5,1.0,97.5,301.0,160.5,38.0,195.5,12.0,0.3,0.0,95.0,300.0,160.0,38.0,195.0,12.0,0.3
1887,9,352.3,44.6,16.74,17.6,18.9,17.53,29.0,1.44,14.0,0.7,15.16,17.65,19.34,17.47,30.0,1.81,16.0,0.7,9.41,9.71,10.15,9.78,4.0,0.49,22.0,0.8,89.3,89.6,89.9,89.6,4.0,0.5,22.0,0.8,0.2,0.8,2.6,4.6,12.3,6.54,32.0,5.04,16.0,0.7,-3.25,0.0,6.75,1.8,32.0,5.78,16.0,0.7,-8.57,-2.54,1.05,-2.85,32.0,4.94,16.0,0.7,1008.36,1016.6,1018.97,1015.78,27.0,6.01,16.0,0.7,3.0,6.0,8.0,5.2,33.0,2.2,16.0,0.7,89.3,89.6,89.9,89.6,4.0,0.5,22.0,0.8,0.2,0.8,-15.0,0.0,62.8,28.8,32.0,85.0,16.0,0.7,-79.7,-7.7,4.1,-28.3,32.0,70.7,16.0,0.7,-1.59,0.0,0.69,-0.22,27.0,1.16,14.0,0.7,-9.3,0.1,3.8,-2.4,26.0,10.3,16.0,0.7,1.73,1.89,2.06,1.89,2.0,0.33,18.0,0.5,12.3,17.7,23.0,17.7,2.0,11.1,18.0,0.5,-32.8,6.4,129.2,37.3,29.0,103.6,16.0,0.7,-128.5,-42.3,27.5,-43.4,29.0,85.1,16.0,0.7,-1.3,0.0,18.2,8.1,4.0,17.8,22.0,0.8,-118.5,-72.0,-54.6,-85.9,4.0,46.1,22.0,0.8,-0.4,-0.3,-0.1,-0.3,2.0,0.4,18.0,0.5,-23.0,-17.7,-12.3,-17.7,2.0,11.1,18.0,0.5,17.5,97.5,1861.0,890.0,32.0,1759.5,16.0,0.7,20.0,95.0,1860.0,890.0,32.0,1760.0,16.0,0.7
1887,9,352.3,46.6,15.5,16.95,18.05,16.79,86.0,1.31,16.0,0.4,15.1,16.6,19.08,16.91,84.0,1.86,16.0,0.4,8.43,10.22,11.68,10.19,16.0,1.59,20.0,0.4,82.2,90.4,96.7,89.4,16.0,7.1,20.0,0.4,0.6,0.4,2.6,4.6,12.3,6.69,86.0,5.36,16.0,0.4,-4.0,0.51,8.85,1.91,86.0,6.08,16.0,0.4,-8.7,-1.84,1.82,-2.72,86.0,5.08,16.0,0.4,1005.99,1016.45,1022.51,1014.94,78.0,8.28,16.0,0.4,2.0,4.0,6.0,4.2,90.0,2.3,16.0,0.4,82.2,90.4,96.7,89.4,16.0,7.1,20.0,0.4,0.6,0.4,-19.5,0.5,107.0,34.0,86.0,87.7,16.0,0.4,-107.0,-6.5,5.6,-37.1,86.0,81.1,16.0,0.4,-1.6,-0.1,1.33,-0.18,82.0,1.62,16.0,0.4,-12.7,-0.7,4.6,-3.4,78.0,12.5,16.0,0.4,1.11,1.9,2.85,1.95,14.0,0.89,18.0,0.4,2.8,4.0,8.4,6.5,12.0,7.4,16.0,0.4,-62.4,15.2,159.2,36.3,80.0,104.8,16.0,0.4,-137.4,-32.5,34.1,-46.1,80.0,87.2,16.0,0.4,0.2,22.7,73.8,27.0,14.0,39.9,18.0,0.4,-67.9,-22.9,-7.8,-31.6,14.0,28.8,18.0,0.4,-0.6,2.5,6.7,3.5,12.0,6.1,16.0,0.4,-7.0,-2.2,-1.0,-4.3,12.0,5.4,16.0,0.4,17.5,97.5,1861.0,1030.5,86.0,2080.5,16.0,0.4,20.0,95.0,1860.0,1030.0,86.0,2080.0,16.0,0.4
1887,9,352.3,48.6,15.0,16.0,16.7,15.88,104.0,0.95,16.0,0.5,14.2,15.4,17.0,15.42,115.0,1.5,16.0,0.5,9.72,10.6,12.08,10.85,15.0,1.34,10.0,0.4,80.4,97.5,100.0,92.1,18.0,9.6,12.0,0.4,0.6,0.4,4.6,6.7,12.3,8.32,121.0,3.87,16.0,0.4,-6.56,1.72,8.7,1.41,121.0,7.3,16.0,0.4,-6.55,-2.51,5.76,-0.95,121.0,5.34,16.0,0.4,1002.96,1017.9,1023.99,1014.35,68.0,10.76,14.0,0.4,2.0,6.0,8.0,4.9,121.0,2.6,16.0,0.4,80.4,97.5,100.0,92.1,18.0,9.6,12.0,0.4,0.6,0.4,-44.7,7.9,107.0,17.7,121.0,91.9,16.0,0.4,-67.6,-15.0,44.9,-10.2,121.0,57.5,16.0,0.4,-0.5,0.5,1.5,0.55,103.0,1.18,16.0,0.5,-3.3,3.2,11.3,4.1,103.0,11.0,16.0,0.5,0.87,1.0,2.37,1.48,9.0,0.87,6.0,0.6,3.1,9.2,17.3,10.2,9.0,8.4,6.0,0.6,-98.8,15.2,113.7,14.9,115.0,108.8,16.0,0.5,-94.7,-37.4,85.0,-13.3,115.0,84.3,16.0,0.5,-5.9,60.7,75.9,41.1,15.0,47.5,10.0,0.4,34.2,42.2,84.9,49.0,15.0,39.0,10.0,0.4,-1.6,2.4,10.8,4.6,9.0,7.7,6.0,0.6,0.3,4.0,13.4,4.7,9.0,8.9,6.0,0.6,97.5,301.0,1861.0,965.0,121.0,1136.0,16.0,0.4,95.0,300.0,1860.0,965.0,121.0,1135.0,16.0,0.4
1887,9,352.3,50.6,14.58,15.2,15.8,15.18,76.0,0.61,10.0,0.5,14.32,15.2,16.08,15.22,84.0,1.02,8.0,0.5,8.65,9.53,9.78,9.31,29.0,0.69,8.0,0.5,83.4,87.8,91.2,87.3,31.0,5.0,8.0,0.5,0.7,0.2,6.7,9.8,15.4,10.18,84.0,4.33,10.0,0.5,-1.01,7.46,11.32,5.79,84.0,6.51,10.0,0.5,-3.14,3.63,8.7,3.12,84.0,6.12,10.0,0.5,998.62,1003.85,1023.0,1007.08,60.0,12.58,6.0,0.6,2.0,6.0,8.0,5.1,93.0,2.7,8.0,0.5,83.4,87.8,91.2,87.3,31.0,5.0,8.0,0.5,0.7,0.2,-2.4,79.6,139.3,75.6,84.0,91.0,10.0,0.5,-17.4,33.8,107.0,40.5,84.0,86.4,10.0,0.5,-0.6,0.0,0.9,-0.03,72.0,0.87,10.0,0.5,-6.1,0.0,6.1,-0.4,69.0,8.3,10.0,0.5,0.8,1.24,1.86,1.35,22.0,0.62,10.0,0.5,8.0,13.5,24.5,15.5,22.0,8.3,10.0,0.5,-31.2,118.4,181.7,87.8,75.0,103.6,8.0,0.5,-39.7,58.1,140.2,51.4,75.0,94.3,8.0,0.5,-21.3,82.9,135.3,69.1,26.0,63.5,8.0,0.5,-41.4,40.0,84.8,26.6,26.0,60.7,8.0,0.5,-2.5,10.0,17.6,9.5,22.0,11.0,10.0,0.5,-8.9,1.8,7.5,-0.2,22.0,10.2,10.0,0.5,301.0,941.0,3652.5,1610.0,84.0,1721.0,10.0,0.5,300.0,940.0,3650.0,1610.0,84.0,1720.0,10.0,0.5
1887,9,354.3,-39.4,,,,,,,,,,,,,,,,,,,,,,,,,,,,,,,,,,,9.3,12.35,19.0,13.79,10.0,5.14,14.0,0.5,-4.8,2.71,16.55,4.55,10.0,9.74,14.0,0.5,-11.37,-8.86,-5.12,-9.22,10.0,5.03,14.0,0.5,1002.96,1017.0,1023.7,1013.77,7.0,10.57,8.0,0.6,,,,,,,,,,,,,,,,,,,,,,,,,,,,,,,,,,,,,,,,,,,,,,,,,,,,,,,,,,,,,,,,,,,,,,,,,,,,,,,,,,,,,,,,,,,,,,,,,,,,,,,,,,,,,,,,,,,,,,,,,,,,,,,,,,
1887,9,354.3,-37.4,,,,,,,,,,,,,,,,,,,,,,,,,,,,,,,,,,,9.3,9.3,11.02,9.64,10.0,1.62,16.0,0.2,-5.07,3.56,10.21,2.96,10.0,6.57,16.0,0.2,-8.6,-7.8,-3.97,-6.51,10.0,2.45,16.0,0.2,1011.35,1017.0,1023.29,1017.03,9.0,5.34,16.0,0.2,,,,,,,,,,,,,,,,,,,,,,,,,,,,,,,,,,,,,,,,,,,,,,,,,,,,,,,,,,,,,,,,,,,,,,,,,,,,,,,,,,,,,,,,,,,,,,,,,,,,,,,,,,,,,,,,,,,,,,,,,,,,,,,,,,
1887,9,354.3,-35.4,,,,,,,,,,,,,,,,,,,,,,,,,,,,,,,,,,,6.7,6.7,9.01,8.11,8.0,3.08,8.0,0.8,0.0,0.0,0.0,0.0,8.0,0.0,8.0,0.8,-9.01,-6.7,-6.7,-8.11,8.0,3.08,8.0,0.8,1016.38,1017.3,1017.6,1017.04,8.0,0.74,8.0,0.8,,,,,,,,,,,,,,,,,,,,,,,,,,,,,,,,,,,,,,,,,,,,,,,,,,,,,,,,,,,,,,,,,,,,,,,,,,,,,,,,,,,,,,,,,,,,,,,,,,,,,,,,,,,,,,,,,,,,,,,,,,,,,,,,,,
1887,9,354.3,-33.4,,,,,,,,,,,,,,,,,,,,,,,,,,,,,,,,,,,6.7,6.7,10.52,8.57,3.0,3.23,14.0,0.0,4.74,4.74,4.78,4.76,3.0,0.04,14.0,0.0,-9.23,-4.74,-4.74,-6.93,3.0,3.8,14.0,0.0,1017.7,1017.9,1018.45,1018.07,3.0,0.57,14.0,0.0,6.0,6.0,6.0,6.0,1.0,0.0,30.0,0.0,80.1,80.1,80.1,80.1,1.0,0.0,30.0,0.0,0.5,0.5,31.7,31.7,50.4,40.9,3.0,15.8,14.0,0.0,-105.1,-31.7,-31.7,-67.6,3.0,62.1,14.0,0.0,,,,,,,,,,,,,,,,,,,,,,,,,,,,,,,,,73.5,73.5,73.5,73.5,1.0,0.0,30.0,0.0,-173.2,-173.2,-173.2,-173.2,1.0,0.0,30.0,0.0,41.3,41.3,41.3,41.3,1.0,0.0,30.0,0.0,-97.2,-97.2,-97.2,-97.2,1.0,0.0,30.0,0.0,,,,,,,,,,,,,,,,,,,,,,,,,,,,,,,,
1887,9,354.3,-23.4,,,,,,,,,,,,,,,,,,,,,,,,,,,,,,,,,,,6.7,6.7,6.7,6.7,3.0,0.0,16.0,0.0,-6.07,-6.07,-5.85,-5.96,3.0,0.19,16.0,0.0,-1.46,2.83,2.83,0.74,3.0,3.63,16.0,0.0,1023.42,1024.1,1024.37,1023.9,3.0,0.72,16.0,0.0,,,,,,,,,,,,,,,,,,,,,,,,,,,,,,,,,,,,,,,,,,,,,,,,,,,,,,,,,,,,,,,,,,,,,,,,,,,,,,,,,,,,,,,,,,,,,,,,,,,,,,,,,,,,,,,,,,,,,,,,,,,,,,,,,,
1887,9,354.3,-21.4,,,,,,,,,,,,,,,,,,,,,,,,,,,,,,,,,,,1.0,2.6,5.9,3.47,16.0,2.08,18.0,0.5,-4.39,-1.94,-0.54,-2.0,16.0,1.79,18.0,0.5,0.67,2.48,4.36,2.4,16.0,1.88,18.0,0.5,1022.4,1023.7,1024.1,1023.4,23.0,0.74,18.0,0.5,,,,,,,,,,,,,,,,,,,,,,,,,,,,,,,,,,,,,,,,,,,,,,,,,,,,,,,,,,,,,,,,,,,,,,,,,,,,,,,,,,,,,,,,,,,,,,,,,,,,,,,,,,,,,,,,,,,,,,,,,,,,,,,,,,
1887,9,354.3,-17.4,19.06,19.4,19.4,19.23,3.0,0.29,8.0,0.7,16.86,17.2,19.52,18.17,3.0,2.12,8.0,0.7,10.57,10.8,11.19,10.88,3.0,0.46,8.0,0.7,80.1,89.1,89.1,84.7,3.0,7.7,8.0,0.7,0.9,0.2,2.6,2.6,2.6,2.6,5.0,0.0,8.0,0.6,-1.93,-1.93,-1.93,-1.93,5.0,0.0,8.0,0.6,1.74,1.74,1.74,1.74,5.0,0.0,8.0,0.6,1017.9,1017.9,1017.9,1017.9,5.0,0.0,8.0,0.6,6.0,8.0,8.0,7.2,5.0,1.1,8.0,0.6,80.1,89.1,89.1,84.7,3.0,7.7,8.0,0.7,0.9,0.2,-5.0,-5.0,-5.0,-5.0,5.0,0.0,8.0,0.6,4.5,4.5,4.5,4.5,5.0,0.0,8.0,0.6,-0.12,2.2,2.2,1.07,3.0,1.96,8.0,0.7,-0.3,5.7,5.7,2.8,3.0,5.1,8.0,0.7,2.72,3.05,3.11,2.92,3.0,0.31,8.0,0.7,7.1,7.9,8.1,7.6,3.0,0.8,8.0,0.7,-37.7,-33.2,-32.6,-35.1,3.0,4.1,8.0,0.7,29.3,29.9,34.0,31.6,3.0,3.7,8.0,0.7,-21.6,-20.9,-20.4,-21.0,3.0,0.9,8.0,0.7,18.4,18.8,19.5,18.9,3.0,0.8,8.0,0.7,-6.0,-5.9,-5.3,-5.6,3.0,0.6,8.0,0.7,4.7,5.3,5.4,5.1,3.0,0.5,8.0,0.7,17.5,17.5,17.5,17.5,5.0,0.0,8.0,0.6,20.0,20.0,20.0,20.0,5.0,0.0,8.0,0.6
1887,9,354.3,-1.4,,,,,,,,,,,,,,,,,,,,,,,,,,,,,,,,,,,6.7,6.7,6.7,6.7,1.0,0.0,12.0,1.0,2.62,2.62,2.62,2.62,1.0,0.0,12.0,1.0,6.17,6.17,6.17,6.17,1.0,0.0,12.0,1.0,1014.0,1014.0,1014.0,1014.0,1.0,0.0,12.0,1.0,,,,,,,,,,,,,,,,,,,,,,,,,,,,,,,,,,,,,,,,,,,,,,,,,,,,,,,,,,,,,,,,,,,,,,,,,,,,,,,,,,,,,,,,,,,,,,,,,,,,,,,,,,,,,,,,,,,,,,,,,,,,,,,,,,
1887,9,354.3,0.6,,,,,,,,,,,,,,,,,,,,,,,,,,,,,,,,,,,6.7,6.7,6.7,6.7,2.0,0.0,12.0,1.0,2.62,2.62,2.62,2.62,2.0,0.0,12.0,1.0,6.17,6.17,6.17,6.17,2.0,0.0,12.0,1.0,1011.63,1012.55,1013.47,1012.55,2.0,1.91,12.0,1.0,,,,,,,,,,,,,,,,,,,,,,,,,,,,,,,,,,,,,,,,,,,,,,,,,,,,,,,,,,,,,,,,,,,,,,,,,,,,,,,,,,,,,,,,,,,,,,,,,,,,,,,,,,,,,,,,,,,,,,,,,,,,,,,,,,
1887,9,354.3,34.6,,,,,,,,,,,,,,,,,,,,,,,,,,,,,,,,,,,2.6,2.6,4.97,4.56,7.0,3.54,12.0,0.7,1.84,2.6,4.96,4.24,7.0,3.66,12.0,0.7,-0.09,0.0,1.86,0.54,7.0,1.43,12.0,0.7,1013.76,1014.1,1017.51,1015.6,3.0,3.04,10.0,0.7,,,,,,,,,,,,,,,,,,,,,,,,,,,,,,,,,,,,,,,,,,,,,,,,,,,,,,,,,,,,,,,,,,,,,,,,,,,,,,,,,,,,,,,,,,,,,,,,,,,,,,,,,,,,,,,,,,,,,,,,,,,,,,,,,,
1887,9,354.3,36.6,19.44,21.55,23.3,21.47,38.0,1.79,12.0,0.7,21.19,22.55,24.25,22.68,38.0,1.93,12.0,0.7,12.62,15.29,15.69,14.45,6.0,1.87,12.0,0.3,82.4,91.9,93.2,88.9,6.0,7.1,12.0,0.3,0.6,0.1,0.0,2.6,6.7,3.72,38.0,3.76,12.0,0.7,-1.91,0.0,4.78,0.97,38.0,4.84,12.0,0.7,-1.84,0.0,1.75,0.04,38.0,1.99,12.0,0.7,1013.93,1015.9,1019.6,1016.13,28.0,3.27,12.0,0.7,0.0,2.0,4.3,2.2,37.0,2.3,12.0,0.7,82.4,91.9,93.2,88.9,6.0,7.1,12.0,0.3,0.6,0.1,-5.0,0.0,23.6,9.1,38.0,53.2,12.0,0.7,-4.8,0.0,8.6,4.3,38.0,19.6,12.0,0.7,-2.63,-1.15,0.13,-1.21,38.0,1.5,12.0,0.7,-15.3,-1.8,0.0,-6.4,38.0,11.4,12.0,0.7,0.67,1.38,2.17,1.2,6.0,1.23,12.0,0.3,1.8,3.2,10.7,5.5,6.0,5.4,12.0,0.3,-46.4,0.0,114.0,18.1,38.0,106.0,12.0,0.7,-43.8,0.0,34.8,-0.1,38.0,44.1,12.0,0.7,-23.6,-7.1,74.0,13.1,6.0,49.6,12.0,0.3,-37.7,-9.5,4.6,-12.2,6.0,23.5,12.0,0.3,-2.4,-0.7,9.8,2.6,6.0,6.9,12.0,0.3,-3.0,-1.0,0.9,-0.8,6.0,2.9,12.0,0.3,0.0,17.5,301.0,275.0,38.0,708.0,12.0,0.7,0.0,20.0,300.0,275.0,38.0,710.0,12.0,0.7
1887,9,354.3,46.6,15.89,16.5,17.02,16.54,13.0,0.67,14.0,0.5,14.45,15.8,17.67,15.91,13.0,1.99,14.0,0.5,9.24,10.71,11.29,10.28,4.0,1.54,14.0,0.3,92.1,94.3,97.4,94.7,4.0,4.0,14.0,0.3,0.2,0.8,3.36,5.65,11.35,6.71,16.0,4.13,14.0,0.4,-0.66,2.57,8.7,3.12,16.0,4.89,14.0,0.4,-6.86,-2.12,3.62,-1.67,16.0,5.27,14.0,0.4,1005.36,1018.25,1022.07,1014.88,14.0,9.18,16.0,0.5,2.0,4.5,6.0,4.3,16.0,1.8,14.0,0.4,92.1,94.3,97.4,94.7,4.0,4.0,14.0,0.3,0.2,0.8,-1.7,12.3,87.5,35.0,16.0,57.0,14.0,0.4,-79.4,-10.6,18.9,-24.2,16.0,57.3,14.0,0.4,-0.9,0.7,1.33,0.28,12.0,1.35,14.0,0.6,-3.9,3.1,11.2,2.9,12.0,7.5,14.0,0.6,0.8,1.03,1.12,0.97,3.0,0.24,8.0,0.3,4.7,4.7,6.8,5.8,3.0,1.8,8.0,0.3,-1.5,50.5,106.4,47.0,13.0,67.1,14.0,0.5,-66.6,-30.1,65.6,-10.8,13.0,80.7,14.0,0.5,27.2,51.3,71.7,49.5,4.0,25.9,14.0,0.3,-19.8,38.8,54.2,18.2,4.0,58.6,14.0,0.3,2.1,2.1,5.5,3.8,3.0,2.9,8.0,0.3,3.6,4.2,4.2,3.9,3.0,0.5,8.0,0.3,48.0,199.0,1511.0,659.0,16.0,1005.5,14.0,0.4,50.0,200.0,1510.0,660.0,16.0,1005.0,14.0,0.4
1887,9,354.3,48.6,13.9,15.0,16.27,15.1,65.0,1.21,18.0,0.6,13.9,14.95,16.4,15.01,96.0,1.51,18.0,0.6,8.66,9.77,11.26,9.82,30.0,1.52,20.0,0.6,86.2,98.4,100.0,94.4,30.0,7.7,20.0,0.6,0.4,0.6,2.6,6.7,11.32,7.08,98.0,3.99,18.0,0.6,-8.62,0.0,5.92,-0.77,98.0,6.79,18.0,0.6,-4.61,-1.91,3.55,-1.2,98.0,4.29,18.0,0.6,1007.18,1023.0,1028.84,1019.79,67.0,9.91,18.0,0.6,2.0,4.0,8.0,4.4,102.0,2.7,18.0,0.6,86.2,98.4,100.0,94.4,30.0,7.7,20.0,0.6,0.4,0.6,-80.2,0.0,41.1,-4.9,98.0,78.5,18.0,0.6,-41.2,-9.0,19.5,-9.8,98.0,44.4,18.0,0.6,-0.8,0.0,0.9,-0.01,64.0,1.0,18.0,0.6,-5.9,0.0,5.7,-0.2,61.0,7.5,18.0,0.6,0.85,1.07,2.25,1.43,8.0,0.75,20.0,0.6,2.2,6.3,9.1,6.3,8.0,4.3,20.0,0.6,-123.8,0.0,76.5,-16.5,93.0,94.8,18.0,0.6,-66.7,-34.9,51.8,-16.8,93.0,63.9,18.0,0.6,-86.0,-15.1,31.9,-23.0,30.0,55.2,20.0,0.6,-39.6,-21.4,-6.7,-20.0,30.0,31.6,20.0,0.6,-0.3,2.3,7.0,3.3,8.0,3.9,20.0,0.6,-7.6,-1.9,1.8,-2.8,8.0,5.3,20.0,0.6,17.5,301.0,1498.5,698.5,98.0,974.0,18.0,0.6,20.0,300.0,1500.0,700.0,98.0,975.0,18.0,0.6
1887,9,354.3,50.6,14.54,15.6,16.1,15.41,18.0,0.73,16.0,0.6,14.33,15.6,16.7,15.22,19.0,1.33,14.0,0.6,7.89,8.85,9.71,8.83,6.0,0.88,10.0,0.3,81.0,86.4,91.6,85.7,6.0,7.7,10.0,0.3,0.5,0.3,4.97,9.8,12.3,9.05,21.0,3.72,14.0,0.7,-4.81,1.84,8.89,1.02,21.0,7.08,14.0,0.7,-11.32,-1.84,4.61,-2.6,21.0,6.44,14.0,0.7,1011.06,1021.25,1027.94,1020.49,14.0,6.84,12.0,0.6,2.2,6.0,7.8,5.0,21.0,2.6,14.0,0.7,81.0,86.4,91.6,85.7,6.0,7.7,10.0,0.3,0.5,0.3,-59.1,4.8,83.3,8.3,21.0,80.1,14.0,0.7,-139.3,-7.9,52.3,-30.0,21.0,72.5,14.0,0.7,-0.75,0.1,0.62,0.21,18.0,0.89,16.0,0.6,-9.2,0.8,5.8,0.6,18.0,8.2,16.0,0.6,1.3,1.6,2.83,1.92,6.0,0.8,10.0,0.3,12.1,14.8,21.7,16.5,6.0,5.7,10.0,0.3,-80.3,21.5,144.8,9.4,19.0,111.5,14.0,0.6,-189.1,-26.0,69.5,-51.7,19.0,101.7,14.0,0.6,27.5,46.7,96.4,59.5,6.0,38.6,10.0,0.3,-58.8,0.0,41.3,-5.0,6.0,49.2,10.0,0.3,8.8,11.7,14.2,11.0,6.0,3.8,10.0,0.3,-12.5,0.0,11.6,-1.3,6.0,14.0,10.0,0.3,132.5,941.0,1861.0,1055.0,21.0,768.0,14.0,0.7,135.0,940.0,1860.0,1055.0,21.0,770.0,14.0,0.7
1887,9,356.3,-41.4,,,,,,,,,,,,,,,,,,,,,,,,,,,,,,,,,,,8.65,12.85,17.05,12.85,2.0,8.7,6.0,1.0,3.02,9.5,15.98,9.5,2.0,13.44,6.0,1.0,-5.64,-3.35,-1.06,-3.35,2.0,4.74,6.0,1.0,1008.06,1012.5,1016.94,1012.5,2.0,9.19,6.0,1.0,,,,,,,,,,,,,,,,,,,,,,,,,,,,,,,,,,,,,,,,,,,,,,,,,,,,,,,,,,,,,,,,,,,,,,,,,,,,,,,,,,,,,,,,,,,,,,,,,,,,,,,,,,,,,,,,,,,,,,,,,,,,,,,,,,
1887,9,356.3,-39.4,,,,,,,,,,,,,,,,,,,,,,,,,,,,,,,,,,,9.05,12.3,22.6,13.81,13.0,6.92,14.0,0.5,0.0,1.93,18.96,6.19,13.0,8.38,14.0,0.5,-15.74,-8.56,-4.16,-9.58,13.0,6.58,14.0,0.5,1005.55,1013.8,1021.58,1013.94,11.0,7.59,14.0,0.4,,,,,,,,,,,,,,,,,,,,,,,,,,,,,,,,,,,,,,,,,,,,,,,,,,,,,,,,,,,,,,,,,,,,,,,,,,,,,,,,,,,,,,,,,,,,,,,,,,,,,,,,,,,,,,,,,,,,,,,,,,,,,,,,,,
1887,9,356.3,-37.4,,,,,,,,,,,,,,,,,,,,,,,,,,,,,,,,,,,7.11,8.0,8.89,8.0,2.0,1.84,4.0,1.0,-3.35,-3.05,-2.76,-3.05,2.0,0.61,4.0,1.0,-8.23,-7.4,-6.56,-7.4,2.0,1.74,4.0,1.0,1021.8,1022.0,1022.2,1022.0,2.0,0.42,4.0,1.0,,,,,,,,,,,,,,,,,,,,,,,,,,,,,,,,,,,,,,,,,,,,,,,,,,,,,,,,,,,,,,,,,,,,,,,,,,,,,,,,,,,,,,,,,,,,,,,,,,,,,,,,,,,,,,,,,,,,,,,,,,,,,,,,,,
1887,9,356.3,-35.4,,,,,,,,,,,,,,,,,,,,,,,,,,,,,,,,,,,15.4,15.4,15.4,15.4,5.0,0.0,8.0,0.2,0.0,0.0,0.0,0.0,5.0,0.0,8.0,0.2,-15.4,-15.4,-15.4,-15.4,5.0,0.0,8.0,0.2,1011.38,1011.6,1014.56,1012.7,5.0,1.81,8.0,0.2,,,,,,,,,,,,,,,,,,,,,,,,,,,,,,,,,,,,,,,,,,,,,,,,,,,,,,,,,,,,,,,,,,,,,,,,,,,,,,,,,,,,,,,,,,,,,,,,,,,,,,,,,,,,,,,,,,,,,,,,,,,,,,,,,,
1887,9,356.3,-33.4,,,,,,,,,,,,,,,,,,,,,,,,,,,,,,,,,,,12.3,12.3,12.3,12.3,1.0,0.0,22.0,1.0,0.0,0.0,0.0,0.0,1.0,0.0,22.0,1.0,-12.3,-12.3,-12.3,-12.3,1.0,0.0,22.0,1.0,1014.2,1014.2,1014.2,1014.2,1.0,0.0,22.0,1.0,,,,,,,,,,,,,,,,,,,,,,,,,,,,,,,,,,,,,,,,,,,,,,,,,,,,,,,,,,,,,,,,,,,,,,,,,,,,,,,,,,,,,,,,,,,,,,,,,,,,,,,,,,,,,,,,,,,,,,,,,,,,,,,,,,
1887,9,356.3,-23.4,,,,,,,,,,,,,,,,,,,,,,,,,,,,,,,,,,,9.3,9.3,11.02,9.9,10.0,1.26,16.0,0.6,-8.97,-8.74,-8.43,-8.54,10.0,0.63,16.0,0.6,3.18,3.93,7.37,4.72,10.0,2.06,16.0,0.6,1023.97,1025.55,1026.11,1025.21,10.0,0.98,16.0,0.6,,,,,,,,,,,,,,,,,,,,,,,,,,,,,,,,,,,,,,,,,,,,,,,,,,,,,,,,,,,,,,,,,,,,,,,,,,,,,,,,,,,,,,,,,,,,,,,,,,,,,,,,,,,,,,,,,,,,,,,,,,,,,,,,,,
1887,9,356.3,-19.4,18.09,18.9,19.11,18.63,11.0,0.56,6.0,0.5,16.7,17.2,17.93,17.37,12.0,0.9,6.0,0.5,10.26,10.46,11.12,10.59,11.0,0.41,6.0,0.5,82.5,85.3,89.1,85.9,11.0,3.7,6.0,0.5,0.6,0.4,2.6,2.6,2.6,2.6,24.0,0.0,6.0,0.5,-1.93,-1.93,-0.14,-1.48,24.0,0.79,6.0,0.5,1.74,1.74,2.6,1.95,24.0,0.38,6.0,0.5,1017.9,1017.9,1017.9,1017.9,21.0,0.0,6.0,0.5,6.0,6.0,8.0,6.5,21.0,1.0,6.0,0.5,82.5,85.3,89.1,85.9,11.0,3.7,6.0,0.5,0.6,0.4,-5.0,-5.0,-0.4,-3.9,24.0,2.1,6.0,0.5,4.5,4.5,6.8,5.1,24.0,1.0,6.0,0.5,0.29,1.1,2.2,1.2,11.0,1.12,6.0,0.5,0.8,2.9,5.7,3.1,11.0,2.9,6.0,0.5,2.26,2.73,3.05,2.71,10.0,0.53,6.0,0.6,5.9,7.1,7.9,7.0,10.0,1.4,6.0,0.6,-34.4,-32.3,-2.6,-25.5,12.0,13.9,6.0,0.5,29.1,30.4,44.1,34.1,12.0,7.8,6.0,0.5,-20.9,-20.2,-1.5,-15.3,11.0,8.9,6.0,0.5,18.1,18.4,26.4,20.9,11.0,4.2,6.0,0.5,-5.9,-5.1,-2.0,-4.4,10.0,2.3,6.0,0.6,4.1,5.1,5.9,5.1,10.0,1.0,6.0,0.6,17.5,17.5,17.5,17.5,24.0,0.0,6.0,0.5,20.0,20.0,20.0,20.0,24.0,0.0,6.0,0.5
1887,9,356.3,-1.4,,,,,,,,,,,,,,,,,,,,,,,,,,,,,,,,,,,6.7,6.7,6.7,6.7,3.0,0.0,10.0,0.0,0.83,2.62,2.62,1.75,3.0,1.51,10.0,0.0,6.17,6.17,6.53,6.34,3.0,0.31,10.0,0.0,1012.7,1012.7,1013.59,1013.13,3.0,0.75,10.0,0.0,,,,,,,,,,,,,,,,,,,,,,,,,,,,,,,,,,,,,,,,,,,,,,,,,,,,,,,,,,,,,,,,,,,,,,,,,,,,,,,,,,,,,,,,,,,,,,,,,,,,,,,,,,,,,,,,,,,,,,,,,,,,,,,,,,
1887,9,356.3,36.6,21.6,24.0,25.09,23.59,37.0,1.81,12.0,0.4,22.9,24.8,26.8,24.74,37.0,2.31,12.0,0.4,12.39,15.93,17.83,15.36,5.0,2.99,14.0,0.6,82.7,84.5,94.6,88.2,5.0,7.6,14.0,0.6,0.6,0.3,0.0,3.6,7.86,3.92,36.0,3.31,12.0,0.4,-3.5,0.0,4.56,0.67,36.0,4.32,12.0,0.4,-3.32,0.0,0.8,-0.7,36.0,2.66,12.0,0.4,1011.91,1015.9,1019.27,1015.82,31.0,3.49,12.0,0.3,0.0,2.0,6.0,2.5,36.0,2.8,12.0,0.3,82.7,84.5,94.6,88.2,5.0,7.6,14.0,0.6,0.6,0.3,-19.2,0.0,21.0,5.0,36.0,34.4,12.0,0.4,-18.2,0.0,4.2,-6.3,36.0,20.4,12.0,0.4,-2.73,-1.6,0.7,-1.15,37.0,1.63,12.0,0.4,-14.9,-2.2,1.2,-4.7,36.0,9.9,12.0,0.4,1.0,2.35,3.36,2.29,5.0,1.64,14.0,0.6,0.0,3.3,26.6,12.8,4.0,21.5,10.0,0.8,-90.9,0.0,118.5,14.0,36.0,105.1,12.0,0.4,-78.3,0.0,18.7,-17.3,36.0,65.6,12.0,0.4,-16.9,0.0,60.9,21.0,4.0,65.3,10.0,0.8,-13.7,0.0,5.3,-4.0,4.0,15.5,10.0,0.8,-2.7,0.0,23.4,9.9,4.0,23.3,10.0,0.8,-2.2,0.0,2.0,-0.1,4.0,3.3,10.0,0.8,0.0,57.5,525.0,198.0,36.0,292.5,12.0,0.4,0.0,55.0,525.0,200.0,36.0,290.0,12.0,0.4
1887,9,356.3,46.6,16.0,16.0,16.0,16.0,1.0,0.0,10.0,0.0,14.6,14.6,14.6,14.6,1.0,0.0,10.0,0.0,9.21,9.21,9.21,9.21,1.0,0.0,10.0,0.0,89.5,89.5,89.5,89.5,1.0,0.0,10.0,0.0,0.1,0.9,6.7,6.7,6.7,6.7,1.0,0.0,10.0,0.0,3.04,3.04,3.04,3.04,1.0,0.0,10.0,0.0,5.97,5.97,5.97,5.97,1.0,0.0,10.0,0.0,1014.6,1014.6,1014.6,1014.6,1.0,0.0,10.0,0.0,8.0,8.0,8.0,8.0,1.0,0.0,10.0,0.0,89.5,89.5,89.5,89.5,1.0,0.0,10.0,0.0,0.1,0.9,20.4,20.4,20.4,20.4,1.0,0.0,10.0,0.0,40.0,40.0,40.0,40.0,1.0,0.0,10.0,0.0,1.4,1.4,1.4,1.4,1.0,0.0,10.0,0.0,9.4,9.4,9.4,9.4,1.0,0.0,10.0,0.0,2.06,2.06,2.06,2.06,1.0,0.0,10.0,0.0,13.8,13.8,13.8,13.8,1.0,0.0,10.0,0.0,44.4,44.4,44.4,44.4,1.0,0.0,10.0,0.0,87.2,87.2,87.2,87.2,1.0,0.0,10.0,0.0,28.0,28.0,28.0,28.0,1.0,0.0,10.0,0.0,55.0,55.0,55.0,55.0,1.0,0.0,10.0,0.0,6.3,6.3,6.3,6.3,1.0,0.0,10.0,0.0,12.3,12.3,12.3,12.3,1.0,0.0,10.0,0.0,301.0,301.0,301.0,301.0,1.0,0.0,10.0,0.0,300.0,300.0,300.0,300.0,1.0,0.0,10.0,0.0
1887,9,356.3,48.6,14.75,15.2,15.6,15.11,18.0,0.57,16.0,0.4,12.83,14.4,15.11,14.23,25.0,1.86,16.0,0.5,7.04,8.13,9.6,8.3,5.0,1.53,20.0,0.4,85.1,94.1,96.3,91.1,5.0,8.4,20.0,0.4,0.3,0.8,2.6,6.7,10.49,6.93,30.0,5.05,16.0,0.5,-0.42,3.22,9.35,4.29,30.0,5.88,16.0,0.5,-4.31,-2.38,4.44,-1.0,30.0,4.53,16.0,0.5,999.18,1017.05,1023.45,1012.93,16.0,11.32,18.0,0.4,2.4,5.0,7.0,4.8,29.0,2.2,16.0,0.5,85.1,94.1,96.3,91.1,5.0,8.4,20.0,0.4,0.3,0.8,-1.1,17.5,100.5,52.2,30.0,95.7,16.0,0.5,-38.6,-6.3,33.8,-2.1,30.0,57.7,16.0,0.5,-0.75,0.55,1.73,0.37,18.0,1.62,16.0,0.4,-5.9,2.7,8.6,0.9,18.0,12.0,16.0,0.4,0.15,1.34,3.06,1.6,3.0,2.14,16.0,0.3,-1.8,0.0,6.8,2.5,3.0,6.7,16.0,0.3,-14.1,50.7,106.9,52.3,25.0,78.4,16.0,0.5,-74.3,-34.2,12.0,-20.7,25.0,59.9,16.0,0.5,-6.5,5.5,31.4,12.0,5.0,26.6,20.0,0.4,-44.7,-16.0,16.4,-13.9,5.0,41.0,20.0,0.4,-1.4,0.0,2.2,0.4,3.0,2.7,16.0,0.3,-7.0,-1.7,-0.5,-3.7,3.0,5.1,16.0,0.3,17.5,301.0,1224.5,967.0,30.0,1852.5,16.0,0.5,20.0,300.0,1225.0,965.0,30.0,1855.0,16.0,0.5
1887,9,356.3,50.6,15.13,15.6,15.6,15.37,9.0,0.64,14.0,0.4,12.88,14.0,15.11,13.83,25.0,1.59,20.0,0.6,9.33,9.77,10.37,9.61,10.0,1.02,22.0,0.6,93.7,94.3,100.0,95.9,10.0,3.9,22.0,0.6,0.8,0.1,0.0,2.6,9.3,4.72,29.0,4.26,20.0,0.7,-8.74,0.0,2.76,-1.31,29.0,5.85,20.0,0.7,-3.4,-1.29,0.0,-1.56,29.0,1.64,20.0,0.7,1011.76,1027.8,1037.45,1024.29,23.0,13.42,22.0,0.8,2.0,5.5,7.0,4.8,30.0,2.4,20.0,0.7,93.7,94.3,100.0,95.9,10.0,3.9,22.0,0.6,0.8,0.1,-81.3,0.0,10.4,-10.9,29.0,54.4,20.0,0.7,-29.6,-4.8,0.0,-13.2,29.0,15.2,20.0,0.7,0.62,1.5,2.14,1.47,9.0,0.95,14.0,0.4,0.8,13.2,16.7,10.8,8.0,8.4,14.0,0.4,0.28,0.28,0.28,0.28,1.0,0.0,10.0,1.0,0.3,0.3,0.3,0.3,1.0,0.0,10.0,1.0,-131.1,0.0,65.6,-24.1,24.0,91.2,20.0,0.6,-48.8,-25.0,0.0,-25.1,24.0,23.2,20.0,0.6,-88.0,-84.3,-34.9,-68.7,10.0,37.9,22.0,0.6,-31.1,-29.7,-5.4,-20.0,10.0,15.0,22.0,0.6,0.1,0.1,0.1,0.1,1.0,0.0,10.0,1.0,0.3,0.3,0.3,0.3,1.0,0.0,10.0,1.0,0.0,17.5,804.5,361.5,29.0,420.5,20.0,0.7,0.0,20.0,805.0,360.0,29.0,420.0,20.0,0.7
1887,9,358.3,-41.4,,,,,,,,,,,,,,,,,,,,,,,,,,,,,,,,,,,2.14,4.6,14.43,8.2,3.0,9.52,14.0,1.0,-2.91,0.0,4.86,0.95,3.0,5.75,14.0,1.0,-12.57,-1.72,-1.23,-6.78,3.0,9.39,14.0,1.0,1019.62,1020.1,1020.58,1020.1,2.0,0.99,6.0,1.0,,,,,,,,,,,,,,,,,,,,,,,,,,,,,,,,,,,,,,,,,,,,,,,,,,,,,,,,,,,,,,,,,,,,,,,,,,,,,,,,,,,,,,,,,,,,,,,,,,,,,,,,,,,,,,,,,,,,,,,,,,,,,,,,,,
1887,9,358.3,-39.4,,,,,,,,,,,,,,,,,,,,,,,,,,,,,,,,,,,2.6,6.7,15.4,9.42,25.0,6.94,12.0,0.4,-2.44,0.0,11.87,3.65,25.0,7.69,12.0,0.4,-12.3,-4.27,0.92,-4.48,25.0,6.83,12.0,0.4,1010.53,1018.95,1020.7,1016.18,22.0,5.92,10.0,0.5,,,,,,,,,,,,,,,,,,,,,,,,,,,,,,,,,,,,,,,,,,,,,,,,,,,,,,,,,,,,,,,,,,,,,,,,,,,,,,,,,,,,,,,,,,,,,,,,,,,,,,,,,,,,,,,,,,,,,,,,,,,,,,,,,,
1887,9,358.3,-37.4,,,,,,,,,,,,,,,,,,,,,,,,,,,,,,,,,,,15.4,15.4,15.4,15.4,1.0,0.0,8.0,0.0,10.89,10.89,10.89,10.89,1.0,0.0,8.0,0.0,-10.89,-10.89,-10.89,-10.89,1.0,0.0,8.0,0.0,1008.3,1008.3,1008.3,1008.3,1.0,0.0,8.0,0.0,,,,,,,,,,,,,,,,,,,,,,,,,,,,,,,,,,,,,,,,,,,,,,,,,,,,,,,,,,,,,,,,,,,,,,,,,,,,,,,,,,,,,,,,,,,,,,,,,,,,,,,,,,,,,,,,,,,,,,,,,,,,,,,,,,
1887,9,358.3,-35.4,,,,,,,,,,,,,,,,,,,,,,,,,,,,,,,,,,,12.22,15.4,15.4,13.66,5.0,3.89,12.0,0.8,0.0,0.0,6.98,3.13,5.0,4.8,12.0,0.8,-15.4,-15.4,-8.64,-12.37,5.0,4.69,12.0,0.8,1008.3,1008.65,1011.44,1010.0,6.0,2.95,12.0,0.8,,,,,,,,,,,,,,,,,,,,,,,,,,,,,,,,,,,,,,,,,,,,,,,,,,,,,,,,,,,,,,,,,,,,,,,,,,,,,,,,,,,,,,,,,,,,,,,,,,,,,,,,,,,,,,,,,,,,,,,,,,,,,,,,,,
1887,9,358.3,-23.4,,,,,,,,,,,,,,,,,,,,,,,,,,,,,,,,,,,5.83,9.3,9.3,8.25,11.0,2.33,20.0,0.5,-7.04,-6.91,-4.12,-6.08,11.0,1.84,20.0,0.5,4.12,6.22,6.22,5.56,11.0,1.46,20.0,0.5,1024.13,1025.8,1026.61,1025.31,7.0,1.52,24.0,0.6,,,,,,,,,,,,,,,,,,,,,,,,,,,,,,,,,,,,,,,,,,,,,,,,,,,,,,,,,,,,,,,,,,,,,,,,,,,,,,,,,,,,,,,,,,,,,,,,,,,,,,,,,,,,,,,,,,,,,,,,,,,,,,,,,,
1887,9,358.3,-21.4,16.7,17.7,18.2,17.57,7.0,0.65,26.0,0.6,16.7,17.6,18.44,17.62,13.0,0.87,16.0,0.5,9.51,10.21,10.95,10.23,4.0,0.84,6.0,0.8,80.1,83.5,85.5,83.7,7.0,3.3,6.0,0.4,0.7,0.4,2.6,4.6,4.6,3.68,13.0,1.04,16.0,0.5,-3.57,-3.25,-0.18,-2.19,13.0,1.72,16.0,0.5,2.2,2.59,3.25,2.53,13.0,0.81,16.0,0.5,1017.9,1018.55,1021.38,1019.67,12.0,2.17,18.0,0.7,6.0,7.0,7.0,6.5,17.0,1.3,14.0,0.5,80.1,83.5,85.5,83.7,7.0,3.3,6.0,0.4,0.7,0.4,-16.4,-15.0,-0.5,-9.6,13.0,8.3,16.0,0.5,5.9,6.7,15.0,9.3,13.0,4.6,16.0,0.5,,,,,,,,,,,,,,,,,,,,,,,,,,,,,,,,,-72.9,-57.2,-10.2,-48.2,10.0,29.6,20.0,0.5,26.6,47.5,57.2,44.1,10.0,16.1,20.0,0.5,-11.0,-11.0,-11.0,-11.0,1.0,0.0,6.0,1.0,22.5,22.5,22.5,22.5,1.0,0.0,6.0,1.0,,,,,,,,,,,,,,,,,,,,,,,,,,,,,,,,
1887,9,358.3,-1.4,,,,,,,,,,,,,,,,,,,,,,,,,,,,,,,,,,,4.6,4.6,5.7,5.13,4.0,1.05,10.0,0.8,1.8,1.8,2.23,2.0,4.0,0.41,10.0,0.8,4.23,4.23,5.25,4.72,4.0,0.97,10.0,0.8,1012.59,1014.7,1015.4,1014.03,4.0,1.93,10.0,0.8,,,,,,,,,,,,,,,,,,,,,,,,,,,,,,,,,,,,,,,,,,,,,,,,,,,,,,,,,,,,,,,,,,,,,,,,,,,,,,,,,,,,,,,,,,,,,,,,,,,,,,,,,,,,,,,,,,,,,,,,,,,,,,,,,,
1887,9,358.3,36.6,23.54,25.0,26.0,24.88,37.0,1.44,12.0,0.7,24.18,25.5,27.83,25.67,38.0,1.95,12.0,0.7,15.73,16.76,17.69,16.66,5.0,1.69,8.0,0.6,78.0,78.2,87.2,82.1,5.0,6.2,8.0,0.6,0.5,0.7,0.0,2.6,7.45,3.37,37.0,3.71,12.0,0.7,-4.74,0.0,0.8,-0.96,37.0,3.45,12.0,0.7,-4.74,0.0,0.94,-1.19,37.0,3.33,12.0,0.7,1011.51,1016.2,1019.27,1015.35,33.0,3.7,12.0,0.7,0.0,3.0,6.0,2.9,38.0,2.3,12.0,0.7,78.0,78.2,87.2,82.1,5.0,6.2,8.0,0.6,0.5,0.7,-31.7,0.0,1.3,-8.0,37.0,31.4,12.0,0.7,-31.9,0.0,1.6,-9.7,37.0,29.1,12.0,0.7,-2.03,-0.6,0.53,-0.72,37.0,1.3,12.0,0.7,-4.9,0.0,1.1,-1.9,36.0,8.2,12.0,0.7,1.79,2.29,4.01,2.78,5.0,1.36,8.0,0.6,0.7,6.0,26.4,13.4,5.0,17.8,8.0,0.6,-117.1,0.0,20.1,-25.1,37.0,82.7,12.0,0.7,-131.3,0.0,23.5,-31.9,37.0,82.8,12.0,0.7,-23.2,0.0,78.9,23.3,5.0,58.2,8.0,0.6,-11.9,0.0,57.2,18.9,5.0,42.5,8.0,0.6,-2.5,0.0,21.2,8.4,5.0,15.9,8.0,0.6,-1.5,0.0,15.6,6.4,5.0,12.2,8.0,0.6,0.0,17.5,445.0,210.5,37.0,392.5,12.0,0.7,0.0,20.0,445.0,210.0,37.0,390.0,12.0,0.7
1887,9,358.3,38.6,23.99,24.6,24.95,24.48,4.0,0.6,6.0,0.3,23.28,24.2,24.8,24.05,4.0,0.93,6.0,0.3,15.95,15.95,15.95,15.95,1.0,0.0,2.0,0.0,81.4,81.4,81.4,81.4,1.0,0.0,2.0,0.0,0.9,0.0,0.0,0.5,5.35,2.58,4.0,4.51,6.0,0.3,-3.46,-0.41,0.0,-1.67,4.0,2.82,6.0,0.3,-3.79,0.0,0.29,-1.67,4.0,3.72,6.0,0.3,1012.07,1015.45,1017.89,1015.0,4.0,3.65,6.0,0.3,0.0,1.0,5.1,2.5,4.0,3.8,6.0,0.3,81.4,81.4,81.4,81.4,1.0,0.0,2.0,0.0,0.9,0.0,-28.9,-0.4,0.0,-13.8,4.0,27.1,6.0,0.3,-35.2,0.0,0.3,-16.7,4.0,33.7,6.0,0.3,0.14,0.45,0.7,0.43,4.0,0.35,6.0,0.3,0.0,0.0,3.9,1.9,4.0,3.7,6.0,0.3,3.69,3.69,3.69,3.69,1.0,0.0,2.0,0.0,3.7,3.7,3.7,3.7,1.0,0.0,2.0,0.0,-80.0,-10.3,0.0,-38.7,4.0,64.3,6.0,0.3,-86.7,0.0,7.3,-37.9,4.0,85.3,6.0,0.3,-13.2,-13.2,-13.2,-13.2,1.0,0.0,2.0,0.0,8.9,8.9,8.9,8.9,1.0,0.0,2.0,0.0,-3.1,-3.1,-3.1,-3.1,1.0,0.0,2.0,0.0,2.1,2.1,2.1,2.1,1.0,0.0,2.0,0.0,0.0,0.5,422.0,201.5,4.0,402.0,6.0,0.3,0.0,0.0,420.0,200.0,4.0,400.0,6.0,0.3
1887,9,358.3,44.6,,,,,,,,,,,,,,,,,,,,,,,,,,,,,,,,,,,3.25,4.65,6.05,4.65,2.0,2.9,26.0,0.5,-4.28,-3.29,-2.3,-3.29,2.0,2.05,26.0,0.5,-4.28,-3.29,-2.3,-3.29,2.0,2.05,26.0,0.5,1019.16,1019.5,1019.84,1019.5,2.0,0.71,26.0,0.5,,,,,,,,,,,,,,,,,,,,,,,,,,,,,,,,,,,,,,,,,,,,,,,,,,,,,,,,,,,,,,,,,,,,,,,,,,,,,,,,,,,,,,,,,,,,,,,,,,,,,,,,,,,,,,,,,,,,,,,,,,,,,,,,,,
1887,9,358.3,46.6,,,,,,,,,,,,,,,,,,,,,,,,,,,,,,,,,,,,,,,,,,,,,,,,,,,,,,,,,,,,,,,,,,,5.9,6.0,6.0,5.7,7.0,0.8,14.0,0.4,69.2,75.2,79.4,75.8,7.0,6.3,14.0,0.4,1.0,0.0,-0.2,0.0,1.2,0.1,7.0,2.8,14.0,0.4,-21.2,-6.8,-4.6,-11.4,7.0,9.4,14.0,0.4,,,,,,,,,,,,,,,,,,,,,,,,,,,,,,,,,,,,,,,,,,,,,,,,,,,,,,,,,,,,,,,,,,,,,,,,,,,,,,,,,,,,,,,,,,,,,,,,
1887,9,358.3,48.6,,,,,,,,,,,,,,,,,,,,,,,,,,,,,,,,,,,10.84,14.15,17.46,14.15,2.0,6.86,14.0,0.5,-4.0,4.55,13.1,4.55,2.0,17.71,14.0,0.5,-2.71,1.77,6.25,1.77,2.0,9.28,14.0,0.5,1011.72,1020.15,1028.58,1020.15,2.0,17.47,14.0,0.5,2.6,4.0,5.4,4.0,2.0,2.8,14.0,0.5,100.0,100.0,100.0,100.0,1.0,0.0,24.0,1.0,0.5,0.9,-10.9,125.2,261.2,125.2,2.0,281.9,14.0,0.5,-12.4,56.9,126.1,56.9,2.0,143.4,14.0,0.5,,,,,,,,,,,,,,,,,,,,,,,,,,,,,,,,,-119.6,-119.6,-119.6,-119.6,1.0,0.0,24.0,1.0,-71.8,-71.8,-71.8,-71.8,1.0,0.0,24.0,1.0,-82.7,-82.7,-82.7,-82.7,1.0,0.0,24.0,1.0,-49.7,-49.7,-49.7,-49.7,1.0,0.0,24.0,1.0,,,,,,,,,,,,,,,,,,,,,,,,,,,,,,,,
1887,9,358.3,50.6,14.27,15.2,16.1,15.02,12.0,1.02,18.0,0.5,12.8,14.0,15.14,13.91,31.0,1.54,20.0,0.5,9.03,10.37,10.82,9.81,17.0,1.07,24.0,0.5,93.7,100.0,100.0,97.8,17.0,3.1,24.0,0.5,0.3,0.1,4.6,9.3,9.3,7.82,31.0,3.19,20.0,0.5,-8.74,-6.91,3.87,-3.74,31.0,6.61,20.0,0.5,-4.57,-3.18,0.0,-2.32,31.0,3.09,20.0,0.5,1004.34,1029.5,1032.56,1020.86,25.0,14.7,22.0,0.5,0.0,3.0,6.0,3.2,35.0,2.5,20.0,0.5,93.7,100.0,100.0,97.8,17.0,3.1,24.0,0.5,0.3,0.1,-81.3,-64.3,21.6,-29.0,31.0,80.2,20.0,0.5,-36.7,-26.4,0.0,-16.8,31.0,38.4,20.0,0.5,,,,,,,,,,,,,,,,,,,,,,,,,,,,,,,,,-136.2,-121.5,6.1,-78.5,27.0,72.0,22.0,0.6,-70.0,-47.7,-5.4,-41.6,27.0,29.5,22.0,0.6,-94.6,-87.4,-66.3,-80.6,17.0,19.7,24.0,0.5,-40.8,-33.0,-20.7,-32.9,17.0,11.5,24.0,0.5,,,,,,,,,,,,,,,,,,,,,,,,,,,,,,,,
